258,1799,203,111,1688,330,1844,1649,1689,1815,1502,1541,1490,94,1650
165,1811,744,665,1673,1549,1597,1535,1563,1523,1679,1740,1503,1543,159
981,85,1786,1380,1705,142,710,1503,1540,932,1744,145,1510,1821,1752
988,141,302,1813,923,1906,1911,1976,843,1498,149,290,88,1561,1332
466,1827,335,1943,1485,1906,1497,1694,1748,150,1804,1711,1789,1516,1611
1775,204,231,1781,1657,1850,281,1658,1368,109,1478,1643,1757,1648,1743
1480,1514,1837,135,1521,815,324,274,25,1593,1613,181,1952,1666,247
1639,1376,1710,1727,1650,1711,1200,116,1768,1796,1640,383,1046,1945,1780
1857,853,1504,181,1718,290,793,1570,260,1730,1764,1247,1778,176,1690
231,1668,1498,1110,1373,260,1733,1493,328,256,1551,161,1727,258,335
1374,1788,1671,1253,1378,1621,1499,1488,1519,1531,1754,264,1688,1702,1570
1709,1732,396,1636,78,289,1620,1909,1303,1531,197,1573,717,563,1655
42,1579,203,1843,1693,1817,1844,1824,183,1846,1717,1560,189,144,180
1789,284,1825,134,1790,160,259,637,1701,1681,1633,1488,1903,1729,1650
1634,1794,1674,769,1396,866,1600,199,516,107,868,1354,117,1098,1907
570,1836,1780,1642,1674,720,1819,1850,16,327,1143,1832,127,1772,1373
1682,1566,1830,1776,936,1511,1180,1906,98,123,1560,587,1252,1326,1619
1536,1907,1949,1524,1104,1515,92,1893,306,194,1743,223,1541,282,1637
1788,1818,1563,1772,150,1653,1738,1550,76,1637,1395,1520,1632,989,700
228,1538,1639,1765,1799,1050,1972,248,261,1493,496,188,1160,1725,1828
92,1583,207,123,1489,258,1733,94,453,1483,1742,1573,1626,264,1955
1908,815,80,1484,374,1831,1808,1700,1767,1838,1752,183,113,1687,122
56,1633,1822,1567,1736,1648,85,1184,1834,1908,201,1644,1574,196,580
1477,1728,114,224,1670,1683,1656,1620,526,1540,1145,1804,1475,1725,98
1830,1770,1547,1462,102,1550,1838,1009,305,95,1624,1974,189,83,1875
1534,1571,1825,1738,1387,1670,967,1537,1835,1620,1521,113,118,1785,87
1841,342,1256,1741,1745,359,1714,1531,1538,1708,1483,1558,117,1849,1716
211,1739,97,1611,1487,1850,1792,136,1972,1625,1574,1821,421,1718,1912
1063,1568,1851,1704,1207,610,105,1148,1589,1113,1771,1800,1354,1647,1784
173,1693,188,1746,194,1594,1770,1325,1659,356,1752,1694,84,328,1511
77,1828,1662,1491,1787,1847,1344,1479,1492,1829,701,1672,1961,1670,324
1814,707,292,1764,218,1818,1712,228,1643,1614,223,287,1377,1722,1903
1503,1691,113,1595,1488,302,1895,1341,1235,1614,1613,1675,1058,1813,1698
1518,26,108,1788,1522,202,1476,1679,1719,1371,864,1802,152,1623,125
1535,1564,1830,1159,807,641,1685,1554,1693,1818,1090,1598,1579,1782,1714
700,1614,467,1752,50,799,1646,1905,472,287,1619,1681,504,1611,186
898,1578,719,1617,651,316,1771,254,180,1314,490,1542,1669,1707,1608
89,1688,282,1495,1160,231,302,1912,632,1671,1909,1560,1616,1501,1628
1815,852,1638,170,200,1733,1630,1662,1852,1192,1038,1502,1743,1822,1709
246,1530,1602,69,1596,24,1846,1685,1813,1714,260,1562,1580,1838,1775
74,1629,1761,1489,1748,1817,1727,1687,1597,1594,1658,122,1396,1825,1775
1506,184,1494,1806,1827,1528,1847,1682,1387,1643,84,359,1237,1533,852
1505,1244,1628,1518,273,1753,1222,1523,633,1544,416,1724,1926,84,1564
1788,673,80,465,1811,1848,1564,22,1136,864,1947,89,1802,1818,1677
1534,1713,1905,152,1619,1802,326,151,1592,1636,1620,1824,291,295,1652
1773,1768,478,1562,1688,319,1897,1736,1783,748,157,1645,588,1771,1610
1690,233,175,1819,1626,1935,679,601,1611,629,258,1789,1533,1064,1739
1099,199,1822,1846,1519,1484,165,137,1757,1841,1354,1395,1486,1978,1769
803,1790,1606,1694,1554,1830,367,407,1560,1535,1966,1541,1492,270,57
1725,1821,564,790,238,1776,1549,101,121,590,1748,1073,1714,1667,1502
1776,1738,1014,1762,1570,1558,44,1652,1805,1586,258,1976,1767,1835,1501
1753,1391,1534,1734,149,173,211,1667,1613,1777,1198,1754,1523,1614,422
1813,1711,1730,1659,1002,1688,1616,1569,1390,462,1475,1386,1052,842,1647
1174,1773,1909,243,969,232,587,1500,91,15,1665,605,1695,1760,1828
1809,367,270,1854,209,490,1617,1670,1536,158,1391,1492,1762,146,1737
1704,1479,666,1960,1088,278,1744,1630,1549,1447,1718,1690,1516,1162,1777
1516,1567,1829,1796,1571,1614,252,735,1852,1855,313,1067,184,720,28
319,1609,1720,1810,134,1605,239,1593,1169,1385,220,1686,1499,1763,1051
1494,662,1500,1824,1562,1766,1623,1807,1136,156,1506,1812,1773,1249,1727
1113,1614,1718,1852,83,233,252,1908,1567,134,283,1842,628,348,1518
1582,1570,170,796,135,106,1646,1756,1490,705,1743,1546,1746,137,267
326,1810,701,1760,1505,42,190,411,1710,329,253,1814,623,1395,1725
16,1566,1722,218,1785,1513,260,969,1714,1693,1594,274,847,178,1857
101,1645,1832,182,1823,1796,1584,1560,1777,1071,1580,1814,1326,1738,1766
1484,985,1019,256,1112,1626,1689,1521,152,1646,145,1401,274,1581,1985
165,157,1930,1738,1242,737,1591,259,1682,374,139,1761,1752,1660,1070
1518,1565,1798,1680,1770,1818,1504,1587,442,1509,170,1705,1627,1919,1939
1905,1504,79,254,1793,1374,414,1490,78,1636,1850,1945,1829,835,1605
1493,271,322,1710,1254,1551,309,34,1590,1843,146,1663,1695,1562,1506
1601,275,108,150,261,1569,1756,317,104,1748,1514,592,1643,265,1885
394,1707,217,1205,1582,179,1854,557,152,1603,1911,1857,1810,242,1687
699,1624,1524,192,201,383,1383,300,808,1764,993,1475,248,1579,1536
1541,1708,1749,560,1096,158,1504,1551,249,120,1723,201,1371,1794,1712
1656,1076,143,1898,1980,1635,1527,1619,1528,62,1753,305,1698,1482,1808
100,1762,1826,722,1597,58,1906,1693,1849,420,109,798,1820,84,1569
304,1830,1765,663,313,1641,1747,1802,1681,225,942,1553,1743,1582,1379
1635,1453,1590,130,308,1613,1111,1619,1586,1737,1709,1364,178,1821,198
319,1667,1969,1615,269,1713,1906,300,1173,1503,1197,1714,1791,1391,1620
1707,1149,1510,1475,324,236,1618,139,1485,1827,1571,1839,1868,1984,1632
93,1852,1969,1269,1069,291,1809,1671,1811,1655,1396,1624,1767,1048,1855
149,1852,1180,1565,1569,1519,803,1379,1617,1596,1707,326,1696,145,1633
1490,1739,1850,529,1558,1512,857,1586,346,1950,1804,1390,437,1543,1580
1553,1309,1476,1846,1490,1782,1681,1899,1390,1532,114,131,69,1783,1277
532,1883,1772,1734,1833,318,1724,1683,1162,1791,21,1953,1580,1835,1757
1486,267,447,1543,830,522,1691,1485,273,1837,1553,1682,93,136,279
1532,1770,1495,205,1092,103,1842,1480,1637,78,1612,1853,1711,173,1574
1630,210,1751,1499,1504,1214,1644,1368,1618,1729,370,1611,1531,1767,406
1815,220,1694,1669,991,1540,1520,1809,1821,1342,1207,518,1361,1868,1695
164,495,1656,1734,1850,1332,1566,95,1289,1962,759,1733,1824,1637,1676
1637,1852,1959,1684,1578,1694,1392,1582,1020,126,1486,1678,1801,168,1850
1542,221,1718,26,1761,1790,1789,267,1559,207,156,1739,1043,1821,444
1793,1583,175,1365,1578,1819,1692,1561,1977,1547,92,88,1646,1632,1850
1892,1806,613,1756,1633,1597,1592,1671,1620,1509,1815,1035,1734,1722,1846
1269,1622,1791,1672,1786,1805,1891,1808,780,1515,197,1505,223,1723,1739
1849,28,1922,313,1714,958,1629,1710,1067,1757,130,1522,1708,1739,1707
832,1942,960,1586,1661,1646,1605,1072,1806,1565,183,488,1626,1268,1944
1273,1705,94,1654,1775,1501,1577,1961,204,841,1839,1499,290,54,1476
1004,332,1600,1612,244,1603,208,1525,1519,1177,1693,1345,1627,1850,1690
1438,1833,1311,1552,310,319,222,1846,1733,1595,1654,176,174,1529,385
1100,1794,1741,162,752,1774,168,1663,255,1328,1208,1697,1761,1568,198
1505,1276,1634,1586,380,126,138,1336,72,1774,144,192,1045,1743,1683
1108,111,1742,285,1663,1593,308,1592,1848,1152,1804,321,1490,1509,1693
1649,1808,1722,1781,251,298,1515,1563,1850,311,1622,1707,1748,1775,1812
1589,1038,1485,1715,1706,585,564,1585,310,1811,1896,1835,219,1771,1391
1755,64,1665,186,181,1491,297,1618,1648,201,1813,588,1593,1778,993
1578,455,171,1694,184,157,1568,179,1824,1123,275,1682,1717,1456,1783
858,1149,1828,1856,267,1176,1478,1796,1485,1568,1708,1793,722,217,1632
1819,64,1480,1787,1667,176,1543,219,649,1700,1650,197,1705,1764,186
138,1820,1652,1557,1705,1954,1674,1631,1896,294,1577,1798,1606,1365,1698
1733,1374,1375,486,314,192,1487,1582,1828,758,1530,1636,1559,1095,1626
1491,1810,1815,359,1585,572,528,1734,1695,1961,1770,609,1739,1676,1843
1598,1724,86,1687,1571,105,933,1646,253,1480,1760,1086,1133,1525,1799
303,1077,1751,1530,1110,1845,272,218,1666,1172,493,1231,235,1790,96
1716,1532,1794,1578,225,1775,1533,641,1851,1656,1244,15,1951,888,1913
1232,1496,1905,1698,1631,119,892,192,1609,1471,1833,1659,183,1847,297
1883,1566,1510,270,1837,237,1668,1538,1701,1965,1839,154,1502,80,257
1754,366,187,1691,307,174,1510,1792,199,987,548,1647,875,1381,1892
1824,228,1501,224,81,1385,1521,1634,139,1794,1594,1573,1640,1767,1644
1787,1657,1504,1539,1060,321,288,273,1731,13,1681,1734,1543,456,642
1790,1797,1645,95,1660,326,104,1531,1361,1570,705,149,1764,309,1523
1722,1890,1795,504,1723,148,1667,1551,11,1367,1675,83,622,1851,1295
168,1740,629,1692,1857,1588,684,1722,1626,1846,1201,1515,1839,585,1850
190,329,1554,1657,1778,1756,493,1516,1256,1811,1594,1755,298,15,1697
1514,78,1721,147,247,1579,291,286,1713,1775,1601,1640,1496,100,1525
111,118,328,1833,1746,1664,125,1704,1892,287,1675,1733,1593,1682,222
277,1816,1013,146,180,1771,1724,1707,1361,1645,1584,1539,923,1262,504
1729,1254,292,1496,1669,1365,1723,1726,981,121,1819,1846,761,1909,1266
1686,276,1483,129,338,178,1947,508,1373,1754,1500,135,179,1315,423
1323,1691,53,1596,199,1569,69,1662,1636,910,93,1658,1807,1850,98
1565,679,1519,1347,292,553,1856,1807,1284,1317,1768,470,1777,1670,1747
1754,1700,1814,1873,1354,1777,1528,292,1667,171,1538,1465,1519,1743,662
1776,1578,1508,1548,1716,774,1524,201,1742,1794,1573,1622,804,1304,257
1767,42,1889,1829,1749,153,1803,1805,1601,1561,1711,63,200,1771,1493
1824,1715,1857,1606,888,278,1625,811,63,262,271,1512,945,1749,1791
1159,84,1872,1042,1763,521,1667,1909,1500,1256,1966,1686,801,90,1368
1177,1720,1274,1073,1566,328,1582,1947,1224,1516,1527,260,1711,117,1512
370,737,1534,1801,1705,1827,1379,1533,1892,1742,229,1274,1260,1740,1838
266,1963,1708,1368,1591,1800,1478,1610,917,297,183,1749,1674,1547,1476
1548,1989,1643,164,1096,71,1596,1791,103,1970,1637,969,1949,1371,1656
1639,1755,1412,302,1815,1743,162,1656,1766,1675,1678,1375,1554,68,1854
1776,1976,1594,1102,1831,1571,1742,1513,1526,1487,1227,1909,1899,1753,1838
1828,1721,66,1531,1486,177,522,694,1477,1787,1747,1674,1713,1896,1638
1475,110,641,1716,260,1381,1849,1505,1020,1564,1510,312,1540,175,1905
1596,1771,645,1504,1713,223,1494,1556,1506,1616,1629,276,1606,1488,1717
507,1344,86,1640,1848,1788,1710,75,1856,1313,1619,1764,1730,102,1670
1067,104,400,1501,1637,1695,1701,262,1491,188,1873,1820,1905,136,1198
262,890,1523,1694,1464,1968,1170,1498,1868,1745,1678,1522,161,289,1913
153,1643,194,1574,1581,11,1841,1658,1665,1708,292,1835,1379,1701,1495
1853,1521,1705,1556,261,195,1779,109,452,294,178,608,1668,649,326
1490,873,1743,528,1552,569,1504,255,626,131,1047,941,833,1911,1672
549,1481,1776,769,142,1497,996,807,1508,1541,1700,1770,119,1064,1364
1561,1572,442,1640,1842,604,1574,228,261,92,1500,1591,1556,671,1325
1562,269,1641,107,1491,1559,318,283,137,122,1531,1692,1590,163,1970
179,526,1651,1093,944,1580,1855,1822,461,1592,1295,1795,1756,1638,1751
1536,1256,1797,1692,990,1856,890,1550,1561,1890,612,1076,1543,1394,622
1518,1813,1893,373,1970,1839,1788,962,1619,1214,1677,1670,1616,256,1679
1559,1556,1447,42,1909,156,50,1203,1528,1494,887,1371,182,1742,1839
622,1847,1777,1527,1827,1663,310,662,1854,218,1762,140,257,1603,110
1603,93,1556,1683,1583,1517,1802,1365,1224,1678,1467,98,230,78,255
181,1559,1023,1835,939,273,1584,1475,853,1684,141,413,1856,1957,554
1477,1755,1704,1174,147,1517,1631,1513,1085,604,311,1739,1857,981,1243
1480,1942,516,1488,420,1782,133,1533,67,1787,1689,983,1570,1520,1548
266,281,1593,1709,1391,1551,1576,1788,1974,1801,1520,1539,67,1543,1523
330,1478,91,833,805,1286,148,350,1821,181,142,1529,1762,145,1511
112,1718,163,1755,92,1909,1791,242,1699,992,310,1543,1651,1548,101
1713,115,1810,1700,1487,1671,1761,1686,806,1727,1961,1267,1040,1354,1704
1606,1592,999,1585,1920,1663,218,84,1731,24,253,861,1616,1905,1829
814,1822,142,103,1219,164,1559,1776,1802,1043,1708,1878,1611,1324,289
1509,1585,1511,1583,78,1784,257,1482,1798,1856,1555,1488,1648,1749,1723
786,1913,1562,632,1732,1322,1539,63,215,25,1483,122,1713,1788,1262
1593,142,1616,1513,1491,1872,1852,1564,40,1804,1639,1662,1543,1580,1381
1697,858,1526,1756,1598,1952,1369,1633,184,1315,1689,144,1123,463,1551
1490,1481,78,1687,219,424,881,577,1494,1694,1831,1850,110,1853,324
256,1805,1711,1565,1851,1331,232,1853,1705,1575,141,248,1613,117,1869
1812,1729,167,253,1052,1576,1719,1625,129,136,522,1649,1598,1786,1678
1794,1479,501,234,1049,1549,437,1823,1508,308,1947,305,1837,1548,1705
1662,1646,1733,1791,1643,705,265,173,1520,1077,4,1802,1638,1480,1905
182,1974,1801,1679,1631,1837,434,1632,1684,1481,137,1604,1530,1494,1523
1562,1850,84,1583,1509,1811,1241,1526,1817,1678,1905,1176,1834,1633,1547
1411,1478,774,135,1724,113,1684,888,150,1911,1974,1511,1536,214,1833
1672,1700,1698,1826,1822,1621,139,1540,1853,1591,1807,1382,1655,1589,1761
1544,1656,1386,1571,1587,1578,1536,1537,1475,1549,1709,1717,1764,1526,1831
1209,285,243,1550,1527,979,1591,1502,1765,1558,275,1780,1483,1842,1763
1760,1504,237,1586,1600,1652,1953,715,1544,98,1630,1830,107,1552,1731
1141,1852,1480,711,1614,1748,305,1145,1550,1655,1842,1684,239,1706,46
136,1540,1029,1732,1747,1670,1906,458,467,1522,190,1841,224,1366,1981
302,1690,1781,1500,1777,1647,92,31,1724,295,851,1476,1325,1735,1656
417,286,275,1524,261,1278,1672,1681,819,298,1610,1644,1818,1480,1986
185,1071,1910,1527,1831,270,127,1833,1372,1945,1587,1832,1664,991,499
124,1637,1106,803,1944,895,1170,1619,1807,1726,1348,1838,1597,14,293
125,1791,960,176,997,1851,1617,136,1718,1782,1677,1780,110,1800,425
1604,188,1767,1040,1374,1712,1559,1596,191,1851,266,95,758,315,1702
1786,378,1574,1744,1913,1850,1696,280,15,1798,1835,1510,487,321,1247
1567,1560,1660,1904,138,1842,1574,1886,797,1632,1222,1614,1696,1755,1894
1672,1709,1644,1622,1848,1798,441,1834,13,1483,1613,1775,1555,1942,259
1728,1949,1606,1710,1620,1803,1827,1660,1087,1445,1741,329,994,1663,603
92,144,1017,114,1842,1908,157,1825,1664,225,183,1691,1594,1802,873
1745,113,1504,1687,1757,161,1033,1905,1850,1531,669,1707,199,1841,1704
1617,1835,1823,1640,1574,1700,1515,1955,1522,1857,324,1974,1386,1505,1770
497,1509,192,1719,1753,1503,1639,1790,1497,1945,1813,1678,1727,1766,786
1477,543,804,206,1616,1599,285,1301,1672,899,1912,1691,1518,1696,1545
1526,1525,1986,1836,1547,1499,1639,1749,179,211,123,1514,1483,1332,1816
688,1848,286,1573,176,1709,1621,1509,243,1598,1625,1722,1736,1179,1550
1767,1520,1680,273,1757,1776,148,1900,1778,163,1952,1513,1721,311,1713
207,1668,45,140,1589,1781,122,121,458,1588,1845,845,1641,828,1586
78,168,1595,1734,1827,202,748,1392,1694,1592,1322,1085,969,757,957
252,328,1521,1567,1482,1352,1350,1625,1839,83,1836,148,1580,320,774
1348,1554,1699,191,198,1756,116,1051,1383,1710,1596,62,1489,1784,139
59,1639,1835,1534,1526,336,1183,1811,1505,1909,1503,1913,1486,1120,241
1775,326,1417,202,1545,1909,1485,87,321,1823,1848,1476,272,1911,1509
1833,1893,1723,1745,1117,1834,480,517,818,1538,1811,1072,237,259,1765
1492,173,1555,246,1069,1654,1777,318,1538,1718,79,1843,693,124,1805
579,285,1774,1294,687,424,1555,1781,1766,1856,1697,1716,1746,177,230
997,1695,250,1681,178,1662,990,1061,1732,1548,534,1650,194,1550,1963
974,327,1095,1839,1669,1574,114,852,1495,1631,1541,1668,1688,451,305
452,1794,1781,28,247,1585,255,1563,1848,1567,1713,146,1785,1818,223
807,1816,1664,1756,1637,949,1597,1184,1654,1828,1848,1480,1179,420,1779
1513,1915,335,832,1750,951,1850,475,1780,106,1520,1783,1070,185,229
969,1946,1742,418,1709,1579,374,1669,1811,1112,1793,184,1340,1548,1488
1910,1819,1532,831,1741,1700,1751,1548,1546,1091,1579,1773,1965,1507,1815
1536,1591,1761,1774,1828,1666,116,1695,1906,1775,1814,78,1694,1390,1612
1514,1356,1906,939,88,1811,1334,1752,131,1756,1127,1509,1564,206,1516
1588,1641,168,392,1535,1828,329,1960,1634,251,1803,1609,1514,1500,190
1534,1716,605,619,334,1816,929,1525,957,1482,270,841,489,1659,91
288,317,1605,525,1496,1575,1770,200,1612,930,1629,1684,610,1645,1841
71,1542,1534,91,1787,1519,1778,201,616,1593,215,644,1728,1731,1330
1490,1153,293,1939,1717,1580,134,1772,130,1754,1842,1969,328,1723,1983
186,1572,1813,1682,1839,1654,1697,325,1770,1692,1534,438,1640,980,1799
1499,1758,1475,1844,1371,1685,1587,1640,244,1656,279,1726,1591,1491,313
1072,1564,183,1764,1626,1700,1793,1483,1548,1741,812,1485,1843,354,38
1659,769,1526,73,1592,843,229,1807,1832,1530,1418,1730,1753,1691,1742
1604,40,1556,1476,238,1786,1711,1770,295,1857,1731,1893,1769,1896,491
1210,1664,60,279,1534,1834,969,1947,509,1358,1710,1480,1519,1525,852
1697,306,1709,1707,1684,1672,1674,1698,1840,1539,1383,680,1776,1485,97
1539,83,246,551,705,237,1586,1929,19,1096,593,1845,1773,1908,1722
27,1588,1676,1809,1851,799,1797,1531,1976,990,1952,302,130,850,1491
195,986,1930,1539,1376,1119,1676,842,1585,1823,1277,1850,960,365,1855
295,1722,1612,1902,1602,1572,1524,1559,52,1504,1728,1975,1748,1709,847
1697,165,1695,1482,1669,1621,1770,1711,1609,1796,506,799,1750,1156,1581
1491,1190,1234,1329,413,1844,1386,1599,145,1628,316,184,1732,1916,370
1486,1614,1,1834,1704,1088,1214,1476,1529,1353,1951,275,413,175,1382
1857,161,1543,1548,818,796,114,204,752,1756,1783,1836,1820,1159,284
1679,796,1630,1353,1489,1267,1908,213,1365,1157,1537,1482,157,851,233
677,528,1810,227,1777,1857,601,1624,1570,888,1535,1534,1513,1529,1696
1781,1477,1615,1649,1611,342,1138,1643,1827,1608,1535,791,1905,1788,163
1509,1527,671,1347,1810,862,1542,1843,1695,1916,1709,1959,832,1834,1791
379,1592,374,1556,222,1704,1754,1485,236,1806,1832,298,188,98,1037
1650,236,1496,1489,471,1848,1675,839,223,1623,249,266,794,1687,1218
821,684,1761,1591,1507,1013,101,1989,1730,157,1721,262,701,1792,618
129,114,1172,1503,792,1972,934,1672,701,1697,1748,1818,1561,353,66
1970,785,1698,1560,1391,1631,1572,1760,622,1703,1046,249,1624,1727,1766
1824,1909,1554,1643,1547,868,1822,623,1654,1723,298,1940,1562,267,1664
1530,1796,1954,1967,1479,414,326,1798,304,1663,835,429,329,1800,311
839,1849,191,107,89,28,1573,216,510,1273,164,1721,872,1663,580
933,299,670,1578,1824,1714,1961,489,1742,1947,1805,1675,1731,1850,133
1847,1686,1803,382,1131,1643,837,1572,129,1768,218,1832,1477,1660,1801
1781,291,1690,1495,305,1523,1567,294,1973,1727,1786,245,1831,1711,212
1294,1540,1520,1716,1231,1908,1191,212,98,791,819,1956,1722,1681,1671
242,558,1518,842,1702,1683,208,1525,1687,1514,1807,116,1778,1184,1553
1833,1770,1828,1808,1636,292,1553,1479,1507,618,680,1662,1826,1941,1905
1073,1827,1475,1688,873,497,1754,1691,1857,1567,641,1822,1572,262,1756
1680,1447,1776,1712,1394,1817,1529,1070,418,1781,1599,1847,1635,1504,1811
1100,461,1563,1732,138,1215,161,1643,108,1540,1619,1741,1796,304,1487
1816,1589,1615,1620,709,589,237,1536,269,1507,1770,1777,326,944,1479
1632,799,1354,475,1736,1648,544,1810,307,1978,1791,421,66,1913,1560
700,389,99,934,1616,1545,321,1548,1531,1626,1634,780,225,646,1676
520,1593,1631,1845,1754,1549,1665,295,1505,1735,1765,1574,1019,1554,85
188,1832,462,1664,1600,125,1597,1951,166,1648,1241,169,1583,1512,1484
110,1354,1848,1523,929,636,308,1522,1695,1079,801,1561,1952,282,203
1827,1644,1719,134,1666,1667,1063,328,1587,243,1758,1496,1786,120,1033
242,1755,205,1099,577,1729,1800,1795,1788,249,1940,1681,1493,1686,1671
800,1499,1582,335,176,1708,277,516,1500,546,1823,1683,1305,1886,116
1848,154,1714,1809,1496,1762,1399,1711,1845,1476,1477,209,831,1669,1374
1374,138,1669,1520,399,1674,1938,822,1726,1802,1632,598,198,1834,1598
1688,280,1844,723,1505,1724,1763,219,1663,229,767,1683,1761,1940,1784
92,230,1617,300,1507,1697,1575,274,691,1754,1072,1856,929,717,282
235,1559,569,1764,1693,1819,481,134,160,1604,1777,321,1523,375,901
1743,1533,1636,269,1739,1563,1760,700,126,1381,25,27,1653,1843,1392
1732,1524,1831,197,1666,1521,321,1587,969,117,869,941,154,444,1805
1419,1513,313,1246,242,158,1754,111,89,857,1388,1850,63,101,1684
1916,1642,1574,181,1316,160,1513,1179,1716,1832,225,85,1078,1797,1669
1758,542,920,399,992,187,1913,231,262,1625,286,1297,185,1606,1648
1727,1768,288,1630,672,482,1718,1498,569,1789,1827,1670,1899,1548,1490
399,1519,1680,230,212,1618,1507,1720,1521,1657,1802,24,1599,1482,638
1761,1532,606,1907,1772,1513,1487,1609,1228,118,1933,1623,1771,1141,1686
1070,1599,529,584,374,1852,536,1965,1734,985,1283,242,1793,1573,197
1724,1188,1361,1277,1338,233,1610,1675,1496,1861,1505,153,1545,198,1853
478,5,782,1077,1825,1851,1602,1846,1669,1645,1798,1739,1505,1721,1893
1778,1582,356,1742,1570,1762,1662,190,1715,1510,225,1558,1544,1819,1703
1742,1603,1376,1848,296,1779,1370,26,555,247,1180,1034,1588,1676,1573
121,260,1822,255,1799,1789,1742,218,1744,133,1070,1374,1790,1819,1638
1000,1733,1672,1477,429,1639,1516,144,1770,1759,630,1946,1834,769,170
1735,1115,1762,1846,1899,161,212,1543,269,1592,1913,785,1517,239,16
1588,1645,542,1949,84,1515,1739,1619,1693,1642,1942,1870,517,1820,173
323,1613,1710,1774,195,500,118,1717,1416,1674,114,1472,1567,1709,159
1747,167,212,1106,1640,1480,1220,1732,103,1678,869,1717,1037,1794,1541
1599,1914,1900,418,1721,1795,1488,1603,1081,129,154,262,1548,1743,735
98,1579,1770,1800,1834,109,417,1568,264,240,1499,796,1517,1592,1594
1800,230,1691,1605,1702,1648,1353,1522,141,1540,207,1776,220,1854,103
1781,1394,1662,1816,1660,1779,162,1719,1820,1374,290,1769,615,1340,1907
1824,1787,866,1391,1168,1714,1704,1674,1618,90,1505,228,714,262,1535
1743,1597,1442,1668,1836,798,1691,1078,1777,159,1746,1097,1486,1902,1590
934,202,1745,1854,1803,1693,1757,475,411,1497,1073,1475,1711,1906,1027
1632,1496,1663,1838,1659,792,1667,1528,1819,327,1364,641,1829,1699,1643
1708,1719,1741,211,1596,1777,1057,275,1487,1548,254,984,1535,250,1486
1357,1866,948,1794,1768,1686,1479,119,438,1570,1797,1653,1088,1482,192
1696,1686,297,1477,1709,1516,1320,1507,801,1636,1582,1008,1706,222,1611
1718,225,172,1219,1815,1581,1751,1693,1016,1104,65,1882,1496,1743,258
760,1703,165,1376,1798,1706,1611,1659,98,1913,127,435,1489,1588,1035
1375,1678,1856,438,310,1485,1609,1786,1581,1602,1564,1559,1671,1784,1521
1374,1274,1531,1587,583,1745,1632,1007,990,1575,279,1702,850,1787,301
1907,1750,101,1597,401,1370,1715,1587,1509,1276,1696,1692,1607,1382,1511
1494,1827,1217,1784,1840,83,15,1831,1614,1905,150,1867,785,528,1756
1647,89,279,1798,138,1182,1394,1607,195,1481,1841,1612,1560,1539,1720
1849,1842,1826,1777,583,1070,1287,296,1585,139,91,1563,1813,291,1841
289,1802,1030,1483,1892,576,1794,1617,1734,1491,1956,1596,702,210,1776
316,1696,1810,1863,1178,1790,205,1523,177,1498,1674,1809,1801,1468,1847
1757,1694,1846,101,1484,215,1816,1620,132,1452,1487,162,1686,1822,413
1795,1757,1683,1654,1635,1832,1507,1808,1838,1703,1804,1577,731,1798,1375
1548,87,1785,1593,27,1539,1623,1910,1953,1820,1578,1631,1209,1647,89
1775,1750,1793,1840,1684,1591,1378,1102,1613,1379,240,1554,573,1830,1473
1636,658,1686,1608,1610,435,1820,1609,1712,1523,498,77,1533,167,22
218,192,1769,1609,176,1735,90,748,1796,389,91,1002,1638,225,1781
275,643,1930,1825,1816,1491,1500,157,1519,1742,1981,237,1824,1629,151
1719,1491,1908,1787,248,1840,117,1517,1489,1595,1856,1533,1708,1837,1694
1337,1706,1701,1777,1669,1748,185,1890,1854,1014,1905,1652,1893,1584,1718
1206,1516,1674,1794,760,1345,1714,1726,117,299,91,1777,1652,1530,231
546,350,992,735,1773,169,1004,1477,1550,621,1812,1219,916,1681,1639
1790,1705,699,1519,1682,1541,1765,1590,1477,1681,1500,102,711,1109,1779
1693,1562,1476,1487,1503,619,1844,1821,1834,1572,1573,189,1628,1408,1789
334,1477,666,1641,1541,1567,1584,89,1581,449,1736,1365,1580,1751,1783
1479,1565,1493,1320,1560,1785,1576,1670,1545,1528,159,47,1717,1518,252
1913,1483,1690,1742,1479,347,1631,183,1676,643,1845,92,1660,1625,1739
1670,1824,16,1485,891,498,1564,103,1754,1565,581,1608,259,796,286
299,262,263,222,388,1717,252,1719,1488,1575,549,1718,1600,87,617
1909,182,334,395,1394,1716,1975,1620,93,86,1107,55,796,1578,80
1516,1788,165,1807,1577,543,1835,1910,1721,1656,1427,1484,1720,1608,33
1528,232,1661,1784,1955,1121,1755,1776,1588,1547,1653,288,1933,1379,218
1672,159,1721,1653,349,1101,1486,1724,258,1851,161,1519,130,1796,1099
875,1000,1734,1801,1528,1532,1631,197,209,1552,1911,164,238,1780,932
934,1749,268,1306,1801,1800,993,949,472,1975,304,1782,1585,793,1660
1862,1673,1760,892,1092,319,13,240,285,183,981,288,1837,293,1784
716,1390,1660,258,1521,1561,1842,1666,1688,1785,1610,151,1786,142,1855
1802,316,285,1753,153,1509,1241,1869,1705,179,1710,1525,1022,19,1695
294,1714,1609,1504,1835,783,1604,1871,1682,283,810,1772,1500,1652,1710
428,940,376,1542,1622,1073,1670,1443,1586,1692,1684,1608,319,216,1779
1848,1824,248,15,1788,1501,347,124,1675,1618,44,1912,195,1660,1186
50,1791,1555,1595,1640,689,1694,1714,1799,1890,1682,110,1843,206,279
1561,236,325,656,1829,1734,1679,173,1779,1582,1159,1660,1633,1354,1710
1611,660,236,1550,106,1180,1274,1826,418,1685,1074,1728,1205,1514,1151
1906,1578,1672,1031,1970,1706,1767,542,1773,1559,1735,1837,1593,1849,1778
1613,1552,1811,80,221,97,1655,1969,1600,1621,1513,129,786,1615,145
1763,1589,1778,139,1534,1097,1242,1789,1765,1738,836,1368,1801,280,1587
1641,1646,1491,1684,318,1729,1576,1690,1813,204,111,1465,1728,1737,247
1668,1621,1540,1653,130,1546,234,1837,1786,421,757,439,1494,1686,1696
1576,1639,1704,1303,1840,339,1623,165,3,1681,1573,241,137,1841,1603
1604,179,1188,1391,1834,1557,797,1583,1688,1486,317,992,26,192,1381
1819,1666,1478,180,1514,1789,1736,1880,1521,661,815,1837,1779,1719,1792
1830,322,749,1818,1718,1635,93,310,275,134,1753,1729,264,262,1700
1094,201,206,34,165,1625,1608,159,1078,1964,253,1510,1003,120,1634
1789,272,187,1809,181,128,173,1509,1479,1764,1662,688,1540,1759,1761
1941,1908,1791,1715,996,1824,1827,1637,1099,1628,1834,239,1710,259,1822
258,1960,137,1719,1810,83,1906,126,1492,631,233,1773,1676,1722,138
1881,801,243,1680,99,1663,1792,143,1235,137,198,982,181,1366,122
1675,1556,1737,1749,659,1653,1487,108,1730,1654,1532,274,1526,270,1355
1598,1636,1502,262,116,197,1552,1812,639,275,278,1844,1873,414,1800
1753,1743,1589,1860,424,1298,395,680,1857,1651,1910,86,1319,1775,1543
880,1767,1854,1973,61,1846,237,287,399,142,1477,877,1141,125,1704
219,1603,1663,1798,1702,1277,1538,1792,1757,1847,1969,468,857,399,225
1594,1533,1632,1788,969,1554,1550,280,177,1096,1365,1514,1504,1027,149
1678,1808,1785,279,1744,1716,1497,86,1731,742,1647,1793,994,1989,1499
1801,1846,399,1774,893,1715,1843,141,180,1749,1380,1096,1545,647,1826
1502,1702,1705,261,1961,1573,898,1500,1736,1751,1390,1579,769,1594,156
1622,1746,1573,537,1621,1705,1908,1780,72,152,1615,1673,1614,982,1631
1442,1605,1613,1662,1694,1650,1670,894,1540,1898,1768,1937,1851,1860,1720
1262,32,1596,680,1528,1604,997,434,1274,1739,1588,1640,142,1787,174
916,1493,608,1649,1540,1682,1089,1496,1849,689,1598,106,833,202,1857
432,1961,180,318,1833,1594,100,1098,1382,1480,1539,1725,544,1504,251
1751,1636,1725,1934,1680,1678,413,1160,1507,1670,1841,201,1643,1727,1482
1669,411,276,880,1383,112,219,751,1812,778,999,671,1529,1575,666
1913,1832,107,1479,1801,263,970,115,220,639,629,1552,1848,1785,1828
282,315,1488,1701,104,274,78,1550,1567,1776,1840,184,342,1565,1546
1586,1327,1328,1759,1709,1693,1174,317,1342,1555,78,732,1728,1644,1609
1365,1947,1846,1506,135,305,1447,1582,170,1699,1945,1128,1518,1914,1726
1779,1685,1550,1660,1511,1506,1822,1021,250,167,303,293,1964,182,1968
1593,1477,1540,1826,1750,540,159,677,1599,123,1979,1556,162,1721,1739
1674,1408,1726,1131,1744,1600,295,1785,1483,274,1538,41,1708,153,1482
1396,1708,1674,317,1356,1669,151,1629,1605,1395,1596,1606,1548,1484,1561
1100,304,1507,1815,1145,1575,1632,1503,1548,305,1919,769,1609,99,151
1606,1560,1785,287,1850,1307,664,132,1735,1907,1747,1856,232,1646,1722
1364,182,415,1618,1633,1848,349,194,1620,1679,1544,1777,86,1748,1837
1908,686,1342,1571,1686,1545,1284,1785,1551,1636,1389,1536,309,1731,1318
701,204,117,1564,1528,1514,1383,1872,1639,1620,1589,211,1531,1895,733
1631,1568,1289,947,1483,1641,1724,195,1764,1573,1785,682,1794,1582,1396
1747,1366,1491,1908,1517,1576,1830,1656,309,1973,1779,602,1528,1698,559
1661,1511,1731,1542,1506,374,1746,1620,147,106,1711,1843,518,1365,1685
1613,1801,1747,1330,1521,1765,1627,1721,1941,1345,1632,1797,1792,1712,1252
989,949,1583,209,1660,1637,200,1490,1579,255,1703,1626,1531,1743,1778
1734,1803,94,1738,1485,1701,1758,1598,1661,1812,215,254,1696,1851,903
1442,1017,303,231,1492,1373,1695,1804,130,1392,199,1567,255,1674,294
1410,1395,1607,88,1551,78,1853,1675,174,125,1718,243,1787,1387,741
711,1602,1558,1714,1954,1594,840,988,1672,1381,1781,242,1706,1762,295
1909,1521,1392,1617,1479,1620,1651,246,1482,1912,1814,934,1528,1584,562
234,1616,781,1644,1792,164,1675,1701,1272,1749,1728,1774,47,1515,191
1685,1515,222,1552,1231,1594,881,1573,1843,1874,1601,1930,1764,1906,1620
1647,1280,1218,253,1483,785,1754,1506,1986,1024,1976,1620,1518,96,558
1821,1551,1657,1738,39,1718,1727,1819,243,1407,1512,1649,1783,1586,1715
695,1841,1829,1634,1491,1046,1548,1613,188,1529,1714,891,1153,1775,1905
1639,1465,427,1662,181,1812,1679,1494,320,1010,1687,147,1778,154,1578
1509,1941,651,1926,147,422,1071,495,204,161,1736,873,1594,1750,1688
643,1491,1533,1615,235,307,276,1698,1883,1684,1509,1539,1839,112,1822
1503,479,794,216,1745,1710,863,120,1354,208,1529,1819,691,1667,90
1711,1534,1856,234,93,26,1926,1708,100,251,1573,1260,1585,901,575
1613,1618,158,1755,1594,1379,1184,1701,1727,1625,939,245,1851,1841,93
704,25,1740,1675,1739,1907,1627,1599,1579,1453,208,520,320,1762,1768
183,1563,1393,1476,1574,1475,1617,1913,1181,1790,1816,1911,1643,1520,1809
1705,116,1714,917,39,1946,1310,1827,1960,1307,1694,91,1820,1551,203
1381,1615,1536,1699,1643,1807,1816,276,1856,1768,47,1479,1965,1391,300
783,1695,175,309,889,1722,1558,202,148,1532,1064,318,1520,176,1779
295,1683,1612,1586,1670,1545,1762,1784,1682,172,138,1626,1659,159,155
1714,1488,1756,1247,1383,609,174,1517,1905,1814,1578,232,1361,1688,304
1531,1725,1562,463,157,1857,1500,1960,1716,1793,133,1894,441,118,153
1897,1719,558,1487,127,179,1582,1831,1623,293,1853,1542,1829,1796,1768
209,1675,284,1504,1330,1551,1856,1393,704,1621,247,1798,1604,145,1379
862,206,1566,1770,1930,1848,1941,682,1837,147,1484,1757,1652,1908,1391
1395,1714,1682,1615,319,1953,42,1590,250,1767,1502,1491,153,111,1606
1573,91,1724,708,1759,1568,1750,1745,1726,305,1784,1728,1918,1854,96
159,120,283,1507,1787,1843,1582,1907,1644,302,1486,1651,200,1786,1969
1733,321,270,793,1544,1514,1668,234,1484,1908,303,1319,1941,1756,1727
1723,1825,1234,236,1482,1564,1935,304,1377,145,1754,1574,1586,1692,1625
1810,1689,1430,303,1159,128,1726,554,184,1498,150,1562,1417,1756,1851
1575,467,254,1649,840,1286,1686,1581,202,1942,193,1524,881,1626,1817
1681,419,1522,1662,1778,1805,170,1822,633,1077,306,1574,63,1544,285
1829,1439,1969,1598,932,1642,1850,113,1295,1694,274,1713,1911,1754,272
1679,174,230,1488,162,1495,1587,193,1747,1646,287,1112,1693,1660,1661
106,1664,1494,320,155,1794,143,1486,24,643,1557,1911,1252,1721,1628
49,329,43,1613,1802,532,1071,1551,1673,681,232,1642,1780,1701,1717
1380,1178,1908,1736,1785,502,1670,1879,1208,1621,1907,827,311,991,847
301,1738,1557,1798,1762,522,1073,1517,1508,114,1593,1558,932,246,165
1980,1657,1854,1689,1502,1366,1759,1516,1828,299,1813,274,1646,1484,194
801,318,113,1386,1836,259,110,217,106,1034,1311,1493,1783,1549,1798
1738,187,892,1547,169,1517,1498,1731,1756,1672,1718,196,1805,1183,1522
1532,1691,545,1386,1942,1816,1715,1745,431,1774,1761,1850,1698,192,626
1679,1738,1814,201,1594,257,1029,1627,1683,1628,1839,1522,1569,1699,1852
583,510,1580,1839,1749,1670,1559,1779,1630,1560,1836,107,1912,322,48
1650,834,159,1607,261,298,127,92,1563,1832,1852,319,775,1481,1567
1568,1789,955,1726,103,180,1957,1674,165,1505,1960,268,1732,111,1813
1117,368,1180,287,1840,274,1548,1089,1669,571,108,72,1856,1619,1612
1503,1802,1653,76,1716,1804,1777,1596,1366,1662,1094,1353,1894,251,423
1500,1732,1653,1559,1716,1637,1513,1749,682,1705,722,1600,1477,340,117
1485,1162,208,86,1856,416,1754,1718,1634,1125,1878,1601,1702,1905,1738
1606,1649,1825,1775,1626,1829,1678,1565,1817,855,1830,1785,1307,1668,416
1822,1795,169,1644,1724,270,40,1752,172,103,1817,1802,1695,1868,1969
1829,301,1847,1083,1803,880,1030,108,229,1400,105,1560,1846,247,93
1481,1686,1813,1620,251,1755,1819,1811,86,1341,173,140,162,1590,1636
1554,1617,1910,169,1394,1799,141,1311,318,1611,700,1702,1937,804,1738
1356,494,1966,1853,1744,1596,1392,1826,1620,1791,1496,327,1818,83,1822
705,1752,1837,792,527,260,1813,209,1583,1670,1982,1722,1790,1499,1803
1860,1910,1760,1711,1712,1948,154,1770,153,1630,1547,1954,315,228,1739
1607,1518,1393,88,527,1784,1812,680,1809,1835,1769,1387,1971,1549,1457
1670,1854,329,218,1776,1699,1733,1879,1690,1662,590,1502,45,1106,1846
140,285,284,1683,1729,155,1750,322,1828,830,1086,1662,1838,1637,1549
803,1706,1731,334,1531,1896,1746,1798,1755,1668,1730,1662,1517,1702,1771
1678,703,892,930,1528,247,1447,1730,1538,1835,1626,1629,1362,1846,74
1651,1807,1479,1855,109,1552,1571,282,1791,201,1673,1570,1626,1712,128
1526,1955,1817,1483,404,1763,1698,1748,81,293,1516,1788,139,1736,1940
1736,1670,1638,285,1338,329,1830,423,1694,224,1561,1593,1668,500,157
1941,149,1750,20,1825,1744,1482,1525,1502,1635,578,1365,1687,1503,1513
1221,1633,1691,1735,270,656,1956,1019,1839,1490,1831,1822,1607,1562,1171
1451,223,1730,1579,293,692,1910,533,228,1540,1947,1835,5,1621,739
154,1020,1628,1726,655,1696,165,250,222,1489,127,56,1675,1664,1507
1763,1808,212,198,1069,1526,1550,279,329,1100,431,1950,1637,1678,1698
1187,210,129,1547,1561,604,1615,1469,168,143,632,1763,58,24,1808
1970,368,292,1392,1860,1509,126,799,256,453,1673,1671,1544,1632,753
14,1659,503,214,1640,1817,1376,1586,1760,1720,1620,178,664,1948,1649
1635,1711,1724,174,564,333,705,300,1572,1268,1365,1512,49,1602,1479
1730,599,1743,174,1077,1735,1725,1747,404,1773,1653,1479,1483,160,109
1717,1604,175,1848,129,100,1694,1818,133,940,1734,973,891,957,989
1483,240,1796,1660,1807,1791,1758,1565,1714,222,227,1823,1491,1759,1622
1719,1371,1873,1814,116,1475,98,1564,120,1391,1596,106,328,214,280
1492,749,1089,439,1721,491,1567,1652,218,357,1466,1051,1705,1616,544
1538,107,1669,1690,1560,799,1773,1474,1723,1523,223,1250,410,1526,1525
1514,361,155,136,1274,1788,1785,1627,1524,256,1222,1577,1840,1475,1682
1791,1545,166,705,763,1829,1892,754,1651,1661,1758,1672,1561,1976,1663
1754,1301,1927,581,1784,1487,109,1484,286,1685,74,1848,1643,1354,1611
1626,1555,1881,1756,301,736,1568,1477,1840,271,211,120,100,1662,1782
1618,311,903,308,759,1486,1265,1756,1718,225,875,1536,156,1785,987
1639,1528,1590,155,1616,166,1682,1641,265,1499,1899,12,83,1533,88
1698,1969,1747,1741,1781,1725,101,1548,92,1794,143,1123,1289,1632,1625
1748,1611,1910,1590,1499,1791,1810,239,1898,1714,242,1568,413,1488,1474
92,1812,1771,299,1743,1537,1556,1681,1956,1731,247,1596,1385,153,1520
1769,1837,1671,1593,38,1224,1650,1798,95,1693,1668,1894,1796,257,1702
1749,1378,1704,1277,1602,1636,1573,1956,1644,992,128,136,1842,1374,1816
1709,1635,1568,1114,1684,1755,224,201,40,1718,739,662,1681,1564,944
1209,916,161,1004,1513,1743,1704,80,578,1771,980,1564,311,350,1546
1231,944,1670,1547,1834,1536,295,1612,1225,195,1801,1482,1716,1639,178
1706,1480,1768,1616,1749,1481,480,1842,1809,1570,1929,656,1793,1733,1504
1604,200,884,1821,1618,1671,1748,1839,1319,1231,1603,1800,1789,1744,209
1591,1609,1097,1709,15,1497,1521,948,1817,1544,824,1730,514,1736,257
551,235,712,146,1473,1738,1686,1734,151,1905,1822,287,305,1830,1976
1772,88,1847,1564,269,1525,379,1481,987,196,1628,1587,1558,1573,1486
505,345,1391,1728,1494,1598,1669,411,191,1692,967,1733,1713,1476,1619
1578,1700,1679,109,157,1849,84,1756,1501,1693,1195,1795,1658,1853,1787
154,796,1683,1737,411,1598,629,300,289,224,299,1437,1575,1818,1623
1733,1654,1909,230,1696,1589,19,1099,62,1562,205,1828,1747,1126,1396
1372,1657,1694,1560,1390,1841,1383,1818,1762,1592,694,1791,1377,1583,1509
1535,372,1847,315,167,1897,188,1780,199,1843,1527,1769,1730,1375,999
1918,1698,1754,1366,235,1763,375,1683,208,1707,1819,1846,1648,252,1213
1913,1563,1715,1800,1705,1801,1850,146,1585,163,220,1501,1733,1351,1625
1313,1527,1693,1905,1854,1922,73,1599,1664,1961,816,1609,1913,992,594
1722,752,1352,1917,932,85,1983,1651,1727,1803,1599,1932,1791,1083,365
336,1895,283,1476,223,1711,781,1524,248,1899,321,211,1580,300,1773
1530,1744,273,152,1808,1724,1818,1949,1579,1574,1500,1627,84,1644,1609
1894,1813,1749,1668,236,1583,926,1569,305,374,1830,1969,1784,1702,335
1659,1784,262,645,1754,1582,1218,1687,1544,191,1745,1679,124,201,1787
1729,1824,1620,1711,182,121,269,1589,1909,1559,1599,188,1125,1822,1791
1475,826,1558,365,124,1622,1723,1970,1820,1688,1056,1610,1678,1831,1967
1748,1703,1783,277,1583,1728,1646,1597,1837,1491,1546,1707,1475,1723,1534
1387,227,1896,1502,1491,200,1818,1714,225,171,1506,1841,1515,1696,906
1764,164,1649,32,1499,103,1906,1868,1665,1664,1087,1338,124,300,490
985,136,1630,261,1094,133,91,1908,1753,1469,175,187,1506,281,1530
1848,1565,111,1943,1857,614,170,1760,1955,1528,322,1527,1975,1560,1042
1482,906,1214,26,1644,138,207,1698,1849,1771,447,1674,1736,1641,1826
233,325,1579,142,1720,355,1673,1724,1768,19,1748,1763,707,1578,1795
303,1685,1573,1742,1616,1669,1775,1925,1562,1677,1060,1631,258,1581,102
1732,141,1569,798,98,568,1830,1809,1815,1833,1539,211,1548,1657,1546
1601,1705,1629,1518,1350,149,214,806,1571,1806,739,1822,1771,587,1733
1654,1798,761,294,232,105,1667,203,1628,702,1833,164,1495,323,138
1571,1253,1481,1789,1833,1759,1618,1498,1797,1486,1201,1966,59,1589,235
1966,282,1755,160,1660,35,1844,714,218,1518,1816,1033,247,1733,1780
1511,95,1708,505,1616,510,1691,1634,1706,1737,1605,1637,45,1846,1707
1824,1510,1518,1345,216,1909,1918,1778,1004,1565,1482,1596,1652,1682,1693
1478,263,157,1631,382,1741,324,155,1325,103,488,187,152,1730,1165
1689,1928,296,1639,1494,122,1682,1555,1911,1895,1684,703,1796,1583,1395
1736,157,756,536,1779,1733,110,1495,1500,176,1740,1711,1574,1644,1643
1585,1467,1762,1784,1538,1375,1908,1939,1531,1640,1566,1619,1750,1793,1504
1659,1825,359,1524,182,1731,256,253,136,1265,1806,1821,552,55,1817
248,1744,20,1529,1547,1487,1537,1885,1754,1251,157,1927,1793,1567,1516
1660,1750,133,1683,1791,1639,1586,1537,1494,692,1958,1777,1850,1776,1757
1551,157,1800,1716,107,1737,1837,1785,1905,1910,1953,1536,1647,677,312
1535,184,536,1824,1623,197,1841,1512,1729,1696,1543,1634,171,787,198
1800,34,1854,1354,1640,1312,1758,1753,147,288,1827,599,308,1496,1828
100,1536,1971,201,1551,1708,1758,166,1833,1700,295,1061,901,1777,1511
1557,1850,938,1550,704,1702,1692,1109,1597,1782,1023,1753,1824,533,1673
1078,1846,220,1690,1781,1525,1728,1843,1648,315,575,1948,1909,980,1659
1805,1728,1589,134,1845,1535,1783,27,1751,144,1672,309,1762,226,1577
494,1899,1541,1777,741,1249,1582,1700,1504,1074,1781,1685,1661,1511,1362
504,959,1109,1626,1396,1367,1652,1860,99,1778,16,126,133,214,1787
1111,222,82,1831,230,1534,1227,1231,123,1713,1242,191,1910,1386,1567
1584,1694,1322,243,24,969,1035,1481,1504,1703,1493,560,932,1195,1588
1370,155,1693,1392,1668,103,521,1510,1784,1626,704,1906,1847,1488,262
300,1783,134,161,293,1591,122,1485,360,1782,1367,1521,1562,294,1616
1684,1560,1657,1810,1763,54,1365,1719,1830,1908,73,242,1816,570,1671
219,1519,1784,1682,1975,1487,1651,71,924,1540,315,1528,1315,1675,1554
1906,201,1487,1966,631,1838,1483,220,1513,1617,1509,124,1569,1893,1815
1268,264,1607,1706,880,1630,988,1912,1766,1907,1030,162,1760,1480,1556
1655,99,285,1630,767,313,266,1925,1641,1677,1527,1585,1634,1955,1670
1764,216,1906,1513,1746,854,1788,1569,1496,1178,1796,1682,1309,546,1647
240,91,1586,460,700,1480,1759,1959,1708,1850,267,1721,547,1644,1726
188,104,189,1636,1274,1642,138,1006,1267,214,207,1594,82,58,1640
1619,1604,860,1488,1534,1940,95,1848,132,1843,40,1860,1856,1240,1759
990,1392,1674,1610,1808,1243,1551,1941,362,1267,994,1596,1845,1635,1510
1597,234,1590,209,317,1808,172,268,1928,1524,890,1311,1534,1744,665
1918,309,91,1606,1002,1723,1551,428,1516,77,1182,1778,422,781,1493
1588,1811,464,1192,470,1612,1634,1978,839,1255,1579,301,800,104,166
1908,1189,588,1595,1441,129,178,1631,1680,771,1383,1955,816,954,609
1855,1513,1503,1813,783,1545,1814,880,1769,1664,237,1572,325,1476,1505
85,1669,1596,1627,1523,1697,1536,1783,1840,1731,1503,1685,1659,326,1946
1866,1503,1555,1069,1707,1912,1658,1368,1496,1597,1641,594,256,1380,97
1724,322,1432,1711,1373,1058,1696,1709,1541,124,1525,216,1594,1591,1681
996,249,1478,115,1823,238,1103,1900,1697,1012,1970,1616,85,1488,91
147,1292,183,1654,1667,1589,1911,1733,1597,1584,1842,1807,1757,1385,1845
193,1637,804,1585,798,201,1479,995,1523,321,1592,155,1701,1396,1897
222,1931,1495,1520,231,1268,1589,1628,1071,1381,1629,1691,827,1683,320
1093,1700,1070,1617,1775,1872,1667,720,1913,1717,1329,1677,1704,1547,1670
1593,273,1685,1775,452,1588,1869,254,293,1712,1675,1365,249,733,1912
430,177,1948,311,1927,78,1909,1829,575,1609,1728,132,1531,151,1408
1938,258,1663,1797,1665,1777,40,1526,1942,1557,1708,1606,1479,1985,1234
621,1749,1340,1829,207,1961,1214,1719,1522,537,1546,1529,128,623,1513
1860,198,1070,1088,654,1834,1708,1646,1525,1223,1597,1495,1633,1807,1552
1689,148,1484,1679,1743,1941,1545,546,1380,1799,199,1759,1510,164,1685
1158,1759,1267,1534,1494,310,37,1499,126,1702,1758,894,1583,1546,358
1828,1783,151,1239,1542,222,1761,1767,1009,1898,1480,1765,932,1780,1835
1568,1799,201,88,89,187,984,1539,959,163,1540,1636,384,446,1570
1570,1809,371,1986,1739,229,1523,1851,296,1440,1471,1494,84,132,601
1830,233,165,1971,1838,1749,716,1773,795,1590,1535,1684,943,1712,1898
1614,97,1828,1645,1672,1483,1759,1785,1669,999,1547,209,518,1728,1754
1839,1627,1540,292,1476,1570,1706,790,1822,981,1669,1554,115,1563,1694
1623,1727,170,267,812,1661,902,1160,1598,131,1573,1651,1513,121,1017
1733,1605,274,190,1606,1755,1708,1158,648,164,1632,1735,981,260,1908
1683,1492,794,1948,1618,201,276,229,1772,1623,1487,1630,827,1982,1592
278,121,1857,1034,1654,1616,1704,1839,1871,1505,1607,158,1774,1875,1507
1567,1820,45,1703,1785,311,932,1674,1638,1529,1857,838,1496,1586,1749
1614,969,244,1720,1613,805,1531,1710,1716,863,1765,1667,158,1574,60
1191,1567,1741,1827,1922,1098,151,1671,117,1544,1599,1756,1526,1799,1483
273,1293,167,1684,1638,1787,1513,90,1906,1503,1941,150,1010,306,1318
1822,116,892,1522,1169,1527,247,754,834,1514,1756,1565,1543,99,1749
1548,1807,122,1706,1175,1709,1893,97,1840,1523,1611,1667,1854,1574,692
1017,1652,88,1543,233,247,411,616,184,1695,1777,1169,182,535,92
1462,1690,1515,284,1658,1383,1816,1318,1825,1385,1433,1944,263,635,1857
1511,1589,1853,1871,146,1916,1774,1763,1681,1647,158,1877,1630,1716,1738
1596,138,1321,1597,139,1508,759,154,1738,1538,803,1383,1113,103,125
1571,1574,1508,1854,58,1894,1539,1690,1988,1837,1255,1676,240,1795,279
744,1578,1639,28,1088,1717,89,1807,1542,1722,1823,137,1619,1547,1585
1683,111,1661,1828,1781,1645,1495,791,1768,1795,1094,1840,969,1930,1610
1590,1495,504,1849,969,842,670,1751,182,1593,1823,1814,1761,1724,1625
1801,1240,1475,1722,1749,1610,1957,1595,641,1651,479,74,1488,239,232
1803,1802,1593,1857,111,1755,1604,1833,877,215,1562,1291,1607,167,162
412,881,1727,177,841,1610,1830,891,1033,717,1527,1834,1781,1764,1694
295,206,1680,1662,1960,221,1745,1653,288,1511,271,1513,106,1768,1952
1587,1753,934,1758,207,473,1756,1741,1592,1898,1481,1762,1814,1447,1706
894,1632,122,1045,62,1731,1905,1093,1191,1972,1625,1912,1655,1794,1559
1759,1812,1807,1511,106,190,1739,1868,1736,185,1813,1940,1078,1890,1657
90,165,1706,1515,1392,107,897,230,1528,1648,203,178,1911,1856,1390
448,306,1637,1712,1689,785,530,77,1612,1516,1816,1760,1513,1701,852
977,1969,274,311,139,1475,96,257,1909,322,205,107,1526,482,236
1740,104,1590,1537,1518,1828,1826,1605,1673,194,1659,1676,1791,182,1636
1884,1151,1689,990,961,1394,1485,1825,1820,1740,151,1658,201,415,1716
1745,1863,637,1977,1495,103,1575,1488,1565,174,1838,38,98,1512,1343
1522,1846,267,1569,1670,1701,1830,293,1781,70,1755,1366,1506,1844,180
1591,225,1523,1817,1575,280,1332,1519,198,162,1908,1537,1648,1515,1497
95,1675,1593,78,1556,1749,1526,1848,1747,1718,1591,1451,953,1772,1820
1569,1642,1488,1757,1731,1052,1623,1593,291,1842,1233,270,1850,1753,832
780,1521,1619,1843,704,165,380,1656,1491,288,1702,1571,1771,1661,1525
1774,944,1762,1156,178,203,1897,28,1628,1558,1764,1178,1483,1889,648
1526,92,948,1908,1516,1910,90,1816,1071,1705,35,1328,214,34,1756
1491,1716,1789,993,195,285,1837,516,836,1628,136,248,1529,1115,1533
1705,1786,944,1477,1760,1152,1476,1680,1695,1744,1729,182,1565,190,1676
1313,1686,1984,15,1604,1979,1551,1665,1531,1351,890,1546,1917,1369,1675
701,1535,246,292,1799,1822,1687,1529,1688,1955,1744,311,1745,225,237
1790,246,1906,1180,1840,293,1953,649,586,1015,1763,1746,1488,1550,1677
232,1856,1109,1773,1550,1379,1822,1589,1597,1671,1656,723,1616,1016,1200
1948,1810,1833,162,1456,945,90,1523,304,1676,1113,932,1615,1706,1926
1849,1503,1542,153,1570,1682,235,1824,1786,1751,1661,1896,172,1823,15
679,680,1910,1822,1486,1591,1723,290,1509,219,242,1667,1090,1578,1840
322,596,78,1910,570,1526,1505,88,165,799,1820,1736,1307,1568,309
1624,1791,1488,1245,1667,1183,1805,1726,1534,1784,118,1145,223,1645,1592
1386,1620,946,1393,127,259,1909,1720,1777,1906,411,122,1586,1570,913
191,1479,178,1844,1522,1798,1684,126,1531,1622,186,1785,1639,1802,1957
1857,640,1438,945,1031,1664,1755,69,1504,100,1684,1006,819,321,1119
1600,1738,1704,1744,983,236,1892,291,797,1749,1274,1516,1599,1657,322
1874,158,1534,1549,1614,1838,223,1557,792,1216,1663,1797,1853,1613,281
185,1497,1690,83,231,1601,1504,1780,1575,1678,1483,1941,730,86,97
1562,982,66,1798,1774,1521,313,1387,16,1753,1712,1009,1830,1482,1808
983,230,1158,1579,1800,288,1767,1697,782,256,1695,110,1589,1664,1781
640,1911,301,41,1966,1388,1668,382,1227,1784,1580,1656,1598,222,1647
1745,1813,916,1760,116,1476,1939,1452,847,1682,132,1777,1784,1642,1922
490,1653,1707,1507,244,40,1449,708,180,220,1929,1013,1595,1852,355
1494,824,1247,1719,1374,1664,1945,1653,1691,1706,1906,937,1515,1058,1582
1676,14,1775,307,1653,1721,130,198,181,1526,1785,210,1664,319,1547
1251,1321,382,490,1733,515,1652,171,1651,178,1375,1554,1639,1628,1532
1031,1392,1960,1681,1179,1567,1548,993,1496,1659,1789,561,143,389,553
65,137,1611,182,1314,1549,1567,1746,1756,1857,78,261,1031,1816,1696
1570,1582,986,1754,1632,1709,160,1493,1689,204,867,1591,126,1811,1553
131,901,1793,1162,1774,1758,1582,1570,1576,847,1973,1910,339,1503,1502
896,1698,1596,1202,194,1854,1635,1839,261,1555,1411,1662,1656,432,1703
1073,1693,232,326,513,1948,1724,1755,1747,1905,554,1418,305,838,1262
47,1783,1935,1554,1777,156,263,275,151,1835,1660,280,1759,1045,1730
1051,1160,271,1588,1581,224,620,1808,1222,1607,240,201,1546,537,321
225,1733,1945,1702,1634,135,1753,1772,1908,1729,14,1046,269,250,600
283,215,1756,229,1660,1706,1686,1242,1245,1504,1772,1840,1492,1830,138
310,1649,1816,852,1745,216,1825,1328,1748,641,1641,1504,1643,1795,1709
1782,28,1806,1532,274,1629,202,1544,1796,1967,1674,869,455,1000,255
1657,1755,1848,486,258,1350,920,94,1026,1825,212,100,929,82,1715
1548,1664,1748,1775,1374,1661,208,1187,1381,1626,614,1691,1578,1511,1568
296,1648,179,1368,1847,168,1829,979,150,243,1641,1545,1592,1509,1845
1148,1562,1657,1821,118,123,1515,1694,1833,305,1798,1799,265,251,235
1659,1828,1731,1687,98,292,1811,84,1274,1836,1561,1647,468,1848,1700
1762,290,1562,1787,934,1636,146,93,1533,1831,1845,1687,1487,1038,701
1721,1576,1480,219,1533,1795,1376,395,1934,694,26,1592,1504,1958,191
306,80,1973,174,1684,1605,1854,1559,1805,613,242,1716,1910,29,422
1699,294,270,1777,1839,1515,1685,1785,1207,1144,152,1773,932,298,1023
1636,1711,151,16,1577,1822,1958,1830,218,134,1561,1649,582,1772,113
1801,1668,1769,1824,24,1685,1721,656,1532,416,704,1741,1943,1503,207
1811,1514,105,1857,117,994,996,1560,1555,788,196,832,488,1484,1842
212,122,1715,1552,1865,619,1587,1531,333,1906,1547,1895,1737,1612,251
1370,1793,1380,1801,310,1778,1548,1563,62,1601,1664,1606,1814,1573,1750
567,1949,1486,1734,120,299,218,968,888,98,1552,1637,1962,1555,294
1857,1033,1721,1908,1655,1607,1679,1773,1588,225,1852,1918,1501,1820,1788
810,756,1734,1804,1715,1503,1264,1798,1495,1678,114,1648,526,996,294
199,1263,1844,283,1809,91,1669,1694,1946,1574,1570,1737,295,1546,435
289,401,869,1623,1637,1641,1513,1907,1948,294,1328,1514,1684,1668,1579
1376,1654,1585,1842,1706,1517,1908,1699,1689,1944,1692,262,1599,136,1834
856,1696,196,1673,1789,1785,184,1710,1240,1331,1679,107,1946,1489,1644
1703,720,1717,1554,442,425,1795,1069,1641,747,567,1622,1335,1712,140
1850,518,1852,213,1791,1612,1593,1484,136,1644,104,113,1482,1213,1619
357,319,1963,703,1600,254,1466,1771,1738,1790,1680,1574,1390,1707,103
193,1837,739,451,1889,1525,680,1563,1666,1662,1713,827,705,538,1557
1519,1773,1383,1855,1767,1635,1755,1689,1491,84,1696,1841,1785,176,790
1640,1905,1502,1487,1492,903,1114,194,1697,1490,1603,1203,1714,624,1619
958,193,231,308,181,1852,1653,1201,169,1812,1584,1739,1728,100,1717
285,1719,1773,1535,436,262,339,1545,1387,1487,256,448,1757,1815,567
1465,626,597,677,94,107,1113,153,1676,1972,1729,1789,165,1848,1510
1759,188,1637,1808,1496,695,133,1776,1672,1493,1797,1611,441,283,154
1712,1136,1365,184,1478,602,1212,1565,1782,148,1956,60,221,1507,1663
1852,1663,1025,1624,1968,1529,1381,1823,1822,259,1462,1589,731,1596,1550
1728,964,1183,1670,1511,1754,1848,1546,1649,194,1521,147,1577,1261,1072
186,1731,99,1734,1496,1737,1634,775,86,276,447,199,1583,1494,1575
1818,1570,1367,358,704,587,1682,219,576,1113,1668,1716,903,1477,1605
1752,186,320,163,1777,1787,249,1561,1689,1811,1738,1832,477,1497,1442
1799,829,1513,1574,251,1592,1833,1782,1566,1786,170,1568,438,1497,1771
1598,1033,1693,969,270,208,741,595,1736,146,1918,1585,1754,1560,1545
381,212,1515,1651,859,832,1485,1739,408,1530,1730,696,1944,1791,1079
1910,986,187,281,1707,1332,1677,1548,283,205,377,1054,243,1834,1313
1989,1546,1653,1686,324,1703,148,1895,875,1738,1490,1192,135,509,1604
1905,58,119,1574,1677,236,1628,1846,1740,1746,1576,1543,1814,1827,1573
1625,259,158,252,1714,1426,87,445,531,1395,1487,1542,1760,1099,1627
1797,1475,1689,1734,161,1534,1500,1508,1678,548,1944,1950,1592,1805,1735
813,578,254,969,994,1829,1040,1857,1963,1742,1523,1942,1557,892,1076
1586,1668,1524,148,1812,1893,315,1665,1845,1760,1293,1910,1512,623,1791
1961,1500,1869,1954,1568,117,192,1477,1759,125,1760,1676,1672,1625,665
721,1561,292,1481,1802,89,1600,220,1677,1822,1665,1701,1827,1908,170
102,218,1679,1725,1837,1856,1486,1958,1541,1653,395,1677,1609,1581,1946
179,1478,1685,220,1337,1514,1532,124,552,1730,1805,153,1577,1391,1570
1526,101,1578,1909,1842,1753,855,181,932,1686,103,1640,402,1591,1808
1907,1796,1552,1608,1827,1644,1383,1481,222,1381,1765,1729,270,106,92
183,1645,187,1721,1490,1783,1339,206,1063,1561,290,1523,115,1684,1780
1317,53,1704,19,66,155,1601,782,290,1588,1582,1738,1578,201,1545
1947,1602,1796,1618,489,1712,1716,1799,1608,1850,99,136,1407,150,108
208,1726,318,1465,1493,178,1499,1569,1612,1817,115,283,298,1764,408
1490,1319,1536,1701,99,1760,152,1959,1655,1675,1908,1971,1799,1086,1657
1756,152,1580,1690,1907,28,1800,1675,418,39,1670,1777,1632,1600,1975
1593,1761,1109,1827,1638,1174,1364,174,58,1832,1617,1849,161,526,187
1480,1619,1587,1530,1521,281,240,1618,839,1751,1683,624,1760,1859,1621
1558,251,1646,1496,185,1780,1620,1025,1799,1689,1711,1649,601,1656,93
302,1488,1282,1265,1950,1498,1268,262,289,217,324,1566,891,1630,1682
1686,312,279,106,1532,1853,1894,1498,1273,1514,78,1562,633,1758,137
1491,1753,111,531,293,288,1812,1569,1734,1617,1563,527,880,1618,633
1665,1720,1821,86,1502,1477,1675,272,1670,1371,922,1680,1636,1492,1787
1750,727,1588,1369,1810,1507,1643,1905,1659,1815,1758,139,1830,1745,118
1674,1693,1820,963,77,1796,1906,113,1595,1808,1245,1246,1666,1552,1515
1516,1122,1499,1625,119,161,142,1566,1489,1776,1333,1724,1251,1371,1522
1861,1689,1694,1499,1659,1700,787,236,217,1626,1592,1664,1679,1494,1489
1970,1593,848,1601,1510,1670,1739,1536,1721,209,1916,717,1542,934,1340
329,177,211,236,1380,1622,1714,226,1529,1768,1668,1270,173,242,1497
1591,141,1770,210,314,312,1711,1791,1704,1762,345,1799,1577,1815,1574
1606,1893,351,1692,1673,1872,324,1697,1691,1723,1479,158,456,1759,1805
1851,1655,192,1652,1588,1610,200,309,409,1575,1691,1961,1629,1746,143
649,284,228,137,1161,1807,640,1341,1275,993,1713,168,832,1673,1849
156,1813,1787,1599,178,1719,1597,227,321,1108,1635,1707,1783,258,176
326,1377,1378,878,1327,598,1199,1633,1665,139,1845,1350,1739,1773,49
294,1563,1589,230,1508,371,227,502,1035,174,1487,100,1910,1850,1834
632,1609,1502,378,991,152,1785,600,1846,1810,1767,133,1477,1778,1376
1628,1472,105,1963,1644,1376,598,825,907,1653,1582,1752,1557,326,1892
1645,1757,1737,1673,1569,1870,1343,1905,1631,1528,1493,1586,260,274,1529
1781,1735,1493,166,1853,1627,1203,1576,1664,1779,189,184,113,1720,548
788,1537,1544,1681,1262,107,399,1511,1538,1583,276,1720,1553,1582,1628
1503,1568,1930,1659,1676,1284,1746,1609,124,1784,330,180,541,253,1504
1805,28,1844,1772,1669,1807,1628,1331,1612,181,1847,1714,1592,1827,1617
1817,1629,1690,28,149,1663,1807,1545,1952,433,1688,1796,1518,1508,1707
1795,181,1821,1569,285,1608,565,1971,1645,1690,109,1412,1853,1549,711
1821,1657,764,1592,1638,1179,915,1953,124,204,1565,1063,107,1790,1836
1913,1721,1345,1831,1594,1243,1793,489,1892,1675,1293,804,1506,201,1646
1527,1942,1710,1156,1909,1920,1773,1742,1372,281,755,1547,949,1703,150
1896,1805,1838,1692,1845,181,233,1747,1065,1833,1754,1495,28,1568,1619
1679,1756,1071,1905,1548,1522,1598,1694,388,1556,1678,1577,1771,1716,476
1591,1524,1932,251,1856,1831,500,214,1476,159,1577,1714,1606,74,1607
1714,1981,1559,176,1754,167,1287,1860,1820,1519,1501,328,1726,1571,1910
146,155,1538,1682,1677,1635,1612,1615,1970,292,1580,235,1563,1637,1752
1717,1715,1761,1496,78,1796,1563,1635,1515,89,1368,995,1961,1651,1524
1586,1479,606,1759,1523,177,95,1303,988,1755,251,832,1361,1436,1607
1796,1648,576,1623,1247,261,1512,1741,199,1797,367,1525,1537,1484,1646
1957,219,413,1659,197,1676,181,1671,239,859,29,1803,1776,1547,1649
319,1897,1560,1814,1634,49,1956,232,1844,1867,84,1380,74,1521,451
290,782,532,393,1833,1555,1539,1585,1658,1102,1376,1521,1905,313,1596
1731,1620,1721,1495,1939,1079,785,874,274,615,202,80,1799,1672,1485
1691,1745,977,1850,1068,1773,209,1653,152,1635,1855,1804,290,66,1797
1715,1703,1073,231,1655,1586,1513,283,251,1525,245,1107,1714,1730,1101
1840,1609,1569,1642,1686,242,1807,1670,210,100,456,272,92,130,65
314,1836,1659,197,1597,1373,1621,1111,1835,1831,1579,1353,1650,1567,73
902,1710,118,137,194,189,1628,1723,1906,1594,133,1513,1965,151,774
1619,1303,1758,619,1592,32,1476,1482,1707,1787,893,1821,323,1549,125
1139,1192,1783,115,13,1568,1481,1564,1941,1655,1803,1521,1057,28,1515
207,1098,1529,1671,680,258,1791,198,238,1706,825,304,546,1790,1943
1681,1885,1815,1799,1828,1785,178,106,187,1268,1479,1839,305,1781,1777
1669,1557,934,1537,1884,1702,1717,1512,1678,128,1227,1625,210,165,1376
1702,1815,486,1313,900,1582,1986,1810,1392,1381,1796,1677,916,1688,721
288,714,1557,987,133,1827,113,127,110,1626,1540,1792,1388,1639,1698
1778,890,1563,1987,1760,1755,1804,1717,197,1705,1788,187,191,1574,671
460,1663,1540,1495,1728,195,1515,193,1568,1602,1539,1375,1702,1368,211
1519,121,1623,1690,55,1769,1726,312,1482,1535,1648,1833,1842,1113,1852
307,1911,1643,1510,704,1391,1718,366,1781,1889,123,228,1824,1913,1922
1822,1790,1776,1651,1538,1831,1912,1769,1821,1731,221,1675,121,1747,1636
1778,1850,1814,271,1121,191,1845,281,1119,1537,1535,1505,1733,1813,1819
1660,1483,241,90,143,1560,316,992,1592,112,1803,15,1651,1659,1820
1778,1637,1579,559,1627,1680,1603,1753,1650,1762,1381,1743,1927,816,1512
1827,188,1550,218,1597,1699,266,1807,1491,1578,130,1634,139,1828,1754
1715,1723,1621,1502,1844,1800,1738,1664,1531,1746,1962,967,800,1408,1824
1073,1192,1963,1811,118,1757,1697,1010,727,1713,256,1682,1531,1735,1540
1768,303,1660,635,291,214,24,1782,1641,316,1806,1605,1528,1712,1557
1771,1796,1679,1677,1768,1545,1667,125,1388,1956,1529,1668,1570,1532,132
579,1655,903,1502,1711,1536,147,1071,164,1632,1723,1512,1591,1495,243
201,1796,1501,128,1702,301,142,1701,1807,918,948,1715,172,280,762
884,1194,208,1725,287,1832,452,1348,1615,1619,247,1713,5,1764,106
847,1560,1912,287,1692,1966,1564,1565,303,1477,346,192,1913,85,271
1376,1530,1591,1794,1546,1624,319,1492,803,185,1672,1533,176,1592,621
184,228,1552,1481,1731,1509,1952,129,1494,93,77,279,1646,1511,528
1645,1351,1528,1489,1830,1590,1806,956,1479,1683,1657,315,472,1793,1890
501,1723,1363,1583,183,1566,1711,1486,232,1608,91,861,300,1855,1846
294,211,1953,1487,790,1672,315,545,1597,133,1561,287,1735,93,1754
1490,881,983,1881,318,1796,1778,1571,903,1139,1477,1634,113,1672,1773
1636,1944,1703,1847,1605,680,1100,248,1905,1780,1614,500,1704,1664,1160
159,234,1846,1488,1632,149,1787,1718,1761,1590,1359,1513,354,1688,1102
104,1619,1750,1162,452,1544,1763,786,1385,558,1718,163,1727,1135,948
1492,320,146,1761,1653,189,1907,254,1667,847,1561,1510,573,1354,1600
1677,1540,649,1819,1647,1769,77,1747,220,514,1797,1269,1716,1590,1623
1849,1255,1845,1493,1396,1797,1779,356,1578,1349,1705,1243,81,878,1583
1655,1781,1578,1795,271,1762,1507,1379,1597,1662,99,1789,874,1669,285
174,1809,1631,1699,1520,191,1850,1610,271,1851,1825,1545,1585,1385,102
1818,1772,1490,302,1672,1584,1168,1719,1482,1521,131,912,161,1947,111
1691,292,5,883,172,807,1724,1568,231,171,1798,156,1493,1617,1712
1755,1788,939,66,1552,188,1841,198,1738,121,1909,1748,612,1596,895
1908,1271,1838,10,1804,371,72,1159,648,207,1519,1735,1649,1712,1719
148,164,1733,1627,994,1034,1503,1763,43,1831,1672,1706,800,527,972
1530,1725,1721,1848,1826,298,1871,1714,1798,155,1704,148,1678,1501,1875
1383,439,251,114,1500,323,1615,534,1709,1649,328,1794,1917,1019,215
1581,1658,1298,1619,1529,578,101,1719,100,324,1763,1847,700,1663,1633
1716,1649,1655,1304,1712,1582,380,514,1735,1732,1720,1589,1843,1679,1510
1577,1098,858,1643,251,1627,1818,94,1526,1673,1569,1551,1644,1546,1745
293,1833,1934,1643,1491,541,548,639,1638,1681,1817,1582,507,1778,1800
1842,1493,316,988,1601,1622,1754,1850,1750,262,1562,1561,1906,317,709
197,1733,1535,1908,1373,1954,159,1585,1727,1514,90,1571,1394,1803,1811
1644,204,1620,1849,103,139,1910,1029,82,876,1895,1674,992,1775,87
1630,1624,259,102,1913,236,571,1694,1629,1835,50,1825,91,1671,499
1619,303,1612,1105,1804,1486,1840,1626,1746,1269,1538,1112,1580,1531,1683
520,1073,1793,1491,1556,1678,1879,1765,1856,715,1603,1807,1836,1949,195
314,1905,1807,1636,1551,214,72,1830,1601,1577,1552,1736,1372,1581,319
1491,1504,116,1577,1743,1557,118,1792,1917,1177,1973,1723,1794,98,1600
1842,250,291,1930,1706,1844,1823,382,1738,163,259,1856,304,113,1782
384,1655,1562,246,1519,1183,173,1612,189,1921,204,749,1976,184,261
1524,292,1703,1697,1667,1799,1695,290,1547,1958,25,1500,1790,339,1692
1718,1644,1856,1580,1915,1666,315,288,1516,1586,235,1750,204,1657,1919
1511,1676,1613,145,627,1737,1515,1586,1507,1852,1726,91,1376,298,1615
1053,1930,1681,1825,1483,1660,460,1579,1954,1699,1535,115,1855,795,138
920,150,1660,596,1528,1712,64,1789,184,135,327,699,1860,1513,1502
285,117,199,1577,127,1790,42,399,1562,1674,1797,1565,132,1555,45
1953,442,230,1856,1274,1840,1723,1743,1793,1825,1832,859,510,1905,1758
1815,1601,855,1793,1573,277,1345,1436,1318,165,1526,229,1665,1591,1804
196,1408,1751,1384,1623,171,1615,1604,1842,312,1498,1596,1813,1772,1660
1971,1818,1538,1667,1117,306,1673,987,1556,209,1801,1550,261,1630,1724
1410,1585,942,1555,1849,1640,1718,1761,1896,1582,1641,229,1692,1760,300
1551,1515,1495,1812,1960,1798,1507,1517,693,1824,324,727,1528,1529,1657
229,983,1667,1781,1840,634,482,1907,1634,1617,851,1683,306,1769,1693
1562,1530,1910,124,1521,1680,1711,1773,1209,1601,1688,1701,225,708,1644
1835,1393,1892,198,88,1624,1963,63,170,1313,1838,1504,983,1499,1682
1498,1720,152,1567,196,1354,1538,556,1669,1699,1805,1836,1700,789,1662
1502,1856,82,1750,85,1778,519,121,1622,1544,1480,1613,1660,1510,237
789,46,673,1577,1589,1597,1941,1685,184,267,1822,1772,142,1911,1745
1678,1309,1020,1942,1751,1750,1939,1728,1810,1381,1806,1762,1780,1631,1850
1801,1162,126,876,1789,1712,1540,687,256,505,1831,1842,1710,1809,1670
1538,1522,1813,1479,300,1533,1595,1848,84,1910,270,305,1391,210,1619
1500,1374,1111,1742,1823,145,1598,94,1603,1520,1895,173,1579,1815,1592
161,1749,1720,269,1809,1590,198,207,1641,1821,1734,93,1721,1595,430
281,1713,1898,598,1559,1849,1106,1842,1838,1817,1864,1569,1724,1490,1758
1686,1609,1556,177,178,1370,1394,1505,664,1572,1778,1671,1383,1941,1685
1779,1987,1734,1596,1386,1629,1038,1908,1558,1454,1630,895,1489,1645,1138
1810,1820,1715,1634,1086,1577,125,1648,1815,1713,1733,1809,1690,1827,1697
1719,20,1677,1646,1325,1730,170,1194,1465,1617,1827,1641,196,1526,1534
265,796,1710,117,1341,222,1716,208,932,1482,1683,894,1754,619,1751
1744,1656,1491,1274,382,284,536,797,1839,910,1743,1066,1543,1671,194
1263,242,28,1491,1047,1855,1822,1792,1956,1574,1619,185,1499,306,128
1688,129,902,1501,1701,1567,999,1761,239,1106,518,1850,700,1613,1724
1824,158,1129,1820,208,1752,1721,1562,1624,1784,1542,215,1834,1841,1390
1753,1704,1366,1532,1549,1713,1525,1692,1035,122,1930,1736,174,497,1482
1065,1720,1851,111,1824,1604,1303,1810,1863,1504,1539,1651,1264,832,1883
1801,1786,1580,150,44,1504,143,1552,701,1494,1794,808,1910,1827,1813
1832,1534,1275,284,191,1935,1646,1752,1776,1811,1651,945,1582,1594,1503
1808,870,1634,1742,301,1164,1849,1680,1681,1503,1594,1763,1973,1705,1577
1496,859,1683,130,1713,207,100,1907,1062,1732,259,430,799,172,1763
218,1824,16,50,700,1822,1695,1497,1492,1964,1812,1571,1817,1500,1772
1835,1727,1593,1749,786,110,1565,1840,147,654,535,1738,1708,1519,1582
165,1597,1703,1777,1795,219,1658,210,623,1599,639,1527,1573,1741,206
1561,266,1908,1825,1519,1834,1700,1968,69,160,1811,1009,1697,1634,1633
518,1580,1940,1640,1767,1617,1680,1518,218,1833,245,1562,1657,702,1582
509,989,130,232,1846,1646,1000,223,974,747,576,143,1513,1647,1710
73,1030,1715,1310,1728,590,1545,1810,1195,1836,1598,181,1083,1840,1457
212,1603,1526,606,1672,1352,45,41,1844,1739,1755,1384,174,153,1673
262,335,356,964,1905,1811,514,1584,1969,1829,1823,1545,1706,1700,1819
161,1539,1911,1538,1818,1851,1366,1776,1019,572,443,1792,1022,1591,1546
1622,1296,1532,1829,1500,671,137,255,1591,1686,1489,1754,1907,1872,1804
1657,1831,1647,874,1649,1808,801,1826,1557,118,1618,1301,1635,1725,1815
1943,209,1602,1825,1618,173,1482,1709,1820,1570,1316,1617,251,1780,200
309,1522,1684,1697,1591,596,1840,1519,1969,1159,1511,152,1543,1594,1907
1581,1201,1740,213,567,1914,1827,237,1562,1635,669,1686,609,1380,1910
401,92,1850,674,1206,1087,1571,1635,1614,1502,157,1590,1553,1968,1763
155,258,1595,1784,1524,1613,1675,1959,899,170,1739,1841,1395,1620,1788
159,1972,1652,1720,1973,1810,1696,1851,1723,1553,1637,1804,1700,1823,1508
1813,1173,1732,1847,1513,209,232,1953,772,1849,1081,1571,1556,1541,1717
275,262,1703,1783,788,324,159,1939,1092,1611,1836,1953,1549,1960,1701
1478,1775,1624,1597,1493,1631,1799,205,1602,812,1477,1673,629,1605,1840
1748,317,218,1432,973,1811,1511,754,254,1128,986,175,1715,1678,38
1748,1739,1037,1162,1498,1554,1961,1496,1912,1679,1482,230,247,1547,1667
1704,834,1581,1661,118,1621,1855,1351,197,1820,1639,1384,183,1839,1682
1523,1320,1722,326,1480,1477,1505,1642,19,1008,1643,1050,1586,1654,1823
1950,1609,1657,1812,571,1782,1249,1480,1675,1729,1616,554,160,1558,269
1802,1016,1712,1475,1791,1516,1784,1700,1562,1715,1657,1698,1794,1778,1763
1817,1885,285,406,212,1055,1913,1778,1536,282,183,486,1499,1373,1637
127,1898,561,1502,1776,1266,1360,242,781,1741,35,1508,1597,1818,1787
1841,1526,1619,1567,1946,1544,1818,1642,129,142,293,1497,124,287,1699
306,1822,1525,1770,325,198,477,276,1741,1801,259,134,220,158,1596
1909,1700,821,1528,1870,847,1782,1032,1503,1881,1376,1380,1648,969,1758
1799,12,81,1686,277,1478,194,1781,1371,177,355,1583,1606,115,1797
1568,1733,1895,46,1730,1803,1699,1816,1712,1589,1643,1845,1609,1093,192
1789,1774,1577,1391,1532,1124,1024,1759,379,1257,1336,1547,1969,1787,1524
1520,1836,185,983,1831,1640,1860,1714,1644,1776,1637,730,1501,506,1665
1529,310,1911,1956,250,1490,1970,1521,1789,273,305,1672,1808,916,1701
135,1743,1555,1646,933,1715,1739,1785,1613,1622,1523,300,1608,1621,1778
1250,1959,1554,1832,1747,1945,1845,1488,597,1796,1485,1751,88,1481,1580
1642,1637,1827,102,1608,1505,1514,1829,227,1799,1685,1548,1482,1677,185
1790,268,1545,1798,1847,1128,163,1615,124,1722,1819,254,986,1828,82
1309,1477,1602,737,815,153,205,1721,480,1395,1911,871,1781,1345,1818
26,1701,82,1698,1922,1641,167,1497,1267,1599,1937,1332,1724,1905,274
1354,1126,1475,1713,571,145,1787,1773,1762,1677,121,1811,1690,533,608
1479,1722,216,1812,1602,1911,240,786,96,242,1842,320,1606,1496,1945
1813,424,1492,1822,738,207,1104,1698,1729,222,1589,317,246,1924,1530
1682,1713,1375,1792,1848,545,734,1669,1498,1367,1954,1317,1542,130,1795
83,110,240,199,1687,1855,1656,852,1511,75,1739,1983,1620,800,1531
1671,1739,1491,455,1365,1567,1524,1486,75,287,277,1545,1643,1665,256
984,1395,1578,1492,1567,285,282,642,1677,1513,1830,1749,1707,699,1653
1580,1162,1501,1832,1856,167,1661,248,228,1848,1689,324,186,640,1519
120,460,1510,203,1700,1577,296,314,1907,228,1642,1847,1837,1930,1550
1710,9,1913,1809,1524,1542,1194,1826,1742,1712,232,1755,1816,231,1796
1378,1844,1570,1678,1682,204,642,1541,1675,286,1488,1568,1567,1224,1507
1944,1646,1729,1392,114,1542,1149,1559,1592,1734,1531,1596,136,1519,1548
1652,1646,1814,1726,205,691,1364,1639,256,254,1508,163,1365,1847,1330
1848,635,1710,1587,1378,1738,1905,1828,1674,1708,1893,1394,50,1786,1541
1717,236,1561,1489,1244,1571,81,164,288,1837,1826,1967,183,1502,995
1722,71,1836,1705,1825,1498,300,1694,1589,1695,249,1710,1854,1753,1716
876,1759,784,249,1718,1913,1739,1532,1629,1598,1509,281,325,1787,1632
1814,1968,196,677,1131,148,20,1781,701,156,1648,1629,1567,317,291
1662,1763,1690,195,569,1908,1766,738,1640,1395,1098,180,1814,1832,1817
1857,1689,1705,1588,1789,1976,1672,1711,1492,1499,751,1564,20,435,1810
1861,1989,1577,1113,125,1725,665,123,202,1388,210,1616,933,1846,1836
1827,1751,1031,1231,180,1036,1319,202,1812,1654,1673,1821,1575,1653,1926
819,1841,1192,1906,1490,1501,74,1671,961,1552,975,1975,1596,1496,1760
1516,1511,1482,1711,1475,1829,1408,255,1201,1776,119,1687,1795,228,258
1701,157,1577,160,1862,370,1574,1630,1493,303,701,161,1110,1242,1720
1912,1827,1820,982,1553,1381,1789,939,281,1829,1848,1600,1796,1542,1814
1847,119,830,1731,1758,1833,1664,1308,1831,1332,1679,1539,213,1789,1609
1708,1655,1632,552,1736,1665,1762,1686,179,1679,510,1576,1562,1439,181
1606,815,1491,1847,169,278,679,1529,862,474,431,233,1093,1577,1507
1611,1745,1612,924,1971,479,1497,1188,879,255,1540,1830,1658,1557,235
1739,1554,1480,1479,1631,1197,1617,292,1644,1737,981,1708,874,1852,462
279,1568,1339,1524,143,1774,1614,1654,1383,1786,1762,314,1958,140,1756
1370,249,1841,320,1739,1564,433,1481,1603,1737,1789,1549,1843,1558,1626
1547,1342,1908,1794,1747,1669,1578,1906,1815,1757,1612,1664,1957,195,1810
1548,212,89,269,655,1504,1540,1025,324,241,1789,1829,1101,807,326
1776,1594,806,1834,1840,1385,1351,1852,1369,1864,252,1690,91,1718,1493
1488,1478,1697,210,1430,1574,13,1492,1125,1763,1652,1675,1600,1532,1603
1542,266,261,1810,1525,1538,1809,1822,1955,1640,1964,1823,1802,86,1477
256,1947,1525,160,1638,1716,1726,1583,1383,1989,984,786,1807,1797,1477
454,1545,148,268,1559,1531,1740,1000,311,1793,155,1696,1726,122,1758
43,1575,1666,986,1274,90,728,1829,1896,1170,1582,1779,218,399,1581
1760,1802,509,1596,1113,1556,140,1774,801,1084,1557,1626,1341,1736,1527
1520,1044,25,1625,1747,1947,1156,100,1850,1386,1562,1493,268,1531,114
1661,1741,1826,1534,1846,1185,1952,252,696,166,1715,1539,1538,185,861
1849,1577,438,1738,291,1641,296,244,1490,1752,1567,1619,1853,701,1937
173,148,1785,1643,98,1546,1894,240,993,1604,1054,1955,1756,1369,309
1849,1548,1638,316,701,1835,1957,188,1537,979,1758,697,1658,1700,305
1669,1811,1694,101,438,813,309,134,1536,162,1632,1933,345,1835,1614
1621,1571,1626,1975,148,46,1484,1802,1846,1072,1829,1604,1908,1488,114
1710,1603,1502,1696,1756,621,252,1682,1917,1725,904,1530,1222,1784,176
1602,306,1813,1759,1828,1678,1572,149,1821,1679,135,1648,1534,172,1625
1571,1585,1852,1396,1617,1791,1375,1854,1318,956,1806,1649,1711,1562,1532
160,1679,1745,1779,1822,1659,130,1589,139,1986,1480,363,1499,1646,358
810,1495,731,1650,1752,1847,1482,1866,1727,1785,1770,1300,231,1475,97
214,1646,1526,1823,187,256,808,1643,1704,227,1538,125,1697,1702,1125
242,1815,1907,1889,1388,1605,1661,203,1411,1685,735,424,26,1649,128
287,384,1505,1036,1733,801,1816,566,1550,1192,1524,299,707,1645,1475
1761,821,1571,457,1517,1325,1493,973,1484,1631,276,256,1708,1942,1598
488,166,1484,1708,1811,1774,1765,269,1764,1692,82,1781,998,1556,1353
1592,107,1716,1552,1656,1708,1622,1756,404,232,1599,1550,552,1321,130
1819,888,1737,1504,1484,1639,1598,1395,1481,1487,302,1693,552,844,1778
788,1728,1656,373,840,1548,95,1268,1311,1492,98,1931,1746,1526,243
1640,1761,1539,1951,238,1630,1687,1268,1776,1542,1723,1767,1551,1518,1645
210,1481,1696,1743,190,1709,843,200,118,1533,1597,1637,1849,1479,1578
547,190,1779,1689,1810,1728,1487,1736,341,303,1480,1849,1843,174,155
786,322,1574,1843,1963,45,212,1070,294,1649,1615,1788,790,876,1670
1713,1838,1839,1480,1344,1835,1646,1002,1669,1672,1661,200,300,1656,1518
172,1513,215,1683,1497,1477,1280,1893,1558,267,1806,42,12,28,113
1631,1574,28,1487,1507,1708,1715,1760,1851,1722,242,1577,1939,1730,1648
1345,1837,144,1707,1797,1777,1565,102,1929,1627,206,1508,1750,1224,1786
1564,190,573,281,1587,1612,1598,300,490,1956,308,439,1536,455,1799
1616,1274,1606,1619,283,1836,1582,222,1513,206,1703,1649,1112,243,1527
1620,1220,233,593,1802,1365,242,1649,1783,1774,1947,1758,1392,1496,192
103,678,1830,1253,1395,1648,464,1685,606,1518,831,764,1507,489,1495
1488,1763,747,447,1690,1754,1543,1856,1220,1677,1534,324,1892,1645,1699
224,1273,1735,1852,837,133,1773,1949,1646,1783,311,1615,276,182,45
244,1070,236,312,94,1959,1379,1760,1761,1577,1751,533,1758,1481,39
1593,175,1484,328,1589,1492,1521,1842,1614,1746,1909,1855,1953,1502,1327
1897,1743,1666,1794,206,1141,1621,1749,205,1645,1805,218,135,1587,1580
799,1691,1490,1520,493,1977,1562,1825,1752,1739,1912,1843,873,152,596
1719,1511,1491,1682,661,1653,1591,1047,1696,658,1618,6,1612,149,629
1729,86,1821,1505,1636,1511,1731,1532,279,1834,252,103,1684,1485,1054
1534,1535,1636,1512,405,1540,1530,288,1817,193,1361,154,1730,1668,1752
1488,1652,1407,788,1948,1821,328,1824,1681,1605,153,715,894,1694,412
104,815,1853,103,115,1510,1574,920,1958,1237,81,1484,303,982,1755
1853,1693,1514,419,705,1780,1547,1590,80,1643,1969,1572,1754,161,781
1751,238,1631,1794,15,1581,249,1850,1186,1852,190,483,1708,280,1736
129,1393,1807,1052,1467,322,1038,1726,1554,141,515,1660,1662,1383,1843
