1586,1480,1788,1602,1594,1644,1375,1682,1246,1558,1737,702,1628,760,1396,274,1395,1507,1681
1113,1637,1692,4,709,367,1680,1796,136,1793,1070,1550,1908,318,150,801,1492,239,1745
942,1777,1642,154,589,1906,1821,1798,714,854,1681,539,1374,1621,580,1533,1727,1678,1818
269,1573,1653,28,1496,1553,1764,1727,1688,1702,91,1780,1782,1733,81,1820,1497,1700,1503
513,1591,1676,705,1681,1374,1819,1875,1728,1672,1757,1803,1696,156,1508,1237,1507,1700,154
250,1524,1824,165,124,362,29,934,1908,175,1668,1627,1702,1746,1567,1790,1574,1529,147
1822,618,1827,1516,1742,990,1608,1630,1832,1669,580,1659,1856,248,263,1656,1552,189,1546
1315,1731,1581,1383,1809,1542,163,1622,1592,1713,1686,95,1735,1584,105,1526,1783,1956,1567
640,1963,85,1805,1180,1538,1661,324,1846,1726,1762,1562,997,1627,786,1718,1972,293,1678
1762,1847,436,1639,529,781,1946,1674,1059,1155,1810,474,189,1748,478,1476,1889,1676,1484
1709,1291,1532,1699,1159,1650,101,209,1527,1487,213,196,1725,1277,1375,1785,1691,1510,1703
100,1839,319,1706,125,1379,117,1376,1366,155,1588,986,1554,1382,1747,840,1284,1567,1563
1742,1778,1521,452,520,1858,1856,468,1516,1595,1789,1644,285,395,1752,1629,40,1076,1596
260,1857,1918,733,111,1153,1647,1752,1609,1481,1768,1741,309,1594,1203,1601,1739,1722,95
1752,1373,1498,1685,1600,1178,1789,1811,1932,1843,1660,202,1647,1379,1649,1705,1348,1796,1525
1372,1820,947,225,579,1831,285,1352,1911,1829,1853,1517,1582,1399,1540,357,1849,1789,1475
1671,1664,1667,1824,1581,1734,1915,89,1394,1614,1539,1822,1497,1202,115,1844,1833,1432,141
191,1623,1495,1654,1561,1685,243,505,88,1838,1560,205,1762,1709,1621,1573,1897,1969,600
160,1750,1833,1025,492,1835,1973,1814,1766,1538,567,310,718,1841,1895,1580,1544,1615,325
206,1547,1562,1848,1481,1976,1719,1516,1638,1579,1986,164,1394,1602,1841,1616,1825,1550,224
1854,1943,1617,1790,1658,1831,1750,1791,1798,111,1797,1647,1674,1725,756,82,1593,638,256
1660,162,88,291,1491,1733,424,108,1522,1548,1369,1717,1497,1652,650,1788,1587,1499,1508
142,1769,1515,1716,1524,1814,1913,1548,1699,134,1539,1476,1955,1552,1558,1652,1741,1702,310
108,924,326,367,1379,1694,106,1854,297,126,685,1539,329,1960,1648,1617,1489,1568,136
261,1565,252,789,1809,1474,1576,1501,311,238,1770,1583,1700,313,1609,1744,1971,1707,142
1075,1552,1890,194,49,190,1634,1430,1810,1566,1773,1942,1975,1485,1841,1624,1644,1693,1546
1741,1713,1897,1537,1556,1759,1646,1651,1707,870,1837,155,711,1516,1821,1846,1696,1479,1662
464,1821,1700,1513,1332,1879,304,1673,1765,1658,1588,1817,1671,1796,1804,1786,1741,188,1777
1563,1853,301,1542,1852,251,1610,1512,857,1704,245,433,1910,169,744,182,1794,192,188
1899,1677,230,324,1190,1732,587,228,1729,1748,1646,1637,1781,1512,799,1773,1946,82,1679
160,1792,1739,1676,1804,52,1393,1679,1836,197,1541,576,1616,231,95,899,1759,1577,1627
500,257,1586,1755,238,1482,1779,1162,1867,1060,1561,807,1845,313,179,244,1800,288,1670
1513,1828,1725,1572,475,190,1825,1819,1836,1657,1851,1676,1815,251,1741,1723,284,833,1637
156,1930,874,1802,1707,125,63,1674,1595,220,1941,1780,1808,1664,1607,1644,1803,140,310
1486,1786,268,1545,151,1755,1200,350,243,1594,1957,1521,1618,1737,1574,1912,1187,1608,847
1609,1759,1719,1548,812,577,1588,110,1617,1529,704,1958,1728,1213,1682,1584,1752,678,327
124,209,1754,198,1013,1528,1784,464,1675,1486,1650,221,243,1907,323,1692,216,240,1643
87,1798,1556,1762,239,1688,1691,716,1834,1896,1640,1753,1752,139,1692,97,294,1641,1884
263,1939,1570,1497,1581,322,1769,1060,1837,851,1803,197,234,1713,1817,1697,1113,1481,919
1685,1538,1503,1895,1792,156,160,1828,1839,314,1718,143,1911,293,120,130,1498,1748,1371
1727,131,801,1183,762,1660,227,204,1079,1397,158,237,1767,1138,1572,1564,19,1709,555
497,1674,1305,296,286,1789,1540,782,1760,1421,1817,1655,985,627,1480,1559,1633,104,1502
386,1561,1508,1534,1373,210,1535,1726,1746,1729,811,36,1831,1152,1549,1599,1086,1773,1643
1825,1803,1783,161,1605,1586,245,1728,1631,1737,1853,154,274,1598,1522,1484,1689,1583,596
293,1564,292,1711,1491,1677,529,1670,1734,410,280,1541,602,237,235,40,1505,82,1718
124,1809,1588,1688,1495,1564,320,1684,1942,113,1801,238,1821,1641,20,1589,1925,1675,1653
1366,1592,125,1754,1818,1375,639,217,847,1827,1071,1771,284,1542,1657,1826,16,1385,1640
1655,296,703,107,1501,1837,1720,205,461,162,1541,540,1686,1794,1224,900,784,1855,1692
132,1610,933,275,1564,1693,1825,17,1765,1786,1383,1373,1857,1622,144,1661,1667,1906,1771
1733,883,1583,155,1767,115,1534,25,93,1754,1391,1580,1787,1652,1598,646,1383,1966,1375
1683,1732,1668,1308,1495,1627,288,1869,1754,99,1839,1738,897,625,1376,1589,1603,304,1617
173,1229,1493,1647,1705,1540,599,1589,1740,1758,1856,1764,185,1625,884,1634,1844,1496,194
990,720,1841,147,1801,1857,1495,1847,1941,1589,1627,1624,1674,1475,1754,186,704,1559,1964
316,224,503,1628,165,1822,1031,1359,178,1064,1643,1849,1950,1800,1602,204,1679,1638,1589
1561,70,1588,103,696,651,1846,1551,1659,1674,223,291,1768,303,1748,89,1530,73,1073
264,1115,208,196,1811,1648,1538,1550,172,277,1714,1805,145,1477,1625,1562,1529,1489,1630
1976,772,1876,1710,975,1925,1499,1797,263,1894,1658,896,1487,89,190,1352,1587,219,984
210,1036,1819,1337,1842,1529,1602,297,1659,1632,566,1862,372,1642,1688,160,1622,114,112
638,1803,822,1186,1507,1499,1827,1159,776,1368,1522,1661,1584,275,1182,1506,310,1586,1629
1623,1789,1319,258,1815,1725,1795,100,1556,1171,1543,1780,1593,1653,1580,1577,1596,1304,1598
237,1518,1731,158,1770,1669,1848,1975,1614,1737,297,1531,1561,1514,135,1793,184,288,1589
1905,1798,1662,1738,1501,295,1567,571,218,1751,1531,203,1519,323,294,1685,596,194,619
181,1344,948,19,1603,1385,1162,1571,1692,1800,1542,106,1852,1246,1319,1529,1316,264,1615
509,263,1915,701,123,1476,1847,1686,223,1704,1569,187,1671,1544,14,110,638,146,205
997,1804,1546,134,1805,1774,1780,123,318,1495,260,1073,1667,1689,954,1013,545,1381,202
1907,1943,1896,1575,451,1721,1524,992,37,1908,120,1693,212,1649,1664,1687,932,1665,308
246,202,1670,1566,697,1767,1854,1647,1841,1761,269,251,703,85,1910,1771,1838,1527,879
803,1490,1843,682,1797,1598,1821,1975,1734,1456,352,1955,1635,1330,1555,1594,1790,1851,1655
1487,228,518,288,1379,1666,1712,1741,1817,943,129,160,1805,1723,1790,1393,195,1950,1717
1814,1551,98,1764,1676,316,1958,1387,1672,124,1745,153,1719,1795,480,219,208,785,1628
1494,1503,97,1655,288,566,1497,1378,1539,1752,806,637,1776,93,1560,142,1926,1020,255
327,208,998,104,275,1779,1000,128,1803,1655,1553,1677,238,1641,1638,40,901,195,1762
695,903,1554,1528,1791,1608,1563,1638,271,987,1478,1650,1669,1644,592,1613,1793,226,1659
1854,676,681,1071,691,1491,1816,461,1789,1707,1958,1752,1835,445,1590,1371,1907,1764,1232
1653,1724,1813,1191,945,1735,1492,1616,1540,372,99,1580,291,1663,1571,483,1549,1798,142
1528,801,1732,898,1787,298,234,1570,1714,149,267,1072,1505,1852,1651,1841,1600,1827,606
177,1517,1736,1123,997,1940,248,1079,1624,126,165,1945,1726,1175,26,1243,1532,172,685
1854,247,1778,1812,1609,182,109,1381,91,1686,1695,1485,238,1527,1766,1817,1587,1886,1533
54,1002,1649,1811,1919,26,1726,1665,153,1823,1634,1774,308,1618,200,1849,1843,1736,81
237,1160,1631,1598,1637,1021,1911,1641,1783,1168,1652,1839,584,1742,1827,289,101,1942,957
1821,289,1753,1827,1177,858,97,1545,1937,440,1812,245,1721,1831,1489,1614,197,1782,1907
1692,1850,202,183,210,275,1749,233,1505,1742,1609,1653,1803,1739,1383,1666,1536,60,1376
1718,1588,1209,1785,1936,554,1675,78,100,1944,1789,1713,182,1551,116,1356,853,299,462
576,1609,1736,1797,1742,1557,1683,1654,1987,1841,1761,1565,782,1618,939,1616,1635,1182,1485
1576,1529,1484,449,1567,132,797,1704,799,160,1201,1636,1750,615,1658,1660,399,125,1642
938,1493,287,1760,10,1842,1213,85,1650,1656,1771,1790,1031,135,1758,197,1500,136,505
1520,687,1803,1575,35,884,1962,129,842,1525,134,1656,1572,1824,1605,1600,868,1730,1855
1493,1520,1628,1847,1518,1208,1611,84,1673,1504,1798,502,1544,1233,1564,167,1909,1836,241
1395,1769,1505,1543,219,836,1647,1913,1682,1597,1522,1563,798,1724,996,1587,488,1804,303
1829,326,88,1512,1744,1377,1033,1793,1754,1720,1602,1530,1715,1503,1664,1855,174,1819,8
221,291,1848,1534,1528,1973,1663,1949,1536,131,1841,961,1819,1835,1966,83,94,247,1508
295,1779,1376,180,851,1906,1829,1175,1506,1760,1523,1667,1820,1645,1654,1278,1842,1696,232
521,280,1106,862,20,1713,1097,1519,1736,907,1190,125,1826,408,1560,1589,1767,1540,1266
1547,1268,704,1907,1710,1614,1780,1986,1234,1526,1807,1625,212,1319,1392,99,997,644,1765
1643,1559,1490,1042,358,1544,592,1909,110,190,1638,170,321,1971,1830,1827,1576,1635,1758
1319,1711,1598,1847,1539,1715,154,851,1509,647,1866,1516,78,1742,1740,82,1708,1681,1411
1115,1957,253,1853,969,1768,1396,605,280,1687,137,1505,1518,1368,1856,948,1740,1582,1793
1515,1544,993,252,1590,267,52,318,1262,1845,1850,1523,742,1820,1662,327,1912,1507,286
1587,1672,201,1969,1812,1833,1486,1608,100,1505,1741,1338,1734,1840,1774,1617,1653,1910,1644
1529,167,761,699,1661,700,80,1705,223,1958,115,1394,1776,792,83,1772,1670,1818,1523
1383,1245,1362,1620,1071,303,103,1322,1741,1586,1592,1909,116,1758,1752,1777,850,1819,1828
114,1363,1348,1701,258,1789,126,87,25,1381,596,1485,1654,1905,1856,816,976,1774,1776
188,121,1700,1835,1546,1606,1793,1622,620,1911,1636,1513,198,1907,131,298,1819,440,798
1735,1874,1684,1818,182,280,818,1761,1556,37,1594,1602,1835,1566,242,1543,633,1849,1395
1368,1574,1739,582,1590,792,1890,1707,433,1758,1836,1712,123,1658,1652,894,1486,1841,1769
1152,1524,243,1589,1667,1379,1722,1656,1586,631,1840,1826,1590,1911,1799,1575,1375,223,277
1510,1608,1905,215,1834,1611,1507,182,1691,1668,1693,1910,757,280,1689,1781,1479,1580,1791
1694,98,1668,1521,159,548,1705,522,1664,1520,157,1860,1484,1569,95,1621,1533,1676,1170
1840,806,733,1491,320,1488,1628,1707,127,1786,1885,694,112,201,1667,300,1561,305,230
850,325,1491,1817,1568,1627,1752,1664,1704,1603,958,1098,1478,1670,78,1659,1614,1960,633
1620,1981,1162,1714,1638,14,294,845,1698,1947,1728,1965,1079,364,1731,1738,1097,1819,117
1906,1553,1624,1786,322,1699,1227,1697,1513,1972,223,1718,1683,775,1796,1843,305,1617,1742
1665,225,1481,1801,1596,1758,1788,469,1620,549,1668,1505,1482,1483,1857,1849,1100,1504,1771
131,1484,1977,982,1602,260,129,951,1693,1738,299,1743,1829,1722,326,1646,262,1674,883
1614,42,1522,1693,1573,1856,1660,993,1754,1798,794,756,1553,1849,1676,1520,1301,1647,1690
380,1522,1710,1820,1709,1775,198,900,1563,1732,948,1572,303,472,1695,1823,1674,696,1759
1042,249,1370,1884,1752,281,123,1674,145,1689,80,1727,1543,1671,849,322,1778,93,250
256,1808,279,130,1494,1538,1526,1665,1837,1567,113,1581,1541,1856,1622,1681,491,1376,1785
193,269,796,1389,1756,1832,1828,1689,280,592,100,1811,1806,1697,1960,968,609,1916,1092
134,1702,1871,1782,275,1809,1735,223,1498,236,1539,379,1499,1787,1751,1623,1676,1833,382
1830,1310,1636,149,1629,281,1827,1696,1564,431,458,304,210,977,1218,795,955,757,223
1785,1592,1823,1608,1776,1575,1353,1643,1242,1255,1640,1206,1834,78,1557,1806,1632,1673,632
1633,1639,212,1536,102,42,1666,1149,463,221,1691,1694,1717,1956,1769,1540,1543,1782,1495
1772,1942,587,835,1578,216,205,1527,1496,1519,1681,1581,1662,1526,1128,1659,1607,224,1501
58,1885,1646,1787,1658,1504,1597,311,1588,1756,1724,323,1837,1638,1639,1374,1895,1538,1781
282,1523,1665,932,1750,780,1630,35,1544,1268,1532,1475,1269,536,1948,1096,1529,596,1713
1691,1476,1541,1675,932,1100,1733,1523,1790,1707,1792,1487,1544,1775,1610,1756,1975,1660,205
1820,1591,1619,904,1782,1829,1854,1715,119,722,1638,1634,208,1672,1800,171,1665,1504,1828
1677,1632,1897,1778,1559,137,1673,279,1649,1721,1499,1816,1390,587,1958,252,1695,1498,124
115,1666,1494,527,1718,1815,1767,1706,1793,1615,1366,1073,1841,68,1535,1379,1756,1582,1860
258,1670,874,136,857,1810,242,1757,1523,1726,168,1772,1607,192,1475,1774,475,115,1779
1894,88,1162,1519,1815,1871,1639,1492,1959,1805,1273,1817,1838,1365,1861,1883,109,1788,1564
1782,433,739,1944,102,1697,1025,207,1497,1626,257,1519,1716,1781,1772,1616,1965,932,1533
1677,287,1770,1754,1546,1668,550,1828,1758,1530,1389,1840,94,949,1697,231,322,1975,1961
1602,1776,1773,1927,1765,1387,189,1479,1897,1661,202,1795,125,1840,1673,1725,1974,167,1565
626,158,1562,194,1385,1508,1380,1966,1476,329,1984,657,1849,1033,1586,442,1974,1768,1808
78,1674,1482,1493,1772,1598,1436,1527,1564,1730,1666,1562,1632,1677,1565,1344,1628,1799,1495
1945,649,354,139,696,1746,1553,872,1610,1593,795,1631,1499,1765,639,1488,208,1836,1591
1719,1490,1377,1827,1857,1940,1531,1702,1729,1571,1846,187,1682,1373,1596,1851,1573,1503,74
1628,1554,1718,144,1850,1752,1531,200,1723,1668,1598,313,415,1635,1588,110,1779,1503,1837
1910,1545,1497,1984,1592,1642,1836,1972,1670,206,1853,1669,215,409,1709,1786,489,258,1752
1022,699,1943,1740,1765,82,1592,1548,1488,1621,267,1785,1590,1542,1710,314,1342,1571,1380
281,1988,1710,831,1478,1606,597,1563,113,1603,1476,844,119,14,1386,63,1951,1651,1497
837,1585,301,1947,148,1803,1530,1524,1787,1919,1765,1639,1617,1351,1571,1656,236,1838,875
382,329,1600,85,172,1096,489,1534,281,80,123,1502,1134,1610,1447,1640,1615,265,1911
1520,137,100,208,1619,410,1797,1553,5,1147,1671,288,13,1486,1252,1741,1717,152,1947
486,1661,1511,308,423,1837,246,1294,1881,238,1797,139,1484,1617,1520,305,951,1277,1807
1495,1830,630,1770,480,1679,399,301,185,1852,1597,1628,1775,280,1519,575,1684,1522,1787
222,792,1550,135,1195,1704,1754,124,793,1491,1487,522,1771,1721,1583,254,1962,1828,1790
1829,1611,1616,1599,1662,1762,1706,1750,226,437,1720,1281,1782,196,1818,556,1760,1735,546
1481,1663,1024,1117,1235,134,269,1687,1565,1501,196,1476,1535,132,1957,1905,325,1088,194
1687,109,107,287,1707,696,1779,1890,333,1719,202,1088,1643,1791,25,232,334,1522,1895
1740,1781,1072,118,1689,271,762,1704,1655,1615,1765,56,1287,1620,1772,1584,1726,1521,187
1686,272,321,1583,1676,1728,1778,1544,1601,1,1846,261,1478,1610,1580,1718,874,1618,1938
1867,1537,1495,1319,1900,1362,415,263,1670,1848,1513,1387,177,463,1804,1733,1648,1752,1851
1178,1922,1718,1792,833,1247,1509,1537,208,1837,1822,37,1835,1331,1825,1763,1709,1903,1704
194,1660,1719,183,1694,1789,792,1031,1518,193,1507,88,1712,1810,1809,1651,1542,688,1846
154,1615,1955,1845,1710,223,1924,1570,122,1388,1587,1508,1719,888,1624,1535,1738,111,323
1913,1611,147,1505,640,1622,1788,1799,1899,271,1597,136,1159,172,609,1804,1664,795,1748
1391,1693,552,1432,1594,901,1836,388,1573,1751,1491,1740,1518,1516,1716,672,1686,1763,1687
532,1582,1840,1638,1520,17,1971,1846,1829,1795,1608,1545,1381,1536,204,1679,1599,1607,1216
307,151,170,300,1643,1701,1602,520,729,1597,1550,1829,1775,157,1557,1236,1549,1670,199
1821,1588,56,119,1852,1787,1794,1587,476,1497,1479,223,1716,135,271,1641,1754,301,1570
1557,1541,1675,182,1734,1510,221,1600,717,1952,1553,591,47,1147,1691,1476,1797,543,1822
1699,1396,1651,796,1727,137,1581,1910,1656,1687,95,1550,160,1733,1708,1824,1378,1528,1392
989,302,739,735,299,1706,1834,118,673,1822,168,362,393,189,1521,523,117,1128,1708
1809,478,824,1841,1555,1521,1735,1617,1829,77,1495,307,1859,92,218,119,1634,280,1678
221,46,1718,1523,1639,1705,969,1847,1269,151,1214,1090,856,1583,614,1525,1789,1844,1584
180,93,1576,1882,1897,1852,1502,1328,1725,164,1625,1730,290,1751,1798,894,548,1524,259
942,1608,1907,703,1866,88,304,230,1787,1609,1639,571,1857,1892,1604,1678,1633,52,1088
1344,1509,1829,1256,1705,1523,316,1793,1506,1733,1759,1945,625,1573,1649,1591,66,1124,1526
1756,1744,1681,166,1577,1755,1511,1532,1843,291,141,1683,881,1694,1820,1551,1564,123,1562
1690,1708,1761,1633,1615,133,1641,1687,172,1711,1800,1479,1632,280,1562,267,1740,1653,1418
1643,896,1676,37,1682,1554,1511,1251,1660,1559,1377,1758,1710,1371,1715,1678,1738,476,1811
167,1578,1480,1906,1536,518,1849,1535,1913,257,1528,1713,1939,1647,293,1761,1698,1828,641
183,1784,601,1754,1777,1735,1502,1708,696,1757,1816,375,1707,1683,1834,1709,1711,1373,1788
237,1570,1672,1818,206,121,1604,91,1609,1947,1911,1536,1626,1659,1616,832,1712,1640,1600
1712,1761,1598,1607,1546,1913,235,1829,1610,1759,117,23,1752,1716,499,1670,1694,103,1799
116,1754,1696,1767,111,1762,1488,1498,1909,1600,1482,742,1639,1854,1816,1128,340,1577,1592
1553,714,184,1832,1870,1653,1767,144,1817,1517,1772,156,12,1594,1686,1536,1452,238,133
170,841,528,1534,1651,1834,1709,1730,1164,1946,1590,1724,380,1987,631,1634,1827,1845,730
1900,903,1806,1687,1053,1970,1055,1913,1568,1565,1513,1602,1393,1495,1525,1667,1609,1847,1762
1566,283,1593,578,211,1191,1822,132,203,1842,222,1192,292,1825,1867,1729,1375,1491,1379
297,1520,1721,680,812,1667,790,1970,1932,1740,1957,1620,1539,1119,315,1820,228,1335,1478
1101,1811,1698,1947,256,175,1571,1840,1857,25,1716,1659,190,103,153,251,246,125,1638
307,1005,1646,1499,1162,1726,1056,1823,140,215,1391,631,1857,1796,238,1756,1675,1674,1664
1173,1578,1071,1786,1615,301,311,1769,1639,254,1644,334,892,1777,122,1395,1857,294,1767
1763,837,375,728,1800,1449,232,1530,1932,1681,1699,1823,159,1114,287,1632,1702,1782,317
1691,617,204,1180,326,1619,1595,1533,1665,1507,1573,1482,221,318,1175,89,1896,1696,1637
1867,1522,1513,1937,1529,373,1702,1835,1777,115,870,1446,1752,254,1769,1676,1509,1597,1717
1786,323,307,1588,1824,1096,1529,74,1684,1659,137,1600,539,222,1537,163,1526,109,111
216,82,651,1953,1718,1531,280,1152,1612,101,1805,304,1535,434,1398,238,1776,115,111
1627,1558,1484,1501,1674,525,284,1812,1741,1592,1755,1753,274,89,163,1646,1724,1827,1503
1581,231,1566,1940,661,1684,200,1943,1645,1855,1826,1663,1669,106,99,1537,1203,129,1778
1774,1478,1638,1599,1939,197,279,66,1943,1559,1585,180,1718,1689,193,1829,315,1799,162
121,1231,1703,1764,1478,1737,1625,1801,1808,315,1198,1730,1698,1899,1697,1966,1144,775,1913
1848,1779,726,1704,192,1574,122,1586,178,248,1644,65,188,1218,153,1611,1805,1828,1534
1966,1498,1555,1615,1759,1535,1506,1713,89,1696,252,358,147,134,1551,183,1510,1494,1827
600,291,1602,1627,1581,1631,1661,321,1059,1639,1684,1459,1572,1769,210,1824,1791,1255,427
189,1728,442,1547,942,1772,1771,1721,1517,119,1656,1869,1549,1778,1628,1981,1949,251,1826
1631,1550,1775,407,1391,1583,507,1815,1482,1604,1665,1749,1671,1111,1562,1630,1496,1800,1585
1730,17,1833,1857,792,1704,1783,1543,1486,1647,1757,254,888,1710,1588,894,1969,1569,269
1557,1448,1694,1605,1487,1667,1905,80,1695,1543,1894,136,1777,375,914,1678,701,1816,111
1619,135,164,1671,1507,1798,942,250,1855,1683,234,104,1694,1598,1834,271,1583,1643,1652
1316,1510,1688,1390,993,1791,116,1680,1651,1948,1731,309,426,1343,1218,1817,163,247,1772
1552,971,1527,268,1894,1951,1388,113,3,1829,1834,1414,1194,1369,1912,1661,156,1613,1543
1658,1352,1756,542,1754,96,1480,1476,1721,34,257,1763,225,1793,1770,1559,1612,112,15
1780,168,1211,191,1634,1524,231,157,1942,260,1673,766,267,1664,154,1680,1502,311,1781
1754,1806,1732,1761,1534,1331,1662,1783,286,1954,1750,299,581,1686,231,1833,156,1429,125
1685,260,1720,993,1589,1544,871,1834,79,95,849,1851,963,985,1975,1479,1557,1477,1522
518,1595,1641,140,1537,1376,1794,1354,1489,1845,1961,470,1644,1808,1553,360,1548,277,256
1488,1075,280,513,1765,1753,1611,742,351,1526,105,1364,1643,1661,1783,576,1779,1830,177
1396,1841,980,184,1846,227,1855,1835,1505,1136,193,890,1696,95,1525,1562,1847,1558,932
1945,969,308,1954,1765,1722,1711,317,691,282,1802,1911,1726,1557,1704,1581,233,193,1579
1640,1521,1666,1014,1579,275,219,1590,1769,1695,1705,426,1747,271,301,23,84,1482,1894
1590,1510,898,1842,1515,1621,156,1577,1553,890,825,408,101,168,1685,1610,1569,1382,57
657,1479,1744,182,733,1843,235,92,1775,1276,1482,198,163,1596,1587,1909,1812,1709,1546
1757,117,310,1098,1139,622,262,785,806,1813,69,191,1896,1806,549,1808,1841,1710,1526
1633,323,434,244,1743,516,199,1098,1532,1629,204,627,1820,1694,1646,142,281,1771,194
132,762,420,1789,1261,1580,1893,1758,396,1691,993,1481,200,1820,1912,1746,262,1587,1546
1698,1641,731,1659,1635,1815,1986,1493,573,702,230,780,793,834,1589,1679,1770,1893,1808
1761,985,93,1831,1069,1713,680,95,1039,149,1615,132,1496,1740,891,1826,705,552,1721
449,1196,1396,1697,1643,1531,1715,1813,1613,1719,1518,1226,1702,1665,1911,1745,1847,171,1532
89,14,1592,1694,1835,1706,1746,1609,158,434,243,1390,1587,1841,147,458,1709,1497,1675
579,1840,1037,1605,190,1745,294,1806,1562,1727,1588,1839,248,1813,1818,1591,280,1518,1143
1832,327,1711,1656,1565,70,1530,1769,27,437,264,1824,1719,1191,1820,22,1531,214,1615
992,1580,1569,1823,1796,1855,1701,242,1911,136,1502,307,705,322,1637,1809,1342,1717,160
1895,1559,230,1768,181,688,352,1849,1893,1721,1218,1716,1737,42,1515,1482,110,804,1606
1767,1394,253,1614,1652,1778,256,1673,1320,1368,181,1509,1567,1550,969,390,185,96,312
1727,103,1776,1515,1724,188,1568,1795,1805,316,1539,1820,1386,1699,752,325,1686,1622,1680
1726,1613,1583,1652,1673,1088,581,1729,1696,1702,1733,1573,289,96,1680,166,258,1758,1855
259,1517,1643,1848,1712,753,1376,1647,129,272,1452,1587,298,1618,379,1047,993,316,98
208,1795,1646,117,1961,1968,1672,94,1953,1702,1697,1512,1648,1684,1596,1812,1659,1663,1675
1711,1687,35,1700,187,888,1495,1672,1680,1820,140,1765,470,1735,1667,268,1686,1547,1852
1893,933,1578,133,1661,1790,1852,1553,1681,284,174,1159,800,323,1682,1480,1491,1215,1694
334,1677,939,1802,1518,1965,1638,1786,1841,348,1574,1893,140,1977,1960,1478,1684,1752,1740
859,1710,243,1543,320,1813,229,1911,86,1842,1736,1632,1492,232,1795,523,1534,1927,1511
1743,1616,1704,227,1841,1059,155,1371,329,1822,261,1417,151,1849,1961,1771,1009,1766,1800
446,1717,1785,211,1534,1529,94,1386,1678,1800,233,1486,1547,1515,1177,184,1231,1794,1180
1629,1674,191,228,1770,1366,215,1551,1544,199,1504,1784,1380,1740,1583,1661,1614,1593,1116
1702,1653,1763,1780,1530,1727,1091,1600,1707,1744,76,717,1437,413,875,1840,1658,1475,1846
1783,1581,1391,1510,117,1679,207,103,1911,98,1913,987,1479,1906,1549,1642,130,892,1540
1729,134,968,1574,1754,277,1854,1141,643,147,1563,1058,1476,173,227,1713,1627,1126,306
1533,28,1573,1911,871,1852,120,669,1240,1839,1489,1600,1552,298,1598,1661,1601,1453,748
1793,1697,1303,1819,1632,1928,1566,1216,1853,1651,376,1533,1893,1857,1721,665,1739,1619,1048
1225,1671,1730,1827,275,110,1731,1784,798,413,118,1632,1585,1780,1490,282,1693,1679,1208
1392,902,1492,1131,1348,1646,677,1708,1806,1818,1812,1374,1578,1379,424,234,747,1697,310
1850,1624,1827,1874,1648,1609,281,1689,1618,266,257,1780,1845,296,1727,1552,1441,96,1351
365,1786,1511,1659,392,1623,1013,192,1614,1893,129,162,1843,1490,978,91,1760,123,1899
790,1427,1951,379,453,1599,290,1179,1529,1839,1815,1440,1520,1769,1740,797,1667,728,192
1677,173,162,144,596,64,772,1390,1522,132,1505,174,83,1518,1534,1826,188,235,1567
1679,1597,1837,181,876,1637,1672,1764,26,228,1906,147,1692,236,1599,1801,95,1552,105
1869,1383,1033,152,133,1675,1832,1546,1809,1489,1565,594,1594,1818,112,1845,1503,1847,483
1611,1623,141,399,1529,1802,1490,1910,1670,600,158,1648,1540,1740,1715,1609,1700,85,1480
1821,152,1607,218,476,1633,622,14,129,1831,1648,1531,1838,807,1552,1788,1710,105,1175
1751,1368,1592,117,1907,1499,1849,288,1502,1593,1530,190,274,1503,1571,989,1699,1714,1700
1768,1392,224,1641,1780,153,1553,288,1635,1697,1809,1580,1515,290,1946,254,959,1669,1736
586,705,1476,1531,1677,1592,1710,1799,780,174,1521,154,1610,1841,505,1951,1846,1378,186
326,1675,1549,1509,610,281,658,1651,1639,174,1856,1113,201,1561,1369,1818,1802,1613,230
1684,1629,1822,1519,194,1744,167,1878,1509,151,1826,1667,1623,869,1691,1224,1837,1943,1554
1684,1547,87,1716,1481,1492,1245,1530,296,105,1692,954,114,1627,116,1485,1768,1754,1691
881,1651,1823,1737,1225,1949,1446,1824,1629,282,1369,1521,1744,1790,528,1496,1567,91,1391
1897,1554,1560,1503,165,1485,1817,1910,1820,1745,1643,1534,842,1484,1489,1887,219,1860,1696
1509,1739,1982,1611,285,1968,1776,204,1971,1575,130,1698,1781,1559,156,820,125,295,136
1584,918,1503,1640,1812,1818,1530,1655,1268,1789,541,1768,1813,1115,1692,1654,1231,86,255
873,1442,1304,1812,1862,1581,1585,1705,1757,1906,1509,1393,1855,1553,1485,245,1625,602,1128
1821,1753,1789,1536,192,582,1506,261,1672,1697,1775,1590,129,255,466,124,111,46,1709
1675,1912,1690,1767,1672,964,1387,1812,1596,249,155,411,1524,1614,152,1708,160,1481,1473
1481,126,1644,1809,323,130,1542,197,1641,1632,1473,799,1661,1696,1540,1704,1947,287,1411
1657,1648,1609,190,82,122,1578,194,1910,1798,70,1897,1585,355,1515,1942,118,1214,1572
1669,1202,1760,315,1578,1730,1833,1795,1837,827,289,1465,1910,1589,1523,258,1954,1570,21
1479,1912,1659,1006,1173,1560,1564,596,81,1866,699,212,1852,1392,1295,1680,1938,744,1666
253,1214,826,211,1633,329,1712,1577,533,259,705,768,1564,26,198,856,1700,1903,1319
1860,1729,1487,1507,1682,166,80,1699,83,1565,1816,886,1589,1769,1642,1897,218,1810,1654
1855,239,130,1818,82,1180,1535,1576,314,870,1511,1854,323,1540,1963,1779,273,1595,1753
1498,1381,1776,166,1759,1955,1740,1496,264,228,1747,1756,214,1553,1573,1517,1837,1587,1615
1837,89,1736,117,434,1699,1517,1493,142,1481,1606,1639,1562,1355,1951,1510,210,1551,158
1980,1502,1651,1712,190,286,1810,105,298,1389,1803,328,1520,1823,267,1352,1846,1761,146
1742,517,145,1749,1199,1519,1822,1593,1690,262,1485,131,1088,1119,1548,1505,1558,864,195
1536,1608,1691,1379,1178,1610,231,1771,230,1364,745,474,1555,1630,1811,1627,83,327,363
1188,1599,99,301,1658,1540,122,1777,1551,633,318,1567,216,812,1386,27,1815,170,1588
189,839,1481,1972,1776,957,691,1833,1682,637,1526,1610,1591,1633,1617,103,200,1681,243
1779,969,1703,1072,580,107,1512,186,282,1600,1680,1976,94,291,1483,1654,76,1698,1702
1603,133,1610,392,1658,1690,1944,1777,73,994,1149,1591,1844,1706,1695,1854,1909,311,849
1477,1656,1655,1757,1954,1585,1692,1815,1485,1493,320,1524,246,1497,1494,706,774,529,220
1496,228,1773,1680,1716,1700,1718,158,1098,1570,1606,1666,1728,1571,867,1856,1906,1752,1760
707,68,486,1511,1777,1854,1607,1708,1832,1391,1722,1438,276,1830,235,340,251,194,1691
1590,943,1541,889,1480,278,1575,1496,1545,1756,101,1693,1812,1913,1495,107,1822,1661,1554
651,1715,91,1804,1814,1691,1742,1578,1741,1576,1652,1840,1746,983,515,1491,1603,1838,1712
1709,878,90,1172,1862,1538,566,1701,1792,1475,245,1590,211,1785,1814,1706,1844,1381,1731
1695,155,1873,1162,1797,1076,329,237,1576,275,1846,1765,1848,792,1817,1610,1815,1853,623
1757,1666,1493,1789,1631,1497,1352,289,1678,211,1798,259,1852,114,1746,1189,1841,1063,177
1955,1516,195,1672,932,88,1751,1096,1741,1215,151,1766,288,1791,1958,1384,703,783,1005
143,315,1703,1699,1791,1701,705,1746,160,150,1591,1192,1856,1794,1862,1375,1655,415,1662
1667,1647,1819,1615,101,296,1671,1677,216,1524,138,574,294,59,1721,361,1724,1393,1952
253,1560,1501,1643,255,705,190,1796,1118,1613,1688,9,1907,1851,309,184,1752,1727,138
243,1065,1827,1111,1908,1769,1688,1564,1380,111,171,1799,1561,836,163,961,1766,203,704
209,1378,1300,15,21,1844,305,169,1649,1651,700,1749,1499,1798,1907,170,1776,35,1911
273,1959,1653,98,1836,1947,1618,1758,1411,312,1769,1808,1351,232,1589,42,1490,1540,1620
42,1656,774,61,1101,1828,1763,1810,1705,1741,1671,196,1718,876,1568,205,1389,1725,1834
1526,74,231,1703,1651,1951,1207,1584,1959,1683,1583,1779,1113,1639,100,225,1611,1721,215
1968,1268,1585,1760,1318,1816,1582,600,1849,1651,1717,129,98,1626,1783,1586,324,1811,780
1891,672,1376,247,990,1685,1526,1856,1162,436,61,1537,1517,1661,1595,1505,275,1900,1965
1685,1581,438,1620,1607,471,1833,271,304,305,291,1771,111,292,1528,1721,168,96,1820
1840,1537,122,1945,1818,1759,1541,1564,1745,1382,1629,1534,1955,1276,1610,285,1761,134,476
1813,1840,1817,1603,225,192,1613,1587,1499,1698,1754,303,1858,1571,1952,254,87,171,1712
1086,1821,1740,240,1692,1748,1859,790,250,1645,1522,1633,1531,577,1404,1625,202,1804,121
1845,269,1823,1499,1758,454,1563,1392,1838,254,483,1837,1906,1662,1638,1386,197,1884,1679
1501,1963,1485,1577,912,1780,40,1954,1495,1714,1840,891,1905,1743,1817,95,1754,1942,1164
258,186,1552,1727,1542,219,1790,1528,1557,1738,1482,277,1640,1946,1620,1820,1807,1744,229
493,1715,1777,324,1579,132,1609,171,997,1620,1475,1568,1835,1708,309,1632,1816,1922,1501
1393,174,1502,1518,1794,313,572,747,1613,1509,225,1791,1548,1901,1768,1109,699,268,497
1809,1784,1633,739,1814,38,132,1157,1540,1705,1908,311,1601,208,250,1753,1680,1821,1672
290,1469,16,1834,1774,1765,1027,1910,215,1562,1703,522,1534,1537,1679,1707,514,231,1517
1073,1625,1537,1515,1917,1736,1571,130,1502,1476,580,1850,1825,1828,1795,1542,1742,306,1589
1816,1791,1070,1558,741,1857,786,249,830,121,780,1525,97,1725,1579,1571,1644,1718,1507
285,1817,303,682,836,1514,142,474,1841,1536,1434,135,1022,315,1586,1973,1548,1508,1575
258,489,1745,1558,1694,645,1728,1907,1646,1891,1667,1072,1640,463,1536,91,1573,1673,1533
1911,1597,1834,672,1485,1752,309,34,871,1853,1560,1856,391,1575,1687,212,154,566,300
153,806,1508,1528,1485,1671,1592,1486,670,1406,306,1764,1527,1846,687,231,1505,1489,1517
229,143,1814,68,1585,1743,1753,1579,1516,84,432,406,104,146,247,1817,230,1383,846
1549,1907,1683,1537,178,1481,1820,196,250,1532,1533,143,1771,1642,170,239,1634,249,600
260,1644,1915,258,1684,1817,173,1578,1839,1893,1515,1070,1501,1631,1483,1305,1812,1209,1648
1849,162,1831,1699,1528,1394,1793,429,254,705,1728,1639,1657,64,115,277,1687,197,1912
1520,619,782,1528,1386,1826,1867,1570,1865,1677,176,1823,1747,1752,1546,1964,289,1588,1646
1765,705,1597,324,286,1645,1908,1559,1022,261,1807,1717,1615,1630,848,1794,241,1586,1486
1939,1538,1585,1844,1480,1511,1860,1577,1669,280,258,1524,1761,1252,1749,1901,1712,1703,271
291,1811,932,1475,1548,1447,179,583,1499,1051,1851,260,1775,276,1574,1942,1845,1708,304
1734,1765,319,1696,36,1771,1812,1529,1646,1572,1481,1149,1768,1674,56,1491,1390,1832,1704
1659,1005,1651,1374,101,82,977,44,241,323,1953,1550,1479,252,1505,804,1796,285,865
1327,1597,136,1731,824,1549,99,1716,1588,1813,1696,1827,121,1136,189,1661,1645,1786,1530
1806,53,1736,146,1834,1655,1708,1807,1617,1687,1591,619,789,1564,1839,1857,297,1705,700
1630,549,1926,569,1067,1335,101,1693,1606,1239,605,1961,1712,1553,1753,1382,1089,1287,1668
1394,122,1831,1714,1721,1772,988,1710,1654,552,1891,224,1548,1728,1519,1069,1797,800,1564
375,1801,391,1102,1669,1847,1291,1887,1640,285,879,1597,1571,1615,1509,741,943,1153,476
1517,1755,1698,1627,1555,1846,1892,282,1530,1733,275,1969,221,1581,1968,1585,1598,1975,1695
1253,1832,1585,1758,1830,107,316,1563,1616,1527,1686,1719,258,1491,285,1356,1496,1827,1158
191,1960,1603,1512,1533,1556,1860,1750,1913,1821,1540,1849,654,1630,114,1504,1486,17,1555
315,1537,1378,175,1783,1542,26,1850,1498,1832,1831,1564,1668,139,1906,1135,609,1478,1533
1756,527,1588,1682,1558,1830,1656,675,1696,1546,1529,1736,1655,1702,1735,125,1942,450,216
1710,1682,1577,276,1560,1948,138,1587,1482,1893,125,1503,1899,1385,1608,220,761,1765,1515
1373,1649,703,1707,1549,85,1741,1702,784,1955,132,1564,1732,857,1570,311,1619,1568,1605
118,45,1684,1640,1529,472,1551,1604,1641,921,1560,1247,1786,1508,1729,1209,89,1533,1584
1764,1874,1679,1653,720,1383,372,28,1619,1592,260,1314,449,1930,1821,1623,1269,1535,1289
1836,1719,244,1917,1558,1698,1636,1922,1720,1617,1502,211,1550,1830,1661,1804,1850,1745,1774
113,1121,271,1023,208,1781,1757,952,1685,151,317,244,1857,902,1502,1534,1637,1738,191
1723,1741,1836,1695,1626,1804,1748,505,1661,932,1380,731,215,1660,1744,1485,1710,862,1374
1109,1907,1780,1503,1677,626,978,1663,1559,933,1729,1832,1489,1624,1605,1818,221,1814,1681
1958,1561,99,1649,1331,1394,44,1774,26,1738,260,1742,775,319,1522,223,213,1894,1432
1718,1793,1448,270,1774,1617,1590,1177,955,998,1705,1484,717,1710,150,1704,1599,271,1697
629,1852,1840,1801,1736,1986,131,1578,1517,1509,268,1844,1318,1826,1396,1647,1539,1581,816
110,1394,1565,1053,1690,1707,1754,1853,1724,1929,1912,1664,1617,1845,1621,1410,763,1478,136
1631,298,214,1748,256,1787,1916,1532,1599,1740,1380,1667,1548,589,868,1640,1760,1709,1753
1942,1667,1495,1676,1631,1792,169,1679,1975,1610,904,1668,1906,325,824,1498,1838,946,1691
1592,1676,1752,229,1834,153,1633,233,1726,1521,1024,1365,263,1621,1533,1774,1381,1799,1386
610,1100,1766,1758,1843,1588,490,1600,1517,80,315,1547,1099,1809,1001,1779,1741,1475,1499
1650,1338,1596,1315,1942,1725,1911,1484,1605,1514,1515,1539,287,1668,276,316,1064,1962,1952
1699,296,1754,1663,326,301,1745,978,134,783,1749,1825,1549,1824,74,1599,1558,1841,1736
65,1974,1576,637,1782,1264,1552,1554,1677,180,227,1610,1592,1570,1822,968,1548,1754,584
1602,286,1315,1275,1684,1614,1827,633,1745,1565,795,1549,1540,1571,1908,1840,407,82,1618
1618,1766,1753,1771,1530,1375,1073,252,1541,1643,84,1761,1802,1529,1491,512,477,1674,1206
320,138,1853,131,1956,288,1702,1530,1365,1734,1754,1484,1693,1723,1573,113,1630,736,224
1695,326,862,1576,897,1517,158,1957,1724,1712,1705,1840,1700,1494,1598,1069,1482,123,294
1413,578,308,616,1498,1344,200,1801,1515,1724,1836,219,1683,1772,1604,931,142,1778,248
291,1659,421,1533,281,1532,270,196,1531,1507,1820,1815,1663,1626,1664,1826,1835,804,885
909,126,1538,1803,700,1562,203,1604,1731,853,1816,1540,1746,1786,117,1738,1512,1684,1673
1758,1378,1775,1883,139,1510,158,1507,1725,1069,1562,84,1684,1201,74,211,1764,1829,237
358,1633,1687,1507,783,415,1642,1822,1855,1586,1675,1635,1484,255,1814,1485,1493,1783,1692
313,830,1543,1603,1556,1855,358,1821,161,1684,1600,279,292,150,1507,504,938,1387,51
232,1392,230,1625,1747,197,1705,417,1760,1721,106,1781,1545,1647,1813,1782,1394,980,1794
1767,518,1777,162,210,1823,1931,1678,276,1497,1728,1774,1591,536,1579,218,1896,569,1833
1520,856,272,480,1073,1667,646,118,1197,1587,1813,1528,1597,1089,1535,22,1595,1497,1825
396,1664,1703,1709,414,206,1671,1761,1793,626,669,1112,1553,1234,840,1762,1803,167,254
1613,874,1602,1700,1491,1696,231,1652,1592,1498,1599,210,1854,1604,480,1717,1598,1856,1655
1572,212,1827,1728,1711,232,1856,42,505,1177,767,1517,373,1759,1675,1616,1522,1621,1933
1688,1488,1692,1784,1551,119,1570,1498,1730,595,1705,1508,163,1650,1805,1717,1672,16,1722
1503,1696,1638,211,252,1849,1482,1844,1647,1477,1597,1621,638,1614,1847,1310,1750,1680,1522
299,347,758,1371,1523,1337,120,1614,259,1621,137,1483,1493,1485,1796,1133,1487,228,1805
123,423,1601,1499,1729,1821,45,1724,787,317,1574,426,171,179,1812,439,130,315,1768
290,1750,52,1718,1911,450,1738,151,1241,1688,1494,1585,649,169,128,1835,1786,251,1691
109,1801,1202,1669,1754,1720,211,1475,1385,1637,274,1894,1910,1629,114,1649,1807,1656,1733
1393,1493,1104,1908,1733,1561,1586,1428,1856,1254,186,1689,1664,296,1301,1693,754,1578,225
1619,1481,1811,1652,1651,807,1501,1558,1297,1877,1881,1565,80,1116,878,1977,1770,799,1912
1533,19,1746,895,212,566,1281,313,1551,1740,633,1505,1638,321,1785,121,1607,1201,1690
1657,138,229,1908,1696,1753,1649,1609,1782,1675,201,601,195,249,1497,1673,1507,1596,1068
1062,1648,1597,1022,1369,735,1816,1662,1197,1634,1620,1722,1551,1070,1530,1580,1619,1661,1177
1546,1475,1503,1209,1737,1650,1619,1566,1787,104,1361,1492,1500,1975,1608,1547,1491,1768,654
1691,1710,996,1749,241,1677,983,1527,631,117,1169,1807,1729,556,1650,1609,1960,1197,1742
889,1812,1573,862,1616,640,1584,153,274,1805,622,1362,132,249,1502,1707,1637,202,1745
1408,490,1951,1823,1822,1857,1687,1834,1894,1843,1696,1737,157,1476,153,1625,1732,1900,71
1673,1394,1555,1676,1480,1856,1004,324,1597,1488,1643,633,1699,866,1562,1258,1069,1566,273
1512,1709,1819,1686,400,555,1549,1736,178,131,1618,1775,1630,1674,208,1639,221,181,210
1700,1819,1753,1539,1707,1739,1626,1897,1725,968,1568,1810,1751,1031,1478,1532,1837,886,1774
1948,1761,1819,1600,268,1827,1532,1720,1739,1523,1652,265,1815,1712,1566,92,1561,242,1734
1541,1843,162,320,212,1718,26,1563,1539,1630,1681,1812,1781,704,222,43,1550,1712,326
239,1519,1567,1758,1802,1854,306,280,1719,1755,320,149,1392,129,1526,1310,1695,1611,95
1612,987,1532,1637,1610,1814,1555,1636,620,784,561,1912,1134,1711,1630,1750,270,1742,1581
1722,984,237,1852,1696,230,1566,1739,1531,1720,1652,1379,882,498,154,1593,115,423,318
577,270,1785,1554,1671,1542,1578,1817,320,1255,255,1365,1795,273,1492,1792,1830,1749,1758
99,1574,1727,1573,1722,1585,1520,1503,1755,506,1753,1761,1738,240,1632,229,1832,1911,473
1911,1909,1651,1782,1835,1842,1497,186,1488,1851,1644,1768,1518,1653,1730,1718,1804,1825,1215
1795,1321,1257,1692,1735,1861,1747,1583,1377,929,1748,244,49,259,1585,1212,151,886,1603
1741,1548,1851,1532,1689,1596,1826,1616,239,210,1800,1182,450,1902,1674,1663,1686,121,788
323,174,1819,115,1483,1557,1477,1218,1847,1741,168,1247,1622,1730,1845,318,1561,933,1606
1701,1840,1766,1491,1648,1781,310,1897,1714,248,1509,1956,1699,175,780,1262,1684,329,1853
445,1800,1543,1531,1701,413,1716,1621,1738,1817,1600,1547,1657,221,592,1587,1614,898,791
1717,1905,1014,1614,882,1778,1764,1639,672,1731,195,925,1487,1830,230,187,1710,1957,1475
1687,736,108,737,1021,154,1645,1569,963,1685,274,1503,1790,1873,235,127,1613,1819,1844
1709,1846,117,1478,1500,873,1809,482,1204,1632,1304,86,1706,260,1782,166,1508,1842,1058
199,1853,1943,752,1623,148,122,147,1514,1736,67,1328,247,101,1839,239,31,1770,1792
1641,196,122,801,1562,1798,1517,1475,1815,239,1334,1574,698,1765,325,1386,1707,641,1495
231,1759,1715,1386,94,1574,1537,1528,1494,1614,1396,1477,120,304,1579,1790,1849,1785,1857
279,1688,1558,1475,1756,1599,864,1670,1508,1845,1815,1498,803,1839,137,1714,1514,1743,1265
1831,1563,1308,1184,1581,160,1493,1806,1555,1820,1178,1497,285,1478,564,1609,1553,429,1795
1558,1365,1797,181,1746,1683,1784,1728,1847,1539,1789,1674,86,1676,320,314,1630,1650,1346
1395,1705,1482,234,1190,1544,255,173,1827,84,1628,1790,664,1806,1109,1698,92,1644,263
1162,14,1696,265,1949,1834,1574,1907,277,1643,70,1542,1608,1719,1324,898,1010,1733,292
283,274,1511,1821,294,1648,309,1489,128,1848,1729,1800,1627,196,1307,1656,1626,1711,1513
1109,119,1209,277,914,1910,374,154,1670,1518,1558,1642,1891,1657,1978,1538,1761,1744,1628
1826,1514,1523,1675,1559,1493,1602,1683,1521,1681,1841,28,1553,1847,1776,1838,84,594,1979
1568,1797,1698,1572,155,83,59,871,1841,945,1398,1764,203,123,1897,127,1328,1829,259
1859,1840,137,115,1718,620,440,1558,1641,1618,1615,1593,219,1124,1797,260,1699,1395,1649
90,1579,110,306,195,1698,1751,1715,374,1532,1709,1555,1505,1707,1566,1817,1845,256,1910
1395,587,1535,239,167,1728,1583,1509,1109,1836,1954,1218,1812,790,1378,128,1639,278,880
89,1370,1844,1436,1796,1808,1640,1929,1466,1584,321,304,1601,779,1852,1704,1826,105,1836
1314,303,1061,255,1707,1607,1070,1478,1818,1777,1832,1572,1845,1948,1625,1064,1551,1735,1233
1271,1050,1503,1831,1575,150,1481,708,1713,115,725,738,1736,859,103,1682,1652,1525,1567
1707,1575,115,1690,1638,202,1675,1513,1700,1794,995,1572,1760,1023,1578,1648,1519,1772,1724
1723,1678,1649,1530,1835,1016,189,1965,1755,1742,1790,156,848,1624,435,278,1769,1599,1843
180,1857,1794,789,140,1563,284,1977,1573,250,1552,1762,1491,141,1589,300,1739,1389,1089
106,1839,34,520,1527,1774,1612,124,1580,1727,1497,1599,1692,241,1010,1543,267,1795,1758
1800,1855,1503,324,1496,1522,1945,1555,975,1598,1672,239,943,182,1716,29,1626,308,1190
1940,1896,1765,1675,792,308,29,1574,1526,1819,854,147,1850,1515,1520,1373,900,1602,1642
242,1750,169,1838,1479,1711,251,705,113,469,1665,554,1823,1951,660,1783,1672,793,1547
1814,1846,183,1282,169,1565,1736,862,1567,271,1318,1070,1633,866,1821,1354,1855,1485,1801
585,1521,69,1614,1590,1179,1673,1703,1775,1283,722,1809,1713,1448,220,1905,1584,93,1752
1657,497,1706,174,1084,1645,1646,83,24,272,261,1514,1560,1727,1744,1619,10,129,1915
101,1682,520,1839,99,1855,138,1757,844,892,1960,1589,1588,1728,1826,1837,1579,1841,1537
134,1705,290,1736,838,88,208,296,1551,1820,727,1834,114,1499,1475,515,1567,1540,1696
262,1690,1778,1770,1779,1513,314,295,1658,1737,1592,1945,120,537,1380,1765,160,322,1385
1566,1647,1839,1610,12,1522,86,1683,234,1694,704,1648,115,1811,317,718,1524,1498,375
480,433,1202,1684,444,1380,1969,1912,288,1800,1584,175,1603,1849,296,1776,259,228,1855
1663,1126,1743,276,280,313,1777,137,1478,664,1536,748,1753,1913,1365,1841,1627,441,1528
1529,156,1069,1565,1766,1482,181,1738,931,1912,1366,842,1618,497,1333,185,1649,295,1742
336,67,1707,1499,50,1513,78,1396,867,1521,1524,1648,1779,1910,180,1441,1852,1567,1661
1552,1163,1674,1612,1491,1546,267,1365,1626,1759,1701,1789,1506,1728,572,1673,1760,1383,278
1478,1771,168,383,875,1834,1635,1158,518,1698,469,652,1517,303,1507,1806,1255,1700,1871
587,1561,222,1124,1835,1519,316,520,1660,399,72,153,1852,1566,1795,1633,1856,82,1160
1541,9,738,326,1736,283,1821,1822,176,1392,867,1098,117,37,1831,1550,1644,293,1806
1481,1496,1760,1696,1523,1711,1661,1698,1940,1501,72,1727,1680,1584,307,1685,1805,785,1747
1951,1733,1902,224,1687,1683,112,307,1260,710,1600,1735,1525,213,292,1500,1764,1538,548
1481,1670,1211,547,1615,75,1779,1757,627,186,1555,1708,1832,187,1835,1538,1525,1750,297
1660,1682,945,645,152,1776,128,1788,1824,1808,174,1837,1829,641,1673,1616,1650,1744,1366
814,1618,1681,1342,1680,1970,1747,272,247,1984,103,185,1516,635,150,1812,1846,1605,1697
1712,1773,510,1512,231,1684,360,1744,1717,1581,1721,1510,1034,1379,1534,1595,136,1661,192
1393,89,1521,1575,1767,1573,1654,225,671,1752,611,1977,1353,1532,1799,866,137,1780,1724
1521,1796,941,242,1647,325,238,1512,140,1574,717,1805,1690,1804,1619,1038,1479,1869,1806
1758,1518,1591,195,446,1374,285,1754,1629,242,1728,1578,1702,49,1791,1794,1670,1055,1009
91,1513,626,1594,846,1370,1538,1848,1644,1638,1721,124,1677,1577,1540,1662,1691,1835,1551
226,1253,1793,1162,1629,1728,223,1320,1083,1898,1791,793,1708,1907,1971,490,1565,1743,1478
1687,1726,1616,1769,1822,1665,1930,169,1761,1852,125,1731,165,747,1778,194,235,217,249
405,1279,1576,1546,1725,1574,1783,1922,1978,1676,1682,1534,1482,1855,1714,1524,1797,720,674
995,1725,1726,1705,175,1805,1851,1857,1727,1813,1648,1481,1684,121,1246,1806,1690,1486,1182
1373,1789,1522,290,1595,1698,1340,1376,1597,90,106,1604,1651,52,1790,1585,1840,128,285
1552,786,1854,230,1659,1837,367,91,773,1616,807,196,348,1775,103,152,872,77,1368
279,194,1791,1742,1610,1792,1050,1625,640,1619,1496,1627,238,94,724,146,259,1880,1507
1356,210,1796,334,102,1525,1545,1954,274,1669,1673,969,204,799,1578,1352,256,1487,1219
1609,1794,1928,1579,434,1592,555,1507,1574,1841,1659,1726,1762,1495,1480,1618,1748,225,824
103,1100,1269,117,924,302,1623,1525,676,1850,1683,243,1896,1736,261,1514,1823,1756,1521
1368,471,1590,1952,1850,558,148,1744,461,1740,1844,150,1812,1671,875,265,1692,1578,1693
1565,1620,794,82,1764,1746,733,1153,1682,17,1028,1733,144,1644,1607,243,291,277,1494
1486,1593,1754,1700,623,1786,1955,1800,1834,1674,1972,1521,1488,149,1906,1028,460,322,239
314,1775,1484,1765,1669,1688,1344,1855,1849,1781,1417,791,1755,276,251,1823,1686,1674,176
221,1569,1578,1521,1594,1587,248,1634,1787,1849,1608,1715,1946,1546,1609,1830,1832,1913,1683
1750,300,1792,201,183,158,1738,701,1643,273,1152,1853,807,272,1641,1919,1832,169,1666
961,1849,1951,1810,1894,657,1723,1258,1757,187,100,270,1641,1657,1577,1815,1630,1557,399
1648,1637,1032,1602,1630,990,554,1253,1707,1723,1760,1584,302,12,1567,1754,846,1845,1564
1778,1562,161,1551,572,1512,1638,160,1588,1795,1737,1685,304,1382,311,1848,349,169,1591
1690,1838,1535,161,454,717,1742,206,1937,1578,1513,1574,1304,1639,1596,1175,1296,248,280
325,267,1446,1821,561,1488,265,1438,1630,91,166,154,245,294,1689,1843,1686,301,1720
1906,53,234,1749,1529,11,1818,1739,1475,1592,1090,1755,1807,328,1273,1536,1602,1793,872
1723,78,1744,640,1529,209,106,1548,311,1837,555,1627,1959,1769,1500,191,1743,1557,1483
1794,1662,82,1554,1811,1909,1736,643,1525,1608,1905,1603,1448,214,1733,1721,1645,142,304
1474,140,232,1643,103,186,1758,1910,107,257,1959,1692,1378,1824,1585,1636,942,1916,1615
1682,1493,1674,1583,826,1824,1819,1383,1508,1922,1974,1085,1663,1744,986,531,1732,784,1837
1823,226,1550,1829,59,1532,1151,1660,997,1541,1521,1185,622,1695,1499,336,1820,1576,1564
1702,1849,1537,98,1837,1708,1534,362,1379,1768,284,1818,287,1844,1649,893,190,1630,1549
1483,1699,98,1818,798,1486,620,1812,1640,1659,1717,1715,1827,1671,1728,1842,1372,87,1074
1484,1373,1391,1677,1910,161,1492,214,311,1756,1535,12,80,1832,1244,1841,1764,1702,1634
1756,1812,586,232,1777,269,1750,47,1637,136,1831,57,123,1374,278,129,244,1658,198
1511,1802,1788,1112,272,1750,1707,1856,853,1787,537,1837,1367,663,47,1013,827,1595,1597
1845,1828,1602,1219,1619,1739,281,1947,1756,1905,1032,1566,1551,164,1805,1679,1721,1793,1770
1836,1638,1615,1579,1524,158,132,1576,94,1538,86,687,1493,39,85,1508,209,110,1874
1579,1515,1708,1599,1549,996,1743,1307,220,1783,1755,1394,1546,1794,321,1843,130,1540,1141
1826,1812,211,1767,1500,147,1813,1846,1853,1804,1608,1770,1703,121,44,1268,81,772,1071
1590,1675,1561,1535,1513,1027,349,1837,270,1765,118,865,1503,311,1584,1736,790,1481,1717
1641,1525,1826,1843,1646,1636,1680,1639,54,180,303,88,1855,1724,1568,1532,562,1822,1387
104,1332,1184,1715,534,737,1815,165,1757,1850,546,895,1113,1912,1814,1781,1842,1491,1498
942,328,136,699,1645,1810,121,1775,208,860,152,1640,211,1394,626,1571,1820,163,239
305,183,771,1628,1538,1822,1668,993,1519,1508,1562,342,1486,1780,1849,1259,1590,1543,1097
1631,1593,1833,1712,146,370,1576,1656,204,1813,1760,1859,1718,608,1483,1814,1739,1646,1336
1795,1762,282,1816,1780,1174,1628,1693,1502,1395,1809,1979,95,1698,1690,131,180,615,1754
1621,1641,1506,1887,1847,1387,1722,28,1744,1684,1543,1587,1711,1536,1853,289,52,1982,1808
1362,97,301,410,1922,930,790,1685,1754,1684,1849,1048,1017,1710,131,98,1519,278,894
1489,1724,1653,1841,224,1823,1722,1810,632,1523,1641,1529,1676,136,1582,356,329,1597,1788
320,1586,201,1634,1642,1851,1622,1745,1485,156,1614,1912,132,1875,764,1922,1736,218,1774
1771,1849,1822,1490,1486,88,1647,1770,85,239,1699,1597,26,102,1396,1860,1604,1561,1905
221,1255,258,372,1707,1689,1354,1562,1153,1725,1607,245,1573,1739,838,1682,318,1905,1816
847,1678,1845,1623,1708,1580,1908,1509,219,1294,1568,1685,1597,1639,850,1646,200,1795,567
1725,1147,104,1905,1119,1657,232,195,186,1512,1938,1849,1634,1789,308,1742,1633,339,1835
225,1640,1544,1557,1704,231,1843,1113,1386,131,1482,871,1535,1738,1547,1601,1374,1724,1811
405,1494,1479,1527,1492,1910,1553,313,1514,233,1764,1599,1740,1569,1660,1827,1143,669,1654
1538,1491,1831,1852,1611,1703,213,690,172,1744,1517,1796,1951,139,1076,1648,269,1797,1488
1391,252,1734,292,1486,1644,1718,220,1116,235,318,878,1383,1699,1803,1701,1674,1580,1203
1704,1735,1559,1488,1871,1269,1782,1913,1680,247,1544,1775,116,1655,1546,987,303,80,950
1554,225,195,226,1740,1825,205,1733,1556,255,167,1495,710,108,1253,284,1812,235,1258
1721,318,1527,1602,1799,1223,1493,1798,1695,1571,1515,1555,67,1835,1705,1908,241,1892,1135
1073,171,1630,1574,1758,1043,1710,280,1793,1790,1847,744,1590,229,91,125,1613,129,193
205,1804,1729,1682,1609,1953,1498,1676,587,1596,91,1707,294,1601,1545,1383,1674,217,308
88,1930,1499,1807,613,1923,1834,1501,248,1373,1488,1505,142,1361,1929,1556,1628,1731,1599
1105,1504,1673,1329,1832,1690,1376,1815,1262,27,1600,1705,1845,115,1840,678,1517,1762,1544
109,302,1476,1713,1483,637,1614,1605,756,1556,1824,1729,328,1727,1491,1775,1746,387,171
213,177,1849,1960,866,1486,148,1754,1814,167,1596,1862,1718,1846,1228,1782,145,446,1704
188,1566,214,82,1225,1910,1783,1547,1621,1446,1699,1678,1389,1772,1378,1850,1857,216,1020
1633,273,1530,1671,1555,1758,1639,1833,1019,1488,1963,1638,701,1718,1527,1688,1717,1050,235
1247,1671,1817,1768,279,1702,1647,201,1484,1779,166,1822,1496,1654,1897,247,1525,1583,1851
1832,1719,165,12,1623,208,1588,1336,1136,717,1170,930,1778,1714,1756,984,1762,120,1585
1822,640,1840,1689,1514,1823,220,1770,285,1088,1673,219,1609,1800,274,1905,1674,237,1340
1504,1720,226,797,969,206,1841,1105,1298,80,1755,1395,140,1909,1553,224,1135,101,1846
781,1822,1754,190,1620,1586,1829,207,1070,1974,1602,75,838,1669,1677,1672,293,1529,1767
807,1692,1771,1796,1573,1643,1801,135,1731,1485,279,1507,1931,1591,675,1913,1707,222,1838
268,59,145,1656,34,1821,1217,1370,849,153,1528,157,1683,345,1623,16,1770,348,409
1559,1709,236,1756,1769,1641,320,1772,1390,1511,982,649,329,233,1560,223,1682,1815,571
376,1610,1852,1711,1959,1499,1954,1714,194,195,318,1013,399,1705,1778,1146,529,1765,890
112,1488,1687,1557,1814,291,1801,1621,1909,830,577,1256,616,1481,1330,1106,1731,761,1811
1053,1701,1612,505,1650,607,1568,240,138,1838,1736,1507,1787,1698,1789,474,1851,195,1105
371,1650,187,1693,507,1539,1670,1499,1789,1804,1671,1045,128,1192,196,698,1704,1059,42
610,1739,1777,1798,1732,90,1028,1746,1874,1857,1604,1922,1741,258,1649,796,1736,1289,291
1490,1531,1630,130,1762,400,1366,116,1488,1639,1750,1559,1676,421,1677,1956,1589,527,1514
1549,668,878,1687,792,1388,1811,1857,1255,1572,166,1511,1651,48,472,1476,1894,1533,840
1478,1384,1909,1656,1566,1641,299,1483,1969,334,1558,1756,1717,1605,151,1487,173,1477,1679
1579,810,137,1379,159,1079,1607,1793,502,1759,114,1511,1688,1113,559,1819,1804,1911,1749
800,190,1647,1652,1714,511,1527,1119,1829,1394,1546,1627,1846,109,1796,1685,138,1728,1611
1378,1699,1826,325,1495,1588,1675,1565,1499,1546,1908,1694,1674,1646,400,1490,1738,1695,1785
125,150,1317,288,311,118,1828,1844,135,737,1769,1518,1513,1005,1596,1809,1662,1505,1839
1616,197,877,1524,1516,1586,1697,1599,1548,1716,1773,526,1660,1149,882,1723,1545,1534,1568
1411,1512,308,1504,1908,498,82,1786,1798,504,1371,1672,1657,246,1766,1005,1779,1852,1122
1739,235,1154,1776,1812,968,285,1556,929,1654,1713,1789,1560,166,392,1638,193,1568,1748
1665,1725,1525,1926,1586,1615,1580,1811,1673,1617,203,1602,1008,228,1096,189,435,99,1717
1759,1767,1642,1690,1499,1808,310,102,255,1478,308,245,1818,1617,1552,1717,1222,1443,1892
1565,382,305,1191,1634,1832,262,67,1760,795,1383,1528,1970,211,1171,1771,532,1482,1604
1530,88,467,1431,1656,1676,1440,1569,278,1702,1640,1518,186,1918,1619,205,1624,1034,1753
1793,1675,1721,1753,237,1585,1714,1773,1478,1895,1658,54,1868,1767,284,1222,1750,113,1578
1647,1653,1671,111,1283,1642,274,1633,1641,1119,85,82,892,532,180,296,39,1756,1706
1253,1484,258,1339,1919,116,1514,678,1600,1561,287,242,705,1559,1650,1837,1508,1801,518
880,1159,1794,1827,103,1829,595,1787,1492,217,1097,40,1719,997,717,1791,1851,1815,1564
1790,510,1671,59,945,924,822,462,1078,40,165,1657,1666,1690,1813,974,1548,1890,1724
1740,26,1764,129,1777,1664,1750,491,1848,1823,1550,1812,1723,714,1583,1809,1921,1553,525
1233,1536,1552,1365,1685,1958,1564,1288,1795,762,1701,1549,1627,1622,1658,1508,223,1765,1309
178,1484,1822,101,1724,1277,1736,1634,1115,1833,1795,153,1259,14,1850,1979,1973,1581,1679
1959,1629,87,1668,181,1577,242,1762,342,1801,1938,407,1476,1851,1697,1702,1543,117,1794
313,1942,1509,312,108,1576,1573,1551,1905,1047,1746,1539,678,1626,158,1119,1726,1563,1567
1382,1766,1798,1516,1557,1558,1762,638,94,123,1512,269,1690,83,1622,1748,1477,1637,1511
313,41,1553,1601,142,1756,1587,1540,1692,279,1738,1754,286,1683,1830,1821,140,163,1598
125,1579,199,1157,1905,1823,1737,1987,98,1592,1691,1103,311,658,1697,1516,1640,1792,1036
1675,1781,1824,252,1882,1849,1478,65,1667,271,1612,1652,1871,1655,642,1601,1597,1780,1591
1678,857,197,1562,1743,665,275,1601,1536,1954,169,1662,1342,1563,1599,1729,80,1761,1593
1735,1853,313,1559,213,1581,237,252,1823,1732,1647,1004,1485,190,1101,1773,256,479,1812
73,112,274,263,296,1642,1810,324,1538,1640,1646,800,48,1659,794,66,1967,1657,202
168,698,1543,1762,1554,1479,968,1044,1962,1559,1548,1802,216,573,1801,1627,33,1687,1509
142,93,235,196,1690,1775,1650,1897,135,471,1762,1678,1642,1682,1736,1571,1578,1835,1818
1519,321,213,1524,1409,1975,1831,1895,766,1834,1478,322,1910,1262,626,1637,1558,1692,1488
1707,1778,301,933,265,1536,1493,1384,130,1537,124,1488,159,1962,125,1840,260,1919,1853
1645,226,243,1853,1259,1098,1516,1798,1791,1971,1922,247,1697,1788,1653,1800,1740,1747,1620
1754,1956,1533,1620,1602,1636,1286,1735,221,1546,1023,263,270,1804,279,649,1739,790,1503
1380,1494,1799,1560,197,206,1610,296,221,990,1809,1682,1570,1395,1948,99,294,996,1773
1643,1751,1560,1797,172,247,1521,1841,1520,1637,1738,189,322,1535,1633,1763,1623,1786,313
1793,1831,1524,1688,1626,1561,1774,1833,1770,1538,117,1825,1801,1628,1971,1509,75,1526,284
1565,1615,114,13,1111,282,1072,1622,1586,128,1752,1700,912,922,1734,116,66,1849,170
1827,1783,1529,247,1521,1508,1512,1886,1838,1776,1858,931,103,649,1250,1563,134,1782,1531
521,1863,1672,1705,1673,1677,102,150,1833,230,1606,1676,1786,202,1765,825,1754,1697,1909
542,1850,863,1636,1076,1653,163,1849,1502,1361,1252,1381,1703,611,296,1696,1480,1952,193
1593,126,1553,1572,1636,787,1508,1026,186,1723,1490,1604,683,1765,649,1958,1675,388,1590
1830,1819,814,310,1968,1814,1665,1673,1795,1765,1984,1909,1593,1708,1798,1680,1488,717,81
673,1334,81,80,1748,1674,816,1690,1590,1749,1773,1836,1367,1812,1838,1507,1834,1771,154
1822,1788,1750,178,1380,1793,1329,1733,1385,1602,1747,1824,512,1621,313,1241,1346,1849,222
319,490,253,1690,1728,1989,1737,243,1755,1912,1093,290,225,1683,322,1710,289,297,501
1487,1382,437,1533,1587,1632,118,1708,297,1847,1851,1805,1912,1011,1946,1913,657,1483,187
178,1595,1938,1685,1554,1727,1820,1475,1666,1694,1772,1834,1700,1682,560,1534,1657,1310,1729
28,62,1540,1567,1734,1624,1376,785,1558,1827,1764,1809,1500,107,606,205,257,7,693
1378,1909,1726,151,1544,1528,1510,196,1755,1856,1573,1694,942,1119,1791,16,88,1483,1687
1574,1908,1698,1495,234,1956,1780,1489,1789,908,1656,206,1597,1663,1773,1707,149,125,1750
1516,1697,158,1705,1493,1579,1392,1660,1709,1643,304,1617,1644,517,1887,1519,1614,1567,1488
1484,1246,1771,1198,619,1595,1388,1831,1818,1799,949,1555,111,1536,329,183,1620,130,1499
92,1726,1662,1775,1844,1527,1741,1490,1270,1326,253,1835,28,120,1647,1521,1654,1673,1542
244,1616,158,134,1782,329,689,230,1657,1725,1393,1769,157,1667,1672,94,1690,125,1619
197,1381,1707,39,1740,379,1857,1720,1959,1517,239,1958,158,1486,1772,1547,1507,1491,113
1757,1520,1936,242,1774,1947,1333,1600,659,1188,1700,1013,1376,137,1508,1875,1693,1366,1681
1720,1821,823,1899,1905,1522,551,1681,117,1469,1611,1728,77,1571,1965,1568,141,318,1609
1670,1787,1728,1685,1661,1715,1479,1491,1814,1521,190,1834,146,779,1776,633,799,148,1563
1808,1642,351,1856,1840,1584,1635,704,1579,783,1668,728,256,1672,1678,1971,288,1689,1564
1698,1838,219,1365,1747,1717,1223,1829,160,1258,1491,1913,1607,1562,1910,1516,1666,132,466
127,103,1769,1065,657,199,1757,484,259,968,1247,291,1673,237,1644,313,1504,81,1913
1817,1569,688,1766,1563,1974,1909,1833,681,1810,1211,140,1539,1736,1723,300,1960,627,591
1575,1783,617,1809,224,1584,1754,186,1513,206,130,1491,1616,1672,1638,1550,729,1774,1525
1510,1493,1513,725,1765,1578,1375,1914,1796,1072,1577,1519,1839,1723,1842,1742,1758,1938,317
1889,299,1654,1610,273,130,1693,1532,1851,1829,1924,910,85,142,83,1033,81,80,72
1847,179,1578,1659,1506,1249,308,1071,1498,1022,1839,1523,1608,1771,1180,753,1855,1682,1588
1682,1770,1834,1508,1557,301,1630,1308,235,1751,1737,1571,1080,1777,1180,1168,1058,1525,322
1586,245,1577,1609,137,447,120,293,1853,1637,1578,1475,1850,1656,1760,1764,1807,1571,979
1308,1892,1501,194,216,211,1860,1833,1705,1857,1352,1518,1838,1363,1785,1108,1848,83,1836
200,1548,1794,1560,1699,1784,1795,274,1554,312,1753,1821,1759,1754,1788,1887,176,1528,1657
1947,1706,1507,1666,1708,1966,182,1047,837,113,197,232,1525,1617,89,221,1591,1644,1793
1310,1942,1479,7,218,1748,1797,1554,1545,482,176,1827,80,678,719,1481,1686,217,1674
1488,1525,1767,999,297,793,1807,1539,1850,230,1740,1772,298,157,710,631,1808,1380,1715
658,1696,1534,1669,1838,1530,98,832,131,1905,610,943,1616,965,1951,1705,412,1829,1489
1559,1684,1801,1667,852,1244,1592,1379,1860,1718,1662,248,1699,218,1776,1585,1697,1847,519
665,1415,59,1798,1379,1781,1593,847,1360,1756,1913,198,1826,989,1478,317,74,1123,293
1618,1689,127,1507,1944,1702,124,304,1818,643,1643,1390,273,1388,827,1584,163,1664,1646
165,676,240,238,1848,1591,1658,988,1842,62,1524,575,1651,1625,885,1943,1767,533,372
1546,1709,1605,1958,1674,182,1746,1640,1740,1071,1904,1832,1732,1754,1088,1535,1378,1188,1476
1707,651,273,1585,1637,78,1467,335,1930,1582,807,1655,700,1476,221,84,1346,141,1144
1909,1782,1679,1674,270,1073,1853,641,998,1793,1262,212,1580,1970,1811,1550,1578,788,207
1738,1047,388,1892,1622,1665,814,1821,1771,1111,1478,728,1638,1653,1584,1846,186,1634,1587
1761,861,228,1701,1582,1646,1714,1487,1832,1798,1489,1780,1689,133,1318,240,1572,1744,1706
121,1940,1581,996,1757,1712,1730,1704,1829,1544,1608,1685,1652,1200,705,1844,1651,1541,1805
68,1500,1518,1803,1517,1475,157,1956,1664,1839,1816,945,286,1645,1655,1494,229,1637,1687
1540,1550,1180,1162,1348,100,1974,418,1525,259,1700,1849,1705,955,1806,28,1642,206,1482
1526,1581,1773,1488,1664,1510,1791,1856,1634,969,619,1798,1646,1872,1547,1660,1786,1957,1655
1908,309,1507,1819,1851,1796,112,496,1800,1802,1582,1723,1569,1776,1712,1658,174,1754,1503
371,1673,1879,1496,1856,1686,1927,1678,1755,1563,1600,1561,1573,186,657,1933,325,133,153
1777,288,1723,1907,1523,1632,1539,186,1965,213,1370,1711,1572,1494,1674,1911,1541,289,931
1609,1316,1623,1798,793,1490,1493,1750,1568,1912,1803,1574,1952,1806,1825,1635,1684,726,178
1489,1804,1563,1623,1854,1754,1905,1539,181,1629,1744,1596,187,1748,572,802,1774,810,124
331,1685,1619,1853,1591,1570,1839,1557,1119,1823,476,1773,1638,1220,1828,1909,1802,1648,1566
1525,1812,208,1535,1935,1637,1598,102,1591,1502,91,1392,1736,1650,241,1758,1374,1592,1094
1717,1346,1560,122,982,850,1476,1620,1963,1482,1922,1899,942,1050,1724,1765,1774,1614,1829
1613,1693,1845,1502,780,134,163,94,472,1621,1377,1818,1786,1070,836,112,1852,146,120
247,1513,1391,229,1589,1597,166,293,1612,1541,1655,374,1823,316,1764,1547,448,1712,209
1688,233,568,1610,183,224,1906,1486,1446,1385,1272,1609,326,1482,1763,1845,1712,121,1479
288,1728,1811,108,682,116,1599,1494,1490,1678,1703,1487,1941,1551,1942,1762,272,1810,1554
1625,1708,1014,143,206,1736,1579,569,1752,1520,1585,1599,758,1546,1846,1763,291,111,1673
104,1622,524,1623,1637,1729,1698,1370,1706,1784,1527,1685,1669,1722,1250,1638,1778,1510,1688
478,1500,251,1849,198,562,1774,1972,764,479,48,307,94,1494,1490,1628,1649,1801,115
1959,1819,1549,1552,1771,194,856,1837,1810,1806,1548,1386,1811,536,305,64,421,1726,652
1685,341,740,1855,1666,191,1942,1606,1571,1560,1825,1623,1662,1575,303,1787,1515,136,179
1528,1823,1854,1543,112,1047,1839,1545,1694,1624,1733,302,970,210,239,1659,74,1567,1848
1854,278,273,1798,134,1177,1492,1935,358,1487,1621,1853,1742,103,303,1523,1509,1268,1512
1744,1289,1640,1783,1722,248,1689,429,349,87,1837,1777,1851,1573,1819,1670,1740,1890,781
1905,1797,1680,1850,1481,205,1835,96,248,1804,172,1702,1743,1752,1649,897,1520,1828,181
622,1637,577,1835,158,525,446,633,1051,91,1836,296,1733,1802,305,1590,148,55,1086
1622,1689,1538,1592,1773,1698,1636,143,1745,1825,1682,1374,1762,317,1637,1573,1441,170,165
1606,100,1591,1763,1147,137,1335,165,1756,167,255,1665,316,716,1969,1269,187,60,384
1748,1849,1666,1693,1248,1653,1536,88,1608,154,1070,294,1876,1800,852,1616,943,1577,1742
112,1750,1545,1760,1697,1622,330,1045,1752,1742,1717,1828,1786,167,1615,1781,1679,1443,385
1958,1532,1583,1551,1515,121,1382,1774,143,700,1082,232,1637,1588,315,1520,1647,1030,1824
969,126,1670,1491,1520,1094,1823,234,1017,1852,1519,1850,858,809,1680,686,1653,1372,1661
1680,946,1521,224,118,1496,1934,1824,287,771,1763,1318,1737,183,281,1547,1828,1754,164
156,1775,405,1816,279,1803,1824,123,713,1610,1378,784,1729,1426,1839,1721,349,1595,1594
964,1535,272,1658,140,1502,1947,322,717,1642,1251,1496,147,1614,252,1279,1815,1830,39
1838,309,1574,164,1803,1490,251,168,1843,1784,1823,83,1045,1542,1582,1519,1793,386,261
307,1604,1501,1752,1851,1799,1763,1523,1540,1609,1043,759,1712,1621,1562,1809,1849,1239,1607
1943,1725,788,1916,1620,1649,1674,1591,1551,1687,1635,98,617,486,1577,14,1160,964,184
135,1573,1756,1948,311,84,1845,1650,1930,1576,293,1361,1602,1643,1810,1033,1743,1828,267
1807,1633,992,1780,1651,1736,1383,1750,1560,1796,1741,1540,1260,590,1497,1639,1905,289,1595
1627,1952,1486,1812,1948,1823,1907,1700,1504,1840,1790,1837,1721,1247,1533,1485,1637,1664,101
217,936,1640,1810,1362,1102,1643,1613,1585,254,1857,731,1811,1667,16,797,1586,1707,168
1368,1701,1385,1506,1684,1652,1611,1973,1910,1644,1547,1762,1147,1510,945,781,769,1587,174
1824,1797,1487,1843,583,1641,1513,999,282,1774,1682,1720,221,235,1479,143,1574,1913,932
185,1923,892,267,1723,1362,1602,1596,676,1681,1480,1570,1658,1857,151,304,1359,1843,1650
1780,235,1947,307,1651,1593,102,86,1634,1714,90,1807,450,1510,1178,1671,132,1925,1643
1593,254,1534,487,1854,181,1325,262,1631,1572,1941,804,155,1711,1982,191,1502,292,184
1765,309,1679,181,574,1476,1817,311,179,1508,198,1162,1624,1005,1518,1093,1972,178,1847
1878,1624,1505,1773,1051,1673,1750,1351,660,1635,284,1679,1783,1711,1585,1792,1162,399,1564
821,998,1628,1838,11,1503,1656,245,321,1824,1527,262,1681,90,1477,900,709,1547,1721
104,1908,256,1632,1684,180,121,1604,1490,1887,1633,137,1851,216,1723,173,1745,206,1569
1497,1563,1568,1682,1676,1512,1687,142,1436,1562,1561,1832,1490,1261,1524,1762,1625,236,180
1652,192,532,1027,314,1727,1448,708,308,705,225,226,195,69,1760,1671,1644,1769,1574
1726,1796,1478,1242,1516,1721,164,1837,1475,1273,1856,1476,1695,1232,1797,755,365,481,1484
466,1952,1369,1826,537,164,1227,307,1758,1767,1972,1805,139,284,102,1780,1700,1784,1823
1533,134,120,212,1844,1737,1650,1419,269,63,1624,1538,1595,1887,1898,618,226,1717,427
1819,1611,1520,220,1887,195,1976,452,407,1514,1983,1578,1535,1516,1798,1652,293,1670,1939
1576,254,581,1726,1368,239,1851,1604,192,91,232,1562,1754,1222,1255,1485,1557,1682,567
293,1860,232,1783,81,1155,1589,1639,1780,1499,1919,1840,1077,1416,1677,1726,258,324,1833
514,1849,1444,1833,1738,94,1836,1827,500,1394,1033,1802,150,1844,186,1785,1811,1803,1653
1679,1714,1730,1813,1815,1584,683,1597,1669,1628,1677,1259,174,1719,305,101,1483,1356,1644
282,1714,1848,1481,681,1231,1570,102,1708,1720,1738,1565,307,1833,1795,1823,1689,1642,590
180,1722,1657,1978,1512,1353,1907,1957,1595,1489,137,1064,880,1180,1647,1491,274,600,1593
1034,1906,1693,1378,309,1566,1784,1556,220,355,1762,216,1723,1512,1558,183,1521,1552,1561
1840,1633,705,1529,1668,90,1783,1801,1854,283,1630,1083,1659,1693,1071,1678,277,99,1836
206,139,1913,1823,1543,1722,1770,327,54,1585,1602,1901,1551,1783,764,100,1710,1485,143
228,1856,301,275,1722,1666,1659,103,1807,1820,1843,311,351,1814,1495,1756,1695,1571,98
1729,1173,49,232,1689,1830,1512,69,1515,1710,1793,1676,1394,1636,1666,1853,1630,1814,1509
720,1731,1651,28,197,1728,242,317,1487,1537,1937,1627,306,1380,1822,794,273,1396,1625
1542,1579,1818,1564,1354,1860,844,54,1675,716,1657,134,1760,1698,1547,1277,1289,1797,1852
1785,1734,1743,156,269,1732,1958,1669,1721,1817,636,1824,1621,415,88,1481,904,1339,771
1740,1476,1802,1721,1669,1959,1705,1801,1821,1382,1324,1619,88,1580,1332,26,1526,1436,1682
1606,1827,1801,1682,1562,1675,415,1849,1537,1670,1687,1577,173,1724,1536,1741,1202,387,1800
1761,1817,1560,1856,1897,1253,1595,1597,1867,1644,1660,1525,582,1574,1811,1645,1729,1840,1717
1334,1310,1496,1951,1628,1607,1806,1783,300,527,352,1498,537,1809,459,1673,114,1747,1575
1547,1069,1698,1492,1366,610,1623,329,713,1773,1580,1567,1563,1702,267,990,117,1663,225
86,1588,1857,990,1625,1566,328,1828,1672,1838,101,1660,1695,1657,1794,882,1515,115,1594
1040,1795,1854,1568,1841,1503,1483,1770,1572,1544,505,1796,1761,1833,943,1543,1498,598,1482
1382,613,1822,1908,1838,879,1498,1854,1714,1645,1836,216,609,255,1089,1733,1029,118,13
1948,1498,1482,976,237,1481,1799,255,1631,1564,1394,1768,1747,1705,1736,1593,83,1717,1718
1529,1639,1543,1353,1691,986,160,106,1301,145,89,1844,198,1374,1935,1235,1775,1575,1589
1662,1607,767,1853,1666,1509,1504,300,110,106,1481,1597,1628,1388,1581,1669,1909,1719,304
1697,1793,1069,799,1985,1607,1664,1564,1604,304,1800,1090,1501,1844,233,1565,1764,1566,132
1698,87,1745,1550,1618,463,1915,1501,198,1554,413,1682,63,1353,1942,161,233,262,182
1676,669,1751,1594,98,1744,5,174,1800,1785,1820,77,1811,1779,1549,1769,279,1660,1680
1672,1694,1539,1746,801,1748,1028,1548,1723,1616,1853,617,1681,1652,164,1606,1480,1765,1788
1942,1966,1902,1549,788,1690,1644,272,1316,422,1727,1536,1685,1490,61,1725,668,694,1680
1740,1806,1738,1833,1965,488,274,1773,1542,1824,1783,1897,1705,1525,1505,1811,1706,1523,1725
233,181,1568,137,1860,1678,1481,1896,1554,1822,238,161,1330,828,1833,1170,97,1542,274
850,131,1353,69,104,1721,1606,960,296,1963,1368,1849,1868,1894,1829,1774,1499,1743,1553
1756,1906,1528,1553,198,1619,1656,1513,1687,1227,966,1559,1698,139,245,1486,1953,1913,1822
1595,290,934,86,272,1390,88,1781,958,1906,1370,136,1345,1513,1820,1827,1585,59,1578
1747,1640,1972,1647,1839,187,1906,1487,157,640,1078,130,1653,1771,1657,1113,101,1139,1593
1182,735,1299,1943,324,1629,1391,1542,106,1459,1850,220,1571,1657,1581,1685,58,1906,296
1330,1708,14,1671,1024,436,1720,1788,1847,1638,121,25,1800,1857,888,1802,125,1701,141
1691,1510,1803,1777,1674,1846,1692,1822,857,1570,1779,1800,468,1288,1666,1629,632,261,1579
120,629,1702,1700,1512,1714,1758,1527,1548,1551,1509,1403,118,164,211,1505,1694,549,1683
1545,1559,1391,1576,1126,1486,1572,1376,1575,251,1807,1818,1590,1668,1299,1975,61,758,1625
1757,194,1739,1675,714,1577,1744,87,1651,830,1621,1590,806,1673,1019,231,1807,1740,311
1756,278,390,1060,162,1675,1481,1524,1365,892,1562,618,1327,138,839,827,1851,175,1202
595,1802,1475,1478,667,265,122,1752,95,1774,813,1491,194,264,1625,1826,1645,790,61
1415,1533,1755,824,1370,1804,1620,504,1721,161,1803,1391,1701,1568,1523,1820,1857,1711,1797
94,266,1518,1605,209,1792,1645,1573,292,1714,228,128,1828,1924,127,623,1482,314,1592
1822,1765,1636,1730,186,911,1712,178,230,855,1792,511,1559,1490,1642,1764,1612,127,1177
1215,1752,1602,1783,1801,136,1553,1826,1257,1583,1661,1556,1565,1308,133,1542,1264,1792,1825
1564,1915,611,1061,1481,1371,1492,1812,408,1906,1823,1845,737,1657,294,152,222,1644,1646
1502,293,1663,1678,270,1620,1864,1383,997,1621,1746,1504,122,824,1548,1807,1744,1526,1633
1227,1740,1520,1810,286,1651,362,317,687,1656,1971,582,1843,1671,1749,1034,1777,120,1593
933,1594,1599,153,1816,1706,1326,969,1550,1059,1479,1512,646,1800,272,1686,1114,1788,1513
1548,1585,1722,657,1743,1748,1646,1753,1926,1749,1823,700,726,1739,1601,1850,297,1411,1569
1819,1564,1850,1649,190,1498,1843,1825,1663,1934,556,1375,1711,457,1517,1532,1764,1565,1695
1533,1851,367,771,1574,1072,1822,84,842,1643,1889,1681,1823,1724,1658,1528,1654,1392,267
1712,811,1573,1422,1383,1508,186,622,947,1927,518,1922,753,1784,1732,1120,1697,1123,305
1723,1657,275,1801,1724,307,88,1895,1790,371,1951,957,1209,1792,681,1632,97,1786,152
1550,1476,1529,1725,240,1689,1430,274,1742,1395,1828,1391,271,1940,1738,1858,295,1763,879
230,1508,243,1644,1970,1234,1838,1780,1266,601,92,1027,1907,1707,1850,1522,1726,1910,1688
1809,1506,196,1752,172,1719,1648,1702,242,1495,1378,945,1707,1710,1396,1799,1174,1590,1490
1268,1715,616,1498,1692,1562,1759,1091,495,180,1604,155,1530,1710,626,1735,1494,178,1846
90,434,504,1821,43,1942,1657,1721,88,1476,1784,1885,1714,1836,226,1619,202,110,1775
1647,1644,752,32,173,250,466,1542,1584,1506,1678,1543,1390,924,1512,1742,310,251,1790
1591,1658,1759,1844,1632,1551,228,1798,163,1384,1442,707,1947,270,613,1580,1738,1774,82
1622,164,244,1675,1687,413,1655,135,1656,1795,1963,1522,1494,1702,183,1010,1206,1635,1498
1529,1539,1516,1728,1814,1905,916,1752,1978,1395,230,1842,174,858,805,308,255,1731,1810
1873,1658,1006,1956,826,1967,1790,106,1734,1681,1190,1822,1600,1555,1513,1866,847,1533,1940
1754,1501,1829,1784,1703,1589,1594,1717,1707,1653,1531,1739,1972,1983,1680,1906,1953,1984,1695
1592,1660,1373,1533,417,270,141,1607,904,1587,1570,1794,1727,180,1616,1557,1650,1197,1855
1648,1947,178,1528,1748,1629,1580,1592,1627,1539,1854,1710,589,1598,1709,1829,1814,1913,1737
1822,783,1667,1604,1947,1589,1745,1723,1523,1616,1639,1703,1663,323,1629,979,1411,199,1591
969,1906,225,1623,1654,322,1576,568,1799,1518,223,165,28,1560,1534,1350,117,282,1404
1677,1491,91,1682,1509,1162,1556,1794,1776,250,1832,322,283,1908,1292,1659,759,1703,1625
371,210,1828,328,301,171,972,462,1502,1674,1742,854,329,1670,609,228,1841,1632,1383
1783,1555,1650,1484,279,302,1965,1392,1055,119,838,1502,146,1365,351,1789,247,1729,1589
1952,300,1763,1078,520,380,1534,363,1594,1673,1786,1901,1246,1477,1499,1721,1496,805,1531
1631,1610,1070,157,1909,28,547,1488,1806,1709,80,1799,1852,1658,1734,1585,1384,1775,1626
174,712,1753,1943,1913,1699,1512,204,198,1684,122,1971,116,280,1529,214,1514,797,1906
1384,1757,1857,316,1741,1509,1532,1810,1633,1477,1759,1188,427,1176,428,1640,238,1800,235
1820,1480,241,1761,1709,891,1546,1580,1409,163,1578,1566,1662,1650,1705,1627,1854,1652,1688
1763,1033,1019,221,1770,1450,144,112,95,1790,1539,1758,1715,1543,1738,1620,1744,1912,1090
1893,320,1708,1828,201,1776,486,1734,1162,1731,1625,239,1947,1838,181,1891,1513,228,1562
1551,1799,1845,1628,208,1642,1744,1599,1709,1674,1611,245,1585,1756,98,1820,848,263,1478
213,1681,1593,1712,1764,1553,1585,488,1692,1069,1642,326,505,1980,1554,274,1703,1689,209
213,1608,1594,140,102,1828,1805,1562,1551,1374,1372,1714,1583,1260,1616,404,1532,1500,1839
734,1544,800,314,1391,1756,1856,192,1784,161,1705,1598,1452,1734,1850,1563,1637,1547,1550
94,1676,1593,1775,1492,1598,1821,1703,1501,1627,802,1664,1813,1551,1720,1561,987,1267,1738
1764,1909,1545,124,1483,1811,141,1651,1789,1494,1529,150,1512,1319,1478,1534,1668,1825,930
468,248,1833,171,1434,1575,1620,1387,633,1907,1857,14,1749,1554,1718,1979,1688,1807,1762
1377,324,1847,148,1828,83,435,1485,1387,1614,1786,1747,310,129,1476,1964,1247,972,243
1727,232,1590,103,1853,1847,1646,1606,1824,722,117,262,1495,1572,1850,1756,1812,1591,1098
1391,296,1445,219,834,42,425,1892,857,1680,982,1606,1703,1533,518,705,1075,1540,1542
1911,1761,1639,1628,529,1619,1517,804,996,110,276,170,1616,1605,1564,1539,1819,1372,1702
1820,1627,1776,1601,1712,783,970,1906,991,1604,558,1395,580,183,1722,1756,1687,1523,88
1771,1582,282,406,98,1680,1534,103,421,1513,1317,1361,1512,756,1840,111,81,802,1679
1390,261,1564,1690,1373,1711,896,1511,282,1855,1828,1906,263,1675,1480,1534,1686,270,1613
1387,944,177,165,1544,157,1672,1841,1361,180,1779,1701,1486,1468,280,1518,1615,1790,167
1838,1799,1849,1850,1910,1629,1773,1803,1911,1730,130,1077,1718,93,188,158,432,1617,209
1691,309,1809,1540,1545,250,228,1569,1771,1524,1717,1536,302,110,319,941,1637,1479,1067
1734,1619,321,1851,1819,1530,1027,1250,616,1533,389,233,1609,928,1527,1455,1255,1498,1812
124,1028,253,1913,1556,1980,1687,172,204,261,1685,1121,1743,1976,1738,209,1847,1394,1715
1796,1972,1797,1762,246,1571,132,328,1521,1968,1695,1978,1267,1829,1826,1908,1332,1618,1497
1657,239,38,547,1538,681,1884,1504,1782,1762,1671,1932,371,291,1348,1913,1533,1812,159
129,1812,1548,243,1605,298,1500,1839,1674,1281,286,964,890,1819,69,1672,196,1844,1975
1578,1908,523,1298,853,115,1600,1635,1790,1780,1491,534,1680,392,1791,1611,177,673,247
1543,1675,1564,1679,325,619,1352,252,1912,575,1807,1844,292,1838,1628,1605,1214,1819,1689
1665,317,13,1567,181,1516,1574,1818,1762,821,1610,1628,212,1556,1896,1969,1399,1788,1442
1078,1094,1686,1607,1947,1821,1835,1610,1756,1640,1763,1650,102,1653,896,1625,1519,1638,1503
297,827,1204,1823,1836,1741,1255,1827,1731,1512,208,204,216,1666,1484,773,1590,1568,1486
308,1851,1369,1488,1853,1743,326,1679,1553,1658,413,1565,1508,1033,1944,1724,1541,1511,1848
179,1687,213,1373,1529,107,1803,1660,1509,1111,1593,1534,1947,150,1575,1957,1726,1381,45
1221,1491,1806,1570,1554,1571,1855,1641,1811,1535,1722,1703,692,262,154,1801,799,145,1224
1703,195,520,1156,1910,1495,276,1678,1501,1569,1765,1667,1740,1773,218,294,1582,38,811
1671,1910,1957,1209,1542,1720,318,1638,1374,1737,455,1783,1120,1657,1494,1689,1786,1824,1640
291,1566,567,1516,1209,1545,1681,1385,1391,1729,1564,1636,1763,1869,1508,1706,1527,254,1728
1811,1536,315,1617,1534,1512,1538,1732,1575,1630,782,122,1713,1518,1688,1583,1740,1639,1672
1214,767,1119,1804,1678,1722,1588,1604,1715,1759,147,683,285,1826,145,700,1574,1690,89
1762,768,46,248,1711,1586,223,1820,177,1668,1595,1507,74,1320,1797,1772,220,81,1912
1706,1552,613,427,237,1446,1847,1537,1604,469,1522,218,1553,1670,1563,1765,1242,639,1543
768,1676,1566,1778,1987,258,826,1809,211,1651,1505,1705,1066,654,1907,375,131,1479,1669
1437,1759,1785,1713,1410,1705,1680,1822,1740,1954,584,1490,1026,1548,75,493,1816,1529,219
1669,1570,1231,1053,1670,469,1845,266,1710,1672,1826,268,1483,1525,1637,1577,1665,1097,179
1675,1582,256,218,1769,1648,84,996,1204,1619,1761,923,1475,85,1698,1710,327,109,1626
97,174,1932,1717,268,1417,951,1684,511,1653,1784,1646,1756,1677,1871,783,114,1586,1781
1620,1768,1495,1375,994,404,1625,1486,165,1702,1846,1908,1317,1701,212,1744,1586,1852,738
1973,1322,1477,1846,243,1854,1810,1479,1601,1802,895,1789,1590,502,1842,334,168,1773,90
1025,1498,1534,1224,1580,1155,126,45,1814,51,1553,1832,1656,1537,333,1479,1508,288,301
879,1556,1808,1479,256,1887,497,1616,393,1622,1946,223,1817,1483,1072,1784,1831,611,1882
1805,1566,1646,1532,702,1605,1701,1636,1741,1642,1570,1795,1592,135,1818,342,205,1906,212
1588,1525,1044,1765,1827,1860,1631,1512,425,1589,802,1520,1693,1384,1522,1579,1367,1518,200
1586,1760,257,508,1070,1772,260,1662,1781,1612,1771,306,1820,1721,137,1503,247,897,272
1541,774,626,1485,1905,1755,1833,1603,1836,1812,1658,1763,1711,522,1585,1947,1822,1491,117
1378,1606,1818,1590,162,165,1702,1847,1482,1700,1806,1579,991,13,1799,206,1620,1229,631
1867,128,16,1354,1766,1169,1519,1599,1546,1304,147,172,1814,1386,760,252,1517,1649,45
1518,279,1938,1597,221,1809,1586,1704,909,1224,1762,1722,1656,1807,1509,92,156,1680,1764
214,1739,1797,116,1793,1749,1071,98,727,292,1851,884,1511,550,1907,1493,1482,1827,272
798,1830,1852,489,283,1807,1542,156,1730,1846,1535,329,1527,1772,149,1679,1262,1498,1765
1583,1853,1682,146,196,25,1802,1521,117,1851,1560,133,203,244,452,1702,1611,1607,238
637,1746,90,313,305,238,1115,1602,1739,1023,1850,282,1536,1726,1732,146,1485,1656,169
1758,465,1724,269,1782,1753,1534,1981,1810,1677,1551,1795,148,1953,1735,1610,154,1622,1824
1317,278,1613,1762,120,143,641,45,1533,1616,1590,1486,1941,218,1619,1765,1615,167,1599
1809,1655,1487,177,473,291,1715,1668,1736,1777,1630,1977,1784,1602,797,1799,1604,554,1952
1688,1960,1832,1631,174,516,1529,1808,1701,1781,766,1622,594,1310,80,1554,397,1930,1477
1586,1493,1696,1384,890,1525,568,922,1595,1739,1666,1580,1940,1485,95,1648,1478,1722,956
1819,1584,1562,1827,1190,183,328,230,990,1747,1774,1305,187,1744,1034,1019,709,847,1712
257,1487,1598,1704,295,1851,511,1827,1739,1042,1768,677,1037,1124,1751,1468,1503,1761,1559
228,1482,43,1511,316,327,1621,1681,641,1950,806,266,157,1604,1541,1779,1435,86,1486
1857,1743,1795,1594,1211,1408,450,187,355,1479,1628,451,1777,218,1761,1574,1794,1843,1642
1653,1543,1530,1645,1751,175,1848,153,1584,1909,629,1508,1513,1070,1756,306,1493,1740,1772
1509,969,1565,786,1073,1581,186,974,1526,1670,1751,1589,1630,285,1634,1725,279,1561,1499
1765,1531,166,1714,1736,1964,1084,306,342,1823,322,207,1666,252,1567,1587,1847,1305,1642
88,1586,1566,957,383,1506,1804,827,1960,1563,1510,1090,1620,1630,1356,102,1757,1528,1500
1806,1141,1897,1611,1754,1913,1931,266,1392,1567,475,945,1378,1545,154,38,82,1669,1822
1311,192,1516,1504,1713,1863,304,1737,1801,1954,1651,976,1781,1513,1838,1372,1361,1072,1541
1772,1853,18,1743,1742,1582,1748,1933,1656,1701,1824,1394,1516,157,1511,1478,1712,1574,1519
160,166,1602,1492,269,1344,764,116,1974,1794,1852,315,1115,1508,513,1827,1767,1564,671
1334,1950,1759,411,1952,1722,1709,1621,380,1616,1754,1732,532,1239,1945,295,1661,1655,94
1549,689,1557,1844,1725,1670,1537,1620,1482,1683,1829,619,1830,986,1582,215,198,1834,1496
1393,1543,1726,245,1031,1794,908,154,1774,1601,1776,1477,1383,303,1172,1490,897,408,1824
1795,1636,1446,780,1761,1482,1660,225,6,1847,327,1117,154,131,1688,1670,189,1751,102
112,1619,1626,1663,1613,692,1849,484,1408,251,323,1591,1287,1776,1073,281,1564,329,1148
1441,1660,1489,1372,1486,121,1799,1601,1626,1753,1839,106,1703,1106,140,1247,1812,1833,1760
1956,1556,1782,808,1654,1843,287,1618,11,1511,1827,1019,1619,1488,1844,1323,1581,1730,154
1589,1940,1640,830,1716,1365,197,1537,1213,295,1477,1628,1682,134,170,632,1585,1070,1855
325,177,1517,62,1845,1616,193,1750,1559,1699,1534,169,1689,1598,80,437,137,1698,1829
1789,1857,235,1767,293,1507,181,1768,1822,1583,81,1503,1814,1416,1680,469,1513,1521,413
106,1599,1730,1958,1654,1749,1520,1715,1810,1244,299,1592,1600,1691,1823,226,572,1496,747
1006,1743,1584,243,28,1574,1614,242,276,1672,1681,1697,248,1791,183,1653,1912,1274,1831
1844,1513,792,922,1251,197,394,1547,1854,1719,168,1696,1784,1518,101,298,164,1733,323
1791,1508,518,1482,175,178,1780,1582,277,1353,1531,1838,1653,1893,1743,126,215,1648,94
1725,1658,1676,144,983,1369,1743,1810,1659,1655,837,1564,1303,1480,875,1796,1805,1739,1109
177,1894,1837,1623,1368,1551,26,331,182,299,1246,1602,1818,1685,1487,1921,1381,154,171
1628,1784,199,261,1847,1801,202,1841,91,290,1545,114,1084,1888,1954,1753,1381,1972,1544
1834,1837,294,262,1376,1223,153,1196,1501,1480,158,1726,1249,318,888,1494,1354,619,1649
1782,1224,312,1374,54,107,264,1571,969,1015,224,1911,1505,1790,1763,1482,117,1378,597
1663,1960,704,1652,200,119,1523,1533,1781,1759,1837,451,1660,1818,1727,1705,275,1730,1556
1299,46,990,1476,1706,932,1553,1597,1723,1320,1788,179,1963,1819,1551,1724,1926,1699,1607
1862,1517,1770,746,1889,1656,199,11,1214,1910,474,1701,1783,1558,1579,1501,1800,1481,1960
1926,1798,1677,1580,1303,1542,1646,1656,112,596,123,1389,1584,1585,847,1502,1691,1667,1665
1706,1931,1825,1027,1909,1815,418,164,298,618,1397,1666,1699,1237,1610,274,705,180,383
1696,916,1572,1855,1222,74,1850,326,271,1125,176,996,703,190,103,320,1722,1803,1583
1930,1302,1179,1032,728,1850,1697,1569,1519,1683,1738,1756,1522,1695,665,96,1768,1565,151
1705,1586,1972,1774,1625,1606,1850,1255,288,517,81,1547,108,825,1975,1814,1544,1712,297
1787,1942,1608,1745,222,157,1070,1720,317,1556,313,1845,86,1726,148,490,1739,496,1633
1695,1730,1700,1850,39,1751,1519,1702,1854,782,1764,1621,604,1537,1675,1930,1605,1849,214
139,1788,224,315,1707,1856,1804,1500,136,1390,1514,1480,1597,1510,1612,1814,1774,984,1662
1537,1603,1774,216,1368,1741,1677,1913,990,1605,1549,1556,1670,1894,1595,1593,159,297,1515
757,143,1639,130,1804,1729,619,1794,710,1803,1760,1585,1464,1070,1831,1654,1567,135,1382
1796,1856,1499,1802,1539,58,737,1707,1532,1731,144,946,1675,1488,1621,1371,1954,480,1570
1827,1595,1266,1922,1523,1840,1506,1582,1537,1781,1844,1524,100,1643,1850,1603,135,1641,1274
53,1543,1821,1619,1969,1239,1594,231,1485,1955,1475,1530,1561,152,1692,1959,439,1697,1600
1695,307,1802,1027,898,1571,78,1394,1653,1833,245,1494,1500,1907,1587,288,1767,1561,806
1660,188,996,104,266,1482,94,285,1507,1583,194,933,1562,677,1202,805,1625,1726,1679
1641,1929,321,246,302,1818,173,1548,1779,783,1798,294,154,160,84,1492,1984,1519,1587
166,1661,436,1832,1655,146,1814,1555,100,1512,184,1764,1703,1905,1782,121,255,1945,856
317,168,373,1814,1823,1643,1502,1384,135,237,1788,1845,1573,254,1362,1728,1754,1356,221
1706,1645,1559,1543,1498,1683,1123,1774,275,1877,1828,1567,1807,1504,1840,1501,1824,1859,1778
180,1375,1854,280,1636,568,1500,1365,245,702,1624,214,1619,86,90,1661,1515,945,1802
1564,1512,1850,1821,640,288,317,812,1630,1654,1727,597,1669,230,1859,1518,1832,1772,1815
184,1312,1719,1559,1907,1754,285,705,1628,1224,1504,1838,1681,247,1844,200,1522,1593,1854
1642,1898,1598,1365,1871,1580,1645,1650,1976,1340,62,1109,1784,148,1072,1479,1092,1673,290
1695,1706,170,1895,244,1654,11,327,1852,81,1571,1928,1219,1600,1648,968,1614,1839,802
109,123,221,1110,1484,1565,1730,1684,1679,1713,1598,1504,1826,1842,1727,1693,1839,1958,851
1660,1539,81,1479,98,138,1765,305,297,564,1657,300,1070,1714,1607,1711,1251,1824,1382
1784,1969,796,1922,1022,1121,1548,1033,258,1490,152,1688,1630,1797,1632,1578,1055,1729,1670
1743,961,1973,328,1115,203,1375,252,1361,460,228,1530,1720,1853,1754,1077,1832,1569,1483
1764,1255,1747,1844,532,1680,1666,1325,326,1810,1952,1661,1242,199,1748,1846,115,1539,48
1781,457,640,222,1678,1770,1185,134,243,1530,1534,1722,1664,1773,1549,1671,1853,858,1946
57,1760,1762,1387,1597,1532,1476,1604,183,657,1598,1549,1403,85,1780,1250,1910,1743,1189
525,1786,1617,1699,1572,120,1581,557,942,189,299,1621,1822,725,1075,1970,1899,1623,1527
1744,122,325,1789,1725,1827,1907,279,1478,953,1787,1614,169,1798,1565,1786,1377,298,219
815,73,122,154,1973,1852,1388,1530,730,1695,1562,1575,1657,1391,1827,1706,494,1537,186
436,1687,1354,1771,1669,1056,1749,1330,1812,1573,1688,1495,1748,1888,705,1491,1837,1516,1566
1768,1539,1972,282,1604,1842,1839,204,1644,149,160,1607,1833,1109,933,1831,1764,1843,1669
1704,1604,867,1069,699,1719,879,1701,217,1724,1906,1722,1516,485,185,285,1640,1667,1685
1741,1629,1756,1800,1764,1744,1522,1499,1743,204,297,194,1842,301,1583,1359,1642,1391,1817
974,1884,1827,200,1729,109,1896,220,1164,13,296,1483,98,1737,268,187,1487,1542,276
1534,160,1715,1722,1848,291,1837,1854,704,1645,1629,1604,1625,1260,312,122,259,163,124
439,566,1780,1774,1645,1680,159,1905,1162,1752,1599,1032,1650,1736,386,234,1759,289,1825
248,1941,1610,1647,1681,1114,1542,1682,1088,1167,1559,1733,1693,1834,245,1658,802,1499,1575
1526,421,1574,1636,1527,1713,1810,1152,296,704,251,1513,123,155,1597,276,1383,118,1758
1308,135,491,1587,1617,1826,998,1807,1584,150,1930,1293,1522,653,1827,1277,1735,199,1340
1688,1534,291,1772,1679,121,1489,1963,1822,1682,1215,1597,1965,1757,1650,1396,1882,1987,243
1793,1654,184,1529,571,1673,274,1841,1910,1492,313,1578,1810,1748,1646,1843,223,1953,1659
288,1548,1877,218,1035,129,161,1953,1701,1808,93,1704,1688,1911,298,1613,1502,1515,26
887,621,1657,1815,985,1501,1661,1214,1834,1601,213,260,389,113,1682,269,1829,107,1857
1613,1700,1748,1513,1829,1851,1549,1659,198,315,1795,1191,496,1880,1619,1635,1820,1689,808
1732,149,684,1598,1813,1743,1581,1380,158,1590,1739,1614,245,1841,1394,1866,1647,1591,132
1719,1393,999,1259,1391,1961,301,1691,1830,1752,1959,286,1331,1673,152,154,240,44,1883
1653,1821,1596,1754,1582,1902,284,1658,248,1913,1646,1788,1574,1169,1820,1558,1793,1830,1567
1640,134,74,1803,1892,86,212,1499,1953,1846,324,1629,828,1833,1637,611,982,1624,1603
981,1691,1850,1633,1502,1609,1948,1695,302,1969,533,832,1617,1616,172,1560,81,1489,1764
1486,1744,1571,175,877,1045,1644,206,263,788,254,189,270,1763,469,1560,1528,466,1735
1718,1577,1637,1650,1696,1817,1207,1703,1532,705,141,357,80,945,1664,1826,1851,1018,1749
1814,1028,674,898,1658,1763,1557,1500,1629,1806,1484,1841,1744,316,1934,1710,1526,1849,1803
1819,1846,1822,1752,1911,1204,1683,1844,155,112,1439,1041,1377,380,1908,1751,1252,1759,1842
1782,237,1930,1686,1846,1674,1074,196,1893,465,1752,198,293,1907,669,1892,1688,797,1941
1845,271,1004,1601,1057,1711,1687,1906,1183,1822,1662,1577,1329,1639,1838,224,1800,1776,1371
1913,1498,1551,24,896,576,1623,293,1365,1628,1392,143,697,1841,150,3,1710,278,640
1792,1505,909,1774,1539,1672,1385,325,156,622,1693,1970,187,238,264,1958,1598,1543,1715
217,1838,1215,1503,38,872,1696,1377,1765,1960,1528,1677,367,1644,1490,161,1379,1823,866
1776,1630,1662,270,1944,1701,1769,1792,785,1750,244,1663,1483,380,596,1816,106,707,1665
1382,12,175,1806,1545,1953,1574,754,1725,1839,1569,1852,1549,120,1636,1624,1500,1520,1578
416,1529,393,1737,1836,1701,224,1188,1293,1677,204,1653,1614,136,1602,969,1686,1793,322
1778,267,870,1959,1593,1632,281,1646,319,1845,422,349,1703,39,116,1158,21,489,1589
1726,1578,262,1586,623,1632,187,1783,280,814,1282,595,1693,1754,1837,1706,1180,1582,1648
168,174,1854,1778,1687,1396,1514,1713,1578,242,151,721,1491,1584,126,1523,701,1621,1535
237,1608,1533,67,1478,243,1645,1509,1513,483,1590,1675,1576,1716,1500,140,400,1702,1153
376,304,1663,175,1739,1025,782,1628,1567,1674,1105,327,821,1524,1623,1707,1560,165,1614
1763,1682,1849,1769,1770,1738,1531,696,1605,160,1655,191,121,198,649,1780,472,1616,1977
1508,1638,1798,1836,1737,1316,1521,1776,1725,969,1490,223,1974,1616,1432,112,104,1745,427
1907,1834,1536,247,1596,1808,755,112,780,49,1369,1691,1739,713,106,141,1113,1905,717
282,1735,437,17,1633,579,137,260,1625,1558,1826,1485,178,322,1609,634,538,1694,411
418,70,708,230,1972,714,648,1547,1332,196,185,198,221,703,475,941,305,1644,286
1732,717,975,44,1705,1684,1622,277,328,1835,1763,1812,1793,1813,1841,233,1984,1836,1014
1907,1696,696,11,1360,1675,1493,1854,1670,1792,1542,1819,1838,305,205,1679,1844,1961,1624
291,1906,1574,69,1529,518,1521,111,1658,164,1539,1231,1669,1516,1785,1760,1657,1596,979
304,1688,121,1906,178,1701,1756,141,1645,1950,1594,180,1698,420,89,244,1723,1606,1822
195,1714,57,285,635,1607,1492,1516,1647,26,1833,164,1499,1856,1904,1562,1509,1779,1084
752,1744,1699,1831,1751,1941,1684,985,1667,1629,1857,404,1547,640,1508,1746,1716,1789,1627
137,111,1564,1477,1316,1674,1559,1751,539,1817,1812,1599,183,1734,1720,264,1754,1563,1542
125,1304,1710,292,1631,1632,1396,1973,1501,1576,750,837,1689,1381,1477,847,218,1635,1542
986,1968,161,1953,1478,109,1321,1023,168,1651,111,1550,224,1538,1686,1504,1631,1533,1605
1541,1797,1381,1817,1532,35,1669,259,1386,327,1810,1605,1702,1930,1803,1834,162,355,133
1617,1343,10,1836,431,826,1963,1658,1890,488,183,1748,309,1141,1761,1514,598,1376,42
1599,854,1647,841,620,1139,1517,691,1665,1779,1580,1658,1632,1566,1609,1691,215,156,93
1522,1766,1814,151,1035,1629,1761,1654,838,1774,1775,718,1468,1528,1781,869,1809,583,1687
166,1606,1583,293,1794,1683,1844,1608,1638,1839,256,1802,82,1376,317,628,1479,405,1664
1692,1718,242,1834,1613,185,1874,1037,1573,1739,614,1957,247,1691,1780,1623,1641,854,324
1725,1051,1536,1765,1637,1906,1788,1895,1733,1284,1553,1663,1574,193,1675,322,1965,1753,1934
1727,1486,1321,1845,221,407,516,1691,15,165,1732,274,1559,216,1487,1662,81,1490,591
1759,1732,1640,1546,1328,1821,279,1565,1360,1584,779,1819,181,1601,1366,1615,1119,1894,100
1696,227,1806,1717,1122,1716,162,1643,1553,422,1645,1704,1537,1970,107,1758,1392,197,1754
1844,1855,1572,193,1637,1579,1803,133,91,1719,1728,1117,171,82,1519,1760,1763,1538,1907
1567,711,199,1480,205,1506,140,1827,1532,206,184,122,1657,1490,1710,1678,546,886,872
1543,1565,1651,781,1780,520,1577,1676,481,1553,1375,1534,667,1610,242,1561,697,211,1947
1396,1635,1492,1631,1546,857,1136,1542,1656,1604,186,1383,1537,1941,1836,1702,1632,130,585
1511,381,83,142,987,696,274,166,600,218,76,1794,1779,1581,1567,1740,1727,108,717
271,1693,308,1702,1735,1689,1716,742,1786,1795,1575,1259,1477,183,104,250,1739,1488,1503
805,1578,1692,44,1567,183,1345,1667,1550,670,705,1604,1695,1434,1540,1607,1737,1537,1577
1820,1567,1514,1505,1002,269,1586,1656,220,165,1912,745,1744,1758,99,1725,1773,1830,456
1948,283,193,1846,397,1514,1581,1671,1566,1493,1701,371,510,797,1647,1707,1585,1490,1511
1486,1627,172,1734,1414,34,1791,1073,1642,1744,1872,1614,173,1805,1988,1601,1481,99,1488
314,789,1908,139,82,1797,321,1695,688,399,161,1635,1785,1154,696,1744,1688,1856,282
974,399,1763,1552,53,418,1680,44,1855,1112,1505,1521,114,116,1662,1696,1850,1622,1485
292,1311,1947,236,1532,317,1088,1518,1707,1558,1844,1826,1596,1754,1525,1962,1013,631,1735
1718,14,1847,1562,1701,1674,1906,395,1477,1517,1788,153,375,232,62,133,1769,1483,446
1765,1505,1518,143,1626,1665,895,229,1480,1508,84,591,1840,1824,883,1627,1588,1641,1909
306,617,1493,267,1317,1623,867,1332,1890,1821,232,1657,835,1580,1583,1180,1502,1612,1773
1665,203,91,1517,1578,1740,111,1787,1814,1499,1802,1081,1783,1960,1652,1785,263,1721,1124
1194,208,265,1798,1521,1570,1625,1876,296,1048,1721,1950,304,246,28,1630,1682,1911,1497
1957,1690,302,1965,1989,755,1835,16,1759,346,1821,1202,111,1661,1741,1844,1508,1704,1396
481,1380,1542,210,307,1501,89,102,699,1776,1375,1777,1690,1590,695,1021,1657,1020,92
1798,165,1609,262,1971,1716,1837,1779,789,1897,1701,1804,1672,1757,1537,191,321,146,1718
1666,1631,215,1615,1552,1560,1674,1848,1774,1475,1605,1535,1857,1485,1818,43,435,1626,1842
1738,1676,1559,1575,1569,1843,318,1673,1555,1709,1707,1611,1644,1588,807,1717,1792,1601,86
1644,88,1855,374,1364,1090,1652,1788,1804,1711,1700,1908,1564,1825,1476,1828,1771,1634,314
1328,1395,1769,1575,1158,1642,49,121,178,110,99,91,123,677,575,237,209,140,1663
195,360,1825,1759,1727,1093,561,1712,1502,1179,1722,1692,1623,1693,158,125,146,1844,647
1971,1853,1826,1553,642,1370,1736,1817,1744,1537,295,1371,1841,1654,1662,1644,1946,385,104
1722,1191,648,1660,1662,1832,209,1198,1765,1101,91,69,156,1482,1938,1628,282,783,1523
626,1104,1664,1830,1487,67,1561,1646,89,1499,1547,1720,1317,1940,1476,1627,1573,1583,1551
118,1543,1772,1796,1753,1790,1569,1648,1955,1887,1728,1613,1378,1589,1616,1622,1203,717,186
1649,514,528,1608,1368,275,1908,1098,1804,1762,1919,1413,1611,1744,1784,1745,277,1542,985
1773,996,307,413,1960,1871,1650,542,1609,1838,1814,162,1778,220,1758,1847,1341,1958,1731
1509,1911,545,1668,349,302,1716,189,1723,1551,20,1698,353,1817,1685,1676,1777,1822,1656
1834,1874,761,1577,1514,1549,227,1587,420,1708,1696,1787,293,1806,922,1332,1777,1070,1564
1833,166,277,1786,1588,151,242,686,1628,1553,1486,176,1826,1798,239,1801,243,1729,136
84,1594,1818,1905,1492,1738,1626,1817,1482,305,1688,1859,1776,1507,803,1632,160,933,1783
1584,273,1238,1592,1749,846,1601,337,1671,427,726,1849,1765,1746,287,1494,216,1636,274
170,232,84,766,988,1669,1775,1623,1552,298,1683,453,1813,1553,1286,1047,1494,1832,1777
1381,781,1712,1853,1540,1922,1501,1517,175,264,1375,1662,1654,1708,1676,1499,1203,566,1797
223,1691,1742,1779,1637,1754,1611,1598,1813,237,122,1732,424,1713,1237,1541,1601,1776,119
1539,1519,178,1793,1387,1664,305,1782,217,1252,1477,1652,101,1912,1668,202,1767,1910,1602
1662,1512,1645,157,217,1609,1547,131,1735,1482,1534,1659,1704,1498,275,1776,1568,1749,1507
1924,1984,148,1314,1821,1338,1544,1718,1498,1725,1760,1715,266,1848,1806,1379,789,868,1826
591,1677,728,1821,1772,1570,957,1537,1516,444,1394,1531,13,1623,1722,1629,845,1816,229
1477,546,1211,1922,156,1761,920,207,292,1177,1689,1544,1479,1728,303,80,1810,1551,1508
