1627,1905,1560,1507,1635,200,1625,168,271,1559,1848,1636,1798
1551,1819,1242,1834,179,86,84,1657,1532,1624,1906,1672,1528
1651,682,1768,1640,134,1334,1614,1557,1626,1049,1575,1526,1701
1392,1714,1486,1480,1762,148,1947,1235,161,1617,1907,1615,1535
290,1839,1662,1610,1987,1586,1693,1526,660,1446,1655,158,274
1758,1799,1611,1684,1515,1825,1595,1848,657,1683,88,1782,1659
1365,1808,657,1392,1832,295,1849,1977,1941,1848,1616,1499,1751
1180,1309,1849,1707,1489,1223,1630,1553,1806,662,1638,1545,1856
1611,1748,1655,969,1789,335,898,1562,188,839,664,1602,1899
268,1593,1478,1754,1497,1547,1910,1680,1814,1634,1685,1844,1701
1764,1361,700,1396,698,1749,1500,1564,1555,275,1839,705,146
1101,1605,208,226,41,1698,129,200,1622,1756,1642,139,1566
943,1614,1932,176,295,1944,1750,53,1787,197,108,973,57
637,1567,1787,1755,680,124,1667,1718,1810,244,1713,1581,1048
1816,796,278,1010,1176,1778,1578,144,1787,225,1447,1718,524
1489,1788,1653,1529,1781,1674,1772,1657,1617,1829,1755,1812,1484
1780,1689,854,1849,1634,27,1592,1526,1552,204,1820,1714,1567
1701,1690,1554,567,83,145,1568,1624,1658,1489,1720,260,1555
126,1808,399,1433,1843,214,1768,1741,1636,1551,1841,1668,136
230,435,1678,1484,88,59,1852,941,1655,1598,1900,1562,183
990,1856,294,1807,1507,1047,1537,89,182,1845,285,203,1758
870,1720,1726,1515,233,1807,126,1852,1824,901,1678,1621,1982
1608,1896,1484,1972,1804,1798,1729,116,1737,1677,1396,1365,1819
1623,1645,1900,1670,1856,1526,240,1723,1351,1663,1940,110,1960
88,1392,1837,795,1971,1773,1737,1744,136,798,1926,1201,1575
1835,1959,1501,176,1731,1857,1700,329,94,1845,1032,1809,105
1170,770,1485,1801,1617,834,1693,1609,1715,1676,172,1689,1976
1962,1551,287,837,1049,197,1628,1004,7,1618,1760,1790,1370
1793,1847,41,1678,222,1586,1551,334,239,1905,1646,639,1962
245,996,1488,433,1371,121,648,1503,1938,1610,1541,1507,56
1947,129,1770,208,1936,1790,1852,263,318,124,1784,664,1760
1533,1837,205,1912,1792,1957,1605,1137,1593,210,325,102,1319
665,1669,533,1728,228,226,1652,1485,1374,1559,263,1947,1655
1793,1806,1540,1759,981,288,298,1764,1124,1681,1730,1496,1529
1677,1801,1767,1477,1810,1356,1751,1673,118,996,186,1072,117
1852,707,709,174,210,617,1627,1114,27,1682,1905,1396,1956
1770,1668,1571,1817,1719,847,131,1767,651,700,1661,1851,1601
1389,1701,1910,1833,1827,1853,686,1849,1551,784,287,1699,1667
93,587,1662,1941,782,169,1492,1701,1000,1372,1732,195,1845
1578,1556,289,1482,1687,1549,320,1715,306,1554,400,46,1657
1572,1830,1501,1840,1843,1476,518,1741,564,251,1644,1373,1621
1704,1773,1534,25,13,245,224,748,347,81,969,208,1604
1559,1607,278,1743,119,1532,1852,1782,169,1754,139,14,1956
1318,1485,351,1553,1875,88,232,1774,80,1729,207,1192,1068
1601,1627,1502,1843,1762,1684,605,1530,1668,88,737,1575,1899
200,1830,1740,1708,1633,570,625,1649,83,314,1709,1673,110
105,1138,85,1602,563,1565,247,177,1686,1840,701,1277,1525
1649,1671,1689,1831,1580,1759,1672,1634,1548,484,1744,113,367
1563,681,1747,1768,1661,692,1562,617,1541,1692,1624,1912,1749
77,328,1796,865,1365,1776,1022,1619,1391,153,1756,1747,1594
197,1511,729,1756,1745,1103,106,1694,1770,1751,1675,1508,1247
1848,1731,1839,240,1595,1598,234,252,1820,1906,1254,1622,1033
856,1838,1679,1331,920,336,981,501,18,1614,1676,1744,327
251,1519,1585,1356,1908,1167,749,1896,123,1741,1540,1673,1699
1514,168,1318,1537,1665,1533,527,97,1913,444,1960,1698,1818
1217,1614,1573,1809,1505,157,323,1838,1786,1601,1506,64,1714
1158,1342,1381,1910,1777,1170,1352,320,1947,1323,1697,618,1235
1836,1847,268,1678,1819,1050,1487,1707,1797,1614,1815,1494,1634
1650,283,1906,1869,1536,151,292,1483,1580,995,1647,1712,703
1612,1913,1735,177,225,597,1725,1537,542,1635,1565,45,1644
1782,1793,133,633,1491,1575,1980,1907,1839,298,1311,1564,81
178,1847,1532,187,1618,1974,578,1555,1502,1737,1603,179,1574
1741,311,1793,233,1576,1624,1657,1686,1689,969,1379,1479,1333
1668,251,361,268,1491,1238,1540,1323,1734,688,1645,1513,1839
151,1588,787,1895,211,209,40,87,1672,1792,1608,791,1770
1566,1836,1899,1846,1717,1567,1510,1580,1767,1619,804,1857,1656
50,1649,152,764,1713,1506,1791,85,1792,1721,1827,1224,1779
1777,239,1652,1628,1490,1664,1703,1119,266,1622,1743,1613,587
1789,288,15,1646,1639,155,1620,1830,1727,1726,1523,1870,1537
1832,113,1786,1555,1808,1974,1742,1911,1504,1848,1366,210,460
897,1777,1742,1500,1503,1531,1551,299,263,1783,1845,1696,355
252,1694,1520,1856,1585,1698,1773,1742,1806,1578,1658,1633,87
1713,207,1835,941,1958,119,1686,1584,1387,1476,1947,1570,164
1594,261,1700,821,1511,1692,1006,1740,1637,1850,122,1525,175
1610,188,151,380,128,1070,260,1711,1626,1527,228,129,1729
1013,1629,1829,97,1818,188,1496,202,1640,1842,80,1694,1623
1585,1238,1669,1505,270,1412,1572,1909,1626,1503,284,1529,1763
1796,783,687,1590,83,1685,1539,1671,200,945,1730,753,1703
542,108,657,207,760,1605,842,1641,1829,1557,1833,288,102
1627,80,1573,1689,1500,1578,299,1856,706,1610,135,208,1597
1553,1487,1643,246,1435,1499,1827,1501,1524,1514,1840,1586,1732
578,110,728,1856,142,258,1775,1683,599,1479,1805,183,125
1552,1765,1675,1410,1567,1692,1601,1498,311,1584,1929,154,1720
190,1827,1787,1905,996,141,396,1609,174,1743,95,1636,252
1745,1546,210,1772,1692,802,1522,101,298,831,1306,1935,1517
701,1912,1570,1670,946,1206,163,189,1849,1039,806,1518,193
1709,1811,1961,1661,1698,1354,1855,327,204,1913,1734,1828,209
1686,1654,1636,1682,1512,162,793,1638,1839,857,1499,560,131
136,1410,1844,1855,1931,1570,174,1010,1735,1633,1514,1849,1852
1392,1129,156,1748,126,293,1739,124,1666,600,903,1798,1484
782,58,1850,1614,996,1606,1750,1753,1563,1856,142,1834,1555
310,1641,1310,1810,199,1772,264,1695,476,1845,1715,786,1721
800,1502,1046,278,480,216,1847,1533,857,115,1857,1822,1952
278,1704,1574,1373,1680,1671,207,1621,1269,1848,1617,490,1754
1912,1602,1790,1871,637,1622,1635,255,200,249,24,269,1758
1557,1815,624,1651,206,1388,1241,700,1771,1070,1749,997,1088
1788,123,1782,311,238,200,1728,1607,611,255,1585,1475,1912
1829,1294,327,287,193,1481,1482,196,1971,161,980,1723,1627
1848,1807,304,234,1906,1792,323,1502,1783,1766,1857,1626,1524
700,1483,1513,1633,15,1486,1857,825,300,167,1804,1926,556
1980,1102,804,1684,1008,78,1692,1467,1710,1700,1644,1465,147
1608,1759,383,1650,1633,1549,1657,1600,1807,1836,1626,934,1695
1602,1735,1586,1659,969,171,775,1822,1718,1581,1524,1660,716
1659,1751,1753,1661,1619,246,665,177,1510,1504,1783,1558,1006
50,1645,289,1495,1571,183,1492,1103,1936,1816,172,1476,1683
1792,1850,173,1746,1579,1819,807,1733,339,1576,1822,1517,1582
1905,365,1612,1757,1947,167,1531,77,158,290,1547,202,1820
1740,1485,130,1490,1498,1580,578,707,1714,1712,123,1793,1775
1555,1706,337,1537,1678,1570,1471,1541,1810,1097,245,195,1638
682,1840,1741,1529,1794,1659,1906,760,1546,716,1803,228,1509
1740,167,28,1683,1672,1720,1792,1856,1641,1835,1088,1703,1437
278,1813,239,1720,1528,107,1988,1224,746,407,1783,191,498
1703,209,544,423,1691,1856,1839,1527,1783,1507,961,1751,451
651,1607,242,1586,1836,1606,1653,139,1581,1185,266,1849,1725
304,1849,1698,1073,1553,1714,100,1832,1084,1769,1540,1624,1549
1378,1531,1589,212,1749,1574,191,1211,1482,1308,1890,235,942
137,1659,1292,1384,1772,1641,1583,1643,1946,766,1700,143,1664
1319,173,252,1706,1817,1758,78,536,114,1746,1330,151,1608
139,1482,300,1568,1356,1632,329,1731,497,1531,1592,1965,1085
1703,1336,1683,1737,81,1767,801,1475,681,238,206,1763,1825
1944,1491,1502,1662,1770,1365,429,609,1581,1781,964,826,131
1798,1333,1535,78,1832,344,286,1354,1543,1679,1492,1595,321
1695,1716,317,500,1675,1580,1717,1782,1743,1619,1856,96,79
1819,1745,215,1796,1791,296,1540,1790,1777,201,1501,45,1654
1822,1711,111,1410,1830,1571,1162,1612,1627,958,1527,305,207
1550,237,208,1988,1940,1486,1501,1502,1734,295,1601,1653,1857
1013,1544,1781,1630,132,1650,533,1077,122,1569,1394,1908,998
1771,486,1299,1733,1482,1609,1785,550,1010,1447,159,173,1550
665,1558,1829,1797,1781,1686,1779,515,1627,1560,292,1590,221
1908,1785,1816,1643,194,1741,328,1558,1892,1629,275,210,196
1701,1692,1595,1606,1613,1583,1560,98,1734,284,1907,1510,1853
1641,1497,763,1949,1368,868,817,488,1907,219,1697,1751,112
1839,1387,1141,879,1743,276,252,787,1762,1507,1819,223,141
1975,1780,152,113,110,160,1667,174,1693,1704,231,1695,1901
1651,1709,1706,1770,230,200,1383,687,543,1242,1619,1945,1481
1756,1771,312,1829,1878,1644,172,100,1854,1507,298,1367,1612
1095,1764,747,1607,1741,409,1702,1664,865,961,1516,1849,1624
1699,1545,131,760,804,1673,1749,1908,278,1836,1786,1853,1939
1662,1810,1834,1362,1669,1965,316,224,1516,1905,1711,1632,1761
1716,1777,1634,1837,1913,1494,235,1688,1529,1839,1731,1595,1582
1798,1853,1789,1786,1741,1793,1547,1630,126,1792,1491,1857,1352
1540,1606,1707,1485,205,770,1821,786,1854,1620,1819,250,567
1507,1564,1806,1787,1702,331,1611,1716,341,1505,224,1560,649
766,1834,635,1790,1799,195,1588,1686,707,221,144,1922,1854
155,319,807,1630,1658,1279,89,1728,1733,1482,1897,582,1504
553,1616,1771,164,1305,1652,1774,1501,1640,1624,728,1584,1072
1544,1755,1584,142,1640,546,1735,90,723,1596,1487,1786,165
1544,1838,1526,1728,3,1939,88,141,1593,248,245,1675,1671
1223,801,1645,145,1592,888,266,1687,184,259,1922,1541,1725
159,1511,1695,1935,1846,1930,320,1177,1579,1547,1753,1718,1137
935,377,1722,1526,1665,1475,1581,1365,1764,1806,1855,1851,1553
834,1801,1691,124,775,1769,1727,455,1274,132,110,986,141
1384,1021,1847,1529,1625,1227,254,1736,1785,1939,1591,1482,1773
168,1060,1839,1856,288,1485,1322,244,119,1577,1779,1036,1449
1792,689,163,1830,110,152,4,197,322,1243,1692,1819,796
1488,1833,1585,1658,1715,1515,1661,1647,273,1397,1539,274,1795
1610,1548,1379,1800,1655,960,1328,1624,255,825,1783,1354,114
1504,276,1896,1621,1822,127,1777,1234,88,1268,1769,77,1590
1857,1909,781,1682,1636,1491,20,1319,1700,1930,211,87,1970
1541,149,130,133,1610,1353,91,209,1203,1689,1553,541,698
1687,1585,245,1510,1900,444,324,1070,1715,1826,1391,1557,1789
1643,1391,1693,1911,1700,1697,1811,1660,1541,1804,1813,1590,1569
867,1498,1716,1488,1356,1565,198,1797,1500,1761,55,1501,1746
286,226,1602,1785,203,121,1531,408,1563,1528,700,1633,1958
1522,1808,124,1798,1779,1613,927,299,1678,1703,732,1142,1723
1616,1738,1714,1703,1823,1805,1528,1485,1697,1762,122,440,954
1839,1688,1846,1637,1685,117,13,1547,1895,283,1968,526,1620
1595,1801,1535,222,1593,1735,130,1603,1665,1488,211,1550,1849
1828,1663,1691,1949,112,1522,694,26,1498,1907,1623,1927,1542
1707,206,1970,1700,964,1481,1117,882,186,1911,1795,313,1708
508,1969,1659,1802,1507,199,1595,1776,1498,81,1495,87,1484
1557,492,24,163,1476,55,1752,1705,1966,1709,164,1803,486
1848,1775,1797,1704,1754,1684,185,1826,353,218,784,90,1550
1737,839,129,1668,1355,326,274,1748,1756,1488,318,1073,1606
1570,1500,1767,1623,1271,930,1634,1616,1519,1645,315,1703,1622
411,252,1577,1706,806,312,1839,1563,1834,1811,127,1414,1532
1757,1534,1685,526,1853,1813,1625,1801,520,1255,1598,1540,1286
1134,1691,957,394,1700,782,1832,1783,561,1749,167,848,1503
217,1568,1763,1794,1495,1565,1648,1586,144,1735,1709,1754,97
1659,1838,849,1716,979,1305,1792,1500,228,649,277,1359,145
1503,1849,1607,1162,1317,83,1636,780,220,1739,966,1480,127
1600,164,178,1975,1498,1180,1799,1772,1912,1754,1715,1099,1584
792,1591,1521,161,1856,1354,156,14,1654,1617,1776,135,1061
1717,1361,155,1912,705,1264,1769,1490,1783,1580,1543,1794,590
1546,1662,1607,1840,1146,1002,1636,1843,131,147,1853,1382,1739
1844,1509,1751,1536,1496,272,857,1755,1962,1670,1778,1657,1649
1539,1955,136,1812,58,190,324,1279,240,1735,1576,54,1503
1639,1504,256,1663,250,1548,149,1797,1516,1922,1830,707,1254
1569,1572,1975,1807,1799,1773,1895,1106,1243,1804,521,1643,1481
1600,1491,149,892,1563,1559,305,244,1645,1588,1532,162,1842
146,1595,1550,1837,293,1844,1810,1524,1628,1691,1551,1779,1534
96,1695,1369,253,1608,1774,1532,1464,1846,1548,1390,1796,1530
222,214,596,1718,1600,1555,1717,858,1563,896,200,1922,1516
1566,1658,567,1794,1765,172,1698,1366,1734,1563,1534,1793,811
282,498,1331,1632,1838,1608,19,1705,1657,1570,4,1739,1799
1639,1337,279,80,1664,576,1492,1790,164,322,1797,830,195
1616,451,217,1510,1617,1511,1594,1791,1480,1686,1707,1672,257
114,1411,1842,1628,197,1724,1064,1577,167,702,89,224,1670
1650,480,1781,1652,1598,992,1751,317,1511,1804,1612,1801,1513
137,1571,1738,1650,20,1480,1656,1786,1432,1910,1578,1951,1595
63,112,291,1579,1662,1486,433,1728,1592,1269,1384,1687,912
1570,113,190,1383,1622,1682,1794,318,283,1811,1549,1533,1908
1756,904,1620,1303,241,814,1514,305,404,1578,195,1555,1720
1649,1494,711,1722,1832,1953,684,298,1523,1808,1806,1651,1547
137,1738,255,322,1556,295,439,1686,1839,1578,1529,292,1580
1603,1819,631,1178,1718,1855,1747,1650,1115,1800,1511,1365,583
463,1075,229,1487,1908,257,313,1724,1832,1785,135,1828,15
1835,1909,219,689,1687,1180,516,129,1394,1543,1167,1565,1118
1763,1659,186,88,1695,797,93,1658,215,1622,637,1697,95
151,1853,26,1674,1747,1536,1776,1740,259,142,1142,253,1615
1538,1553,544,103,1390,82,1811,1603,1186,518,1494,1625,1533
620,1946,1630,1740,1677,726,1705,94,1697,1680,1530,1599,879
1815,1890,1607,1526,217,1543,1736,1783,1652,1804,278,1718,1809
1519,708,185,1692,1743,1283,1961,1631,400,1704,1483,1752,1687
1804,202,1795,1192,92,1100,1667,1615,1002,1524,1626,275,1643
859,294,1590,1888,1531,1388,1681,1969,105,1699,1630,1505,102
1811,1506,231,1820,1848,1711,1538,1484,252,242,445,1583,1826
1320,532,1802,80,1525,1820,1829,1766,1607,1803,136,1501,857
1550,1803,1687,1631,1541,298,1845,44,1581,1386,1500,1910,1394
264,562,469,1783,310,201,1566,1583,293,235,683,1060,682
1830,1522,1486,1360,1664,150,1808,1488,1502,1649,1745,1963,700
200,1248,1805,1641,1594,1750,1629,808,1508,282,1500,969,1777
1690,1762,1124,1677,1699,1801,1666,1447,228,1591,1889,698,1829
1286,1777,891,1508,1732,278,1712,834,1719,1700,1751,190,1479
122,39,700,1215,1631,1078,1545,1893,1773,46,1982,123,879
1651,1811,1555,1945,1592,1905,933,1749,1073,140,1538,1552,270
1738,1718,717,262,1671,1781,72,552,1975,1693,1035,1502,1686
1857,1541,1726,1787,1709,1114,286,1782,96,1531,209,1497,240
1574,1819,445,1607,1231,302,1277,1571,1660,1508,125,1986,1790
1511,1831,287,127,1379,269,825,1638,1692,1653,237,1591,1620
208,1489,36,796,1483,1688,1618,1741,161,1516,226,960,245
1394,1710,1659,431,93,1637,1514,1570,1606,152,115,1494,1515
1626,1909,1913,1799,1683,1728,1735,260,1763,1624,130,1648,846
272,306,1662,1588,1498,1344,425,1615,1814,1604,1777,1475,309
282,183,1520,1522,1601,1790,1636,824,1486,120,1829,1758,1071
1948,108,1505,1750,185,1523,999,213,81,1597,1610,966,1766
1532,115,1818,1820,1811,262,1791,1744,1786,15,1728,1774,1547
1847,1527,223,1614,289,152,1050,705,201,1927,1567,1558,1177
1638,1767,1711,1672,1635,736,1753,1892,1240,1352,1667,1783,1126
262,1660,1645,1501,1715,1762,177,136,774,1276,1589,1118,1476
1502,1770,1579,208,1658,1175,1305,121,1763,103,1823,1516,1903
1648,1397,1591,1906,579,1792,1606,220,1702,1072,1548,1640,1375
1195,280,1646,1669,1829,1520,1617,313,942,1689,1535,1770,1807
1575,150,118,1774,1711,1579,228,1640,701,1787,1105,172,1537
1675,1589,90,1620,1631,1825,1896,1130,259,1832,1783,157,1178
1763,1826,1759,1777,136,267,95,1677,233,1219,1598,200,1760
1584,1542,1608,1520,361,1657,1548,384,1841,112,1764,130,1771
1590,1478,1733,1092,787,1203,1724,782,879,1819,141,773,165
198,1488,1583,1754,1714,195,1487,1811,1735,1801,1546,1680,1647
960,1776,1538,110,403,1909,1818,1162,208,1789,1850,1606,1601
248,1822,1546,1910,1451,1740,1524,308,1694,1772,1751,1708,759
1623,1522,1833,1842,1927,1679,1809,326,251,1579,1785,1580,1555
1615,1216,1555,1831,1562,120,1752,1832,1750,304,1913,1628,1379
1847,1680,304,1604,1851,1741,1597,1583,1761,1486,610,1524,85
1169,237,1658,1052,103,1719,1537,1250,1659,84,1372,374,164
1729,1722,110,1796,1593,1975,149,1524,709,272,390,1721,961
1489,1514,1836,1769,1734,1550,310,1768,1372,1526,1551,1589,194
1781,1763,156,159,1526,1722,1912,303,1595,1624,1156,505,161
1489,95,1567,240,1075,148,1557,1653,259,1834,108,835,1606
1275,1892,1802,1030,159,814,1551,214,1616,235,744,1969,346
1476,1854,274,1478,1123,1849,333,1779,1753,1597,61,1861,264
1645,1756,1625,1542,1708,1670,1811,1758,1695,492,237,968,1590
1813,1510,1850,1334,532,1575,1585,1631,522,1524,236,1573,1670
1754,1819,1833,1730,117,1308,1378,520,225,1196,698,413,596
1093,1635,1821,1647,1793,1136,116,273,1948,1501,1033,1730,1494
893,87,1763,1565,1617,249,1559,88,1537,1640,1822,38,1755
1648,1039,1625,1745,1359,1962,536,1836,1622,1551,1790,1435,1650
1748,117,1972,1391,1799,1414,252,24,1832,1066,1637,1025,1720
1965,1564,263,1775,715,1628,1698,1547,1159,194,1512,242,1383
1766,1644,1536,189,166,205,1808,1760,1929,288,885,1582,1634
1756,86,1322,1125,1440,1687,1853,100,1708,1593,1783,67,1512
1978,1154,1566,1646,141,1677,1828,1857,138,1594,1829,769,1710
1560,171,94,1705,144,1687,1985,1706,203,325,1648,127,1810
1675,1648,291,1586,1791,1828,1854,1543,722,1578,1832,1784,1560
693,172,68,1540,358,1623,197,1790,1493,1695,671,1519,1223
320,105,220,199,1778,1575,104,579,1703,88,1699,1669,1655
1800,221,1528,1792,1594,1761,596,422,1490,1653,171,1576,1568
1583,540,95,221,1781,1716,1511,375,33,137,172,1361,1563
1576,1676,597,1656,1655,1649,1956,1854,1477,1821,420,1693,1531
106,1800,282,443,1534,208,1611,1484,1713,1763,1590,1789,1370
225,1666,328,1636,1705,1657,1854,1560,90,1862,1521,1646,1825
1602,1608,788,1273,1913,300,283,1741,144,119,221,1361,1565
75,503,782,124,979,207,172,1815,1818,1567,58,1894,1869
1959,1491,1770,1587,240,124,1540,1547,605,1853,1599,1857,394
103,1906,1546,44,1819,1514,1395,1778,1244,1313,166,217,1515
1514,1761,1734,972,1689,1637,1606,156,1608,1676,1687,1639,1908
1614,1748,1771,1618,1765,1828,1727,1941,1587,1487,984,310,294
1686,1762,260,1696,1908,64,1765,1853,1600,152,1749,1741,1824
248,203,1782,1837,1642,851,1532,1790,1843,1758,1725,266,94
225,1759,1519,1111,263,1847,1951,313,786,153,1819,1174,164
1831,1699,1654,269,1603,305,986,1320,1794,14,1941,209,747
902,1517,1388,1737,1576,1794,1322,1969,368,1766,1847,1758,1703
1971,1558,1654,907,1630,270,1117,1907,1618,1646,722,1803,1702
1944,518,385,44,525,1650,1720,1619,1714,1549,1838,210,1846
1827,1717,177,398,1702,228,1622,1711,294,803,1821,1518,1972
1697,1824,1748,1576,1938,103,1662,1693,1551,271,1488,1556,1754
1675,1485,1741,238,1816,1504,1613,339,1605,1332,1582,1685,1056
1794,1651,1551,658,1954,1549,1304,1909,930,1687,215,1698,186
1610,116,544,1732,1797,1565,36,290,1580,717,840,1692,1826
1657,1496,1729,1838,787,1807,1965,1946,1529,1627,1535,90,1911
1522,1655,1977,1523,1140,1499,1591,1411,1790,1768,1796,1783,1910
1684,1840,1389,1540,714,1658,35,1842,987,1376,82,1983,1932
1072,1724,1086,1530,1837,1631,269,1855,1824,285,113,1784,1821
22,1745,1823,194,770,145,963,1541,920,410,1535,541,1563
1755,1268,1511,1515,310,1177,127,1713,1688,1559,1953,80,1530
1659,1790,1777,1732,1051,1069,317,1773,1806,98,1720,1523,1520
129,1333,1669,1826,1798,411,641,1499,39,1825,158,1604,1623
1479,271,1833,1686,1877,1559,1718,1512,1401,107,1241,118,1515
1262,1546,63,1703,139,1768,1354,1501,1481,1682,300,1502,541
1694,1811,1270,1754,1740,157,1583,1512,1977,1532,1723,1623,1956
1486,1958,1619,259,1551,1495,1596,1759,1485,1233,1581,209,1480
380,1616,710,1844,1851,1812,145,1706,99,1571,929,1568,1633
220,194,1492,1583,291,1683,705,1634,1362,407,1608,422,1723
986,1570,1731,1478,454,1505,246,1851,1641,1383,1838,153,644
1555,1670,1737,1678,1740,1482,1749,1086,1724,1775,1760,1140,326
1232,239,1812,1506,1569,1785,1525,141,1530,1660,169,1587,1630
631,1582,1627,1549,1905,1825,1907,1671,1641,468,1720,1138,318
575,57,86,198,112,1855,1778,1669,1547,1712,1577,1718,163
1787,1799,1609,1341,1820,1519,1550,123,737,1513,488,1573,345
1613,1521,1025,855,174,1574,1034,321,1847,1655,530,1602,83
1510,1559,1608,295,1696,1236,1621,1681,1758,1233,1394,1520,1909
1790,1483,111,1813,266,1824,1812,362,1564,286,256,1811,1796
1278,1544,321,99,1971,677,1478,1782,1714,1570,1542,318,198
1686,788,1740,200,1084,1530,1856,1829,1800,1837,1563,503,1969
1508,567,14,160,72,1797,1791,1719,1613,1481,1524,1518,1370
1563,184,1833,1808,1601,1632,1848,100,191,1743,1039,1498,222
319,1789,262,1664,1849,1784,1637,261,1654,1710,1559,543,1837
221,34,325,1562,64,1495,1830,1564,1818,1596,239,292,177
1562,301,1504,1661,1675,1559,549,1790,227,294,1838,128,115
1527,1500,1818,1546,670,1148,1764,1339,613,1573,1970,1866,1855
1815,1486,222,1705,1809,1840,1987,1504,4,1586,413,1760,808
1612,1803,251,780,1752,897,1801,890,1963,1940,187,500,1980
1637,1581,1534,1801,285,1812,1604,1338,156,82,1576,1546,1905
1588,1716,1799,1159,246,1723,274,1811,1791,1712,1789,1585,1797
174,1772,1558,1311,1786,1853,985,812,1911,1760,1565,286,1667
1847,1725,263,1588,813,1851,309,1504,48,47,1616,1698,1490
1810,1038,1503,79,1776,1565,230,1975,1191,1634,1710,1263,878
238,1602,1833,1974,1970,1677,1811,934,1492,1254,199,1893,106
1686,1762,124,932,1100,479,1536,283,1840,213,1387,1477,1081
930,1690,1976,1813,303,1778,1834,1605,1782,1177,1363,1829,1889
1540,1886,1750,1764,1712,1644,249,1784,537,134,1352,257,112
934,518,149,1668,1674,1918,297,174,1043,1770,1876,1536,1830
1666,1779,1588,401,1554,1657,268,1841,1600,154,1880,90,1601
1652,1754,1313,549,1364,1568,1905,1737,206,1874,100,319,124
180,1744,119,629,1521,1844,136,1774,1734,98,1887,1823,1768
1536,505,1770,1697,1815,1811,299,1649,1631,139,243,1749,1594
1549,1589,700,649,1682,1560,145,633,121,1365,1838,1840,495
28,1366,1615,1828,1812,702,240,402,59,1809,104,137,191
156,1763,1829,1668,120,1494,1698,1117,209,308,1722,231,1911
1538,1731,1811,1628,1502,1822,719,1960,1742,1598,1715,1673,1475
106,1411,1682,1854,1709,292,1615,1645,181,1652,1534,1769,1558
1600,321,972,1573,1653,1807,1385,1592,1751,701,903,1772,1796
1652,1476,1768,849,791,1321,1855,1686,1643,1563,1633,1767,1750
1527,1745,1659,219,1055,1664,35,1770,1718,401,1396,1791,1698
1596,1663,1822,1684,255,1497,251,1805,271,1495,211,744,925
1596,472,1571,1379,1591,228,1585,1311,24,1746,754,1837,285
1821,1837,1641,701,1658,1650,1795,328,1483,219,339,1579,1799
253,599,1289,572,1657,246,541,1696,1711,1545,153,1818,1481
1752,1572,1874,1830,88,1636,139,382,1538,1628,1494,265,107
336,1568,461,1973,222,114,183,158,806,1528,1693,1853,1932
1209,1819,793,1544,1801,1080,1957,138,1669,1576,800,1492,325
1599,1693,1760,165,1909,1248,1580,1591,1497,143,125,1684,292
1592,1913,1848,1852,305,1835,1784,111,211,1598,695,206,775
1793,296,136,1834,1345,1908,1664,1537,255,1689,1739,1764,1634
1610,1847,1705,1710,1497,101,309,1376,1690,1566,68,1391,1950
138,1543,192,247,1652,1383,111,193,1843,1884,786,37,1626
748,348,176,1480,1580,1517,1587,702,205,451,186,1519,1586
1758,1634,1030,13,1857,1804,128,1699,1785,1606,1416,145,243
1782,1616,271,308,1836,148,1394,211,269,1499,1828,818,1492
1661,1816,451,420,1580,1747,1618,1740,833,1700,1806,1070,1560
1496,203,1533,1394,221,164,1688,969,238,1581,1504,1782,1666
231,206,188,219,1741,1563,1657,163,1642,1951,1514,1673,1704
380,1708,1835,862,1552,1622,504,1519,1643,1487,847,1390,275
1509,807,1892,329,131,1715,1679,1786,454,1624,1713,1501,1807
1115,1556,1598,1849,1642,1673,1689,1563,406,1908,1821,124,1123
1953,214,1740,152,1556,1382,707,198,1559,1744,1686,317,1852
196,1577,1693,218,1004,1779,89,1965,1855,195,1628,1801,1586
1741,1794,1680,1951,1692,1588,683,1837,1836,1609,155,1912,1573
1675,1494,382,1521,232,98,1699,1681,1825,1662,1482,799,105
1541,104,242,78,1030,223,414,1528,109,1709,1177,1835,1810
1569,211,1906,1562,1825,1725,239,1817,1870,148,1802,1515,1807
1791,181,1038,1504,25,1488,217,1675,101,1804,140,1843,1505
1964,1619,1967,137,690,275,394,1710,1562,1771,1747,1703,1570
183,141,1638,196,1769,1789,1961,1568,1849,1526,1332,1563,1477
1697,1506,201,1481,1540,1512,1685,1856,1748,1274,1721,1555,1820
87,1748,812,1922,1408,168,1905,645,1119,1533,274,247,1455
1656,649,1531,375,1586,1805,1637,1691,1570,1669,1794,1605,1684
664,1778,1716,1910,260,1480,1640,1961,1795,1845,1658,1518,1953
191,77,1713,491,1605,206,129,1692,1516,247,1744,1781,1315
1678,1548,112,18,1565,1628,1818,1850,1846,1493,1852,284,1973
229,1545,1694,1584,1498,188,696,1912,1675,1622,1504,1715,259
134,1951,199,1644,1691,450,617,1804,225,1975,1683,1599,1822
1475,1722,1691,90,122,1809,1537,1576,300,1398,620,1506,1006
1657,1709,1837,1791,414,1951,1853,1685,131,1728,1562,1699,1660
1817,210,96,134,1696,1764,1524,1478,181,1674,1758,124,1554
991,1584,1000,289,1699,1816,98,1072,139,419,1743,1559,1701
120,1826,129,1852,142,546,295,1575,1849,1771,1337,944,903
121,1721,1303,1715,1772,1652,1987,1737,1834,1765,1814,1685,1784
1682,158,1507,1619,1552,1530,168,109,1758,1688,183,1849,1559
1551,167,1724,1539,1944,1365,1762,1789,1765,1828,198,761,1578
1719,1792,517,17,1396,1800,1797,1024,1716,126,1598,738,1777
1905,1638,693,1531,1480,1801,465,1500,1808,1767,1482,134,230
1563,205,922,1833,1851,157,1725,1613,1564,1909,1825,13,1845
1641,219,228,1852,1509,1824,122,1825,322,1705,1873,1783,1566
1694,1514,207,1752,186,396,1616,1815,807,1767,424,970,1518
1556,1651,529,175,1908,1515,1019,1943,1593,1241,1570,285,300
1560,37,273,1507,1604,1706,1963,1636,1573,1760,245,638,1639
423,1512,1497,1640,1054,236,753,1655,1584,1520,1842,1406,1563
111,945,1948,550,1535,734,1795,1573,157,1723,1675,249,214
1866,1387,1484,137,1676,147,272,1706,1513,1770,185,1563,1614
28,1642,1728,1191,1847,660,1503,278,1457,1519,477,421,1959
1710,1118,1483,200,1651,165,1729,1301,1798,1654,1497,439,254
1587,219,1669,1494,1895,1566,1675,1488,1385,1721,1180,1376,1456
274,1180,1672,1703,1711,1070,354,1514,1714,1692,1742,1649,220
1537,109,220,1514,1521,178,1479,1530,833,1884,1571,1195,601
106,1527,219,1687,1735,647,294,1426,42,1491,1827,1697,1541
1906,119,157,1368,1759,898,219,1483,1688,1757,1739,1950,106
1720,460,1516,1604,1519,122,846,1499,1511,513,1043,752,1963
1792,1767,1222,514,1742,1809,1755,303,1211,1930,177,123,1613
1534,1547,1836,164,1572,247,1604,1588,204,163,997,255,1594
1086,1627,1739,1676,97,1692,792,121,1674,975,1852,1495,696
1503,1534,1628,1825,203,105,1482,109,1817,1647,1736,433,1947
1783,1756,1566,1492,255,1192,1394,1483,1489,1671,1905,1632,992
1574,123,1689,95,1830,1620,1839,1632,1922,1521,1732,413,1619
1792,1764,677,1534,1769,932,236,1530,1844,879,1511,109,1614
285,430,1747,1809,225,1541,1571,1853,640,1184,1676,83,1946
1605,1822,1780,1824,1676,1476,1627,1541,226,1682,1222,575,216
1635,1725,1528,1615,619,784,1672,1499,701,932,197,227,442
161,1378,316,1537,1489,612,552,1745,788,1813,1277,887,80
1826,142,1669,1697,1773,587,1503,1521,1357,1828,88,1333,1737
1773,1556,1770,1908,834,1614,1960,1589,872,1825,117,1069,280
1590,459,282,1706,1795,239,1976,135,151,1497,1857,1598,96
1654,1738,182,513,980,1215,1082,1854,1353,106,1661,207,130
1673,1711,203,1685,987,1735,1562,290,1819,1709,1750,1816,271
1523,1843,1576,1678,1849,1758,1643,1822,1840,1181,1781,1876,731
1691,1071,801,1694,1669,1593,1625,85,231,105,1754,1489,1801
576,1162,1498,557,80,1698,1695,1790,1786,1816,1500,1479,1607
1845,1826,112,1800,901,1628,849,1762,1523,1418,244,129,1601
1678,119,277,1535,1922,1736,1384,104,1751,1721,122,302,1943
1771,1792,362,1753,164,1383,1549,134,234,1654,1483,1529,1638
118,1192,1806,742,885,312,1642,273,1477,1675,1826,1529,1805
1603,282,1854,1528,1723,1537,1368,1755,1840,1786,1514,1699,8
1850,1728,1663,1545,1957,1573,819,1535,1817,1987,1555,1392,1721
1947,167,305,211,980,1256,1149,783,1586,208,1675,1674,1643
662,1698,1684,1707,1749,540,299,231,1730,94,1504,149,1600
1662,1541,1654,1692,1844,139,1820,1551,67,1167,1936,1576,1912
1605,717,1179,1725,1818,197,1767,1772,1707,1586,1557,1983,1945
1813,1732,1482,1745,1351,152,1642,1591,1840,1525,1818,174,160
1550,1365,136,1975,1815,200,434,1832,237,1555,1505,1492,1911
1566,1674,1202,881,1538,306,778,1611,404,1687,998,1780,1644
1646,838,1609,1564,59,99,298,6,1634,1222,1522,314,1682
1826,1821,230,1925,1063,860,200,1511,1604,1512,192,398,561
1518,1813,1517,1623,164,286,1676,1782,153,1692,104,1604,211
862,1908,1682,1586,1628,69,1566,106,84,1467,219,1976,1674
421,1698,1948,1681,795,1731,1603,1535,1931,1784,1820,450,1567
1313,631,1674,1775,579,1597,622,1193,706,1476,1975,237,1968
462,624,1607,717,1743,472,705,1618,924,1617,1820,1805,1499
170,1739,1896,283,302,1113,619,313,98,223,1646,806,1514
181,1405,205,1013,784,16,1688,217,774,1508,807,1729,1799
1073,1742,1544,1707,253,1816,1715,1594,1637,1349,1484,683,720
838,222,1880,1516,1738,1939,291,1816,1761,1607,1786,358,68
1834,1922,1213,896,1517,1233,1757,985,1709,1822,1606,1767,1540
1356,1722,1100,137,1641,1366,1734,1836,1541,52,1721,1518,183
1595,1798,1381,1777,1741,1743,1709,1510,1644,1776,1765,1517,1808
208,443,57,446,1255,81,1759,1817,1638,1802,1906,1607,96
152,1741,1643,1505,1762,1826,131,1804,1555,1848,1535,1501,1631
1780,1678,1798,1685,1379,1396,1573,522,1525,669,1588,274,89
565,1644,1742,1550,317,1763,1562,1767,1839,1834,544,1585,1756
1636,1616,1588,1561,1383,1795,1903,318,163,167,1626,1249,1779
1525,1842,1850,1538,1813,1477,631,1649,1560,1976,767,328,327
564,701,304,1646,1850,1471,1504,930,213,1736,1647,220,659
1700,1644,1501,1894,1824,198,134,388,35,1967,1509,244,1310
91,188,74,137,88,1660,1736,316,1614,817,1657,1741,80
1582,1706,1784,1817,1623,1834,1533,1620,128,1480,1403,1479,1546
1686,1963,168,245,689,1762,844,258,1654,1852,1921,1611,88
1817,1550,1606,1799,1611,89,1476,1821,84,713,1517,220,632
964,1073,1661,327,287,1482,104,406,155,1484,1731,1835,1003
1720,1543,1657,1539,161,653,1844,107,1486,274,1769,420,1519
1728,1830,1951,1531,1727,560,866,1554,80,1613,1665,1580,115
1788,1619,1684,1848,1687,1740,1247,1713,1715,1972,1525,1609,247
546,724,207,1485,1694,1847,1551,1762,301,1380,1611,701,1824
315,1735,1314,1771,1752,1576,1613,1481,469,1783,1778,1676,1709
1532,1274,176,309,1805,1778,986,1394,1598,148,1589,1657,1729
1476,1663,1069,1930,1719,823,1822,1185,1832,1554,1844,1850,1811
1508,1755,1851,1225,1697,111,1830,1625,1700,1661,1482,1719,1795
1532,143,78,1679,1675,1540,1744,1959,313,417,1483,1743,1906
321,1598,1783,1804,1578,1521,312,1507,302,196,1650,1794,1905
211,1953,1624,194,1943,1118,1825,1614,89,1718,1814,1639,1776
108,421,1502,1605,1808,1780,1381,22,1335,765,323,1585,591
1590,1224,1619,318,1715,1737,1907,503,1566,1625,1719,1530,1792
1679,1623,1611,786,797,1324,1784,1340,157,204,1651,1372,1840
1608,1575,1803,1508,226,1672,147,1781,638,1335,551,1696,411
1670,1848,1643,1790,317,439,1610,93,1953,121,1555,1724,1687
1664,1549,1842,1641,1563,1596,986,1612,1778,1526,232,1848,1237
1499,1809,1540,1383,1789,1828,1378,1322,536,270,1580,1819,1681
719,113,1191,892,79,1692,518,1602,1828,945,96,100,1214
1546,1663,1961,1740,1848,1566,1317,144,1479,538,1834,1482,312
320,1596,1774,165,1112,1599,476,1751,1064,1506,1365,275,1702
218,1557,1636,1724,1951,1481,189,1734,871,130,1169,1686,142
1835,78,159,1670,1717,92,867,195,201,186,1695,1662,1783
98,1306,164,1123,612,1664,1607,1696,1795,1514,782,1668,1676
520,1544,1735,1432,524,197,259,1503,279,252,292,1666,1533
1503,1495,711,1380,1715,1550,1829,624,1830,300,132,120,720
1680,1637,1114,1559,1713,222,943,1699,133,1768,1825,1758,1807
665,1970,132,1739,1229,1564,15,987,1777,1910,518,1773,1262
1978,1103,183,1488,1042,1391,1690,903,256,1722,1793,1669,1776
1830,1856,1754,1752,227,1583,1909,161,1606,1821,1549,1725,1912
1840,223,1824,24,153,1764,1578,1926,1575,90,1684,1686,1596
1799,994,149,1542,1947,526,1682,1751,1580,1795,1952,901,268
1441,1787,1528,1506,1585,1527,801,1521,1578,1563,641,969,1707
1141,707,1709,1778,1624,1509,458,1848,1647,1845,326,1396,908
169,1908,631,1844,275,1505,1650,1547,1542,138,164,1790,1046
1823,1691,1484,1090,120,287,1475,1857,1540,1717,1086,1559,1846
259,1646,1200,203,1384,1525,1794,1375,1857,283,1478,1471,1831
1116,1725,274,1021,1797,1609,1753,1566,1802,1559,164,1025,155
1590,1911,1469,1648,702,1857,1485,150,1507,1663,1503,1587,245
1524,1689,408,1752,151,1742,296,1908,1719,1767,103,794,188
1906,1785,1658,1811,1529,537,1581,1685,1683,1783,193,518,1835
169,1747,1572,1846,1733,84,1786,1868,1857,157,1408,1676,270
1623,1856,1862,1497,1755,1570,960,1672,126,1941,252,1660,1647
1764,101,1696,315,1562,1635,1870,1618,1535,1627,1960,1838,1773
1508,1478,1381,1768,1649,165,322,1668,1595,1796,155,88,1628
1506,1373,1486,1602,1825,1634,293,1950,1531,1764,111,194,57
636,133,1960,681,1115,1604,1592,1000,1798,934,120,1594,1648
79,42,1383,1551,587,1344,1654,733,663,251,1679,1475,1823
1652,1503,1754,1499,1678,1807,1547,43,1762,201,1656,1726,1731
1070,303,202,1582,1064,288,1507,1819,1714,1399,1613,1798,1736
1625,879,185,1791,1686,1073,1742,942,1708,1556,1826,781,198
991,162,219,211,622,1822,1141,1819,1677,223,398,1841,182
1485,1856,1483,1673,8,1681,1513,1512,1787,1614,782,1356,1662
1640,1619,1965,1507,1478,1674,409,1580,1819,1505,1603,1757,144
224,1531,1517,1812,1712,1269,861,1581,1727,1373,1661,246,1822
1071,1617,1641,1838,1652,175,58,848,1514,979,1649,1551,258
329,1638,1681,1943,1697,1827,1923,1625,1771,1821,1765,1768,1764
1499,1751,1846,533,1682,1769,1763,1322,129,1512,151,438,1696
89,1913,1746,824,1595,1835,1490,1834,678,306,1494,1498,162
1778,1371,1960,559,181,1035,467,1683,1627,1640,1083,186,1774
1528,1849,1567,69,1948,1363,1664,1563,385,1615,1514,1486,1681
1585,28,1973,1684,548,1200,109,1637,224,154,1508,1623,1552
1840,291,1777,1681,1805,1571,1530,1623,1696,1494,1846,1749,1815
1823,1565,113,798,1768,210,632,730,1759,1335,1571,170,1764
15,1753,1699,1767,1847,700,1686,102,1591,1905,1420,587,532
703,24,1395,1505,1772,1855,196,1672,1798,1645,1673,672,1497
849,1115,1357,42,1720,1616,307,1593,1909,1505,1714,1518,1034
1621,254,1696,166,306,121,1269,1795,804,1969,783,257,1636
182,156,1657,1538,1835,1631,1603,289,1569,1776,1819,160,1752
1501,111,1395,437,1417,67,1721,1532,1981,1735,1564,1849,1488
1749,1841,1580,1604,1514,253,1768,1576,1597,175,334,241,1548
1731,1500,901,1505,1823,1550,596,1069,13,798,97,134,1946
60,1948,847,178,108,1552,874,1910,1854,1733,1778,1480,1888
1597,1378,226,1972,1558,1484,1624,1615,1612,1321,142,1539,1779
413,269,1680,869,217,1854,328,455,129,114,547,1159,974
127,1608,1712,1831,4,252,113,700,942,1789,1575,1277,193
786,41,1601,1509,1649,1776,1799,1249,1768,1522,1628,123,1517
256,1391,1734,1598,1563,1311,1629,1530,214,1502,1686,1647,1709
46,1763,1662,1810,1648,1826,1909,1832,148,1378,1846,1815,95
1698,1723,504,1633,178,1657,131,375,1811,1125,1540,1662,1655
15,105,108,1850,1645,188,1694,1810,693,390,1508,267,248
1727,1831,1062,1511,1687,1846,1611,1744,1533,199,1366,1720,1959
1794,1666,1201,1872,1583,289,103,1644,1763,1828,111,1477,263
693,587,236,93,1526,1498,1850,1798,1844,1485,15,1831,1846
1657,253,153,1703,1830,1516,1090,989,1850,467,101,183,1689
1553,1489,200,1823,196,1779,1857,1484,1386,1817,1825,304,1894
1244,1491,1658,258,1043,1715,1501,961,1378,1033,1793,1498,791
1977,1569,1687,1521,1487,1511,1666,42,1559,14,1793,1340,1531
1614,1554,1197,1084,201,1757,1662,1693,1530,1897,1714,234,1809
1778,1511,228,1747,962,1587,1967,158,1725,1073,1614,1846,260
1630,1695,91,1094,168,1301,1865,1927,932,1636,1952,1605,1930
1909,283,171,1539,209,1588,1561,1692,1092,1620,514,1575,1251
1656,1608,396,776,1806,1795,149,1724,1662,351,1722,1723,1842
1100,1737,1520,1623,1849,204,1615,1282,1395,244,1553,1370,308
1852,1366,1618,287,1677,1703,1057,78,1682,1612,1788,1973,281
1687,1696,1601,64,1794,1539,1768,1653,1812,1763,1186,1960,1742
110,1511,1583,128,784,206,1823,108,1788,115,916,286,1747
1363,1643,1532,1843,1510,1842,255,612,1805,1629,1663,1779,1894
1770,1759,1910,1380,382,301,111,1582,159,1618,1518,1718,1625
1662,322,1930,1628,1826,106,533,574,1618,1816,146,1086,1779
319,828,695,1531,1564,848,1680,518,1621,1854,1733,1528,1846
109,191,1777,1812,1714,528,944,550,1763,1568,1608,1531,1605
190,1396,216,1793,1786,896,1754,106,1664,267,526,258,1846
1698,93,216,1876,1027,750,186,1970,296,1685,1767,372,659
238,81,1634,190,404,169,1381,87,1495,1551,1963,1770,1757
1511,1649,237,1961,263,290,803,1597,1839,1852,171,1608,1760
1774,1638,527,1682,1646,1480,1648,1811,1344,1497,1708,1593,1573
1611,311,1770,119,1587,221,1895,171,1544,322,1522,188,992
1493,1594,1559,1850,1742,1749,1597,607,320,1064,118,1500,1492
1583,1735,1609,140,1485,1077,994,1479,1671,1892,295,1611,1481
1855,1617,1674,1065,162,149,1614,1679,1826,470,310,1728,1798
1770,1975,1844,796,1708,1606,1648,1703,1816,1392,1520,449,1609
1308,439,1560,1748,1620,1716,1432,1535,1567,456,1353,957,1705
201,1572,1696,278,1765,704,186,1369,1574,653,1786,1717,1690
1553,1529,1002,1652,1599,1614,1955,1401,1811,1675,1816,1954,1726
1778,1557,1805,1374,1501,1615,1713,1709,1629,312,1073,307,46
1625,1678,120,1449,297,1812,1951,92,1519,318,1751,93,1655
287,1512,1834,1071,1785,1758,1922,107,1574,1580,268,140,267
226,1657,98,1854,1849,1232,1545,1125,1488,1583,284,1603,224
209,1822,1141,806,1849,1814,1019,1704,571,1414,1677,1665,1894
1798,1702,185,1671,82,1706,250,1844,901,153,1581,1678,1623
1089,1833,837,1755,1573,210,1731,1554,1502,188,1764,1308,1567
1490,1599,1528,1812,1336,1655,1507,1055,1381,850,1639,119,1766
1591,1595,1673,1656,98,296,1845,197,1706,1911,1098,1365,1756
1755,1649,87,1641,1082,1478,107,1754,1752,992,318,1662,1797
1799,899,1547,1496,244,102,291,1769,1825,1761,1649,1221,1830
981,1849,1672,1599,1675,1828,199,1718,460,1702,1663,677,1342
1743,308,287,640,271,1614,1688,1535,1637,439,1811,1764,324
1656,1555,1699,1675,261,1802,119,262,1874,1691,1751,1769,1053
28,288,802,1972,1621,1683,210,1802,1750,1781,326,1643,1707
1700,407,1631,1849,433,1730,1172,1764,1512,1841,1821,1721,1971
1477,1908,1760,1905,999,1403,446,1797,1755,1608,788,1819,1668
74,1796,320,1812,1854,1512,1143,1908,262,1410,1780,436,1555
375,1139,626,110,1720,1596,887,1619,1525,1487,642,239,232
1860,102,1813,1560,289,1566,1956,1648,166,1643,273,1383,1217
1585,1753,1195,1766,1715,331,787,857,426,438,1476,801,1578
800,1726,1820,1597,1254,1713,110,102,1669,1759,1846,1519,1725
1729,1376,1381,262,1387,115,1225,1513,640,1717,285,1487,1562
587,190,860,1834,1594,133,1622,1541,1747,1769,1498,24,1902
167,893,122,1506,59,1476,159,1675,1867,1710,1516,1146,1907
912,838,1771,1618,221,866,1670,1576,1783,171,1546,211,564
1509,1023,196,1795,190,480,1608,982,1502,1701,1531,1549,225
1704,1334,1819,1549,1874,1513,1746,1489,133,183,859,1653,1667
284,208,235,1945,497,1692,933,1646,164,591,1706,1852,99
1475,1622,173,1533,1255,1849,1572,1746,69,861,1946,1620,1511
258,1560,1505,850,700,1369,177,1024,174,1632,365,123,1823
1262,1828,109,1684,1719,1492,1945,1501,186,880,102,445,1658
1808,1687,613,1717,1740,1846,1769,1575,1324,1570,1816,330,1668
1517,1843,1975,554,1164,1791,1268,146,140,1907,1501,1850,1735
1539,165,1751,1607,94,81,1476,1759,1519,1639,983,281,1860
1847,1772,1642,1840,1945,1693,1829,162,348,1602,1681,567,200
275,804,1036,179,1636,1200,1832,92,936,1834,1480,398,1760
555,1769,420,1480,1833,1543,445,273,308,1700,1831,1778,884
1791,1753,1653,183,1732,53,1518,229,1482,221,1648,1855,1783
1789,1791,120,606,1490,1546,1729,1702,288,1875,80,1567,1820
1762,293,239,1686,1689,781,215,1836,1769,150,1681,238,1560
975,1742,1045,1615,95,128,1583,1719,1807,1778,825,1901,1756
1475,626,301,1595,1847,740,137,1510,1617,701,1835,1852,1610
1763,1669,1576,1582,1043,116,1694,174,1546,112,114,1933,1160
1620,131,1833,492,1671,1810,1497,1366,1587,1634,287,1843,1856
1823,1804,309,1036,88,1906,1679,114,1759,1494,80,1613,1592
231,1578,1691,1766,1564,1830,1725,1658,1822,1824,1744,1709,618
13,198,1035,225,202,1828,890,113,1378,1740,265,1146,205
1649,109,1582,1728,1115,1672,174,563,1723,1750,1035,211,433
229,1593,1531,1825,1805,104,1792,1875,1506,285,1527,1488,1673
1480,1562,709,1262,651,1630,1942,1520,1760,210,1099,179,149
225,1534,1745,1787,1588,1595,94,638,1379,1190,1603,1295,1494
1751,1913,1805,300,1590,1163,329,1790,1747,76,1646,1550,1944
795,1757,1812,1759,1761,1382,1857,1642,1652,1516,1611,20,1730
1613,162,836,258,25,1514,1719,1332,1404,1707,1562,1528,1686
1573,1908,1684,1704,1494,1893,1705,466,1391,1516,1618,1598,1754
312,1835,1708,1740,324,1071,258,1955,293,1262,1699,1818,1716
1778,1693,97,1392,328,1020,1646,1837,1388,1505,1517,1609,834
1218,1591,1534,1574,1752,392,47,1390,1105,198,1580,668,1650
36,104,720,1807,195,1395,1174,1834,1645,1729,1710,1824,390
1779,1612,1648,1694,1610,266,295,1905,136,276,1644,1591,1497
1842,1535,1637,999,620,98,456,1894,486,1381,1846,1576,916
1668,703,1978,1573,1626,1630,1491,12,1589,1705,1938,151,1907
113,394,1637,299,1870,1480,198,1753,1497,173,1712,1536,878
1622,1748,1908,1521,325,1585,308,534,1511,969,1854,541,1637
1230,1594,1805,150,238,1480,314,1816,1620,1505,472,1706,1548
1909,119,181,1751,1569,1794,1907,1488,1537,1491,682,1869,257
1592,1856,1482,172,1810,932,1838,747,302,162,1594,1910,1804
1587,1730,282,1342,1830,1624,179,167,832,1559,1511,1561,1519
1612,1623,1517,1827,1793,40,1624,125,318,1785,1185,1556,1072
1599,28,304,1845,904,705,1738,90,1637,1488,1746,1940,1752
1743,1808,1744,1073,971,1752,1692,1739,1612,1691,1382,518,1854
1172,1642,1572,1600,135,289,274,262,1637,86,1668,247,73
1839,1367,1067,1502,1646,1522,1047,1679,1621,1064,216,1843,1812
227,1726,1637,1543,671,1549,188,1654,1827,287,819,1567,306
1030,1820,1575,1837,286,256,713,619,1646,1964,146,241,1537
1663,92,1530,51,1835,1851,1581,331,1394,218,85,1834,1823
313,304,1526,92,1693,693,66,1684,1642,235,114,1701,635
307,796,232,1691,1571,1554,1533,991,1498,1686,1252,1750,1641
1494,1790,1853,1660,919,1497,1762,1908,1955,1671,1075,1366,447
1571,1721,1747,1852,215,1773,933,1514,111,177,1541,1733,1505
246,1857,1735,1651,1764,1708,1948,1335,790,1745,1609,286,1832
1773,1729,1700,1381,1719,1717,1231,801,1599,307,1947,1977,1737
1775,1544,1623,1561,395,934,1483,1747,1736,1506,1803,1744,1500
1943,1843,149,1941,1935,993,1593,233,1583,1592,1537,1906,172
1554,1656,1639,143,1635,741,1857,1614,1093,1700,239,1649,1622
100,1913,1510,273,136,1565,1530,1163,1676,1486,1755,706,1139
1970,1580,1681,1718,1751,1723,1090,700,1335,1643,1608,1584,1515
1934,1694,1666,1741,1606,1539,1396,1093,321,1848,783,264,1846
1743,1570,1237,1709,1607,1659,702,1705,1779,76,167,769,1748
536,1616,313,1577,1594,1845,117,80,1827,825,1777,1123,219
140,1708,1705,206,1692,1724,1723,1782,1625,1495,1929,168,1615
1610,1589,1677,1482,1734,1800,266,110,1819,1700,1927,687,1843
1136,1761,34,1302,1982,1533,1744,1616,1985,1518,1613,1558,296
1493,201,1599,1767,1560,1476,1838,1776,1908,107,263,1563,1738
1779,1850,1857,119,138,1789,1754,1647,785,98,1575,1839,316
1750,115,1786,972,1721,1775,231,1789,1608,984,1490,33,1665
207,1540,1913,314,244,1749,266,814,1781,1678,1172,329,1394
1610,1222,1602,1391,1732,115,1667,1627,1699,1850,847,1532,1563
1603,1940,672,1821,294,198,1801,1941,1624,1535,1536,1551,1884
1621,323,1558,295,1805,1782,1561,1674,1610,1530,1337,256,80
212,1750,1504,480,221,1838,1762,237,1654,1774,95,1597,1673
698,116,1179,218,1763,1729,284,175,1837,1633,1390,1908,1495
1651,1542,1850,1635,1761,1498,1684,179,619,236,1762,1587,1556
1841,1634,1827,1643,1572,1537,1836,314,1796,1715,624,1839,301
1813,1561,1913,1599,1509,1689,1959,1731,1756,536,1643,1774,1819
1819,1741,1598,1750,890,98,91,291,1811,1731,1744,1798,1667
836,126,1797,110,970,1837,254,1615,1328,1541,1563,939,1478
1745,1609,1682,1693,32,1128,1551,1742,1013,1739,1655,1001,1619
1163,1540,1294,1448,1664,1093,1391,576,1815,1696,1673,1717,647
422,1661,322,1356,1711,1882,1701,1268,1736,1690,1570,1498,1212
1787,1190,1755,144,1575,836,1687,1057,1688,1506,1559,1557,1632
1569,371,156,323,227,1893,1814,1831,1099,1494,1739,163,1638
1739,969,1848,320,1547,153,323,1846,171,1498,1654,212,1808
196,1693,1667,1566,1394,506,1825,172,188,253,466,1497,1658
86,1750,1629,110,1513,109,255,1638,1752,1656,1320,1808,1721
228,311,835,1695,1945,1518,1497,1785,1801,1713,1797,1138,1665
943,577,1794,1449,242,1786,1949,393,1799,1513,1228,1830,591
4,1539,1509,271,324,758,1776,237,833,1841,1627,1569,1715
1803,1154,857,126,1393,1516,264,1738,1347,1812,1440,1957,1624
1298,141,1724,315,1390,686,1826,1526,1743,1608,800,1789,1906
1839,201,266,1811,1574,973,1741,217,1824,1620,55,1646,84
1576,1351,480,1638,1365,1797,1826,1194,1624,1699,127,28,1905
1172,1490,1330,1621,1650,270,1841,1597,85,1517,63,1619,1584
1781,1698,1537,1563,1587,1885,293,1356,1824,249,251,1494,1711
1842,1578,251,1615,167,302,1481,154,1706,1530,1709,1788,1381
1534,1793,1506,1663,1632,1836,1159,1537,1483,1761,1618,1774,1758
1715,1719,1031,1788,680,1802,1590,1905,1614,1584,1695,1496,796
1541,259,1126,1791,284,1636,240,1536,1641,1531,1600,1644,1748
1570,239,1594,82,1516,1530,260,1035,1506,1778,914,1761,1674
804,1652,277,1300,1610,1680,205,1617,274,810,1759,1911,1616
1747,1781,1620,243,1708,1561,235,1703,1388,1375,90,207,701
1022,186,1837,185,1893,1722,1326,298,1550,1786,533,1509,1790
1626,1656,1812,1838,1679,1663,1507,189,106,1549,269,164,1693
1576,1714,1791,1779,170,1898,1486,1768,1476,1762,1737,1852,968
1567,1182,1533,1480,51,699,1551,1514,142,1504,1751,1677,1752
1555,1592,1608,1742,1703,311,1589,1488,1156,1695,1525,1642,1879
705,1692,1707,183,1277,1790,1612,1946,1821,1775,1511,1592,1575
1365,1856,1776,329,1574,447,1665,1599,153,97,1473,1844,1590
1708,1820,1481,1775,737,1364,207,1648,1119,1848,1497,1478,1657
1529,1908,1799,1085,125,416,109,1815,158,1661,667,1587,1656
1741,1968,329,1187,1821,1809,1829,1811,853,1534,1034,1576,1703
968,739,1672,1944,1535,1659,189,1947,1832,1960,1795,1170,1783
1552,1663,1525,1327,879,1857,1499,177,237,1965,812,1648,787
199,1732,1579,1677,1840,1893,1321,971,1762,1539,1670,239,217
1613,1804,1574,1623,138,84,1830,1599,1691,996,1954,1913,1844
1573,1802,1643,1870,1678,250,162,1361,314,1842,1841,255,1765
1707,1841,126,373,1705,184,1786,1802,1694,1872,153,310,1653
1576,1372,448,184,1906,791,1597,235,550,1829,287,1701,202
1608,267,400,1594,1909,1336,1379,1817,1707,1812,129,1964,182
1549,1745,1085,1750,28,1043,582,1619,1773,1667,295,368,1821
1963,440,1669,43,1760,1190,1256,537,27,1488,1664,1640,228
320,1755,1337,189,1794,1879,317,1746,176,1907,1926,1603,1760
145,1715,1807,1761,1495,700,1611,1523,1599,1551,858,1508,1478
1735,211,941,1479,1673,1785,1946,1344,1335,1777,1968,1584,269
1648,216,1475,1380,219,1117,1626,141,1555,1618,1738,1795,1687
34,1737,1525,1645,1533,1545,1688,796,1770,143,1257,11,1573
1686,1678,1648,151,1793,1734,283,711,887,297,608,1571,381
1119,195,42,1597,207,1639,465,1793,705,1809,527,1662,92
1595,163,609,1718,1764,1806,90,1845,1575,1826,1649,932,1897
894,291,1579,1627,161,689,1595,78,1762,558,130,1948,1483
137,1705,791,1627,1584,1493,1747,222,86,1604,670,1645,838
1908,139,1754,1803,220,1806,1843,980,1478,1531,1827,258,1721
1793,1780,1827,1907,1229,242,1588,1636,1479,1714,1557,177,1797
1978,700,1565,1590,326,1563,1542,1569,1721,109,1592,215,1811
1562,95,718,74,1060,1532,1535,1844,96,1191,1771,652,1628
1802,1303,1661,1738,1565,1634,1587,1818,1684,518,1491,1627,1948
524,144,95,1626,299,1834,1807,1028,80,1771,1670,1002,1556
1879,282,1467,1564,155,1772,694,131,198,1528,1509,1389,160
1826,198,992,1519,1497,1674,206,692,1764,1718,1153,648,727
1252,1787,137,1483,706,1912,1382,1635,1844,229,235,1604,904
1391,228,94,440,1619,1832,318,788,697,204,1736,1759,258
1240,120,1591,1839,1587,1452,874,1806,1479,1906,1537,1735,1833
1378,1968,1533,855,1732,1174,1606,154,1498,214,1336,1615,1313
1232,1612,1648,229,1486,1541,1592,1784,1546,1791,1852,1718,1814
1781,1873,1684,1519,1725,1183,1795,1591,1554,1523,932,1789,1391
1478,1576,1702,246,1565,1499,263,681,1059,1833,505,137,1681
1749,1814,310,1095,1854,1744,1565,220,129,1488,1574,1555,1760
1657,1680,160,1752,136,212,1842,209,1636,86,219,57,1766
1071,1538,1411,14,781,286,203,1872,1630,617,297,1830,1644
1610,1546,1763,1702,108,270,519,385,1892,1543,1825,1726,1683
1828,1654,1527,516,1836,1899,1506,1559,1809,1633,1110,636,1607
1719,1566,192,1661,1757,1581,554,209,78,1534,599,1523,1109
1769,1728,1909,1680,1394,1380,1294,1544,45,201,1545,82,491
1912,169,1665,1668,1819,1318,1760,1829,204,1845,1842,126,206
1790,1959,1764,1782,1429,1626,1796,1561,1770,1749,1529,1814,321
1495,301,1765,1850,1529,1660,1782,1893,1328,1618,782,292,1823
1776,54,1742,1386,158,1646,1740,806,1666,1549,607,1368,94
1712,1758,157,1618,1840,1644,116,1907,693,1595,1778,1124,1752
1847,1688,230,1726,1972,1546,195,1778,140,1827,426,1683,450
1038,1611,1702,1846,60,1488,185,111,574,121,1510,1637,231
305,939,1484,300,1707,1667,1832,433,272,187,1674,1730,1880
1520,1772,1186,195,1826,1765,1671,1253,249,1739,1613,1865,1987
828,407,1569,1572,1824,113,1672,577,181,96,1621,224,680
1823,1857,198,315,945,1599,1831,792,295,1222,1392,1603,1475
1595,1762,1519,1491,1724,1335,1305,1615,415,1100,1813,1833,1599
1699,1905,292,1499,1597,1744,1670,1827,1702,1645,1704,1549,1552
224,1685,1842,1638,1859,239,156,1773,1581,252,1806,1689,600
1629,1761,1576,1614,1698,1683,1524,1625,1859,1745,1446,1639,1478
1781,1576,1604,316,1541,1783,322,1365,166,63,1559,331,203
1956,1606,314,1510,1789,1623,1940,424,1796,39,93,281,1950
1102,232,324,942,315,1753,1818,1485,794,1534,1885,1855,236
1718,131,296,1733,1650,1830,1585,1769,218,1643,1638,173,1499
1955,1800,1860,1627,847,701,1854,1215,1592,1523,321,337,1538
577,1390,549,1549,1756,1848,1694,662,976,316,1658,268,1628
1850,1027,1724,1077,1963,1694,1951,1597,1922,115,1784,241,1535
1796,1740,159,1721,1603,1318,1827,220,606,1803,1744,1512,1795
1786,1393,142,1539,1973,1718,1684,1701,1568,1608,1753,1743,1577
1192,1630,1627,1843,1828,1728,993,1648,1727,81,789,1498,1749
1704,16,784,1784,298,1369,53,1727,1828,1641,1812,1661,390
1469,1062,1718,1819,1662,1566,1767,1413,1365,1485,1631,1851,1811
752,1504,1530,1961,718,1531,197,982,1692,1937,687,152,877
1694,1364,1631,609,1744,1483,1653,1497,803,451,1027,1820,1408
1950,1656,1712,1386,1655,217,1812,1849,1382,826,1814,707,1842
1654,1907,1545,171,238,1533,1665,1851,1119,1535,120,1590,1908
1631,100,122,139,1571,316,113,68,1086,1799,484,294,1818
1533,1574,1754,1570,1535,1750,704,1069,1836,1739,1368,1682,790
1153,1631,97,1860,1758,943,1571,1499,1819,279,1484,1714,1771
253,1644,402,186,1506,1560,442,298,1604,1776,1755,1557,1418
93,1896,1777,67,205,1976,1686,1667,1851,1815,1807,13,263
1690,157,1442,1391,1544,1191,1812,1501,706,1647,1634,1605,1596
1566,61,1855,1671,1734,221,1743,835,1561,33,1530,1498,1736
1584,1431,1826,1963,555,316,1854,304,838,874,507,206,1532
1532,1643,247,1269,1498,1508,1953,1807,1795,300,1630,823,159
1675,257,1645,1842,298,1823,1280,1834,1956,1536,1097,1567,64
1616,1706,1586,138,1477,1523,1700,130,1476,1320,1737,1588,1715
182,1768,1626,1500,148,1748,203,1871,134,1518,1694,1972,1787
1165,1680,1659,1489,170,96,14,1838,1703,1502,277,1540,246
1801,497,1648,1045,1577,1699,323,1490,1799,1655,1838,1610,1276
1588,1870,740,1747,126,1725,1771,1692,1915,303,1603,145,209
1667,718,1819,700,1719,1269,735,253,104,1789,1768,194,892
287,1970,1478,1279,689,1227,1793,1495,1736,1730,1713,1588,1685
1471,1485,1811,1820,358,1692,1719,185,1806,1561,184,1570,1849
1480,1491,1501,1661,1214,1584,1502,1940,222,1893,295,115,1574
1818,789,1483,1210,480,1809,207,205,783,264,1554,96,118
1935,520,1416,1599,347,1799,647,1827,1543,1652,1697,1631,1708
277,1565,248,1665,1684,1754,14,1796,1730,542,306,1725,1912
1912,1586,1751,1598,158,1305,1778,1697,209,1684,198,1815,1700
186,1855,1693,971,1638,35,158,1740,1829,1525,1146,152,1809
1783,827,1951,1837,768,326,46,1441,1187,877,975,1977,866
1606,1628,607,1070,1709,1600,362,231,1485,1807,82,1837,1336
1069,1705,1668,1534,1305,1037,1712,1568,216,913,1644,1721,325
649,102,1718,1039,1395,274,282,1874,1322,1662,1546,1647,655
1573,1728,1490,1546,1642,335,1540,1498,1072,1770,1906,108,1501
1556,597,987,340,1644,1730,1727,1662,1491,607,1372,1830,629
1780,1585,165,1203,1335,1468,952,1910,989,1541,1949,594,1556
1906,253,1758,1739,1173,1211,164,1070,1725,170,1907,1765,1481
1691,1948,1784,1838,225,184,1555,1803,1626,1515,1922,1775,1532
85,1706,1756,1569,1909,1587,873,1855,101,224,1885,1763,1465
1763,1665,271,1670,1839,1527,1669,1524,1422,401,1020,239,93
1692,1671,151,1213,135,1774,1366,218,1656,94,1215,1804,1544
1590,1749,153,1848,1490,1498,1555,1711,1771,299,1509,785,1740
1551,1796,389,1804,1756,94,1509,1522,1824,1566,1598,1372,1666
1522,1731,1269,1626,1662,1510,934,1585,1953,1619,1668,174,1694
1391,1805,405,1501,1519,1156,1753,1854,1638,49,1905,1781,1644
1654,1572,499,1395,1529,1545,1602,1819,1683,1557,909,1568,1607
182,1767,1779,1748,318,1320,1657,1546,95,669,1532,1525,588
271,146,1543,1480,97,288,1549,1644,1383,1423,86,1594,1639
114,1800,1782,1836,1525,1232,1577,280,1331,1814,1520,1636,1718
1699,15,1948,83,1686,1727,1563,1525,414,1643,1587,199,1698
270,1413,1516,1748,210,1600,1690,204,314,1574,1325,1768,1703
1602,1726,1609,1058,1497,303,1594,1754,1616,1704,643,1719,1784
1522,319,1796,1515,1912,313,1674,1531,1554,1504,727,247,1577
1563,1946,1682,1803,1689,1446,1659,1692,881,1601,1516,1726,803
1774,1957,1554,28,1104,1818,166,1536,989,1644,1540,431,304
1969,1668,1631,225,77,1600,1479,1643,374,1603,1786,1490,1791
1804,1509,197,1625,1659,1495,1612,204,540,705,1534,221,195
413,329,950,789,1847,1614,1936,308,858,1136,1764,1612,78
1545,1704,1476,1514,133,293,1729,1561,103,1646,160,46,1524
1595,1861,1633,1591,1215,1946,178,290,1554,1351,1658,1736,147
1771,303,269,1720,253,1678,1839,1511,1524,1912,1561,1846,274
1580,1954,1910,1809,791,1112,1783,1754,1780,226,1759,213,1786
1846,1560,1552,223,1503,147,1576,1235,1961,1570,1753,1585,1704
1328,1525,167,1857,855,1822,1632,214,1714,1693,120,1518,292
1572,1616,1176,258,1831,82,1181,1670,1969,1377,1560,106,1675
1762,1820,1965,208,1804,1718,1767,684,1834,1971,292,972,1796
705,1823,1871,1845,1804,1711,546,513,282,1847,1957,1011,243
1955,1504,84,1644,1813,944,245,1787,127,291,1707,250,234
1634,171,1692,1490,1682,285,1529,1806,410,283,1496,106,784
1835,1486,1812,1753,1601,1890,875,1831,80,642,1147,1824,1638
1624,1818,180,190,1568,1690,1784,1384,1840,1799,96,1486,1589
132,1791,182,194,1609,1524,1906,89,1552,1755,1319,1560,1747
1860,1899,1871,115,142,1499,874,1495,1591,1838,1835,1493,1639
146,298,1383,665,1378,249,1663,281,294,1824,1949,140,1564
799,1906,875,209,155,1688,861,1759,1561,1819,1826,1902,27
1727,1232,1908,187,784,1389,1629,1187,1530,1072,1483,1808,1326
1704,1680,1847,1392,1386,157,1660,1583,1557,97,1639,1598,141
1491,1647,1572,270,1835,218,1539,312,202,389,1471,1712,1744
1565,1825,705,1963,1814,1486,1647,1738,1769,1394,1683,172,133
317,226,109,1687,1578,992,1719,1908,1712,1775,846,1701,1697
1516,1808,1676,1823,1770,1629,1732,1738,1816,1779,138,1664,1624
311,1728,757,1376,1579,359,1673,252,973,1699,1676,1633,1841
596,1739,1531,1804,116,1643,1651,1737,1476,784,1827,1712,1857
1767,1501,58,1793,1214,80,1542,1597,1654,1657,1688,1778,1684
1620,1602,1756,1480,125,1553,470,271,1913,1596,128,180,1742
134,15,205,256,163,1827,1694,1838,1733,780,1518,630,1641
1552,286,1790,1761,1391,183,1973,1572,250,1196,732,1504,1895
1912,1628,1535,245,1658,1699,1526,1819,1499,1828,1507,209,117
230,1686,1601,432,1674,1396,1486,1707,1519,587,1721,90,1476
1696,1688,134,1572,1510,1026,1245,97,1853,95,1680,1333,1758
1814,89,1763,1570,482,1657,842,218,1691,1622,1620,1737,689
1514,961,1819,1810,142,1602,313,1590,1644,1489,1966,1774,154
129,1643,1660,1557,1778,920,1630,574,255,1600,256,1198,1627
1584,1651,164,299,1612,1843,1950,1770,1493,1800,171,1732,1954
252,1631,165,992,1532,1584,1679,304,1476,1908,1292,1912,1708
257,296,1417,293,1551,1906,1499,1790,1707,1745,270,804,1820
1832,1484,60,1676,619,1698,1620,203,1388,182,1584,215,1267
1390,208,97,700,1657,1972,1801,1629,831,1812,305,1732,1975
1829,281,1827,1475,1605,210,1590,1645,1452,251,1784,1783,1546
814,1740,403,1308,1819,1485,217,680,1492,490,271,1698,282
1497,1648,1537,269,1178,353,1775,1784,1523,781,248,1444,1674
1832,1698,1762,1856,1792,1480,1505,295,1492,1653,1803,112,1569
1537,68,1807,1826,1728,1805,1585,90,1778,1365,1797,1850,1896
152,242,120,1795,1625,1734,1544,1727,1850,1748,1628,579,1817
1769,1583,1701,1721,1575,319,1582,579,1872,1548,899,145,1379
1654,166,1722,1655,174,1562,1813,1945,156,1582,1968,297,1807
208,1725,299,194,1564,107,1833,291,1497,244,1642,1555,1719
794,1564,1579,325,1833,1780,1495,184,1563,1805,110,1650,200
1504,1574,287,1772,159,1609,1800,261,1734,1546,1498,1950,1871
1478,1573,1779,160,1758,1659,86,1908,1645,228,1687,1675,1519
158,1578,1659,1541,1931,200,1507,1491,98,1775,406,1566,513
1000,1597,318,1774,1683,640,1501,1602,1029,97,1671,1612,639
1726,201,1497,1672,1975,1030,1733,78,1791,1523,225,963,1875
1518,1954,1669,1106,1710,1689,1755,170,1701,1476,153,1780,1562
1708,1673,1787,1706,243,1838,1564,1408,1650,1949,1392,1528,1912
1347,140,1595,1624,1411,1676,223,1576,290,1499,1832,85,1735
308,1409,1810,1832,1905,1490,263,1510,1705,1809,1557,1596,1652
96,1062,1850,206,1552,1842,293,128,1931,1856,1563,1517,795
1844,1837,311,1594,518,1775,1729,1575,374,1553,702,309,783
1963,1567,1376,1982,1663,778,1490,1529,1610,1735,1021,1801,129
1366,1510,1540,501,1777,1042,76,1625,284,95,369,1608,936
1572,1563,1713,1628,1231,269,1588,1838,1945,647,1854,1843,290
1496,1444,46,1913,292,1011,1518,432,1636,187,1654,1519,1539
113,1052,1043,1533,1762,1758,1751,1518,1396,145,701,1802,135
1560,1818,1516,1664,1614,1648,1506,1830,1979,1621,314,242,1481
273,1768,1607,310,470,1939,1368,1754,1595,1759,1830,1540,805
1565,1911,264,1755,1526,1677,1406,1739,1790,1680,1753,789,1789
1806,187,1759,1516,1699,1650,1610,1567,1660,1716,1817,1818,1487
1557,229,1643,1836,171,151,1555,1451,713,1840,1627,91,1835
1570,318,1833,1810,1542,1634,73,1522,1123,944,1829,1488,246
1978,1842,1755,1663,1711,1911,105,319,1812,1771,192,291,1024
1579,136,210,1729,207,297,1671,1572,1681,110,1952,1722,1685
1826,1146,110,1332,248,1654,1631,1576,1489,111,1596,587,1658
899,1734,1696,1681,1847,1861,1184,1498,1782,1592,703,419,1648
1654,1693,1644,903,607,1780,1176,1905,1709,220,1610,1821,1494
1612,1837,1770,853,648,141,14,1826,1695,278,1794,1750,1587
1967,1143,20,1069,1752,158,840,1706,1768,832,585,1880,1094
1858,1609,1734,1781,1496,1649,1637,322,1534,1507,1845,1224,1728
1749,1579,114,1779,1393,108,90,1984,1764,1716,1575,1497,1827
1544,1782,1025,1677,1956,518,1592,1837,1411,1505,1555,1640,1760
1588,1259,1490,1672,1575,1624,1580,1801,1754,672,1519,1368,1703
1980,796,1723,1911,1808,1478,1788,1905,1685,76,1797,1706,250
1548,1774,233,1717,596,254,1601,1533,794,1618,80,1794,1803
844,1530,229,282,831,1839,78,1734,1642,1878,1603,1506,623
1912,1673,1770,1200,1108,1910,1685,1935,1505,1247,260,1041,177
1727,241,1647,390,1268,1503,1926,516,1719,1669,1703,81,1519
1800,143,1724,1137,282,1354,1802,1928,1562,216,1528,1957,1618
1595,1600,1686,1496,1788,252,1765,107,298,1943,112,1625,255
1691,1535,1573,249,149,1365,135,1598,1683,1522,226,1743,1125
148,170,1490,711,1681,91,1544,1098,1354,1492,1493,249,1956
1684,129,1687,606,110,190,1826,1594,1480,1665,236,1517,1651
465,1846,1794,1687,741,192,379,642,1518,1341,1713,182,1579
1535,96,1817,1844,855,1895,1695,1906,527,1926,271,1771,1781
1552,1690,1641,304,1004,1481,1589,1792,1731,1906,241,1698,785
1543,1811,235,1141,173,1782,1794,307,1962,1724,629,869,1414
206,1179,1429,112,1788,1956,1687,1327,319,1832,1837,1581,1569
1484,1550,1479,102,240,1736,1633,1631,1862,1517,1682,1812,1803
1275,945,256,1536,1648,1495,1850,1537,1519,1771,1631,1499,566
1851,1760,1908,941,446,1035,1839,236,1504,1378,1741,1693,1588
1961,1385,123,1843,1576,1624,1707,1644,1745,1852,240,1634,345
262,1615,291,1622,1896,200,741,1636,119,1937,1787,1484,1646
1620,1693,983,1830,1588,1663,1896,1383,228,1506,201,1936,59
1511,801,1698,1487,322,4,1559,1521,1768,1782,250,1689,1642
1525,1741,1507,1720,1862,1656,421,1303,1787,1616,1495,1482,1834
1852,1616,1380,239,128,187,1850,317,968,234,1369,1004,1366
1715,1652,101,194,132,1828,1842,1829,234,1746,1525,1843,1484
1555,1764,1754,471,272,1579,129,1527,1789,1852,768,1712,1877
275,252,1088,1961,779,1763,770,827,1623,598,235,554,1726
1679,1541,1537,210,1377,134,1737,987,200,1332,1673,295,1557
1711,1831,683,1633,1617,1940,1695,1525,1508,1893,1616,1555,295
1498,1140,1706,1535,1539,1247,1365,281,1884,182,543,1642,1848
410,1795,1726,1565,1729,86,1523,1529,216,205,1603,1620,1861
250,1478,785,1788,1673,1834,1599,487,1856,513,324,1639,1541
150,263,1978,1008,1703,1798,1640,1741,314,237,1012,1562,1293
1206,218,1525,1561,1048,1496,1797,94,1647,1653,1683,1709,159
1540,501,266,1490,37,1812,1662,100,1546,289,1596,1574,415
1821,1718,1785,1390,318,1530,1711,85,1554,1564,1387,141,1625
102,462,1620,1739,184,1379,1529,1848,312,1500,1753,1825,1830
227,1575,1587,107,1768,1673,201,215,1677,1514,1246,1585,1644
1481,1787,1969,1627,1287,1874,89,211,971,1717,1690,1527,1262
1103,1380,311,1965,1907,1591,1905,1808,596,1652,1484,1519,1645
1759,274,537,1442,1565,128,1506,1971,1757,1262,1531,1648,1810
1528,325,273,1605,1558,1764,1670,119,1777,1679,115,1627,1518
1544,701,1742,1749,232,1798,1633,1598,1906,1685,1224,318,367
1665,1855,1626,1905,158,196,1106,1722,1822,1833,1667,326,219
1494,1855,1771,1507,296,1973,1781,241,1106,1642,1108,1621,1375
1809,132,1519,996,988,1667,1745,1369,252,1545,1811,1487,1656
1875,57,1526,216,1831,1754,1721,873,1759,1709,1839,1928,1397
1907,832,1575,1756,1797,1606,1909,1516,1522,267,1251,1850,1941
1359,1113,1716,1653,1820,1551,1969,1781,1867,436,1536,1537,1772
1776,667,1584,1693,1702,1581,1847,1689,42,177,932,788,1662
257,241,1522,1210,1515,1791,384,1303,1794,244,600,1073,1649
1817,1786,1803,1319,1869,1806,154,1532,1223,177,1748,1716,1779
1724,1894,497,438,1537,1839,299,1725,327,203,404,1679,1765
1577,786,1695,1670,1905,1697,1906,297,1800,1708,128,1123,93
991,1622,1640,1557,101,484,1682,1527,331,1679,273,36,1668
219,1275,1856,1961,1979,1823,487,1777,251,1816,1769,1667,1818
81,1490,309,1615,210,1497,133,1629,1608,1008,1623,1571,1853
