1652,1579,1851,303,1602,141,266,1521,250,619
1647,450,1793,1600,1763,1608,1762,1909,273,1508
1832,1560,1663,1828,1569,217,1811,1485,49,1831
1726,1679,163,1266,1911,1749,1795,1643,1040,1552
149,1717,1579,1158,1694,1701,1674,1486,1617,1636
1759,1532,1718,708,99,1765,1383,1514,561,1523
1687,1782,315,309,1700,1702,1535,1770,130,246
1378,1582,1987,62,1387,399,1560,251,1606,103
603,1850,245,1663,1941,1831,1739,154,1908,151
1670,1190,915,40,310,255,1523,238,1849,297
833,39,1497,1543,1376,1772,290,301,1522,160
1502,962,1659,1614,1826,1516,1072,799,198,1764
1367,1562,1396,1835,1750,1675,588,1070,298,1700
984,1664,1383,1628,200,716,1607,1838,119,1623
1788,661,40,1523,133,1502,1554,1944,1811,582
1478,350,1825,1660,1657,1584,229,790,1536,42
1603,1765,959,208,1073,242,1497,340,1829,1531
1801,355,1676,1735,1728,1719,449,1520,1855,1723
1522,1823,122,1815,1594,1520,1304,1572,628,1364
1764,1706,357,310,197,1647,278,1719,1786,449
181,183,142,27,1665,1681,1771,998,294,1930
1734,1611,242,97,1686,1681,1762,1111,1520,1590
1290,136,1778,1853,235,1481,1989,1653,213,1686
306,27,1390,1573,780,1655,1557,375,1705,220
1486,851,510,1752,1539,1478,1636,321,1249,1615
1952,1666,821,262,525,1725,1522,160,1854,14
1647,291,948,1818,1692,1777,1502,1722,1562,1347
1676,86,1670,578,250,273,1769,1803,112,1975
1537,892,1712,146,1368,1284,1618,547,13,1593
611,1627,1146,19,1174,1588,139,1568,890,1815
1336,1825,1040,1635,1764,258,1524,1314,1564,1702
1489,1388,1570,1713,148,744,878,1483,1143,118
1522,1972,1817,1652,1773,1657,294,245,1623,1179
1801,1548,16,1767,1542,1738,902,1909,1536,200
1789,1664,723,1553,563,1551,1685,1938,1733,1628
1703,139,137,1153,1713,1851,1797,1486,1701,1514
790,1796,1485,1605,1673,1547,1574,1628,1568,1830
315,1721,121,196,1396,1566,1512,1592,82,1741
1682,1523,1707,1585,1645,1808,1705,1774,1518,1812
1641,1759,1820,258,98,301,289,1830,1764,1801
1794,1612,1562,603,143,232,1643,1770,1810,1712
1549,1512,669,1438,219,1704,1798,1465,1561,271
1907,1547,1529,1845,1392,1396,1001,1697,256,1876
1610,1642,1378,1676,175,1081,1555,193,1722,1113
1512,334,188,945,1574,274,1577,1687,81,1715
1378,1353,1516,1954,1696,1748,237,1610,1816,1557
512,1626,1822,1527,252,130,1553,1662,1677,1671
1735,1695,279,208,1579,511,1965,241,1591,1631
260,1040,1045,1679,188,104,184,1833,1520,844
1386,1570,1796,1502,1765,1634,1338,1820,326,973
1522,178,272,1579,1162,1831,1384,1965,1500,207
1799,1762,112,1683,484,1849,1853,113,545,532
11,1731,1538,1511,358,1778,985,1089,1480,172
149,1505,1540,1579,1647,1894,251,722,1713,167
1156,1677,1799,140,1697,190,1743,1834,1839,1741
1650,1673,1748,1781,1579,1692,1576,780,1775,1019
1496,1961,578,1751,1264,1842,425,1643,1106,1196
1909,1729,1817,1798,479,1543,1907,1664,96,1769
1798,177,1557,1801,1740,178,174,319,202,1580
252,1896,1565,1528,1289,1525,1488,1639,452,1624
1822,1646,570,1770,774,1735,1734,142,1340,285
1571,1754,1795,1629,1635,1355,112,1796,1666,1838
785,1712,1938,147,251,1555,1580,1794,728,66
1753,1522,1725,1366,132,1954,1523,1819,1854,1507
1885,212,1567,1701,429,169,1722,1286,1650,1652
1680,1841,1474,1967,1547,1481,239,1554,220,523
1638,231,1851,1703,143,304,1539,1967,1540,1670
314,1618,1787,1505,1684,1559,707,68,1723,117
224,1613,1832,444,24,1701,1658,1843,625,1191
1748,231,1755,807,1774,1547,1704,1591,1809,1829
1645,1755,376,1902,1537,1611,1695,1570,1591,1737
680,1605,319,1853,1486,1841,1849,1659,1527,1603
1538,626,1752,1596,1802,1800,1742,203,1655,222
1667,254,1814,236,1668,1850,1034,1560,1839,1480
161,1658,1820,1659,1826,16,1685,50,1523,1910
1551,1797,1484,1478,1910,1834,800,99,1732,1501
135,882,1605,1633,1820,1193,83,714,1598,1857
1658,262,311,1805,1586,1007,1929,1708,798,1481
1827,1693,1508,227,355,593,1619,1944,1572,1347
589,1836,1914,1480,173,326,1758,1753,1627,171
1759,1338,269,62,1780,195,1378,183,1696,1711
146,1763,1684,1493,1484,1606,1762,1727,1829,1562
102,1846,43,285,235,80,122,1542,1682,1695
1651,1556,1754,184,1848,630,1484,1125,1368,1691
1899,289,1566,1459,100,175,1747,1640,1719,983
1484,1535,1475,994,1540,1660,1601,1376,1584,309
1501,1765,708,185,516,1799,1790,1388,1576,1892
1732,1528,1777,1857,1763,1593,1768,1761,1809,105
1673,1280,1906,1520,1772,1783,700,1488,354,1577
317,194,1603,1828,830,171,88,1646,1498,1515
1961,155,1647,1671,1697,1839,1481,1511,1547,1832
1691,1818,1576,194,1512,1984,1756,1847,1726,1906
1857,1733,887,1609,262,803,286,321,1822,1608
1710,86,1588,178,1369,1689,463,1830,782,1609
1513,1824,1762,186,1826,1686,804,179,1683,1740
1540,143,193,206,747,1853,1106,1334,1392,325
1478,1623,1639,301,315,1191,1762,1771,213,1504
1847,1781,302,461,1799,1619,311,1806,1549,1896
1685,1834,309,416,1056,1781,1673,1508,1726,1587
1547,1726,1624,1574,1514,246,508,1848,1500,538
1831,1693,1534,1200,1807,1728,1622,1568,631,1929
1580,1378,316,1621,108,181,286,1835,1117,1262
1774,1620,1545,129,231,660,74,1905,1588,1606
1072,1600,1560,781,753,1501,1904,726,1807,1811
886,1580,1804,1651,231,1073,163,452,292,1675
1615,1610,786,1942,1745,1509,1832,1555,138,1052
160,1485,90,301,1675,1534,91,788,1557,1512
223,349,1632,1505,1549,1188,1780,1366,274,1829
1517,162,1570,1729,1656,1687,182,1816,325,179
236,1699,1694,1982,1798,1753,821,1596,216,1561
1340,255,415,7,1850,1539,1781,1837,203,1104
1653,1591,293,306,147,1734,841,1626,932,1557
1591,1556,1668,518,1726,285,1741,1633,187,600
236,1117,633,1602,1504,1601,1645,1632,1744,315
1860,1591,1353,134,1841,1086,1905,1579,209,188
1854,184,1828,1826,1724,1069,1494,717,1426,1883
1647,1770,1911,909,1070,1354,238,1525,1673,588
222,1743,1512,535,1556,1681,1667,1505,1808,311
1841,326,1619,1743,250,1274,1613,1530,1189,1501
53,1626,303,1832,1750,1501,1744,1695,1761,1522
1840,245,119,516,1622,1616,1737,116,1477,1643
1489,334,1808,1703,281,1759,150,1157,1573,1693
1733,1287,260,1708,563,261,1814,1854,171,1731
804,1751,208,191,1738,1674,326,223,1718,582
78,1555,1489,1733,1879,1502,1838,1522,1592,1745
316,312,1754,1558,1704,1702,656,232,1657,1697
1566,167,1379,317,324,1253,132,1009,1854,939
1579,1694,640,1947,189,1675,241,1822,124,612
1416,1530,16,1788,1912,1826,167,458,1595,1656
1651,1968,250,1942,502,1559,111,304,1650,1824
1737,1601,1773,1730,1655,1767,1643,197,474,1822
1560,210,1734,801,141,1677,1651,1486,1837,1956
865,1586,1693,1495,895,1535,280,1604,1579,1761
148,1597,1801,1394,1506,102,1696,422,105,1683
1376,1855,1727,680,137,1637,1905,569,1560,1202
1715,1553,1551,1867,1762,1824,1806,196,1677,194
1944,1847,1476,1617,1424,313,1910,1749,982,1270
1741,143,1636,1348,1562,1084,196,1653,743,1804
1156,81,1546,220,1573,135,1615,1553,1517,1783
1847,692,1496,516,1821,1638,633,1834,1811,1854
1850,228,1515,1222,1530,1649,1912,1750,1821,1676
1584,1475,199,1688,1940,1509,119,1595,1822,283
1273,22,1801,1527,157,1269,1577,1731,1726,1709
1717,1500,216,1810,1851,1618,1770,1528,1682,664
260,395,1383,1636,1703,1586,754,1552,1394,723
1676,1816,353,1763,223,1819,1834,1857,1726,1668
1575,1813,1581,1586,1389,578,1714,1615,1392,1598
38,1538,234,216,326,791,258,1505,24,34
1554,1724,1716,1779,1563,1795,1785,1721,1834,217
1300,1807,1966,1688,258,1520,1803,441,1607,1799
1832,1796,1530,959,1826,104,1838,1913,1353,1761
366,77,1540,1736,1174,1624,1487,288,1691,1846
1532,1841,1627,173,1660,1475,738,1568,1558,528
1563,1846,917,173,1304,1757,1605,1782,1484,51
1778,1496,1476,1854,389,104,1637,665,1583,1118
1717,1593,1691,1587,1532,1648,459,1830,1354,1660
1584,392,1723,1479,1737,1754,1375,1179,1967,1846
1782,1240,1500,1674,116,1765,1795,92,1032,1857
1575,1525,1846,1518,1637,171,1492,1604,1580,279
1767,1710,1906,1775,988,1751,1785,1516,97,945
1661,1381,282,1679,143,867,1365,541,1786,1802
1310,1926,1717,83,1014,1959,1478,1565,1240,1692
885,1482,1511,1218,1749,1773,1821,280,1853,1603
183,1774,1759,1766,1495,1757,1673,211,312,1776
88,1711,1780,1909,1379,1793,1640,1507,1812,1725
1493,1825,1594,13,1849,172,1570,1660,1073,1630
1954,1852,1729,112,1658,1828,1680,173,1618,1854
1794,62,1888,13,1835,1912,1846,1808,103,1662
1918,1820,1651,1720,1555,1609,237,197,1737,1714
1828,1596,1395,143,214,460,886,725,197,1804
1514,767,949,236,1697,170,1686,1753,279,1579
1625,1806,266,1539,705,91,140,1476,1722,1746
1760,258,1628,105,1560,1551,219,1853,1530,316
1714,275,1716,1825,1541,300,1642,1706,109,1654
1892,998,1671,1724,1707,1635,1841,216,1784,1907
312,1031,1711,320,372,1703,1551,1483,1811,127
1836,282,1739,1548,1367,567,207,1639,1706,1820
313,1661,1711,1503,1092,1900,1778,1899,1702,140
1603,1191,313,1521,202,1687,1595,1543,1508,1580
290,1847,1908,116,1746,1717,1634,1735,1820,1600
1768,1512,108,310,321,1338,36,892,1957,1906
1619,1842,1496,1849,318,1789,137,182,743,1856
132,170,1645,410,606,807,1503,464,1494,1785
1506,498,1774,1830,1654,680,1669,860,470,1913
196,140,1764,1501,1537,1346,1704,1559,1576,1615
1566,1551,1594,1691,255,429,301,1779,1597,191
717,1597,1725,1560,639,1530,1670,97,229,1644
1557,1836,1799,1642,1898,1654,1523,1913,639,1688
1488,1767,1743,1760,1721,1733,1614,1504,1622,1637
1725,91,191,300,1821,1568,210,1628,1667,517
1772,1789,987,142,885,1687,1532,170,1685,1768
1158,498,53,1829,11,1659,1608,297,118,148
1519,99,237,1494,1823,221,1844,1600,1692,1947
1708,1654,1689,1718,1543,1711,1834,1532,365,969
1726,830,1829,316,280,1524,1760,136,1923,1380
1479,202,1786,1882,174,1346,1772,1847,1281,1515
1490,1693,1850,1377,1764,1573,1689,1561,354,1190
1388,1611,1687,1494,1895,1646,730,1676,1847,1906
187,1625,1809,1521,155,354,1657,1656,1941,1094
985,74,1748,1775,1482,1713,1866,514,244,741
123,1718,105,1794,269,1626,214,218,1750,1056
210,1608,1692,1700,1808,1513,1711,476,1764,1821
1489,187,1964,1099,141,209,590,622,1594,1152
1718,573,506,1594,74,1480,1518,1499,1026,610
1624,1595,1822,1738,1560,1551,1670,1840,328,1702
146,99,223,322,1826,1720,1786,1320,267,1639
1721,1669,1792,1497,1372,1505,1650,444,1342,245
1511,1742,259,1940,561,247,1720,1754,1747,1853
302,1578,1544,1391,1548,1523,1649,104,1475,1835
1642,1157,1735,1744,1709,1383,1804,1670,1218,1627
834,1274,104,1844,1118,1529,1646,122,1479,1221
1530,194,1602,91,121,1060,178,1830,1970,1628
1716,125,1942,382,1523,1682,1772,1853,934,1563
1494,1764,1771,583,237,226,1047,1622,1744,1786
88,1097,1752,1697,1896,552,116,1769,774,1732
1692,1945,1622,1546,1736,264,1319,1694,183,1578
1578,1629,683,172,210,1667,1696,984,1728,1535
1629,359,165,1843,248,231,1772,155,473,1612
1821,1341,1529,1623,1518,70,1495,1636,1804,1839
120,1783,303,1798,1579,1785,139,199,149,1923
1761,1809,1929,1785,1521,1724,1735,214,1906,1820
1046,1808,1335,157,1656,1972,223,1616,1850,1893
1835,1911,244,1912,1633,1592,1543,229,1330,1179
1734,1553,596,195,1837,124,91,1707,162,1907
1834,1506,1043,84,1496,1692,605,1856,22,1320
1714,1751,1908,1505,1816,1727,1696,1536,1764,180
1605,1739,1014,1661,1392,1708,1587,1518,1649,1769
1566,1581,1588,191,1719,1836,161,1345,1567,1849
1733,1471,1693,1608,1590,152,887,1856,701,1495
126,1534,1022,110,1957,1910,1597,89,1834,1670
329,1778,1530,206,1552,1952,1647,1837,1607,605
800,109,24,252,1755,291,1851,1668,1648,931
1590,1264,1209,1809,120,1372,1585,1506,1892,1365
550,235,304,1678,996,1564,1480,1415,1606,1748
1279,1740,1834,291,194,272,894,1836,1401,319
1501,1808,207,286,1506,873,1253,1860,327,1660
1774,1688,1540,761,276,1771,254,315,1566,1757
1756,320,1548,131,293,1732,205,1588,1910,182
1723,1656,312,1502,326,1809,1765,172,261,1846
1371,321,304,1755,1544,1475,1824,1844,1772,1095
1596,1913,153,73,198,1838,1912,88,1612,1222
446,1749,1790,1597,1562,1771,1692,1688,1852,853
1515,1685,1587,119,1550,1493,1546,321,1652,1575
1767,279,1533,1759,1730,892,1851,1786,1683,130
1478,1479,1530,314,1552,693,1251,1574,587,1714
1658,1826,1620,1500,1524,1727,1646,1343,1485,270
1527,325,1575,1797,1722,1510,1691,1559,1841,1620
412,1484,1739,1197,1558,1613,1747,578,1850,154
2,1484,1852,1724,1500,232,1604,142,1629,1627
1677,1551,1674,1956,1647,1782,1682,228,1845,1511
918,1520,1588,1585,1722,1553,1642,1750,616,1046
299,1789,1871,1823,1657,798,1796,298,796,227
936,1751,176,1631,181,1815,1651,328,1708,1642
1727,217,1578,1850,1609,1032,1596,1844,721,1927
1854,1803,128,1356,1574,1693,1821,1772,1590,1367
100,1674,257,1681,1587,147,1966,294,1752,1484
214,1651,254,1537,1496,199,687,1548,1820,1481
190,1700,320,1644,892,1720,1513,860,1070,1777
1842,1753,1657,315,43,1650,280,1717,1556,1816
1527,1739,1553,1963,1836,1679,1684,86,1813,181
188,1196,176,1553,1701,1526,1739,1627,1595,1541
1533,1776,150,1572,1522,1588,1749,688,1756,1323
1699,918,1482,542,1153,1682,148,577,275,1654
1844,289,175,1798,1530,1725,1502,1757,1680,1681
1574,704,1603,1561,1911,1771,1283,1567,1576,85
1847,1846,1832,1536,1574,189,1538,96,1589,1636
343,460,1666,129,1499,1475,403,1686,1555,511
1529,1987,1556,1896,330,285,1136,207,1708,1489
93,1778,1840,395,268,247,1637,100,1694,805
166,121,1595,239,1571,1545,191,1567,1686,274
85,1671,1620,1907,1847,1905,1751,161,1527,1731
1758,1590,147,1835,1906,1606,275,1622,267,1759
122,1972,1300,1710,1817,1589,1587,1036,681,1735
1642,1583,372,1538,1539,1559,1370,1556,195,1557
1658,1946,1538,1601,1515,1344,1816,1782,78,1517
1340,1606,1102,1537,1656,1850,1680,1706,256,1629
1732,1621,1696,1710,1765,707,198,712,1959,1517
1584,1408,1519,1928,1644,1660,1751,259,123,411
749,581,1381,1497,87,1845,1704,319,183,1668
855,1542,1594,1286,1850,131,156,1712,452,751
1505,1743,187,1655,1725,1628,1539,311,796,84
1572,1757,138,488,1748,1729,490,1679,1634,1562
1815,1781,168,1778,409,1611,259,1584,1194,1715
1577,1492,213,154,1312,1819,111,1117,1552,1989
1621,1943,191,1644,1027,201,295,1769,1526,792
1564,661,349,311,1789,1908,1687,1561,405,190
1655,1854,1566,1342,1714,1644,266,863,279,1544
32,1956,119,1547,306,1509,1578,523,1611,38
1491,659,790,1944,1542,223,784,1794,1484,127
1611,1551,1806,213,1171,1599,1785,1732,1316,1857
1795,731,1645,1707,1675,1081,1644,1678,1119,1989
1427,24,1912,1542,1663,139,235,1076,1115,1557
1641,1486,1686,1727,1476,702,1614,1912,1658,1507
1659,207,1806,320,1831,1546,1849,1141,1549,12
1823,563,1786,1846,1673,1760,1059,1568,1677,1601
1513,1633,186,1799,513,1365,437,218,171,125
16,1594,172,619,425,1849,1517,1394,1798,209
1730,209,1676,1775,432,1593,552,1584,1481,1743
749,264,1692,283,1545,177,1897,1675,1499,585
1564,154,1952,1675,819,1930,171,669,1739,1783
1617,212,1491,320,1868,1723,1654,1393,1138,1369
1733,1492,701,254,1573,1814,1543,1017,1235,1480
1729,1637,1660,198,1532,229,1690,1791,1742,1329
209,1607,1709,1633,1676,223,1631,1396,1046,148
1741,1826,213,135,1642,1820,683,1710,920,13
1540,932,1624,1050,1620,1674,44,1391,1830,1715
1531,1805,1021,1113,170,1653,1768,1860,1486,1773
1750,1853,1530,1575,1570,1801,485,1647,944,1832
1835,1713,246,1743,1816,1734,1760,1491,1494,1854
55,1608,1870,1004,68,675,1780,1684,95,1669
1580,1755,1932,1341,288,186,1759,1274,1533,1153
591,1848,1709,1509,164,1605,191,1477,615,1556
1718,1740,1496,1580,1951,1774,1642,131,1721,1772
462,1791,1106,1556,1689,1785,1599,134,127,1702
1663,50,1521,1754,704,1824,1330,1704,186,1203
1664,372,222,80,1532,754,209,494,1635,747
1386,1800,1806,1149,1603,781,314,199,1743,1650
312,1515,1681,1969,1536,1359,1507,1680,1828,1831
1838,135,1665,1745,117,1773,1754,148,291,191
1746,91,1909,712,1396,1971,1905,1201,884,1391
1763,1740,945,100,259,988,1823,1370,1543,1560
1667,1239,854,1854,1749,802,987,150,1809,207
207,1180,699,991,1519,1670,1824,1698,1573,1639
1913,1636,110,1777,1788,1547,300,85,1612,1070
1701,297,1808,154,316,1824,499,1909,1713,1600
233,128,1538,1699,1730,933,1908,1853,281,213
185,1488,263,1332,1795,1548,86,1234,1871,298
108,1573,1495,182,1363,197,1620,1501,171,1623
1532,1782,1516,1320,1797,1587,1559,1479,1548,648
316,1905,1677,1818,198,1798,1840,731,1094,1760
1689,142,1369,1865,141,80,1912,1872,1315,1712
932,1621,1970,1739,108,304,46,1489,1526,1548
1586,67,1599,1368,1533,1677,370,537,1759,384
90,1622,1313,1586,233,1804,241,629,593,1519
305,1718,1674,251,101,1518,1724,1647,1857,233
1857,1172,122,1565,1905,302,88,132,284,159
1978,1508,1576,1353,1915,1490,1761,1600,1780,976
1503,1634,299,1853,1851,1736,1893,1800,1822,1675
1666,601,1571,81,1646,1487,1748,321,302,1534
228,1314,596,292,1375,1485,1392,1591,1525,248
1750,1584,1680,1826,1635,1497,118,739,1884,1152
1849,1625,1623,1612,260,250,1701,621,1906,1912
1574,1485,122,305,1858,184,1194,1754,1571,641
1542,1479,1706,1558,1645,1819,177,1388,1760,791
1710,1813,288,314,1578,1796,1752,1579,1522,581
1750,1319,1389,1939,1909,460,606,98,1573,1805
1840,1781,311,1705,1628,1525,1819,1853,317,1972
1678,1489,292,1479,1483,1593,998,1705,1537,1830
880,1575,1846,1544,742,1584,1537,1788,1668,1706
1542,249,1701,134,1303,1601,507,1677,316,1506
1638,1848,1850,1595,1711,700,1640,1543,993,1605
109,1818,1743,1659,1635,1499,1781,168,1930,604
375,1686,1709,270,1485,220,313,173,1191,1532
1830,1911,1492,1780,1805,1942,951,1633,1683,1794
1771,858,212,1650,242,767,325,1636,196,1802
112,1368,605,986,1679,36,1774,1478,1580,1955
1610,1531,237,1488,1567,1944,91,1573,1666,778
1528,1560,143,306,1956,1835,1565,1584,139,1769
1526,1782,217,1610,1708,272,1818,1765,95,1802
1490,222,1715,1959,705,567,247,1905,1650,508
43,1694,1531,1718,1779,933,1545,1725,1527,1553
960,1676,1769,280,751,1538,1741,1554,1839,930
220,1453,1501,1098,1821,1680,610,1599,564,1396
1502,329,1725,1844,292,1100,1159,1092,95,1802
1714,334,1619,1729,1761,1717,1637,1643,1682,548
1740,1678,188,1664,190,571,1557,1956,1511,1736
1735,238,1736,225,1844,293,1628,1769,302,1661
316,1605,1486,1719,98,1515,897,1811,1796,305
156,198,798,1515,546,1668,1908,1852,1648,528
1783,1672,1907,1354,1850,1711,1708,257,1486,1647
1825,1766,1066,1947,739,1779,1735,1495,1844,256
274,564,1615,278,1072,971,1366,1316,239,1586
1572,1648,1623,94,278,236,258,82,141,184
479,113,488,1821,786,1119,1760,806,1549,1630
761,1569,1332,1771,1561,1854,807,1820,1704,1674
1799,1578,1700,357,159,1676,1727,1485,563,274
138,1494,1788,1572,1495,1832,1621,297,1711,1730
125,1713,515,1982,1566,321,1726,1714,1110,1615
102,1073,1744,1680,26,254,1905,1913,1819,1676
1493,1906,1799,1518,1500,1515,1850,1618,1348,1678
1585,1541,220,1647,1638,1717,1692,1829,1918,453
1074,1554,1324,1816,1503,1544,782,1683,231,1698
800,1599,1582,1485,1836,1832,1813,1699,291,1635
671,762,1823,1551,1536,1831,1847,1733,246,1712
1799,295,1849,1726,251,1689,1754,1816,723,243
226,82,1977,242,1582,237,763,1506,1527,1539
1905,1778,106,1676,1853,299,1689,1755,1650,199
1828,1789,1724,172,1487,1815,1649,1801,1810,1718
1490,1854,1227,136,1835,1791,1964,82,1739,1005
1805,1717,847,1636,169,1847,1810,1802,1600,1354
1672,1815,1563,1641,1837,1334,1592,1043,1753,1491
1610,310,93,1557,1844,1588,1501,1556,1660,1718
86,1785,1594,1827,1588,258,1716,1380,78,1676
847,1477,1612,1560,1513,1603,1740,1705,1209,1365
434,1865,171,1555,401,1777,1381,126,1692,1599
1588,1533,178,1458,1624,1499,1677,247,1763,1621
1475,864,1666,986,236,1790,73,1690,1719,1639
1604,151,1657,1681,1696,1788,1903,612,1563,1542
1556,1631,649,1641,257,67,113,803,1654,823
1491,123,188,403,185,1537,1589,175,1639,141
1675,1824,1691,80,1922,1829,1761,132,1551,324
1214,731,1409,171,1828,1701,1483,1774,90,1508
1757,827,1817,1758,1753,829,89,1674,1809,1840
1724,1596,122,1906,1019,800,1525,1072,51,832
14,1477,1396,288,1804,285,320,1269,1380,1699
1686,115,1308,112,227,731,1748,438,1585,995
205,301,1508,1548,319,1836,606,1088,292,1697
1550,1785,1154,1502,1823,284,1649,259,1687,1551
507,1825,175,1483,110,1619,1549,1794,1533,1007
1749,1824,1499,1688,1768,1721,1518,1835,1720,1664
1503,741,1392,1881,1491,1796,1702,811,1666,1849
108,1673,1708,1583,1727,1391,1832,1665,1837,621
218,1794,305,831,752,1700,1595,1160,327,1971
1485,1659,1569,561,1524,1726,1513,1804,85,983
1649,1633,109,1506,764,1676,1740,100,1481,28
1578,1395,244,1834,1787,1678,62,1115,178,1726
1488,1530,1765,1634,1690,1185,1552,541,1618,1693
90,1760,357,1940,1706,1495,1787,1836,257,1822
1908,1631,1762,309,321,1599,1838,1905,1679,1678
1854,1524,1085,1873,1708,1850,277,1847,285,336
1431,1762,326,1649,204,1641,1638,1719,863,1480
1705,581,496,1784,1789,979,1767,1976,168,1580
1960,1807,1596,1650,1706,1525,1865,1319,1552,256
173,1745,1788,1498,1816,1846,1716,155,1751,1699
1851,593,211,1754,189,316,533,544,1715,933
297,1385,209,183,1818,713,1599,1728,1892,1807
1659,1484,1824,1705,1573,1490,1734,705,1516,1643
1834,1527,1668,1600,1599,1479,1498,310,1697,1801
871,1848,1691,1656,170,1817,1523,1590,1855,1972
1475,113,968,1489,1484,212,1944,1703,939,1828
1525,1096,1498,327,1657,1661,1012,1631,1964,1036
597,1198,1545,1728,522,1646,1558,278,294,273
1774,1767,1909,156,1906,277,1163,494,503,1831
84,302,577,1735,1974,80,1883,1354,1702,1638
87,1517,1475,1565,121,592,107,1742,307,1675
426,1723,1977,1701,1913,1911,1713,1738,375,231
152,923,123,1629,1494,374,1211,1775,167,210
177,1821,222,1270,1816,1387,1831,1546,1822,1518
1710,326,1550,1490,1518,1716,1664,1456,1922,1069
1655,1654,1393,1265,158,1803,296,1886,1930,193
307,1679,1871,1691,145,1817,1573,281,1770,1751
1507,1596,1617,1498,1710,903,92,1519,318,78
1739,109,1682,1500,1477,1573,1515,586,1775,1591
1003,1739,1953,1706,173,3,305,246,1392,1740
325,1807,922,1046,166,1770,167,1804,449,180
404,1741,1602,1051,104,227,1525,1625,1574,379
169,1710,1394,1841,629,243,1069,1572,1609,1583
1816,1087,277,739,1825,375,902,54,1391,1811
1507,1695,1936,1783,1792,1696,1515,1813,1617,1547
1574,660,1969,1650,1654,321,1692,1888,292,1855
208,1225,1334,993,125,1697,196,1647,612,1794
1818,1775,1577,1623,1741,1582,1977,1539,411,1906
297,325,1104,1770,1528,1665,1807,346,1565,113
1632,1853,1918,208,1532,1701,1843,1633,1809,129
1523,1550,1673,1479,1852,1070,90,841,1955,1874
1911,1530,1162,1598,1134,301,1794,460,222,1656
1905,1647,1477,198,1713,1677,1085,160,1600,1534
1772,1980,1953,1541,516,1565,1522,1744,1392,1258
190,1910,1927,1556,1532,1733,1585,1508,1475,283
176,1535,1713,1800,1645,1657,1498,1668,683,1588
313,1145,1781,1577,300,1722,129,1809,1589,1970
1953,1634,1636,1792,1704,1938,1396,1789,1395,310
1632,1974,1372,1547,417,1776,1728,199,523,170
759,1622,1945,1610,1951,1533,1378,96,1356,1808
866,1515,1675,1799,831,1774,1665,1320,1578,1856
1727,1752,1540,1948,183,174,1821,137,1638,1827
1757,1600,1822,230,1392,216,1624,1631,1507,1685
1649,1565,1600,303,1381,141,698,1822,1676,294
1487,431,1620,261,1894,1648,1568,1549,882,630
1700,1659,324,1567,253,1512,1697,1836,1658,437
1545,1830,1499,1580,1523,526,929,119,1765,1485
1746,318,101,57,1526,42,1894,1658,157,1762
1187,1726,144,1749,1596,94,175,253,984,1808
1520,1525,1534,1644,1681,1386,1253,1813,1781,1735
1902,1848,133,1893,1612,1638,1824,297,187,1701
1939,1851,901,1512,1086,1116,1492,88,1579,1391
1323,433,1678,842,1718,643,1603,1534,232,564
1847,1831,291,672,1832,173,1709,205,24,631
1746,720,223,1708,129,1596,1847,1521,1971,1744
1547,175,1510,1641,1831,1736,1623,244,1778,1726
372,1571,1826,104,1476,1650,665,68,1561,1872
1660,1844,1802,1956,1681,1790,1585,1688,1800,1685
1958,1635,1703,298,1619,55,1809,1640,520,1226
1772,422,987,1732,1805,1834,1597,1818,1810,1826
160,1836,1174,1722,110,1625,1728,1342,1379,276
176,1622,1564,1492,1628,126,1554,1630,499,1718
1846,1669,1667,111,151,103,892,96,1849,246
855,1605,1809,1073,162,1502,1771,503,16,105
1539,229,1841,783,1293,286,1563,1791,1574,1541
231,27,1837,1833,1830,1827,1744,1498,1951,220
315,958,207,1843,1538,1719,1715,1620,1098,1137
1907,1718,1487,1527,1782,1566,1815,1391,1623,1934
1742,1572,1732,1310,1735,170,1522,1701,200,1909
1753,1779,597,1751,1791,528,1545,1522,1778,1305
872,1792,1675,971,1641,82,326,1484,704,451
1716,1597,1306,1643,266,163,1201,1768,1535,1528
1666,1753,52,1809,1642,1645,1675,1908,1547,592
1746,1983,245,1015,97,1842,1692,1648,1070,1228
1567,1388,1549,1577,1622,1660,1505,1843,300,146
1044,1727,371,1838,107,1842,1836,1594,762,1688
125,1210,266,1801,1819,1627,1542,1793,1750,319
18,1261,1783,1651,1771,1705,119,245,1799,1638
1853,1551,1505,1168,1830,1703,134,1831,423,1524
1669,576,1800,80,1365,136,1972,923,1787,499
99,1664,1613,1818,1692,1789,223,1586,824,1791
1925,1716,1896,1647,395,217,1816,1675,1738,247
200,166,1484,1724,1822,1765,1591,716,26,1162
1800,551,251,139,1538,1539,260,230,1188,1830
278,1586,1666,1637,1805,1970,1565,1636,1711,1818
1826,1599,1535,1627,293,1834,1380,1590,1544,197
1951,304,1764,1826,281,1717,1854,1812,1559,1629
175,1837,1369,1670,210,1908,1689,240,791,93
1781,130,1487,1480,58,1035,1231,234,1623,951
1475,271,1652,1512,1595,81,1503,1485,1810,1481
317,793,237,1615,1971,1756,1972,1561,1738,282
143,297,1502,1802,664,1683,1731,1811,1734,1971
1843,1829,463,1747,1831,1663,1917,301,1387,1547
402,284,1792,1629,254,1787,1546,1691,1614,1802
153,1811,1561,1539,1871,192,1789,1599,800,1771
177,1559,785,1742,1640,1911,1432,1778,1552,155
1537,1913,1566,1594,1816,93,1810,1707,1476,1621
1495,1548,110,180,1689,1624,1695,1967,1669,1599
1119,1718,1677,1694,160,1750,1871,431,1664,127
1743,1805,1611,567,115,1806,1532,1547,76,1519
1527,1574,944,179,1496,1545,796,1657,1796,1531
1745,1912,1824,1624,1797,1608,1801,1489,104,1740
1735,1382,1373,1769,1812,1576,575,1983,1794,1844
1684,1856,1528,1176,1698,1783,892,1526,316,1852
1537,1849,1699,1789,1744,311,1782,298,1661,1889
637,1581,211,654,1829,1574,69,1071,118,1375
83,1806,1572,1905,1514,1553,1525,1479,481,1681
1606,1490,1513,1723,1857,1486,1767,1744,1751,1671
1832,969,1073,1830,1593,1619,1682,1953,1725,145
1727,1837,1499,1128,1166,1787,113,1564,1542,1855
1732,1817,296,1374,1421,274,1623,1809,719,1614
1970,224,1585,1806,1834,1563,1774,1510,107,920
1499,1722,1661,1619,1565,1522,1674,668,1845,975
1599,1576,1786,1748,1526,1848,1770,1027,1598,128
1386,1511,1662,1715,1507,998,1783,771,121,1855
1745,1813,1051,1635,1774,1629,1225,1837,295,1843
1477,222,1693,176,1414,700,152,1732,1574,537
1452,1705,151,265,1488,1623,122,1740,1673,1036
1857,1707,1905,1685,1009,1907,66,1846,167,1581
1588,288,1231,1634,1831,1832,422,16,739,1497
1957,162,1386,604,919,199,579,1673,1972,1379
1678,1602,1832,1475,315,228,1563,1790,1733,1726
1708,1537,1656,168,1738,1152,1506,1765,1712,107
15,1786,91,1606,325,1896,1372,1580,1907,1656
183,1625,1861,1484,177,74,1379,1527,214,1574
1630,1623,1581,1848,518,129,1743,1979,254,1620
1688,204,1564,1483,369,1704,121,1711,1511,201
1961,1833,1784,1378,1797,1840,1602,248,205,1524
334,1785,1828,1953,1824,1567,1821,1621,1893,1490
1843,1698,1829,1690,848,57,1559,1845,1761,1628
303,1844,1839,1559,156,1848,1835,1906,1785,651
1372,1857,111,1767,1530,1819,1611,1816,1267,215
1661,1534,1484,1851,1775,1835,1760,1562,1556,1853
1591,1568,1646,1768,1612,1823,1086,562,784,308
283,1809,1406,209,653,1734,390,316,38,1737
1829,1561,597,1112,1725,735,1711,1505,1628,42
1485,1750,1503,250,1922,1754,1604,1820,1740,292
1088,1715,200,213,1912,1897,1642,1809,1688,113
1924,222,1714,404,514,772,1070,1371,1847,1503
314,1855,1788,1218,1576,1724,1925,90,1684,1430
1849,41,1506,1688,1964,1761,1960,1531,261,1549
733,854,1651,1218,1497,1489,1727,605,1615,1496
137,183,1673,1482,876,1708,1743,1733,1653,1487
1827,1714,1481,244,1571,523,1050,1965,92,526
1751,1570,1780,1759,1752,1681,1806,1190,1796,1784
1119,1818,176,1411,1523,1620,85,509,180,1665
1717,1501,1840,271,1567,1779,1533,790,1003,1754
1856,1908,1655,278,1389,1572,1600,1823,1533,1751
1695,1514,334,1621,1693,231,1620,129,1425,1960
1095,1778,1380,563,97,747,1137,157,152,1661
1782,1634,1851,1677,1705,1907,1329,1525,389,1601
1949,489,1676,603,1386,290,1810,1366,1764,313
262,1527,279,256,1650,1581,248,1685,1395,89
319,308,1578,916,1895,1776,1264,1644,1734,1387
1622,1138,1564,734,1855,1562,1930,151,1836,1813
1611,178,1242,93,119,1761,1771,1496,1501,582
248,293,1746,1699,1729,1714,1813,1767,1873,1834
1557,1603,1781,1145,1834,1672,1495,649,1599,1666
1677,118,1479,394,1376,1726,179,161,256,65
1721,1656,1572,717,196,1562,1736,1527,1530,1820
1483,480,1852,1559,1689,207,1939,341,178,1955
1798,1575,1750,1468,1100,567,1555,285,1905,1584
1970,187,249,835,1155,1578,275,1795,1322,107
1832,1662,1005,1912,1495,1855,1478,827,606,1632
1692,1808,251,1581,342,1837,1651,1849,423,1652
990,1482,1741,102,1719,1835,1188,1588,1744,1666
1395,1649,982,1905,252,1527,1801,1637,305,1699
1741,1572,1669,1680,1683,1389,314,1664,1893,1653
991,1712,180,1556,272,1320,1622,1668,210,113
1750,1926,1711,1953,1520,1367,1684,1818,1854,1868
310,782,191,1514,1847,1772,211,1737,97,1729
1605,1505,1735,1543,266,626,178,1530,1621,248
1701,1560,460,1687,1500,1596,1763,208,1844,1548
1675,231,1447,1622,1856,1487,860,1726,186,91
104,129,184,94,251,1530,1768,1335,195,1518
1599,587,240,1750,1807,130,1516,1805,1658,1757
1818,1637,1755,1615,1679,720,1477,1582,1927,869
1793,1647,129,1764,1829,1838,919,1913,1812,658
1714,199,1476,1077,1839,1786,1727,1552,1579,220
1514,1369,1588,1730,1184,110,157,288,43,1709
78,19,284,577,116,1168,168,847,1821,1609
171,1612,1159,1637,1536,720,1392,174,1848,1827
1850,574,665,124,1500,336,252,1607,994,1841
1329,1780,275,1742,219,1561,1553,733,1789,1834
1811,1600,949,1661,129,172,148,1628,1800,1595
1641,1481,705,989,78,153,1846,1829,1682,1586
846,1726,329,246,1828,1759,1247,610,1954,99
1816,1855,1501,102,1727,518,1493,1538,1674,1492
1746,1840,1646,735,228,223,1680,1847,1366,1630
1853,1907,1557,597,1838,1654,1559,1641,1771,1134
1827,1908,136,1479,796,1670,316,1369,254,358
161,328,1557,1602,1241,191,1705,254,1726,1481
200,1381,173,1496,1699,1774,800,922,1600,1823
1507,1952,1678,1571,1480,258,1498,546,1713,1963
164,1821,1476,191,1676,1814,1616,1701,156,1906
1108,475,1716,316,1853,1797,1826,1838,202,1723
1705,1385,1824,1829,1587,1793,1707,1563,1495,1613
532,1885,1664,1954,1630,1685,184,1651,789,1601
1959,1696,1487,257,110,192,179,1654,1599,1708
1533,230,318,1694,1660,1539,1753,1072,623,594
1778,1518,1816,154,160,1803,1856,329,238,1514
1839,231,1826,1523,1764,1777,1819,1502,1004,933
146,1766,1639,1812,1590,885,552,1542,1494,1703
1598,28,1818,508,1586,243,1500,387,260,1588
1577,1686,1968,1385,1636,1543,888,446,582,1825
1483,1574,1809,1753,1695,1710,114,1822,1905,1720
1561,1762,1636,545,1718,820,1809,1629,1495,1974
1627,1783,1616,1592,1669,1906,1503,1515,702,1842
93,88,1774,1566,1069,1137,1788,1909,722,1170
1516,1530,656,1824,1523,1648,1959,1672,1590,1731
1608,582,256,90,1536,896,1753,1761,285,1697
1852,1821,1487,1856,1678,263,1599,1621,285,1391
226,1779,325,1854,1684,1677,254,1654,136,1804
1700,1731,1745,1580,1609,190,1026,1732,1537,1746
1700,786,118,874,1523,654,1521,1797,1722,670
1693,1806,1705,196,1532,97,1589,1576,164,1600
123,897,133,750,1576,1773,1476,939,1394,262
1503,233,1714,207,1703,1528,91,1225,1188,1718
1838,1497,1975,1480,180,305,276,1893,1716,1979
1388,1832,171,1614,1585,1485,1385,1801,497,1767
1772,1765,1608,1684,1634,740,116,1585,404,1821
308,1808,1745,1849,1715,96,1770,1700,1391,1500
344,191,244,1518,205,1482,1905,1806,318,1654
253,1691,1804,1739,187,1616,1628,1824,392,1682
1618,1791,1658,1722,1228,177,268,1823,1392,988
1988,1620,1624,488,1795,228,1757,128,1776,334
1606,1083,1519,1391,701,473,1639,1806,1587,154
1616,229,1538,1804,1495,969,1480,1389,720,1974
1581,158,1388,1735,1800,85,1535,1214,1827,1541
1714,1262,1950,479,1742,1482,948,1558,1385,880
1819,1355,1601,242,1724,1561,102,224,87,215
326,593,117,1689,223,1882,1191,1605,602,165
20,1682,1568,930,1707,1296,1570,1488,1932,1345
94,1378,1634,1813,1897,1853,1391,1657,1780,1557
1492,237,1672,1111,1487,1956,1665,1862,1792,1763
1524,1795,1770,969,406,1117,1725,123,329,225
1788,1609,1716,1507,403,1707,1853,1694,388,1591
1558,213,1071,1813,304,263,1490,1488,1512,1871
1609,1512,1828,116,227,1374,1666,135,1564,1762
937,1534,1541,1555,1810,1728,1620,1652,1748,1584
161,1908,1690,1575,794,1645,703,1755,1180,1105
1580,1581,1631,1769,1634,1377,1820,1643,1682,102
1834,397,1784,1725,1545,1912,767,1557,376,1691
1522,1693,1627,880,1538,1821,1685,286,1477,1628
1742,95,1781,152,1797,1770,1141,1675,1752,1629
571,1750,1757,156,136,1939,1829,1634,1704,1834
1752,323,1529,1972,305,1711,1534,1732,232,185
206,1823,1565,181,226,1741,53,1725,1728,1845
1678,274,88,1029,1631,135,1774,1304,1836,153
1574,925,1517,1738,1823,1259,1790,549,324,304
314,1715,1011,111,518,1647,319,1448,1956,1880
172,141,1659,1487,1047,1519,1567,1803,1629,1339
1791,248,100,1698,277,610,1722,1565,205,1475
1529,1782,497,1701,1734,1605,1910,1943,1717,1505
257,1756,173,1539,1844,1541,279,1689,1913,105
1811,707,73,1540,215,1804,1867,72,1790,1612
1646,1747,159,766,1621,1752,202,1537,1718,1530
1523,1162,156,1710,1631,1930,1703,1974,1759,310
1774,291,1778,920,1818,1843,302,1696,316,1683
1712,1727,1203,1483,977,1521,1739,145,1642,1465
807,368,151,1629,212,1488,1653,1944,91,1530
154,598,933,1546,1769,1748,1757,1823,1650,1679
1377,1181,143,1478,216,1524,1699,1798,192,1614
1694,261,1814,123,274,1647,310,493,620,155
1684,1923,676,1371,1768,1771,88,1565,1666,1603
1723,1630,1941,95,1714,487,1949,1953,1475,1940
1660,314,1793,1482,1374,150,1828,1526,307,1605
1726,551,200,1487,1675,843,1760,186,1615,1731
168,322,93,1635,1262,1555,542,1366,1838,687
1554,1580,1897,1530,1629,1515,1675,1856,326,1847
166,539,437,1557,1546,1485,1719,1637,206,1812
459,764,121,1737,1710,1819,1842,1495,1572,677
341,1882,318,130,467,1561,199,1655,700,1376
1912,1539,1182,1496,1641,1272,1768,168,1502,1742
1617,1824,1832,177,1536,1839,214,191,126,1493
1805,183,289,1702,1629,142,984,1676,1235,1698
159,841,1321,1760,142,1511,1571,271,1951,1761
1501,235,614,1740,1092,386,1519,1837,1732,1643
99,1819,1228,1811,104,1767,1590,1180,1516,214
836,1671,996,1562,1650,273,1857,1840,347,1973
1517,1742,1841,1826,1805,1070,307,1683,1516,1643
1579,230,1770,329,1945,1539,1834,1821,266,60
181,227,1791,1627,1188,1725,1573,1792,1655,801
104,1194,1546,1000,1487,311,1807,237,1344,1648
141,677,1912,1807,1750,1385,1628,1513,1798,1729
1963,205,1417,1342,1652,1494,163,1736,185,1709
373,1866,235,1527,211,1392,1718,328,231,1584
143,512,1926,1525,1772,1517,1498,1954,1908,1807
273,1571,1415,1833,1659,510,1684,1628,340,153
1977,1708,235,1054,1934,1546,1850,1574,1734,1880
1753,590,190,1962,1647,1912,1584,1673,1772,1591
123,1742,89,1651,207,1379,1559,1835,877,205
1930,1713,1797,1682,96,1824,1851,1545,1688,151
1869,1766,1659,692,1702,1533,1542,1476,523,1375
958,1476,50,288,864,1533,1554,772,1775,289
159,1311,1684,300,1671,206,1070,1760,135,313
573,975,1585,1621,1554,214,1652,1796,1835,1527
1896,1912,188,155,1098,1429,1856,1570,1220,1707
1623,1835,1625,184,1522,1921,943,1741,300,1669
754,306,1503,728,326,1663,278,1310,1504,1319
1479,274,152,1909,1899,1644,1524,1720,1394,1824
181,664,1709,1908,1744,1564,1768,274,1837,1590
791,1847,1840,1676,593,1681,1749,481,476,1551
1620,1769,1139,1550,1824,1757,1573,1704,1794,1497
264,114,1406,111,1785,705,1377,1539,1523,1783
1475,185,137,1639,839,303,1333,1737,1663,1848
1689,1557,1603,1636,1829,1499,807,1825,1294,1609
1744,1582,202,1834,1703,244,1363,1548,1495,1788
1574,677,120,160,1691,1558,219,1569,1616,1960
1820,1484,1723,1658,1730,107,1535,1521,1048,1554
1758,1652,260,1769,1508,1477,161,1790,1822,803
1496,1622,784,138,1716,1840,91,214,1969,1353
88,191,1655,480,1816,1806,229,146,1580,100
296,1531,149,546,1869,1596,195,1562,792,1781
1629,1856,129,1701,237,112,1753,1391,1498,114
1535,1887,848,1587,1599,1834,386,1849,1787,1514
1828,1515,230,1721,1479,1480,1577,1738,1545,1615
246,1709,149,1499,142,1491,282,1605,1706,1798
1826,1724,314,1684,153,1808,1711,1648,172,981
717,1510,1756,1755,1554,1959,1594,1978,1482,1737
221,1550,698,1738,1032,143,140,160,1784,90
1566,1617,1199,1797,1567,1753,268,481,1485,515
498,1801,965,106,1535,830,1706,1740,149,1617
1513,1499,134,1511,1225,739,1974,1771,1950,798
1191,1240,782,879,106,1644,1769,1829,1896,1854
1763,212,1853,1686,1094,1482,138,1900,241,1800
1586,278,1124,384,1802,1776,1641,1615,790,1545
1531,1696,1756,361,153,1486,1825,203,198,8
1910,1790,603,1970,1819,730,1787,1855,1690,1272
1497,1742,206,1955,142,1316,1982,243,1970,1925
1393,1546,1581,1757,1490,253,547,1765,1739,538
1781,247,1484,973,1567,76,1322,1809,1851,1963
1751,1824,884,1586,1723,1323,1663,1196,1964,261
1775,1660,1550,1718,270,701,1040,1757,1639,1478
1071,1678,768,696,1497,135,875,1718,178,1623
1566,1650,213,1726,1716,1715,1750,1554,1396,85
1508,333,1596,1812,1505,1173,1178,997,1820,1716
1594,1544,1597,1515,135,1086,1652,1679,1643,1550
1776,1620,1833,111,1525,1753,20,224,1600,1937
948,1648,1025,1605,1618,1594,1851,755,1624,1617
132,1794,1554,1613,1824,662,1340,1544,1596,298
1533,1763,130,120,1765,265,514,1841,1095,1572
312,1977,1387,1659,1712,1335,254,1798,1521,784
1815,1682,218,1742,1548,785,967,1590,866,1941
134,1857,794,1757,1802,1682,1633,1680,1845,1831
964,1765,148,1814,1884,763,1833,1794,1697,1107
1839,1969,1565,1380,377,317,1626,1933,1854,1782
1369,48,595,1678,552,117,1571,108,1371,643
304,1619,1205,1632,69,1753,562,1800,1497,1681
197,1772,289,1508,1686,295,1651,1512,1854,1447
1678,1516,1595,1391,1747,1570,1816,168,1729,973
1842,1536,982,704,728,1502,1593,1682,1841,1770
197,1496,314,363,1685,1643,26,143,579,42
1848,705,321,1623,328,1752,1711,964,790,158
1843,589,1681,139,304,1504,1837,1840,540,1743
418,183,1762,356,1647,1148,248,1597,1788,1547
1778,1700,274,216,1729,1515,1765,1818,1852,1495
1699,125,1482,242,112,1058,750,235,131,1857
1949,127,969,1175,906,1696,1638,1191,309,1770
1553,1551,1368,255,1613,1257,205,789,1872,1774
1713,1843,915,1391,311,1636,483,1741,1657,1771
318,1745,1676,1573,134,124,1836,1670,1487,1571
1658,126,1783,216,705,1567,150,1192,894,291
110,1591,239,859,245,1772,1541,1687,1852,28
1072,382,1769,1675,1837,1788,1549,85,1734,1642
1353,1573,155,1887,1772,1354,932,298,1545,1619
1715,1510,161,136,1847,1802,1220,1125,1699,193
1497,153,815,1788,913,216,91,1558,28,297
1585,1632,1612,307,203,1847,1672,612,1724,1323
1613,1499,1718,1858,158,1806,443,198,1388,1399
1860,1911,1906,1556,294,1800,298,285,1485,97
1386,155,1712,90,211,1480,435,839,1776,6
795,1574,1230,490,1729,1480,1678,1565,1211,1652
1696,1674,291,1744,1742,1581,1098,1708,1705,25
1973,1759,1706,1657,180,1395,1602,1632,460,1256
227,1622,1732,275,103,1967,1488,297,1799,546
1537,1548,231,599,1561,1763,1606,1733,1791,1534
230,1760,1727,1834,1104,1823,1609,1013,1663,315
1519,1775,406,1837,175,1970,1852,1855,1441,1774
314,1382,1956,51,989,1802,1573,1837,1836,182
1717,199,1800,1486,1850,1699,1541,1725,1748,1677
1853,1762,1720,329,1650,1843,1505,1479,1664,245
880,109,1551,1531,1479,1828,1606,150,1816,1617
83,13,1784,1584,1666,1607,1780,149,1771,1733
767,1184,139,934,1649,1125,1838,1748,1745,633
113,260,1555,1069,220,1496,1484,133,1823,257
1622,1486,1490,113,1814,1530,1543,1562,611,1653
1392,1646,266,1226,278,277,1565,1347,705,138
297,1891,139,526,1694,1545,140,1958,55,1491
1774,1477,422,626,286,1759,1660,1762,229,1881
1612,138,1685,1545,430,1487,183,1603,1748,1788
1767,519,363,1393,1768,1383,1515,236,1754,1727
150,1719,1574,1554,131,760,1444,1845,1411,108
1851,1546,1700,1012,137,1703,217,1220,1533,1771
1597,1846,1560,1826,1376,1574,226,1806,1740,995
1685,1719,1593,1506,1948,292,1630,1838,1720,1687
1657,1828,605,1704,1671,1247,1838,294,1794,1561
1553,942,155,1365,324,1540,1713,1607,1715,546
1730,277,1844,1659,261,1673,1374,1576,1747,1528
1738,921,1776,149,1624,228,1622,1476,1717,1777
1589,1842,1696,1835,1498,1763,1785,1529,846,174
1766,1618,420,799,1835,142,1610,1839,1639,1819
141,196,1843,1895,1504,134,1586,701,1718,1479
1555,1893,1634,1848,1073,1856,251,1780,100,1709
1837,1834,1796,334,1609,1810,1518,323,1783,1665
1958,1664,1451,1572,883,1478,874,1840,190,1168
1555,1857,1671,1781,1823,1483,1228,1654,1520,1673
904,1225,1542,1836,985,270,1283,1791,1512,1028
1584,1232,1805,1328,1693,1689,226,1391,1679,1912
1066,1513,1783,239,1726,376,1584,1685,324,229
1791,1973,1535,1499,1724,1671,1363,1029,76,1833
1687,1511,1820,250,1101,1824,110,1761,1759,492
274,460,1601,1986,1490,1691,1756,1912,1702,1844
1913,393,295,1829,22,1841,857,166,343,1576
1700,1881,1717,312,185,367,81,1053,1851,146
303,88,1696,320,930,1840,1685,100,1573,1834
1745,1578,1378,1837,1537,1528,815,1823,1530,1010
1835,1829,995,1572,1714,1796,59,986,1487,1602
63,1848,1599,1640,102,1074,619,1145,1624,1124
1538,1562,1752,150,1635,1311,1683,1202,1615,1690
1179,799,1805,216,1780,1702,255,16,252,269
1932,1985,1569,1581,260,1503,1089,540,814,1554
122,1715,589,1620,300,557,1768,948,1580,1685
166,1662,334,476,1768,129,222,533,1707,1797
1010,304,671,1961,1711,254,210,1500,1627,1641
1687,203,1498,185,105,1631,1791,1607,1700,1823
1839,1806,1586,216,1824,1589,1897,1773,1545,1822
1779,1649,867,1725,1679,1502,154,1518,936,1741
1704,165,1791,1821,1390,526,1025,1843,76,172
1738,247,1540,1735,1617,1046,1796,1772,257,798
1433,69,1781,701,93,1852,1598,1599,1654,1606
1913,98,1798,306,1558,1685,1657,1684,156,948
244,1895,1807,1829,1785,1494,469,1592,1734,1004
1722,1795,1391,1578,1056,1897,1670,1657,1671,1622
1760,1547,1648,787,981,44,236,1797,1646,1621
1159,1484,1676,149,1614,1678,1665,1279,931,184
1724,1485,1799,1505,1518,1697,1784,1498,1682,298
374,278,1622,1749,637,1799,146,1827,1672,279
1607,1701,1554,1754,129,1809,1739,1069,1144,1560
518,110,108,1839,1602,1764,1638,1687,1133,638
1487,1493,983,932,273,1340,1192,158,1792,1791
1739,1537,1648,213,1613,1717,1763,133,1366,1792
240,16,1757,1837,178,97,203,1674,1515,1529
1809,1666,1652,1107,1504,1912,38,1830,1496,1192
1608,1183,132,1568,1656,1164,1636,305,1943,1703
376,1448,1655,224,1737,1779,1765,1968,1620,1949
1609,166,1591,1653,1539,1385,1515,1788,1913,1945
197,1685,1584,1589,792,1550,239,1827,1816,1965
1570,783,1683,69,1622,1671,1827,1854,1447,1392
417,1675,323,678,1379,1698,651,1656,152,187
1485,1576,1942,1767,525,272,1713,126,1703,132
1855,684,1687,1575,111,1831,1843,106,1530,1589
1912,1770,200,1367,1615,320,978,1543,1824,1660
1762,1502,130,1557,1552,1789,188,1666,985,74
1919,1843,1250,318,724,1719,304,193,1913,1540
1758,1819,813,127,1340,747,1504,849,1533,1610
1633,740,1850,1524,1489,1737,1770,1779,1760,1925
1572,1775,1491,1840,1646,1762,1564,1522,1103,1951
1454,1595,1746,107,498,1848,1624,1852,1494,274
1718,1700,1820,1141,1488,1584,670,1728,1577,1601
1697,184,1750,1680,748,1695,116,1844,141,1559
546,1906,1653,1658,1655,1376,1855,1594,1513,1818
699,898,1620,1506,1651,1617,1111,1483,1908,1380
1770,1906,117,176,629,1150,1532,1849,1801,1784
1696,1594,1793,1592,266,208,271,1548,1487,1541
78,1745,1475,1703,292,104,1674,1792,226,478
671,262,1718,1656,1799,305,1819,841,806,1971
255,1610,1763,1507,232,634,102,125,1792,325
1715,502,276,1819,697,1657,1911,1776,758,1557
1750,1288,303,1836,1675,214,1972,1814,1488,1763
1631,1781,133,516,1080,1478,1522,1758,1573,1662
309,1553,1841,1788,706,1894,1601,573,125,1762
1852,101,1660,1573,1534,1829,1756,1816,1708,1276
1484,1588,1844,267,1912,96,1871,1586,1003,1758
1539,1546,1600,1574,1586,1563,1846,1508,1714,1768
1394,1845,1644,170,1814,1515,1981,1396,1721,1745
1635,1554,1753,136,1588,1278,58,42,189,1737
498,198,1518,593,101,1804,1678,1669,328,291
1808,1514,1726,1784,372,88,85,1563,564,290
110,1839,1679,1805,518,1795,654,1611,1722,1793
1762,1503,1860,1148,235,198,1333,393,215,1797
152,1383,1673,123,80,1721,255,1719,766,290
1558,1960,1523,1813,1796,239,1622,186,1800,243
1652,1664,165,1047,1755,1501,321,1655,1646,1672
110,1600,815,1718,133,1787,69,1541,536,1659
1645,1664,716,593,554,1675,1781,102,1488,1433
1511,1574,189,1894,1330,1728,1672,763,1958,1770
1740,1828,1609,1370,223,1687,1293,1635,238,1592
1754,1627,761,94,1504,1495,384,1837,1673,1628
1597,1754,109,1829,89,1572,1700,1743,1851,1685
1545,1826,1761,81,1562,1552,1692,1688,1658,119
1852,1586,1682,367,1774,868,1578,1803,178,1661
1750,988,1797,275,459,1608,27,1758,133,1396
1788,143,1533,225,1526,1579,155,1733,1820,1793
1749,1751,1106,1564,326,1268,1498,1906,1611,1748
1330,1617,1646,1751,1640,205,239,63,1856,1486
285,1794,1724,1493,1601,226,1959,901,1695,1286
69,191,206,1584,1768,1641,144,596,1484,1100
1639,1617,547,1776,546,1701,226,1905,838,73
1412,1912,723,1545,174,1525,1487,1840,1653,294
829,577,208,74,1329,1619,1579,1644,224,1633
303,1077,1838,157,1505,1805,193,1796,1825,1674
125,1849,1699,1824,1800,1725,1844,1180,1507,289
1940,1747,1538,1567,1502,166,1572,1783,1847,222
1905,294,83,136,1606,141,1513,1864,1730,253
1635,1517,1721,1071,1690,1534,632,1551,1649,88
559,355,1896,1585,136,1851,1609,1773,1603,1710
1489,1728,1586,780,1585,1908,361,1943,1827,1341
155,1665,44,1531,1680,1724,1490,1129,94,890
1785,1706,1839,1624,242,997,1742,1534,1529,1511
1833,1525,1736,464,1392,1591,1811,1955,25,1476
1686,1571,1583,1588,1709,246,916,1955,1704,1480
1732,996,1520,1625,1632,1208,1514,1921,1560,1532
264,1667,1132,520,1353,197,1668,888,1482,1895
1068,986,1502,701,1910,184,210,1670,159,318
393,1977,1745,148,1826,1578,132,301,1863,1753
1673,1218,1808,1895,1559,123,141,1505,1336,1547
1565,1794,789,1656,1394,1937,1853,154,806,1511
1676,1820,1100,1637,1720,1616,1825,1924,1156,1538
213,483,1828,112,705,1181,1648,161,143,1580
217,1815,1596,1470,1726,286,1279,1663,503,1587
1386,78,1636,1798,1986,1757,1724,1540,1557,705
408,1757,1782,274,294,1772,1503,1540,416,1508
1551,1826,1661,392,701,1506,790,1490,1698,1728
1567,1804,1814,1589,1743,1947,1654,150,1536,1807
1832,1793,1649,1369,1952,1671,1713,1645,1638,1640
77,1977,1785,210,98,209,1849,1614,195,1816
1759,1844,1563,1894,1740,932,1509,1308,1555,1838
1913,1727,1750,1592,1640,1972,313,1606,898,1833
1072,199,1849,1237,1776,1508,1624,705,1531,136
1742,327,1537,1574,289,1503,105,1715,1766,28
196,1853,701,120,124,464,939,1555,1838,849
1785,1480,1628,696,154,1639,1740,291,257,1843
1850,96,1814,1509,1326,1508,327,844,1698,1753
1701,1267,1642,1513,1520,1849,934,1813,1751,316
479,1516,1814,1606,1387,1571,14,162,797,196
92,260,615,1477,163,1686,1483,1531,514,1790
497,942,131,1601,1509,480,1478,1687,1371,1088
380,1231,1561,237,1699,1638,1753,1850,1589,1410
1911,1706,1819,1944,194,1768,1950,1678,1601,229
1520,1557,173,1712,1792,1564,1825,1596,1761,1555
1908,1486,1696,1542,284,1631,278,1535,1257,1154
1605,108,1830,1769,1685,277,136,1640,1818,1708
1510,192,490,1579,1642,107,722,1535,1608,1498
1599,1700,1815,1690,1332,1800,86,1774,1375,1629
267,188,1746,396,790,439,148,1374,1684,209
1680,1819,234,954,236,197,133,1499,1498,1697
106,259,305,127,1564,1709,1711,140,1112,84
1577,1065,1513,1820,245,1856,206,1700,93,1850
628,1634,1673,283,1731,9,1847,1508,364,1743
1730,1661,187,1618,1623,1675,1880,1905,1848,397
26,136,95,806,413,1636,1730,796,1588,1557
324,1761,934,1647,1685,1607,227,1392,1847,1606
1218,1652,1658,1845,1844,290,1637,1560,1475,205
791,1448,1548,1978,1497,1535,1557,327,1795,1664
1585,1249,1908,1477,1756,109,1663,1176,995,1812
1938,1000,1511,1640,223,713,1945,1766,1718,1518
113,1531,1809,1513,749,417,1568,1849,1700,1812
146,1498,1615,1851,1211,1769,140,1951,158,1831
1909,1478,822,105,503,1666,1029,1726,1616,1760
664,1494,206,1527,1738,1663,1728,1516,187,526
1532,1525,1549,79,1079,1821,15,1487,1838,190
1756,1500,1587,1798,1842,1832,1630,261,1851,1097
313,163,1561,305,1383,1088,97,637,256,1670
699,1697,1802,1682,286,1275,1711,1720,1808,17
1709,1839,1911,800,1891,1466,1701,872,1383,1497
200,1758,150,305,1824,1158,1516,1686,1718,1109
1856,1925,119,1951,405,1632,1491,1841,1701,212
276,1648,362,1636,1822,1818,1749,1625,1618,1634
595,801,201,1758,322,1490,319,1521,1590,1768
1637,1854,1778,622,71,1576,24,1542,141,1770
1825,1734,1319,1696,1481,1430,1735,1000,92,1813
1960,1813,1783,1852,1638,1837,1684,237,1855,1845
1825,1822,1789,1651,1809,61,273,257,1622,1611
326,1717,1584,1538,883,1320,1385,81,1732,1640
1494,1545,1364,1246,1737,64,139,105,559,1724
