1724,1835,261,139,1392,425,1287,77,1838,1775,257,1640,1874,1846,793,1505,1589
1007,1720,542,731,1597,1518,80,67,169,1830,1645,1538,142,809,1644,1487,1610
1801,1531,172,1648,1957,1826,1489,286,255,1672,1700,1756,1716,289,1796,1636,1595
1911,1785,1614,199,1578,1974,1741,85,1690,1485,1784,1655,1652,1843,328,851,225
1650,1932,1676,1563,306,1805,1818,1613,1504,1775,1278,1162,1851,1557,206,1956,1776
1508,1178,1785,1684,227,1621,1909,1745,1255,215,1577,1651,1710,1819,1697,729,316
1764,1908,1106,1499,1576,1609,1550,1987,1587,1484,1676,1686,1481,1710,1657,1654,1849
307,1794,1796,325,1845,1839,1846,1565,308,1103,313,271,1510,1176,1534,1595,180
1804,1476,1690,159,1801,1506,1789,181,1490,1485,1706,1710,1890,1534,995,1599,1537
1743,1373,1644,1783,1648,1602,154,1569,1892,1264,308,1625,1739,1839,1379,1585,1733
1623,243,1504,1678,219,1926,1740,316,1774,1768,1691,87,1757,800,328,1905,1036
1632,1610,129,87,1735,126,225,1698,1832,1591,1634,863,193,1115,1572,180,1662
1638,1751,139,1756,1565,1541,1827,242,1686,1073,1508,13,283,25,1393,262,1832
1911,1649,1752,1709,217,1522,1394,1814,1739,1950,120,199,1968,1595,1849,1841,1810
1648,1035,1906,1385,285,1393,1494,1370,1831,1786,1383,104,916,1563,1615,1732,123
232,1847,1552,209,1573,1852,206,121,1816,1381,1517,1475,307,1512,1709,1579,140
1328,1748,1756,213,1244,680,1573,1619,1751,567,1572,1365,242,97,783,1720,1801
176,1630,1731,30,713,890,1895,309,1479,1763,150,1734,165,1582,1584,1816,1829
1688,1615,1704,619,1855,1652,1547,1849,136,363,426,1531,1556,228,1671,791,1690
442,1728,173,1547,212,741,1602,1606,1456,1747,293,1848,1601,1387,139,497,1518
1684,320,226,1535,1770,695,1813,1785,1812,1645,1626,106,1250,1628,969,1585,1520
874,1619,1231,1650,1862,1587,233,1628,1988,1948,1856,1776,1354,1595,216,1521,1695
1773,1491,1037,1850,1895,415,1095,1650,1309,249,1839,244,1312,612,283,367,1908
1530,1520,591,1692,1818,250,1685,1579,1361,247,1501,1115,1512,1554,1526,1006,1565
1845,1867,1973,1606,1518,1503,1849,1526,1551,1947,921,1481,1567,1363,1783,164,1375
1565,1893,1767,1557,190,77,1926,1640,203,276,1524,167,1659,451,1552,1799,1679
1830,236,120,1798,1933,1367,1738,547,372,1505,1508,1609,1722,47,1643,1062,113
1775,193,1527,1777,1712,520,229,1847,1628,1482,1553,1502,395,944,1772,1614,1149
225,1794,1844,1111,1711,455,1625,1827,262,1395,1038,1736,238,1749,182,325,1758
1692,13,1269,1622,1662,1615,1505,1841,102,1737,1907,1618,1809,1850,330,770,1819
1833,1695,1191,1546,1811,1690,1354,1912,1637,1689,874,1733,142,1821,1871,551,1439
1475,1408,1373,1371,170,1641,1768,310,550,1497,1574,1840,1680,1623,366,1488,1690
1491,1733,125,223,1830,1817,1268,1834,1002,1493,1785,1637,1821,1605,431,1497,1826
267,91,1535,497,1771,1973,1857,1814,1330,1471,1673,916,1906,1677,1112,1530,737
1616,1612,1754,1569,1752,1797,173,596,1698,130,254,346,1504,123,1546,106,179
1624,1556,1812,1907,1832,1652,505,1757,228,1745,1807,1963,1797,1655,1071,313,1037
1606,1660,1771,1825,1697,112,1610,1502,1487,727,1587,1765,1834,1614,264,1749,114
81,1691,257,1846,1750,1542,1491,1634,1742,1574,1661,667,1826,622,24,1727,680
1638,1607,1655,259,1544,1861,310,203,933,1838,263,290,1499,1730,1519,1637,1790
138,1632,1839,1628,789,812,477,1746,1756,119,1603,1759,1541,1518,1043,1722,1828
44,1587,1049,1793,1554,228,84,1663,1645,160,129,1827,287,310,1307,1566,1749
1635,1789,1648,1854,197,1845,1823,1448,1478,1651,1832,1525,1319,327,1206,1259,1852
1656,1829,1519,293,1804,1546,1547,1728,407,1124,40,1789,1654,224,1500,1645,1485
256,1501,1597,1714,1730,1800,578,1777,183,1813,1789,1644,1211,101,1188,1641,1631
1526,1936,1494,1789,860,1637,1529,223,370,633,1363,1625,1890,1477,505,99,196
732,1374,65,945,825,1590,546,1586,1507,631,1591,1630,1922,1673,1846,1667,548
37,1840,976,1836,1571,236,1119,1339,1700,153,308,1179,1391,1656,221,1756,1731
249,1392,1724,1808,1132,1350,175,1559,196,1827,126,1274,1366,1760,1384,1601,81
1957,310,1732,1691,1674,1603,1500,1768,698,1034,1543,326,1720,141,1632,1625,1763
297,478,105,1734,521,1772,1776,1910,1519,1639,169,208,1124,1692,1592,1610,1907
1514,1542,1555,1194,1532,1810,1835,1658,1764,1616,1851,1145,1503,480,1812,1698,1909
1504,1908,1036,1807,149,1956,1930,1633,1652,1796,1514,84,1403,1818,1722,1821,78
1395,1635,1493,1791,1394,1770,780,891,866,1503,1695,208,122,1808,285,1799,1665
150,1833,1385,175,91,1686,1352,1796,1568,1715,1173,1511,1910,725,309,130,1798
1046,1563,262,488,1636,1725,1906,1598,1639,1662,1568,1821,1852,1491,138,148,1743
1575,1576,1365,1496,1625,1579,1494,1473,1068,1840,1963,942,1771,1737,1498,1597,1596
1367,427,921,1906,1856,250,1319,1526,1728,272,216,1814,1213,1817,1627,1122,1615
1625,1120,81,1819,262,1552,144,1664,1689,798,1699,800,803,1723,1580,1588,1389
1644,308,1798,1968,1755,260,319,1684,735,677,543,1906,1597,1530,1004,1622,932
1711,1519,1569,1818,640,317,1415,1482,248,1785,1231,1660,249,1825,1735,1541,1532
879,1404,1268,1977,1828,105,444,1830,1569,372,846,248,1661,228,205,252,263
1511,1482,1097,184,285,1813,1815,1675,1499,1380,1971,1727,1323,1679,1374,1566,284
1669,233,1502,1595,1843,1972,1475,1748,1173,1703,1283,1568,1588,1642,1492,244,1512
526,185,322,1811,1105,215,260,729,804,1592,338,1495,597,779,1616,1568,1910
1702,1799,305,244,490,189,706,1513,292,1841,1959,509,1606,1622,1985,1610,1715
1745,1684,1637,1750,149,1574,1822,1521,1664,945,1856,1668,1806,263,1537,703,1833
1321,1778,1594,199,1950,1809,405,174,735,1635,1839,1162,1956,1770,1842,1577,1326
307,164,1805,1708,83,1492,1761,1375,1839,244,1717,204,1719,300,1754,1530,1487
671,1555,1764,1795,1857,1087,1763,135,324,507,1742,1969,1578,1640,1840,1264,221
1631,1524,69,1733,1753,1737,1623,1854,212,537,1634,755,255,184,1534,1482,631
1749,1605,1495,1526,1837,300,147,1784,188,1678,1806,1862,237,1713,948,1740,1657
1395,1828,164,1319,1491,1513,1670,1899,1500,1374,761,1726,1438,1707,1773,1568,1674
1646,281,142,1601,1731,1870,1157,930,1832,1714,300,1659,1803,1096,1771,1737,1726
1617,297,1784,1716,1817,1577,1963,1841,271,1778,259,1615,1612,1531,1616,1636,1808
1516,1600,160,440,1499,26,1363,1706,1642,1776,1618,149,1636,1832,1663,1364,1731
221,67,610,1531,1517,1599,142,1481,1802,1839,1533,237,360,292,1906,73,551
1699,1887,130,1512,860,1548,1738,1557,1797,1826,314,1395,870,1775,1773,1840,1576
110,314,1627,1559,1564,87,1750,1719,1543,1748,1668,1702,1807,1524,172,1592,1801
1709,1812,1685,1797,1554,121,28,1599,1547,896,1946,677,212,1733,1674,1503,156
1305,773,1684,1731,1617,744,169,1783,1720,1869,124,1652,153,1634,577,89,256
1538,1564,1555,162,136,130,1481,1526,1529,1820,804,341,1602,193,1743,110,1856
1657,1721,346,1824,1186,1914,1537,1658,1519,1709,1598,1529,1638,167,1112,120,1798
1173,1635,717,1117,1567,1834,1548,118,1688,1696,1478,1293,1830,1639,1521,1686,1623
194,1882,1851,1755,1497,1479,1411,1625,1608,1820,1800,1747,795,1770,1782,1678,1912
1908,1612,127,1631,103,1618,1665,1377,699,141,1626,516,1642,1524,1601,1392,1765
1388,281,473,1480,1582,1642,1534,408,142,1724,1504,1556,302,1686,1725,1910,1812
103,1738,218,1846,65,1952,739,1318,146,847,1573,114,1231,1819,849,864,1964
1784,1503,1556,1809,1679,218,1581,1829,1583,1492,1720,1604,577,649,187,1840,1015
1666,50,1812,1215,1604,216,976,1814,1827,1028,136,1526,1645,1818,1481,1352,1692
1650,218,1766,1502,1770,1681,1537,1913,270,1749,1857,1679,1680,1493,1578,215,1226
708,1042,1586,1489,577,1504,1836,1642,1818,1503,1912,1691,1715,265,1911,126,1781
1344,1847,531,1496,1484,1564,742,1265,212,1582,219,1834,1515,1665,298,268,1537
1940,1779,1780,492,1692,1938,1371,1843,1504,675,1514,1677,1628,1161,622,436,1610
1750,1740,1673,1656,1771,113,170,791,1352,1258,497,1846,1923,1110,1845,203,1805
226,1592,1629,131,1101,1798,1845,1489,1770,1478,1707,1590,1471,1477,27,1738,1970
1784,130,1579,1382,1381,1596,1954,1826,1484,1854,912,1774,15,1421,1546,1724,623
990,1790,503,1111,1716,1471,1710,1730,261,1766,1499,1571,126,1644,1685,1628,1039
870,1811,1484,662,518,1551,1817,294,432,949,1653,1475,214,1677,1651,329,87
1658,1675,1689,37,1515,1555,1619,1591,1322,1789,1717,705,1179,1830,1832,1707,1854
372,1663,1841,1501,229,1040,1634,1813,186,1653,1476,1795,1289,1588,1486,159,1632
249,114,1052,1028,1561,1638,1696,1369,1438,1804,1585,1554,1505,1480,1618,1726,176
1780,202,1635,1715,1048,1968,525,1646,1580,66,1907,137,518,1642,1102,1821,119
1911,1555,1746,1791,1593,1685,1548,1473,1568,1757,1790,130,1504,1725,1670,111,1805
1714,1638,90,1837,1807,1811,1620,1507,1700,627,1829,695,1832,1502,1483,1722,1843
1820,1849,1644,1759,1253,1780,1586,1562,668,1893,1536,1180,1734,155,1654,1543,259
1168,1667,1081,1623,1644,1361,1129,1070,1742,1824,255,1960,91,1708,155,1601,1956
963,1603,1587,1500,1420,1627,89,283,1610,1669,1526,1620,1945,430,1579,1805,1754
223,1608,515,173,1574,1483,176,1380,1655,1743,297,1294,1757,1890,1866,1839,248
1943,1804,1505,1800,1768,103,1393,1764,1802,1652,1575,1735,1539,180,1909,1846,1106
802,223,1677,181,1654,104,1643,1561,1737,1729,1530,1751,163,1652,466,1777,314
1796,684,1860,1722,1082,509,237,307,1739,701,1767,106,1725,668,1682,83,1821
1768,1486,1789,1623,223,1697,293,1825,1782,1575,173,1648,1538,1729,1123,307,1552
217,1658,1586,329,1893,1176,437,1526,1683,1748,1577,1392,1801,1643,1461,528,1354
1641,1691,1672,198,1841,1473,1592,1662,1495,1816,1763,1746,1849,1682,147,1319,1844
1716,118,1727,1544,259,320,1721,400,1518,1526,1528,126,1652,1828,1563,1644,222
405,1702,1592,1052,1755,650,1622,1714,1708,1546,1656,774,1637,1669,1550,1483,1711
1599,1503,472,329,1522,1660,839,1390,922,1943,1575,1688,495,1705,1811,1981,1652
1680,1750,1616,1591,1512,99,1539,1943,81,1666,1686,1734,154,1623,1853,15,1488
437,1687,1745,1566,1514,412,1062,1502,217,1686,1491,1907,631,1572,1499,442,1694
217,1071,1911,1836,45,1335,1198,1665,1663,257,1565,136,1703,1751,1707,535,1735
1533,1911,1626,168,1962,1711,81,1715,1840,1649,1483,253,1578,1562,1261,1507,1914
1106,751,1384,1508,97,1685,109,1379,1854,1545,1703,1764,1856,1625,1664,1652,324
237,1588,1064,1716,969,1804,109,1785,261,219,227,1521,1734,587,1759,1650,94
1748,245,1830,701,1725,1499,1504,250,83,1695,1585,1845,1819,145,398,1764,833
1905,1366,1704,1982,1731,1626,1712,151,1391,633,1793,1711,376,1587,1724,631,1838
1906,1707,865,64,1795,1600,1509,1696,322,1126,326,942,205,1908,1573,105,1794
99,13,1665,1703,1695,308,16,832,1702,1815,128,239,1513,299,1724,1557,915
472,324,146,1152,568,1607,263,1088,996,1365,250,1750,1598,1380,1384,170,1688
1760,1780,1686,1698,1690,1532,1545,1516,1533,1795,96,1613,1535,1645,1712,1604,705
1660,1565,1829,1562,1839,1375,458,1694,1518,1706,1812,1331,254,1591,204,1749,1854
1800,1544,1588,1634,405,295,631,1482,303,150,1840,1471,1702,93,1537,1541,1807
1819,737,1726,587,1974,610,1537,498,1771,1646,1582,1550,1776,1270,168,1378,234
1789,1575,293,1732,1601,1487,158,1071,1700,1797,1667,1490,1682,1539,1467,1817,1808
1214,1404,1554,1692,1780,1378,1496,1679,1519,1795,1907,313,1844,1568,485,1509,1601
881,1279,1833,1807,1752,1850,1664,1711,1634,196,1526,262,1283,1673,168,1589,942
1598,1698,1684,1476,419,1942,127,113,874,1637,1162,94,937,805,1683,1596,1533
1502,1969,1553,959,103,1855,1958,171,177,222,1846,559,1738,1560,411,969,150
1648,1630,1546,1687,1635,1577,155,1523,111,1973,1747,1485,1915,1284,1067,1749,1854
1502,1687,1482,104,1505,1574,1589,98,1787,1857,370,1801,1690,1520,1033,1667,323
1750,154,1651,1948,1422,642,1533,1760,1945,1623,1779,1493,890,66,1581,1501,1492
1124,198,261,201,141,1961,1686,1828,705,1892,295,149,325,1586,102,211,1555
775,1563,1585,1469,1808,1410,1663,842,405,1849,1801,1396,140,121,539,437,482
1599,865,1764,1830,1797,1911,1733,626,1083,1849,46,148,271,1667,1813,1663,1972
1530,1800,1606,1232,1846,580,1751,1628,1547,568,764,1607,1503,128,89,1655,1746
1775,1942,1639,332,1558,1730,1478,1626,1541,1597,1859,1785,1270,1820,1528,21,1791
1525,1501,1709,1983,1852,1478,1507,1744,1534,654,1500,1686,1667,1396,1377,164,1749
1089,1675,1824,1522,583,1600,1840,1502,1642,1834,1536,942,1843,1985,1641,659,71
1774,1475,1553,1391,1779,1962,1571,1649,1621,986,1825,1624,160,1741,1897,811,286
1682,1590,1735,138,1677,1500,117,1605,1720,1837,1536,85,1072,1824,1844,1686,128
91,209,1528,1569,1911,795,751,219,1688,205,1737,290,1575,1607,303,311,1745
246,1396,1863,498,1828,89,1771,1808,339,189,1782,912,1720,180,1661,1838,1525
806,113,1511,1912,335,1575,1830,1835,1046,1664,1512,1640,1852,1651,916,840,1970
96,1547,1542,1515,1922,196,1639,708,1750,1796,1689,14,1521,1764,312,238,486
1695,1751,1735,728,939,1818,1019,1565,674,1382,172,1617,1745,1807,1583,1749,129
507,1787,1123,1506,1816,1643,205,1597,1735,1544,1644,158,1592,1742,1853,1937,1799
899,1657,1969,1646,1357,1606,1476,1624,1541,518,1919,1809,1775,206,205,1755,1759
1888,174,705,247,962,240,1237,872,1555,1809,1543,1763,1570,1668,1628,1916,1683
1387,1478,1568,45,1556,1737,1736,1236,1764,1893,1592,184,271,124,1603,1497,1544
1487,1638,110,285,325,1639,377,1574,82,1494,1791,308,1813,1308,1648,287,57
1855,1637,112,1822,1742,1070,1713,80,1843,1743,96,175,142,214,1506,1587,1808
1711,1552,1225,737,186,1909,1590,152,1970,111,1507,93,720,1449,243,1593,1626
1024,1543,1705,1303,290,1765,101,1631,1640,1680,1478,1328,1782,1679,480,1722,784
1369,1797,998,1765,1756,1770,1896,1844,1722,262,1644,1248,1846,1735,208,1679,1750
1592,1806,1728,1633,127,1365,1528,1368,213,1198,1851,271,234,1270,1487,1873,704
1638,103,1104,1342,1787,1690,1835,225,893,1494,1535,1637,106,1893,1632,1510,1819
269,714,1606,1673,1772,1203,1592,1621,1819,224,705,229,522,683,1489,1267,1661
1389,151,1846,1908,1703,194,670,230,1743,1675,291,617,210,1573,1598,1720,1569
1598,48,1156,1812,1644,1671,281,1907,1526,1518,1771,1670,1908,697,1333,806,1528
1906,1812,548,290,1604,1685,1853,1652,1585,1780,1648,308,1772,1577,117,1386,276
1700,1812,1304,1799,1587,1611,1041,1822,1515,128,210,1581,1731,1698,1607,1586,1636
1571,1784,848,1821,1526,984,1903,1549,182,614,1803,994,1501,185,1752,1545,1629
1363,1392,1521,1918,1560,1770,710,1517,1756,1896,1780,1880,1784,801,1764,1537,306
1825,1033,1656,1729,1106,1680,1639,227,1511,760,1649,458,1956,1072,1560,1720,1626
1732,1392,1557,1818,1536,169,1613,1695,1580,985,1636,1661,342,1770,1530,1683,1016
1742,1561,450,1749,1906,691,1497,1660,284,1764,1799,1700,1744,1365,1508,1478,1729
1508,1744,1822,1848,140,1558,1753,1618,1829,1496,237,35,1499,100,1940,984,1692
792,112,382,178,1755,1854,1662,977,126,1113,193,204,1851,894,1824,994,1685
1842,329,1786,1769,1911,1651,1940,1824,1922,1554,1332,1912,1530,1637,1460,1723,777
1844,1802,1520,326,1667,1725,1533,1072,1716,1484,1940,1718,609,1843,1521,1481,411
1648,1786,1947,1589,219,1769,1851,1335,249,1777,214,1695,197,1802,644,1700,1779
671,1475,196,1905,1544,1693,624,1480,1020,1655,242,1834,1596,605,705,1557,189
980,1663,1720,1530,1668,467,605,1387,212,817,1675,1621,1504,1648,1518,1538,1815
1409,1715,1549,1396,1545,1691,25,1986,1852,310,1905,1688,243,1610,208,205,1699
1976,1575,1637,1804,1704,1841,1613,1532,1137,1649,1537,74,1908,1687,1781,1602,1681
1758,1777,1501,1841,1651,517,1762,305,1802,207,1491,1670,1499,804,1316,1516,125
1106,1827,1070,1760,1849,1511,1488,304,129,1517,1988,1546,206,1603,1641,1492,1576
1071,325,1631,1488,81,563,1493,1630,20,218,1283,1620,1498,1878,1626,193,106
461,118,1383,1058,1659,834,1592,147,158,1790,1603,1885,1510,1646,1965,1957,1658
1477,1811,1848,1364,1846,1515,1725,1606,1487,155,1643,1635,1563,1475,1112,1090,1949
1755,1815,1731,1559,1725,1688,301,87,1819,1586,1757,1537,918,1679,1816,1222,248
406,1705,1755,1846,169,1680,1736,1589,1726,1538,111,1765,181,1630,190,207,1542
1952,1409,569,812,1704,82,524,1843,1786,1789,1703,1584,1713,1722,113,1580,212
165,1497,796,1557,1584,1661,673,374,446,1949,1808,1383,1779,161,1770,1956,248
346,1602,1657,194,335,72,1673,1601,1706,1484,1538,1696,1401,1848,945,1856,1711
148,1827,1256,1485,1661,892,1262,1591,1712,1746,394,1743,40,1612,1749,135,1716
1712,1492,1573,1727,1674,799,1595,1522,1740,1780,595,1679,153,1073,1274,1504,301
1713,1804,1394,192,1508,1714,1780,1444,1812,1964,112,1610,302,1847,1848,1777,1834
1715,1589,411,1805,213,1483,1792,1669,1674,277,1507,970,920,1487,225,1682,1567
1611,477,1574,53,1525,233,1473,700,1619,1486,1501,80,228,1843,1609,1622,1624
1727,1767,1762,1906,1837,471,1700,1871,212,1517,1909,1742,1645,1830,345,1795,593
981,1956,74,500,1970,1834,1831,191,578,788,1672,1844,1955,1744,1657,1002,1174
66,1807,1839,1480,1822,1589,1642,1709,1772,1494,1659,1318,1922,1905,1676,1775,1355
1613,1561,131,1616,1343,82,175,1704,250,1912,1439,66,1117,794,957,1953,1850
138,1892,1843,46,1710,1768,435,1849,100,1628,1769,235,200,1695,1480,378,1667
1837,1688,1812,1501,1802,319,1560,306,1911,1605,874,1823,1770,1821,452,1798,206
1594,1792,1760,1816,1515,1530,1776,1943,504,1634,1711,576,1383,1495,1194,1659,1069
192,101,890,1481,81,1057,1598,1595,860,527,1703,585,1836,1755,1909,397,1519
1922,1476,1640,1827,1774,1819,1616,212,1558,1664,1034,304,1927,220,1575,300,1960
1677,1822,1354,1886,814,1947,533,1613,1913,1639,314,1590,252,1671,248,1515,1604
1584,1575,1857,320,1947,1563,923,1611,259,137,1617,1631,1813,1373,228,1654,206
1494,608,1603,1849,1543,1517,1476,1610,518,1826,661,1794,42,416,1896,1239,897
1559,291,1635,1383,150,1747,315,188,1108,1646,1699,1771,1816,1913,503,323,1729
91,1678,1702,1687,555,182,1588,1677,1669,1818,1688,1613,1547,1601,1627,206,1661
1593,1909,247,632,1606,1671,1767,1959,1782,1347,547,1837,1725,307,1644,310,1480
1490,1725,1387,1852,127,1987,1831,1548,1892,389,1746,1531,889,99,98,1609,583
1374,1639,152,1629,496,1335,1763,1819,1811,1701,1730,789,39,1743,804,1509,285
1594,1757,1708,1630,306,4,1787,1826,1522,1907,141,1483,1770,1618,1609,245,1701
1608,1779,1791,1376,1543,1630,1778,1752,1649,987,1588,880,1522,1536,1612,1673,210
1749,1688,1660,88,1954,1642,1969,266,1804,1819,1675,1046,220,298,480,1737,142
1481,1475,80,342,392,1513,805,1672,1752,1694,1912,1712,1600,1900,239,1732,1622
1711,1648,87,1505,1817,1583,1831,1644,1378,1581,1722,789,1911,1682,1602,1700,1850
1577,160,266,796,134,1626,1797,1643,181,1871,319,1671,1550,93,1708,1524,210
1617,1856,1752,178,191,1736,29,466,455,1109,768,1823,1568,1761,1806,1539,1514
1388,1069,163,1910,1623,1689,1819,1552,1720,1353,1526,862,1036,290,1486,1710,1791
591,1776,1668,1568,1539,1483,1092,1968,857,1141,1512,1589,1748,1785,1825,1959,1320
152,1867,1833,1255,94,1107,228,1824,1655,1468,1750,1509,788,193,1170,1645,1646
1482,223,1682,1768,266,1969,271,1926,1573,1575,608,450,107,1721,1508,528,1753
1643,194,1791,1482,1851,1760,1204,1663,1496,1628,860,1587,1698,131,1934,1855,151
1720,1389,134,1231,224,156,1482,1776,894,1677,825,1538,1607,326,681,1750,1946
1648,44,1481,1701,471,1973,1744,63,1890,654,753,199,1674,1529,1774,1886,192
173,1721,115,1612,1551,1571,121,716,657,1636,1781,1745,1771,1824,1747,1663,1631
1526,1636,1715,1628,93,1515,1683,1754,1287,1634,857,1491,1759,1519,329,1794,1483
1796,1831,1851,1182,1800,223,1843,1671,128,1854,226,1938,368,1480,1675,1819,1624
1439,161,1651,198,1550,144,1753,233,88,1673,1522,114,194,1697,1354,1615,245
1609,115,223,1828,1827,302,1731,1692,1755,1638,1693,1852,1237,1271,1643,854,1621
1899,1269,1233,1845,1241,270,1806,1513,155,1293,1544,1529,495,856,1550,1610,1714
85,523,213,1799,1643,894,1688,212,1662,1756,1576,180,1767,1797,1907,210,1544
1525,176,309,1852,1717,1735,1657,1651,82,1786,863,113,1754,1073,115,1645,1963
1823,1162,365,1541,192,1476,325,1806,1654,1970,301,1532,1955,1628,1540,1659,209
1466,1692,1542,1578,1684,1609,1808,190,35,950,244,1788,1517,1551,1735,1621,1765
1947,1678,1504,1823,1754,1497,225,23,729,1625,737,1720,1397,1536,1703,1723,1386
274,555,1912,47,73,1268,1593,1246,1822,173,1101,1763,1446,1796,1694,1162,191
1808,108,1830,1755,143,97,1218,577,282,974,1815,198,1706,224,1777,1527,1978
1543,1567,1836,1073,1668,833,99,1909,1571,183,1561,90,1447,1351,135,1515,209
1756,1466,1848,1386,1764,1498,1532,1774,1921,1628,1772,1910,1380,1530,271,1527,1577
1843,1635,753,820,1641,1587,282,1648,1801,1770,1594,1571,242,1600,1786,1550,1569
1771,344,76,1709,1575,1588,227,1551,1496,1539,1641,512,1908,36,1624,1260,1488
686,252,1781,1917,1665,1562,1494,1903,803,1557,1957,1552,299,1533,215,1481,1905
1835,1796,473,365,191,1720,1750,1618,1521,1825,634,1590,1817,354,1592,1671,1776
1534,1490,1688,1540,1580,707,1630,1614,1662,1679,1742,1682,1804,784,216,1972,1902
1375,1725,1610,1734,1849,1691,150,1524,144,429,1811,1683,1714,1911,182,270,1212
1548,1640,1010,177,1365,1844,1567,1598,1765,1324,1519,1522,1496,1757,196,1559,272
311,145,1700,172,302,1668,1725,1748,1481,1393,1160,1788,209,261,181,1823,1795
197,39,1816,1596,1670,394,161,269,1709,1821,133,801,626,1035,1484,1805,1665
932,1942,1631,1801,1555,93,1611,178,1660,282,112,1483,1385,222,1833,1571,1567
1655,1948,1672,1786,1534,313,253,1621,1697,178,238,1484,295,541,1759,1475,843
14,1714,132,791,1802,339,1548,1221,1788,1805,284,103,1128,1646,1794,1822,1642
1489,1801,1632,1827,1494,1560,1984,816,127,1857,1050,513,1561,1270,1715,1740,1837
1675,1971,1747,1616,481,1624,1197,1290,1483,1819,932,1058,600,1585,1745,1839,1692
1605,1782,1583,1985,1575,955,483,1784,1714,1829,1627,1830,1477,98,1497,1840,1761
1660,1799,1305,992,188,152,245,875,1769,1524,1798,1675,232,1678,1667,1707,1525
1357,1960,1426,1377,1690,869,1538,1896,1612,1913,1496,181,1578,1581,1547,1513,546
102,208,1573,1004,1507,1623,1542,1259,1760,181,78,1621,89,287,254,59,810
158,734,1577,700,1873,1754,273,1779,1650,1326,226,1741,181,1229,1076,1823,1623
94,1604,1916,1836,321,1687,1655,225,1586,282,15,1580,2,1631,79,1950,1770
799,1942,1713,1746,1517,254,1499,1754,1658,1503,1423,251,1775,824,1616,210,234
1683,1511,1601,1778,1177,308,257,1985,32,115,704,1706,1618,1559,1711,1123,1751
1738,232,1805,1715,1500,1095,1556,1763,1794,97,1829,1495,1654,1685,145,1940,1494
1652,476,276,1895,112,1770,996,1716,1478,1493,1693,596,1903,1344,240,304,1372
106,1714,110,244,95,271,175,1622,1824,112,1694,1541,1626,1838,4,311,1760
1816,229,131,1490,1771,1856,1577,121,1825,1827,1802,1545,1649,186,1761,375,1493
169,1062,1564,610,144,375,1756,140,1829,1507,1762,1855,1722,1627,301,1930,1124
82,1745,1642,1565,1841,1840,1763,1796,843,1798,284,229,1641,1616,250,1607,886
1617,1467,1487,142,795,1801,407,1684,1959,1681,1845,1972,189,587,1680,615,250
1480,1718,1714,108,434,151,1843,1853,1598,1728,1739,1656,1722,187,1543,1610,1704
1536,1960,1671,54,1758,1742,1852,1153,90,1736,1512,1678,1630,1968,96,1715,23
1711,1809,1745,648,812,1723,862,1966,1577,406,1636,1514,26,403,1607,1611,1984
1651,231,1700,252,1382,1345,1836,1564,1492,1641,1083,1808,840,1953,1640,1602,1629
1669,245,1801,1718,1009,1596,1946,1537,1772,1099,1,303,1697,1623,1848,1674,1652
1493,1628,1847,1368,1807,1664,1844,1574,1557,802,747,1674,1564,108,228,159,1639
1826,1337,1597,1556,268,1436,1302,1789,871,1645,1819,287,1969,82,1851,1544,1847
1721,91,265,1611,1070,1576,247,1391,1823,1627,312,1636,1562,1913,7,1486,1296
49,220,1832,1529,1591,1806,1779,547,549,1823,1671,1652,1735,271,1783,1534,1582
867,1510,1911,1740,537,242,1183,570,1837,1742,1697,265,311,1560,1724,1481,1671
1703,1365,1045,1874,1940,1029,1829,1812,177,1807,124,260,1720,1806,1617,1680,1753
285,1747,222,1656,1742,150,1501,1849,1365,117,892,1564,1589,1660,1809,1662,143
1499,1803,1035,1698,1663,1941,1812,1948,254,1689,1539,1693,1528,1588,1556,295,1536
1636,324,1552,1751,332,936,1804,1948,1582,1833,1567,1575,1818,47,1825,1504,1566
90,1821,1484,1680,1756,259,1365,1115,1383,1793,6,578,1536,398,311,1690,302
1733,1698,216,1507,242,1683,153,1790,1580,943,1748,1496,466,1806,289,1604,1747
1210,1526,1733,1700,1784,1556,1320,1660,621,1692,1810,1684,1580,1544,1801,1754,1514
215,1698,1989,1833,203,989,1811,1827,1664,1577,327,317,128,1047,57,1374,109
181,1697,1286,1531,1598,797,1961,310,1678,684,897,1959,117,198,1922,87,1610
1550,1783,1441,312,213,147,1748,1479,1489,576,230,1805,183,1689,1365,37,1482
1917,1524,1706,1214,1800,1446,1670,1591,1021,365,1300,264,1652,1482,1849,1609,1552
1409,1569,170,1762,1842,1815,1510,168,1070,1774,1670,1791,180,215,558,1584,1543
111,256,510,1711,1718,1840,148,169,1695,1791,1731,1600,1836,196,1235,1715,1605
933,1384,1691,1540,1517,1706,1494,1735,1833,1188,1497,1587,119,471,49,796,1841
1003,1130,937,1562,156,1482,217,1331,1498,1816,1752,1939,1784,1414,1235,227,1578
1044,1939,1753,226,1190,1742,795,1837,1338,1496,203,1543,1634,551,188,165,1881
1488,299,1906,492,1556,1728,1561,1761,1180,1723,1776,1750,129,1842,1529,1603,26
1077,1826,104,1810,1518,144,1856,236,1857,241,1814,1761,1636,653,1825,1580,220
255,1771,1644,1672,1840,1615,95,1661,205,103,1839,1667,282,1668,711,1637,1582
1586,1812,217,1735,14,1574,1684,1615,1789,1628,1573,1836,1575,85,248,1538,302
1717,184,1760,1638,311,1549,1699,254,1822,823,772,1080,1781,853,1791,74,1611
1806,1515,1772,1854,1390,234,1700,301,181,1574,1543,237,1583,1624,1190,114,1503
701,1487,528,1880,1813,1478,99,334,1648,1792,1834,993,805,1172,1587,1610,736
1526,1759,1545,1479,1712,1742,164,1952,598,1365,1537,176,1755,14,1627,1838,1374
202,396,1980,390,1608,1657,1586,870,1844,1394,1564,318,1806,150,161,1479,1629
1598,305,114,243,1622,1632,151,413,781,1641,81,1801,1665,1572,1852,1251,1778
1888,219,1687,1691,789,204,1956,1854,294,317,1816,1744,1716,1481,1781,1847,1805
171,1367,1927,1514,1893,1077,1746,207,370,1596,1243,1581,252,1481,1730,1512,1574
1538,158,1528,1565,1675,184,1815,1564,1384,882,1907,1616,326,276,1726,1512,1553
1789,1826,1109,1563,1605,1850,1530,1479,1866,1972,297,305,1819,1619,222,98,181
1580,1873,855,1757,1538,1743,1587,735,1749,439,222,1944,1354,1586,92,256,229
364,1632,25,1855,1503,1778,201,1826,1756,1598,1382,1848,1782,450,1494,1694,1949
1597,1544,1889,1747,1521,1772,642,1851,1814,1806,1957,1786,102,1599,1666,1662,1630
1609,1699,180,1475,870,259,1754,1504,1704,1965,223,1613,1176,178,1106,950,1653
1647,1959,1698,1987,115,787,1274,1625,112,971,1769,1312,307,177,1654,1566,1847
738,156,1641,1731,321,173,1549,1676,639,1855,1515,1591,1673,1528,190,1051,74
1610,1847,1720,139,1211,1395,1154,1479,1532,1514,1744,1541,1717,132,1665,1511,1818
102,1763,723,246,1211,1846,1609,1487,1962,1279,1734,1605,316,1377,118,1539,1810
1591,944,1848,1635,1521,1668,1700,1781,1686,1539,1502,1758,1690,163,244,1683,138
84,1706,1268,1905,704,1806,1522,217,502,1820,1596,318,178,1784,1713,1671,320
1651,1677,1509,1317,232,1511,1693,14,1764,144,1832,94,296,1782,1681,1739,1799
933,1610,1071,78,1763,1603,1632,1388,1713,1621,1016,154,1681,1755,1693,1531,139
1840,1746,1653,1810,224,1709,885,959,525,1726,1578,1766,1665,269,1613,110,806
1540,1989,1551,1741,156,1738,120,1490,1614,1562,620,1558,1642,1628,377,1512,702
219,1730,1646,409,1909,1382,1716,1775,1757,1588,245,1787,1699,237,1789,320,1633
1104,168,757,716,1662,1632,185,1941,1756,1643,1805,1607,1645,1764,290,765,1555
1668,1791,997,1844,1596,202,115,1828,1231,1501,559,1200,1972,1382,781,163,1675
1982,1773,1573,1710,1555,1395,1697,1595,209,1775,693,1561,199,1706,1747,1821,1702
1797,276,1799,194,1190,198,1521,485,1770,68,105,1709,1729,1827,1722,94,735
219,768,580,1606,1769,292,1844,1717,1714,376,1631,1831,1781,31,1669,1036,616
1544,1546,1584,624,1765,1481,1475,1555,81,1685,1562,1835,1630,1749,313,17,1714
1117,1521,943,1455,1770,1937,1550,45,1700,1375,1491,1803,1761,248,1484,1629,184
1557,1541,173,144,552,268,265,86,130,1506,1856,1511,543,1657,1684,1389,263
1850,216,1906,176,920,1575,1743,1541,269,1092,1835,1636,1818,170,1784,850,1662
146,233,1686,215,1366,1636,1691,901,642,1642,102,135,1245,1956,1822,1610,1791
1768,309,1654,1618,1516,1788,1619,1608,1644,1612,1494,223,581,1487,1973,1725,1856
791,75,1554,204,1004,1559,633,1040,215,1947,1630,65,1383,1721,1795,1615,1212
445,1816,1717,1613,69,1566,1573,114,1640,135,1498,803,1833,1806,1136,1064,1562
1800,717,1781,1753,1385,1846,1688,373,111,1273,1598,1636,276,1819,256,1720,126
894,1789,572,1913,308,320,1854,1573,1516,1537,1706,624,1228,185,1765,233,1591
20,786,1073,1535,1569,1834,1767,232,176,1262,271,1614,502,1970,1818,1857,710
1580,185,1908,1599,204,1541,1777,1722,1603,1774,1841,1882,1706,301,1478,1630,1783
1667,239,1828,1770,1840,131,1829,1848,1534,570,1638,1758,1961,1355,144,1484,64
1738,219,1659,1628,1906,1487,1675,1776,1645,1270,87,1772,1833,128,1496,1629,1936
1741,1908,1643,1506,1600,1545,1682,879,1625,571,1538,1730,162,1722,1904,1636,1834
1279,355,16,152,122,1812,1740,58,1931,1798,1610,1781,132,1951,1513,1922,180
1843,1608,1972,1600,1478,324,1835,1507,1767,1648,1681,156,1357,1623,1652,1607,200
1254,1611,1372,1789,1198,263,1557,81,1800,1805,1896,1764,1251,1492,981,1477,734
1594,374,116,497,1027,1776,1562,1821,1575,1826,1942,1702,1338,1905,1573,1906,1211
1923,1636,1590,1515,326,1763,1907,103,1530,1148,1670,1368,1111,1667,1183,1499,1975
1576,1734,693,1656,1565,644,315,271,1491,1550,62,1674,1838,1801,1667,1575,1539
1683,1703,928,1604,1691,262,1939,1706,130,1525,1752,1805,1393,482,364,1501,1513
1577,1396,474,803,1598,1392,1690,1568,847,1614,1699,1327,155,1262,1788,1642,502
214,1891,1770,1508,1909,306,1768,1607,1659,1247,285,1749,1543,1609,1490,351,1941
1787,1520,1533,1671,788,1494,306,168,489,141,1634,1911,700,325,199,820,1570
205,293,1661,1836,1516,1747,1795,1918,783,237,1786,294,1569,1549,1659,56,183
722,1489,23,1002,1964,1618,1783,1353,1894,1157,1719,1600,1847,1878,1715,423,986
1774,1747,777,1738,1772,228,177,196,1787,272,1596,1847,1248,1809,1514,1711,1616
1754,1376,570,670,1643,1785,239,157,987,1945,1730,1653,1650,177,94,1630,283
440,1649,1757,840,136,944,805,1656,1846,1665,1801,1079,832,1042,1308,1571,1637
1679,1498,1487,1268,388,1972,1495,1913,1907,1556,1292,243,1530,1820,1497,1715,269
1801,1728,1909,1102,85,1656,1486,457,517,1490,1736,1705,1855,633,1694,1857,307
201,278,1807,1727,1504,156,1594,1581,490,1753,1578,105,1908,731,1736,1754,1452
1710,1752,1683,298,1675,1529,1714,1681,1909,154,1971,108,1799,1780,1831,972,1690
1362,208,1838,1936,252,1487,1843,1608,1104,1762,1771,304,1638,255,574,1757,1520
1908,125,1786,82,1659,131,1491,1331,1795,1959,212,1851,195,1586,489,1788,358
1672,1706,1763,1502,1849,1634,246,99,285,358,1148,1740,1804,1721,1638,1532,1950
83,1609,1689,1954,1492,228,214,1631,798,1644,1675,1525,134,1905,789,1788,1636
1660,302,1691,735,1570,325,207,1702,1736,1499,121,1719,1856,1577,313,677,1528
634,193,644,1772,1821,302,1535,1387,1830,1852,669,1092,1839,1774,78,1738,1776
1559,1013,1549,1764,175,1125,1509,201,673,90,198,1847,1679,1723,1602,1854,1727
1570,1909,285,1795,1162,1893,1544,427,167,1658,96,1486,1918,1667,197,1787,216
1550,203,1601,939,1717,126,1495,1735,1650,1969,232,1377,1686,812,114,1718,1386
221,1615,1329,181,1660,1831,1804,1520,1537,79,1513,1548,929,1529,1485,1681,1566
803,168,1476,1643,1819,1603,1600,877,1617,1739,692,125,1907,1832,137,1616,1839
1633,1666,1668,282,862,1228,1636,1538,1199,233,1761,1829,559,1600,66,1716,1964
270,1724,1794,1827,155,691,433,1697,856,1830,1869,1593,200,1755,244,1619,1569
1538,1180,218,1732,1320,166,1568,1679,1839,317,1626,1746,1742,1792,1543,794,1828
1906,1347,1733,306,1277,195,1841,1666,1817,910,1569,1669,1620,1468,1801,186,292
329,1628,1534,1645,1948,1846,259,1671,1592,1702,117,1017,1826,1611,997,1593,1692
1687,1700,1970,1789,1516,176,1590,186,188,168,1834,204,1670,816,1569,1044,827
1769,1940,1494,1685,1616,146,1830,207,237,1665,581,1625,1655,1961,1500,1959,399
1823,1443,1547,1725,93,1636,33,1562,189,1870,1644,1519,1577,61,1652,1766,656
1658,1908,1652,294,1525,347,286,291,282,1572,28,11,1747,24,507,466,1756
1532,1760,1941,1500,1759,1279,1575,1642,1761,932,1763,1781,1847,419,615,1757,327
1681,282,1648,1548,322,1565,1801,1644,1274,1683,1694,1551,1828,1073,1596,215,1657
1747,1705,1758,1642,1737,1679,24,1700,1552,522,1676,1774,803,318,82,1536,1530
154,1796,1592,1477,96,1729,590,1835,1677,1586,1696,274,1815,294,967,1678,1856
388,1721,1910,1523,107,1540,1668,1767,1763,1908,1677,171,293,1972,684,1714,1830
1849,226,1672,1696,1569,1535,183,1699,1790,782,1907,1711,1590,1588,1540,16,1837
1728,51,136,1514,1707,1718,959,211,1752,1819,1620,1238,1500,1604,1572,1683,112
1776,1141,1489,226,1017,1549,1086,1641,1385,1673,1564,168,1731,1540,1332,193,1594
1953,1157,1631,969,1618,1852,1005,52,150,1742,1651,510,1810,1829,1785,317,1964
1609,1638,1552,96,633,1758,787,1677,112,1937,701,588,1839,169,1071,1595,1549
1827,117,1872,259,1491,1675,1835,110,310,1222,1603,269,1514,1692,1488,1377,573
248,1769,1546,1730,1803,1690,1583,1970,143,1112,1672,1632,263,526,137,1631,1838
1836,1521,718,1794,1639,1407,252,1750,300,1682,1784,314,1546,1545,1767,1587,1665
1819,1828,1585,1490,1610,1334,299,1660,145,1577,1590,1608,1535,1624,1729,574,1736
1631,1481,1658,1699,1905,1611,1488,1500,1843,185,218,282,1158,1955,176,1153,980
260,1327,1598,301,316,193,162,1722,1344,719,34,1836,1664,1537,1070,1633,1798
1517,1522,1065,311,88,1449,795,1653,999,91,1618,1192,801,901,1572,623,1845
1771,456,1657,537,1842,1592,1677,224,1478,1375,9,1839,1451,1663,1572,249,1513
1653,1675,258,1667,104,321,265,1763,1622,1497,1629,1785,1879,1946,147,1490,1521
1569,857,1579,238,1769,619,275,1547,156,1726,1727,701,1205,1557,1154,1752,1083
1642,1909,1645,1665,1659,1869,1881,787,315,1776,1746,590,1502,856,1770,1528,1410
1340,1558,1639,1162,1712,932,152,1912,1674,291,1851,524,1520,772,1549,102,1507
59,1711,1849,184,1560,1505,1636,108,1957,915,1482,1641,241,1534,1926,513,1759
370,448,1772,1707,801,1662,128,306,669,808,450,717,1543,1905,1735,87,1800
1678,263,1805,1637,1484,1725,304,1765,1663,1655,786,1606,541,89,202,1596,1583
1494,1728,362,1111,1769,880,1485,1678,1855,202,1661,999,297,1818,1829,401,164
1741,1539,1620,297,1611,1572,1745,155,1879,237,245,1756,475,1624,817,1849,1759
1553,104,1564,1752,1737,1845,1723,209,1815,1630,851,1080,1354,795,1540,1669,1743
1668,1785,1822,1702,1816,639,1946,1490,1865,1800,1333,1960,1774,259,1654,11,1680
293,1636,1064,574,221,1816,1581,1586,1669,246,20,1104,749,1594,83,1720,1174
1705,1717,1531,1666,1499,1691,1641,269,1745,1375,1670,1695,1704,190,1648,1909,451
806,1630,1809,225,1488,1623,1691,1588,1617,270,1839,1719,1816,1509,686,469,251
1767,1094,1530,1529,847,816,1669,125,1827,513,149,1697,557,1854,1775,1390,47
1644,1669,1528,1925,1629,860,1845,1500,1777,212,1553,1724,1716,1567,1573,1744,141
1478,1852,214,132,1602,225,1579,1616,1705,164,1698,1490,1747,1651,1843,1321,1395
1543,1598,1906,1958,1608,87,1499,127,162,1593,1531,225,216,1596,611,1640,211
1741,1725,1687,1374,400,1627,1852,1716,1684,1982,1681,1663,173,1540,1287,1689,1563
1073,455,245,1611,321,145,45,1016,292,130,1099,1246,1677,1705,1911,1109,1844
1813,376,1611,286,1516,117,1577,1648,792,806,1674,1583,1660,803,268,1708,1779
1545,234,1661,1709,1854,1489,1840,1770,1780,135,1700,229,1675,1593,1071,1533,1601
188,280,340,1737,167,1688,969,253,132,1726,862,255,1613,1846,1773,242,1680
95,1662,1070,1697,1639,1789,194,276,1652,1785,1699,420,1590,1772,807,381,1889
1655,1707,1733,1574,104,602,1521,115,1671,134,1683,1832,1507,1247,1646,1649,1631
97,1489,305,1739,1366,211,1491,1496,1383,237,326,1581,1907,1808,572,604,1495
1647,293,1573,807,1598,1331,1637,244,1828,1656,1734,1912,885,1736,314,1372,1566
286,1704,1294,721,1577,274,1533,1510,717,1638,164,1781,1654,1634,980,1753,1652
1502,64,273,1968,587,1748,498,670,1626,1580,1561,1499,149,1965,111,1767,119
1484,1308,1904,1257,1789,1910,1738,1483,1842,1723,1739,1134,82,1372,1642,1906,1799
1674,1725,1659,1780,321,1679,733,1517,992,1661,304,1678,1594,1550,1788,220,1478
1844,1558,198,1655,228,1549,443,1551,1754,1563,1392,1815,1584,1913,1550,1910,791
1223,1484,1770,264,435,262,172,1791,746,119,644,1924,1643,1836,40,1725,1360
1776,1519,1727,1769,485,1842,1728,855,1504,226,1774,1354,1851,280,114,92,1638
1965,90,1490,1054,1646,1293,1703,1613,1579,1622,144,1827,1126,1716,1895,1557,122
1761,425,1772,1600,1767,807,1594,1679,884,147,1822,1099,1493,1809,1498,145,1738
890,1780,1597,1521,1777,1493,1816,1792,1896,88,1757,1657,1633,1893,1844,217,1056
1106,207,101,1676,1219,1579,1663,1394,1530,1526,1550,233,1809,1766,1645,1612,1832
1653,1715,1643,1651,1205,1793,286,1829,1822,1511,1844,1489,1818,1688,1909,1657,1603
1776,1567,1183,1826,570,1728,1613,182,1629,1806,1525,1618,1259,1522,1313,17,1189
1784,1558,1505,197,1631,1632,1704,1693,131,203,1715,1770,701,1730,1253,20,1511
98,373,633,1494,323,1850,1748,1595,1522,1945,145,1605,1704,1504,1539,356,1614
1090,495,1749,1815,1724,1726,1763,243,466,931,1565,248,122,1697,1860,1694,1731
1719,1829,1625,1690,1611,1973,1921,1586,214,529,1623,1317,1247,1601,1823,1850,1780
1550,1738,1620,1943,1842,1761,1618,1766,1764,1562,1496,1673,1611,1605,1547,1745,211
235,1650,311,1763,1659,1756,1406,1552,1712,1512,195,278,1247,1736,1598,413,1682
151,1598,1768,970,88,1517,1722,236,1653,1961,1829,1490,1386,203,1830,876,1079
1516,25,205,105,829,1701,1800,1637,170,1641,1754,560,234,1614,1750,1655,1495
1806,1580,901,1890,1659,1608,1240,1550,183,1667,1774,177,1695,1767,1955,968,324
1545,1730,1636,1517,1519,1380,1236,1518,1539,1268,133,1096,1846,1564,567,754,1767
1838,1715,522,711,1746,328,1661,1686,1553,1378,236,934,226,1754,1543,259,1539
1104,1557,1621,1533,1541,212,1751,149,298,345,1753,890,1645,1511,252,1793,1534
1905,190,1708,1903,1825,1703,1638,982,1621,1569,1724,1712,162,1723,171,1057,1954
1638,142,585,1685,1391,1592,1751,1704,1949,1722,1545,754,1485,1807,1614,1509,1392
143,1667,1628,705,1908,717,628,267,1603,1733,1691,1504,835,160,255,1059,700
1910,1570,1715,1796,1512,1603,1785,1555,207,206,1911,1651,1739,1708,1756,147,54
1287,1983,1745,1505,1673,310,1727,329,1069,1710,215,1709,1954,1848,136,1600,187
1096,1910,513,1482,213,1750,1480,1568,1729,1818,1808,1825,1837,1805,1683,1723,1516
217,1578,283,1707,153,1782,1845,1605,1848,1732,220,1491,1818,1631,1479,1620,1851
1080,1511,1534,324,1295,212,1961,1972,145,1230,520,1752,258,1605,149,303,1338
1822,1567,1844,1309,1590,1578,1662,1736,657,315,11,1765,1879,688,286,1389,1292
1613,1521,869,1537,289,1251,312,1598,1749,156,1736,1738,497,114,263,1142,1837
1643,170,1808,28,1751,822,205,310,1104,1517,1696,1834,283,1667,248,1479,1770
1912,211,1939,1757,1575,1380,117,1950,101,1704,805,171,1509,375,1519,1611,768
105,1562,955,306,1648,197,1559,1632,323,1696,1594,433,381,184,1777,1826,1909
1751,1977,1543,189,1743,1519,956,1528,1651,1491,290,1605,1636,107,1634,210,1729
1009,767,1480,1085,1734,1241,1558,1907,1699,1911,307,106,1263,1540,284,1826,1909
546,1641,1740,984,1805,1071,201,1791,122,1746,393,1843,1487,1807,1725,92,860
1156,267,1554,1562,1829,234,1633,808,136,1606,317,1940,1481,780,1642,130,1670
761,1696,1698,220,143,1723,1974,231,1800,1124,1939,1537,54,1794,1541,1612,1704
982,1836,1776,224,131,195,217,1553,1590,1510,1511,185,1799,1665,322,132,328
1550,1544,1165,413,1573,827,1702,1807,617,1530,1694,1510,1760,44,1926,1597,1551
1362,1808,1854,394,1088,88,304,14,1603,1097,211,1570,1822,167,493,220,81
14,1752,354,1770,1621,1822,1856,1714,1482,1824,1556,1561,1764,1318,697,1726,1734
1711,1912,240,1268,1080,1532,1508,1671,310,62,1748,1934,188,1348,1616,146,130
825,1666,737,1664,1492,1911,1960,203,769,472,1828,85,892,1349,1489,1773,1831
1814,1046,1911,1137,1701,1739,1787,1614,1592,1718,1945,633,898,1842,106,1848,1262
280,1590,114,1791,1549,210,1693,276,1512,1681,1701,1895,360,68,1711,1839,781
1813,1723,1737,209,1720,1523,1517,222,72,1596,1658,1547,1802,1776,1968,1612,375
1646,1623,1724,1814,1221,117,898,212,1562,1529,1485,1611,1841,1516,1595,137,297
199,1728,1576,1559,1563,1689,1534,700,1770,1764,980,625,1203,244,1821,329,649
1755,1698,307,1542,1515,1478,1616,1721,1494,1833,1823,1561,314,1639,1631,299,1390
284,1514,1645,1666,102,44,1659,1828,313,1880,1986,1637,1800,1570,1839,1909,1820
912,122,106,1213,1638,1765,280,242,193,1698,1679,1521,1621,1792,1707,1345,1697
84,1971,1642,1701,1631,1629,1705,786,1657,1509,287,1908,1613,649,334,1645,250
1656,326,1070,1830,1750,1754,1509,1602,1786,1776,1961,1854,1568,1558,1675,1605,347
252,79,1504,1624,1815,1698,52,1598,1522,193,504,1811,223,1389,1843,1571,131
1811,1840,681,1815,152,969,1822,1477,1673,1747,1665,1683,1508,1623,1734,189,1711
183,1373,188,1829,190,234,1387,1646,1725,785,377,367,1833,1543,1653,798,1538
85,213,1735,549,1851,1708,1908,115,1566,1849,1703,302,1977,319,1912,1583,1717
1391,89,1860,1556,1698,1338,1649,1759,140,612,1498,1775,1584,1837,1805,1700,1641
1762,144,1692,528,1507,224,1696,1666,1747,1549,1711,1805,1851,210,1137,1569,65
411,1805,1909,1738,1710,1692,1608,121,141,1729,1686,1073,718,1802,499,1542,1063
220,1590,1255,1825,1554,1956,237,22,292,289,82,97,310,1500,1650,1582,1512
1599,236,1812,1615,808,1856,537,987,8,1818,836,887,1399,1526,1661,208,1846
1678,638,1986,33,1630,174,1671,868,1736,1971,1714,1829,136,1866,699,1969,1625
1506,784,1575,1820,1908,131,1297,1673,1701,1684,221,1317,1950,1792,325,1582,83
1791,276,1851,1910,1681,1481,1737,1576,1830,170,1506,1660,1828,1543,1295,1682,241
1828,140,1276,302,920,1019,993,317,1124,192,1727,1262,1800,1787,827,1810,1894
1537,1766,1797,1922,1736,1694,710,1852,1795,1486,1551,157,1496,1585,102,251,1729
1834,1664,245,411,1632,1149,1675,1215,1679,1057,603,1790,1564,1633,1746,1555,1844
1565,1749,93,1651,155,372,1625,874,1777,1772,1620,839,1989,173,1071,1819,1974
1895,1570,1493,322,1587,1476,1589,230,1765,1752,1759,4,1849,992,1898,1643,131
1512,155,323,1831,1557,1904,1743,1768,1506,590,1737,887,1736,1496,1563,1608,969
1726,253,1501,1650,495,1486,1709,269,1627,1594,121,342,1716,202,1719,1437,1818
1619,1293,574,879,283,924,1305,886,175,1566,341,1489,1763,601,1793,1552,1906
309,1773,1643,1533,1830,1825,1726,1720,774,1506,1763,1641,185,1484,1510,1831,1230
301,106,1594,1778,151,1719,1677,1775,1692,1744,1479,714,1004,544,1835,1531,536
548,1731,1596,314,1718,1621,1816,1727,1095,1565,994,1508,87,555,1588,1869,225
175,1626,1475,1489,177,1753,1539,272,1721,1387,1641,1791,116,1491,932,162,287
359,514,120,1223,1595,1532,1828,128,299,130,256,1820,853,301,1567,77,1715
214,962,1554,385,1697,1852,232,1552,1805,13,279,65,305,1086,1780,990,1547
105,1583,253,1681,961,869,90,1322,883,1710,1743,1643,985,1855,125,358,1850
874,209,1259,1623,344,1774,113,1709,583,1507,1567,1697,1600,1636,1499,313,1761
1642,1590,1330,273,185,1392,1502,1611,1639,1768,1825,1223,1822,1565,1279,1801,1078
94,1970,1510,1532,1809,429,1654,210,1520,1971,1838,797,1581,1624,1792,1705,1642
1341,1789,1743,775,1816,1824,1583,1771,244,868,1355,1784,357,220,1380,850,1696
272,1665,1804,1725,1527,1780,35,262,1555,1706,70,288,1739,623,1620,1827,190
1378,1591,1724,993,290,1567,1596,1785,1554,1697,1829,1706,1526,1478,466,1357,1940
1834,289,1757,1484,1855,1585,40,1394,262,1826,313,238,1491,129,1675,1777,138
437,171,1803,1698,1844,1893,1743,310,1854,1389,1557,1847,1675,1775,1849,1823,261
1592,1799,1707,1648,316,1503,358,1509,1669,1599,1941,1984,1559,1630,1703,1845,1826
1788,1822,145,1686,1801,1836,1754,1680,1646,868,1368,1854,320,674,1849,717,264
1582,858,1676,1681,932,504,1088,1563,349,184,1150,136,1371,314,1648,1385,495
1306,1821,1907,1973,222,329,1846,318,85,1658,1849,378,1482,527,299,105,1733
1974,1734,1962,1733,1759,1645,49,1361,1150,116,131,1818,1610,1535,105,242,422
1273,1170,1711,1046,1599,1365,1630,129,1606,1737,1660,1376,1347,1772,208,1581,98
174,1584,1137,1395,735,1809,1761,1775,1072,1681,189,589,1541,1619,1946,1850,161
1713,1683,1588,1835,1103,1124,1836,103,1950,1753,1704,134,170,119,245,1494,1807
997,106,1639,1552,1703,1191,1516,1670,1804,233,1709,1254,1374,273,77,966,1343
1760,1946,328,1791,110,1605,1775,1789,1532,1668,260,1541,657,1947,1759,1387,1957
225,1321,1829,16,565,1662,310,151,224,1204,1841,705,711,1549,339,62,262
1714,1493,236,205,1697,253,1522,349,317,244,1922,1482,1826,1280,1795,1564,1738
323,1701,1802,1643,1966,20,168,149,1035,1706,694,1166,189,730,1489,144,173
1448,1812,631,1480,1529,10,1714,1818,257,1853,805,1494,945,128,198,237,1290
78,1630,193,1652,1711,1700,157,1833,1562,1852,1616,1502,714,225,1490,1479,1963
1697,1758,1747,106,1503,1852,245,198,870,1786,1815,1629,1644,219,217,49,1812
1730,1611,94,1629,286,180,1526,142,1636,1638,1805,1830,1789,104,1673,1524,1337
1860,1821,294,1850,1793,217,1501,980,1775,1744,1550,1754,1565,1525,1729,1817,1549
1654,1521,1682,1256,177,1553,845,1776,1668,998,195,1249,817,1725,1525,1807,1837
1798,385,1649,1575,1378,1789,1494,1616,1657,1807,1716,124,1850,1956,1816,1265,1477
1554,1480,1468,1573,829,349,499,1034,1005,79,215,1441,1529,1518,1522,1737,1231
1988,1554,1742,76,1516,1354,325,205,1580,1966,469,121,1528,1588,1541,1734,525
1622,1804,1734,1591,515,806,1651,1655,1796,1681,152,1707,197,979,1682,1617,1506
194,1787,1729,541,1755,1804,1392,113,943,1816,298,141,285,1782,835,828,1481
1970,1298,1485,1772,1517,1557,1750,1556,1488,1595,497,121,1797,1478,1551,620,1382
1502,1494,1550,390,1905,1626,1639,1559,1628,1712,321,208,289,1490,205,1262,1303
1529,1840,1515,1508,1491,1088,1729,77,128,1492,215,1530,1573,1503,336,1576,1663
86,122,67,320,1496,214,376,1544,1609,1751,1532,136,1906,1060,1693,1787,917
1773,444,1745,167,1561,1698,1566,1734,1579,277,1905,1910,800,1909,110,1245,1525
1059,1275,1680,1773,216,649,1763,1604,806,1597,1716,1652,1674,231,1025,1525,379
805,1502,254,1816,1874,266,1394,1520,320,1742,1987,1671,1854,1672,179,1859,1518
718,1805,65,1165,1592,1475,1482,1077,1524,985,1785,792,156,290,1749,821,1738
1101,1747,1713,722,1480,1905,1000,263,1578,1667,1554,1776,155,1753,1769,476,1688
1680,319,97,715,1685,1727,1961,1635,1526,226,1525,1492,133,1668,1497,1821,1033
1481,111,1301,1817,1799,1946,1606,1587,1730,1643,22,1536,166,874,1330,1634,302
1907,176,1606,1787,226,1823,1769,1552,1835,969,1729,1564,177,798,1329,1613,1849
728,1673,1733,210,1632,1958,189,1671,1354,1855,1721,325,291,872,1767,1617,1616
177,1942,282,661,1706,1544,1556,1530,1298,1567,13,1827,465,1540,56,1678,1774
1321,230,1835,1852,58,210,1538,1829,1719,262,1192,1720,1685,1533,1390,1602,399
1553,1685,195,224,145,1789,1280,1569,136,1647,1512,1716,1648,1479,1721,128,1545
1178,117,1345,24,1511,1808,1523,1475,641,1769,159,1812,1905,1538,147,133,1391
102,1555,1593,1751,1381,1854,1779,135,194,150,1496,1793,1622,1767,1760,1481,143
46,1548,1692,195,494,1587,283,1366,1697,833,1855,1720,1782,1840,1676,1756,322
651,429,790,1879,1844,1652,133,1661,1852,1823,1698,1190,325,226,1160,1787,1824
1646,1660,156,1676,1575,1853,1687,1816,161,705,941,1741,1851,265,280,1591,1685
53,1609,1643,1567,1677,1957,1174,824,1255,1882,1077,1717,1822,1603,1840,1970,1503
1694,182,1484,1313,1604,351,1578,215,1829,255,1156,1396,1652,1525,1726,1555,1969
1499,1618,1819,1583,1749,201,1807,128,142,1488,195,1697,406,1767,398,1736,1072
1605,199,1692,1481,94,89,1809,273,1667,494,894,1651,1113,1485,1752,1774,1548
193,1984,1715,1790,1396,668,1718,1805,1954,527,287,702,1504,1602,1839,1551,1689
841,1664,1906,157,758,1722,1556,1682,153,1495,1760,1730,311,1779,388,1709,1545
1732,1582,492,1600,1311,1629,1700,1391,1686,1943,1007,1674,1663,1831,1662,1905,204
1486,1378,1614,785,1763,1727,78,1782,1503,1815,1035,1753,1717,1536,1497,1731,316
1648,256,133,1068,1988,1337,234,1724,1957,303,1722,1126,1695,1503,311,1754,153
390,1180,1515,1386,1800,1747,160,881,131,1729,1634,1753,1895,170,1983,601,1445
310,437,1635,1797,82,1745,1484,106,1831,1837,1849,496,1852,1692,1652,1597,1122
1634,1386,771,1768,256,1475,1594,1912,1551,1479,516,611,1841,291,1680,1622,1843
1654,1589,244,1369,1572,909,1487,717,1812,74,1539,1479,1845,1819,131,844,1520
1892,1905,1587,1576,1373,1491,364,1815,1708,1744,1802,722,1518,1633,210,1986,1515
1592,208,1632,1832,649,1084,1640,1675,184,1607,602,241,1741,1826,1577,1575,238
1238,1203,1118,273,1597,1093,200,1483,254,1584,101,1902,1391,41,176,1760,1656
1810,1245,1480,1701,1778,1716,1736,176,144,296,132,1613,1740,1741,1791,1831,1707
493,1611,313,1830,1572,613,1696,372,1793,1827,259,1826,1491,1680,1490,1389,1697
499,1326,1491,116,635,209,1832,1073,1770,1669,1836,728,1681,1483,329,1548,1542
1632,305,1364,1638,1096,1493,1760,225,1570,1645,1713,1528,1866,595,1876,1767,1121
1771,1253,1583,1586,1378,769,1527,1493,60,474,1723,118,1748,1237,1518,1517,1103
1709,1045,1811,53,1686,1857,1567,911,1953,319,1784,318,1843,234,1743,1854,197
833,1715,1735,224,1551,138,1669,1141,1817,1709,1674,141,1729,1717,1526,1719,1824
1353,1651,1850,1760,248,213,87,89,1707,1745,214,1701,1840,1826,1613,1787,142
1627,1813,1354,775,1596,26,1477,246,1191,1658,1577,1605,444,265,1829,1810,789
1617,1673,1565,1533,34,1908,841,1977,130,1595,136,1669,1830,1661,112,1731,1666
1973,1832,1746,1386,139,232,703,1481,1855,1620,1565,1644,744,1612,1787,90,1524
1506,1533,1689,1541,966,1486,1480,1642,1764,1915,1682,341,1578,1810,1715,83,309
1480,1623,233,222,1760,1605,306,1545,1724,1823,1806,1636,1838,1698,1612,1755,1590
750,1560,941,1199,1395,191,1484,1550,192,1681,1610,995,48,233,882,1552,1642
896,123,1175,1675,259,1589,576,1686,92,198,1771,1505,638,320,1813,1527,1644
1735,1249,1651,331,1687,546,1972,1435,1597,1857,1906,1564,141,1211,197,150,1523
1955,1733,1684,1708,1905,1829,229,1348,136,1636,1655,1551,1643,1719,1857,122,1633
513,1909,1752,1616,1754,74,1038,1766,195,1810,1839,1749,1921,1628,1732,1514,1905
1770,1494,1016,1804,1726,1632,1822,310,1811,1544,1773,1382,1386,1967,1778,1834,1813
1819,248,1256,1594,251,1931,1745,942,1777,1567,1770,1526,290,1735,166,1807,135
1486,136,1687,1774,122,1549,1520,1959,1538,1706,296,87,1594,146,1755,37,1569
1844,272,1770,1726,1516,1674,1729,194,1737,1678,1666,813,298,1071,79,1478,1535
736,59,1778,290,1522,1762,1787,1125,1381,1596,1620,535,1648,1559,169,191,1699
1614,1475,1850,1593,1669,1587,1574,1106,1652,1675,476,88,1525,415,232,121,1597
142,1833,1906,155,1617,1777,1803,222,1640,1479,298,1029,1631,1823,1276,1510,827
619,1542,1360,1895,239,376,1300,1559,207,626,179,1530,1677,4,1856,1476,1669
1733,1905,1704,1551,1626,1641,1646,1576,182,1850,1527,1622,1637,1373,1957,1572,432
1632,114,1606,1839,1831,1591,1544,110,901,1741,1798,1851,1829,305,1429,1700,1750
1710,1534,1190,1379,1786,83,113,705,1612,100,1733,133,318,1705,1517,1708,1679
1632,1908,1396,1576,1644,1001,268,1743,1988,800,1834,202,1651,1974,1913,1345,1688
1815,1574,1709,1746,103,1712,15,1541,247,124,1633,1774,1700,306,1798,1692,88
1645,238,1913,1355,1788,1646,1855,1651,1961,1639,828,1849,1909,265,1777,1680,700
207,1850,944,301,1331,1568,1832,57,205,129,1544,1235,111,1432,1676,1730,1842
1632,1794,1761,1626,705,1557,481,1767,1811,254,1961,896,671,1589,1940,1774,125
1985,491,117,1638,1747,171,262,1574,1614,1679,1960,1051,1674,1957,1834,278,1680
1070,1752,1950,1745,836,1911,1685,37,1746,182,1636,1942,1821,333,1692,1516,1259
942,1705,287,214,240,702,1840,1530,40,1563,97,1476,1613,1798,1708,1820,1822
1562,315,185,469,249,1678,1537,1789,1935,106,1479,1518,433,246,1662,1540,1648
1046,74,1452,1395,1849,1609,1507,145,1660,873,1797,1617,1814,1598,1534,1733,1985
1778,1781,93,1536,1396,207,1621,283,1155,1751,115,220,463,1726,1750,827,143
1540,221,1732,1789,1633,91,1224,1719,1577,1676,36,1566,1828,1735,1555,1669,1651
25,1580,1370,1772,220,1656,258,1826,1732,207,1893,1615,1747,1585,1635,296,1818
1791,1918,1771,822,1986,1764,1569,184,456,1554,283,755,1578,1712,254,315,1744
1927,1660,1531,1378,1810,1781,1799,1269,227,80,319,1657,202,1486,1274,1036,328
1751,1702,1813,124,127,22,1753,422,201,1910,211,1417,1490,1356,334,1697,1527
939,1033,1796,1768,1670,1671,1516,1607,220,963,399,190,1911,1815,1105,1668,1571
1503,779,1486,1490,1827,1524,1582,1505,1049,1492,12,1259,113,1716,1510,1688,1622
1797,107,1827,1361,1568,1617,923,1537,1520,1887,1025,277,1604,99,1644,1791,1752
858,888,1515,212,1557,1219,89,1108,1635,103,1669,1780,1634,326,1477,1835,1841
986,1909,1810,1900,1669,1364,204,1533,1441,249,1925,1685,820,1880,1375,177,978
256,263,299,576,474,1561,1545,15,789,1702,1794,315,1633,59,1756,270,1163
1839,1488,126,1748,222,1802,1797,1647,1569,183,1801,1111,806,1015,831,1765,1840
1771,1661,1667,1699,1566,1648,1178,1612,1598,1499,1837,1723,1712,1791,1909,1686,870
1775,1726,661,1792,1564,1778,1573,146,1754,1257,1698,1670,1910,1721,294,1523,1639
172,1811,1821,1755,1988,1522,1692,1659,324,1624,1652,285,1668,216,222,1736,1819
298,1630,1524,1737,626,1942,1503,151,1620,304,371,1850,1835,1759,197,1533,1652
985,1719,1715,1500,996,1720,1536,1375,1762,242,90,299,550,1650,289,1716,107
1835,46,1802,344,16,528,1174,1977,1905,1503,1772,177,1605,1845,213,1659,346
1675,1652,1806,1381,148,1548,266,1825,301,202,550,1721,60,1972,177,1045,179
191,1539,1737,1680,1670,135,1905,1928,160,1954,1557,1710,1351,1738,284,1757,1767
1853,160,1826,1807,1642,1838,1611,788,1856,1813,1625,1514,1517,167,1502,1847,1593
1519,1844,1648,702,691,1790,1600,321,458,305,699,1588,215,1723,1729,1491,1855
1811,1524,1289,286,967,758,1525,1508,254,1662,1478,1483,1613,1823,1939,1222,1577
14,282,1710,104,1851,1856,1579,1736,1633,1972,172,1391,1695,1637,1354,181,1717
1784,1842,618,1905,1781,1915,1748,100,204,1622,1169,703,1853,1919,116,1741,1802
1550,1639,1759,1581,1524,1477,167,1557,959,1845,1720,202,162,299,1806,1570,1536
786,1318,1244,105,1812,1126,894,1517,28,1520,191,349,811,1308,1581,1098,1697
367,122,566,1385,1790,1854,1542,289,46,1620,151,1513,1702,512,259,1853,1592
1675,1240,181,76,132,1665,530,1373,1804,1658,1738,1604,1640,1491,1561,1626,853
1627,1593,128,1394,103,1402,1047,165,244,1759,780,118,1648,1962,1899,105,1655
1812,1625,223,257,1817,55,1676,78,1978,1691,1592,1787,1692,1893,1511,1831,1333
1693,1478,1483,1760,1528,1907,1770,1753,610,300,152,1791,1506,1882,112,63,826
1588,1114,1169,219,1086,86,120,479,607,1816,1732,194,1664,571,556,1743,578
111,161,1729,1756,1908,1737,1545,43,1517,1582,1818,1813,491,1832,1121,1439,224
1524,1682,1482,1954,314,1655,1231,1479,1656,1654,1539,196,1438,111,578,1639,1536
341,1320,1651,1495,518,1968,705,126,171,1941,1678,1701,1237,1704,1963,303,135
205,1573,97,1515,1821,85,1707,1610,1847,709,1366,1072,1568,1653,1652,1787,1709
459,717,1662,241,1808,108,1277,1406,1597,1380,1790,1826,1596,1859,105,1624,34
416,313,305,1795,1783,518,1857,1832,167,235,1696,1845,1480,432,1841,1896,1497
1737,1707,1798,1856,1603,1546,1842,1848,717,115,1590,143,1610,160,99,221,96
1496,1783,1743,1765,1846,1232,426,1887,1510,1503,321,1913,1691,1850,552,1833,1755
87,1854,1508,1295,1610,1559,287,874,502,1336,1800,1744,1743,783,1370,132,1583
452,1180,188,1730,1561,202,1699,745,123,492,149,1964,1907,1742,1737,628,1757
1661,117,1703,280,816,287,1591,1647,699,1604,124,983,1498,96,1599,759,138
1070,92,161,1608,1101,901,1849,1912,132,1847,1701,1730,1748,1302,1844,481,1665
1525,1637,204,1516,1497,1754,938,255,1798,1816,922,1932,1658,1966,1580,1380,939
324,1885,267,813,1809,238,1824,1941,1790,209,1828,1787,1677,1584,1537,1661,214
872,1573,388,1168,1760,1543,212,1492,652,1746,1764,1555,1844,234,1500,1569,196
1716,1752,1907,1854,1557,1614,1182,210,1675,1678,1378,152,1725,638,1642,1223,1576
1694,1784,1481,1910,249,1705,1570,1968,1637,1829,1149,1893,191,287,1752,782,1180
1488,1801,1721,1124,314,1635,1393,1561,188,1746,1603,1490,1531,253,1396,110,1825
1676,1504,257,518,1756,1656,285,1529,872,1719,1635,708,1750,1523,199,587,1629
1328,1736,1533,1954,1689,1175,1495,1739,1702,212,306,1766,1746,1863,498,989,221
1913,1538,1728,1691,1854,1780,1659,1615,1804,149,1582,1113,1548,121,1379,1534,1633
1516,1770,1587,1727,223,312,1636,1751,1589,1750,1740,1539,717,1806,1568,373,100
1827,684,1244,263,1560,1621,194,1905,1795,1385,184,1793,998,1619,101,236,65
837,1368,1912,106,629,1941,1594,257,488,1902,275,1791,1847,985,1640,1494,1549
1633,1856,1773,175,1829,1525,470,1799,258,1495,204,1821,1602,309,1473,1980,297
1485,106,85,92,1575,1661,231,1235,1779,1477,1613,1741,1697,1781,1762,806,1797
1621,1725,254,1175,693,1146,1534,732,1763,464,1828,1640,1672,129,1574,1931,1262
1852,1502,1569,1625,1524,1750,1571,215,209,1536,186,1581,1848,1754,1855,1647,58
1832,1803,1734,1566,1521,1722,1831,818,1706,1719,107,1612,1573,1970,199,1736,1685
1579,389,1691,806,1370,654,1799,421,1072,1794,1336,1308,1485,426,274,1523,1821
1557,6,1577,223,1807,1525,1597,7,1104,1913,1596,1817,285,1831,1714,659,295
1511,197,148,1579,247,1779,1694,437,175,1640,1823,285,262,1687,452,1553,1983
103,1072,1826,1805,1728,24,196,1558,1701,258,1613,1262,90,1306,219,1156,119
1514,1673,1548,298,61,1698,189,704,308,1654,1579,1485,1375,1723,1205,870,1935
1607,1585,1375,1913,1353,1783,1655,1486,1482,1498,129,1687,1478,1637,1376,134,1739
1716,1666,1783,1651,212,1099,1670,516,1728,140,1529,1536,762,1742,1844,1489,1754
1777,551,1619,116,1513,132,90,293,100,146,1768,1657,1715,1821,1666,1721,1646
284,1850,101,1351,108,266,1619,1535,1708,1534,1577,1824,1787,1853,1613,1759,1743
1515,76,1847,210,1820,1850,1268,1784,1563,1753,1699,790,221,1558,1761,1564,135
1712,1514,1810,1319,113,1377,1510,988,1857,1706,1500,1743,83,1311,1761,1236,1070
1716,1695,1673,1525,1331,1514,1686,1477,1260,1731,1584,498,1496,1820,1746,1599,1771
1772,249,1567,1659,1714,1559,1552,1783,1488,825,1693,1593,662,199,1771,1504,1713
133,1846,1829,821,1675,1746,1583,1543,221,1848,959,472,1662,1520,1205,1911,1718
1504,1847,1770,1905,1722,1753,1793,1867,1700,1391,1518,991,796,1606,1742,141,1699
1714,1830,164,1208,80,287,135,1604,120,1176,176,1774,1659,520,1674,847,1652
518,1065,831,776,1531,1824,1598,1905,382,983,1805,1887,1187,1492,1793,310,904
898,1798,1745,1675,1542,1726,1849,1754,701,1484,1956,1574,1816,86,1580,1492,1614
1518,1051,1605,317,1140,1566,78,1671,1647,1077,1396,1005,561,1573,127,1079,1391
1797,1779,738,1682,1721,1719,249,81,193,271,207,448,130,1581,1758,1032,1629
1370,1764,1794,1974,1677,1564,1787,475,753,1620,1727,1767,1750,1781,1690,1951,1639
1641,1665,24,1729,1759,258,1520,178,1566,490,763,787,1599,249,632,1719,1748
1686,1754,297,1476,89,1516,1652,125,167,286,1922,783,1390,1748,1631,1745,1487
1528,1709,309,1582,1786,1546,1827,1484,1340,1556,1828,1899,1491,1825,279,1093,1839
1727,1723,1693,879,1064,301,57,1346,1475,1675,46,1686,1605,1526,1799,21,1833
1703,1610,1103,40,156,1648,1358,367,1786,1043,1622,439,1475,1883,1553,1566,139
1819,1816,1832,1656,45,1700,1369,1673,1851,1495,1166,1774,1384,150,1690,1475,814
1809,1794,1623,1949,102,1766,717,938,1590,1273,1095,1745,135,1843,1506,211,1519
243,1794,1825,1661,1522,1361,1766,249,202,1802,1194,1792,1511,1852,1665,298,1724
1540,1756,1106,1668,1137,990,870,194,1630,1590,1552,1573,1477,1846,1651,453,153
1214,119,1657,1537,1792,1109,661,1152,1192,324,174,1199,1587,1676,1607,1784,1629
173,1896,1757,1797,268,1906,1584,835,1733,1722,1569,1942,1714,1646,1342,284,875
1477,1607,1638,1789,1699,1070,197,1550,1207,1590,1878,1512,1564,1783,1586,298,314
1070,1578,1831,155,1875,1295,253,1773,1702,1522,90,1494,694,1665,69,1804,932
1490,1743,1970,1792,1944,1803,964,294,1562,560,1555,1533,723,533,1647,1510,1677
1561,1263,1592,1958,1582,260,1659,203,1641,644,1755,1847,387,1484,1832,1723,1531
932,316,781,1698,1604,150,1236,1802,1605,1589,898,1633,209,291,295,700,1807
328,1944,177,1023,124,651,1653,1298,116,1589,1834,61,1607,1644,1950,1648,1506
1637,1757,1811,1785,1672,118,1821,211,991,987,1851,1452,1603,1975,237,1734,1960
1829,1817,219,1729,1717,1690,123,1426,283,1835,312,1281,1815,1767,280,1667,1787
312,281,824,1798,1577,172,291,153,1662,314,3,1391,413,230,1927,1580,1787
1809,1857,413,1843,1512,700,1530,166,308,1903,1665,1806,1936,1765,1538,253,1577
1714,128,1840,1399,1485,1493,1673,1907,117,1291,1603,1392,75,1206,1836,264,1651
1959,56,854,261,1909,1757,1548,1491,1492,1541,730,1423,75,140,1682,1540,1705
413,1120,1905,1583,1492,849,1641,1485,1523,324,369,1723,1847,1675,1790,1714,1691
296,1502,1579,102,234,1948,1385,154,1538,222,1519,1748,189,253,107,199,1764
131,1793,1831,141,1070,221,1761,879,1575,315,1839,210,1355,216,171,1582,1565
258,169,1376,160,186,356,1906,1903,150,1581,1556,1632,1838,1680,193,1578,1541
1614,1654,1776,1391,1774,18,1345,1772,888,211,216,1579,1673,829,1697,1757,1909
207,288,102,1506,1611,1634,741,1707,1792,1684,135,1797,9,1409,1963,1628,1806
151,1577,1593,267,620,239,1655,1731,1808,1692,131,1530,159,279,1716,128,1539
1372,1083,1790,217,1683,1713,1690,1598,566,199,162,1907,1269,535,1762,1691,1833
1769,1697,1373,126,1617,257,88,1536,1843,1098,1689,1559,64,1526,1546,1723,287
1557,1613,1581,1769,1792,1479,1637,473,1488,232,1905,274,197,1827,1953,1543,1703
1269,184,155,1528,782,1620,256,322,1836,676,1556,1795,1754,1690,1703,1613,137
1383,1377,257,1524,1764,344,186,1119,1941,1852,1530,567,1794,1664,1905,1762,1554
89,132,1804,219,1265,1253,1620,1527,1590,1764,464,1695,1588,1611,1621,1887,269
523,195,1503,1827,1729,1811,1115,306,290,277,1851,1796,1515,1853,1850,322,1546
260,1689,881,171,1372,1598,1831,1759,1272,1778,1668,292,1479,1692,100,1515,1234
1533,1493,1633,1694,717,1758,119,1487,168,1805,1599,1894,1593,1856,1905,204,1555
472,820,1748,558,1650,270,1494,1675,133,1975,1480,1559,142,1906,1711,638,1589
1808,116,1643,144,1477,862,1578,486,1830,533,133,1588,171,1496,407,1844,92
1342,1643,1580,1698,63,1821,1810,1607,1854,1286,1822,1750,1600,207,122,1945,282
1646,267,1192,1856,1806,274,1676,1146,1652,773,1482,63,689,660,1338,1631,1555
1524,1547,1347,802,1587,1855,1908,1639,1710,1280,1914,1667,97,334,1673,1560,1961
792,1615,129,488,1587,116,151,1838,122,1950,1768,1600,1824,1602,1620,1618,1372
243,1659,537,1235,1795,1811,1837,1685,1734,1531,1483,1910,1776,1277,269,670,1818
1587,300,1582,1702,1486,1735,739,1489,1709,478,230,1481,1800,1613,192,1788,1595
954,1517,1786,1816,1582,661,1602,97,213,1707,309,156,1506,1477,1835,1791,1339
1505,529,1841,1845,1513,1854,1824,171,1173,1522,858,1608,1844,1842,1696,131,297
1824,118,216,1658,1768,138,1701,151,794,1838,1628,1792,187,254,1893,1556,175
223,1682,1496,1912,156,988,1789,25,1595,1262,167,1600,65,295,90,798,1475
1742,69,1671,744,1717,1667,282,1958,1699,994,91,1782,1496,1400,905,128,1803
1837,1663,1847,1572,108,1684,1630,1912,1716,1719,1506,1387,671,1006,1895,1717,1667
84,1593,1481,1563,1764,164,1523,252,1534,1852,735,1932,1499,1659,1800,1776,208
7,1068,700,281,206,1892,1720,1808,270,1970,178,1792,144,628,1690,1601,145
110,1475,1507,1792,225,1789,1788,1846,1087,1090,1514,98,425,1668,1810,1772,1106
1757,1567,1731,1529,1608,1839,1805,666,1574,196,1572,1691,764,1538,81,1550,1744
102,1750,1753,1624,235,233,1559,1738,324,1804,148,1296,487,1013,1479,282,1673
1708,1384,7,1777,1071,228,1910,98,940,1528,1650,226,1786,1561,1453,112,74
1691,1520,1147,1369,1650,1714,1497,1505,1573,244,24,1777,28,411,1684,258,1492
1951,179,209,1820,1843,1954,1728,1819,197,1657,1785,624,121,834,997,1474,565
173,1258,981,307,62,1630,537,1623,1231,1532,1560,1481,1832,308,460,1488,1814
64,1485,176,874,1677,1646,155,1906,1603,1596,1587,1801,1658,1588,708,1534,1749
1837,374,1686,1809,1381,1623,1555,1796,101,1755,72,801,97,88,15,1949,549
1559,1254,210,1493,125,1605,1629,1767,1292,83,1558,1799,1784,1544,586,186,1829
126,1594,1829,279,1629,1680,768,1787,16,198,1630,1605,1610,1804,1601,193,1631
1505,1501,78,161,317,1551,1770,424,405,420,874,204,1378,1746,1988,1595,1837
1930,721,1438,983,1099,1836,1698,1646,38,1848,306,28,301,1777,1771,1636,1492
1698,1855,1819,238,1787,270,175,1644,1907,252,1657,1566,1668,1716,1140,1481,1551
1476,1818,1449,218,1489,1658,1677,783,115,242,1711,1072,1746,1663,177,1079,182
1598,1603,1590,780,1845,887,1684,652,185,1148,1027,1638,1777,217,324,1142,254
653,1408,696,1745,1712,234,1680,862,1264,1075,1821,1825,1537,88,1793,1635,1737
1737,1897,1969,1308,319,1841,1816,1604,1824,1477,1750,1713,1603,885,1154,1718,1440
1781,1830,793,1589,1423,1490,1514,1602,1842,1772,902,1555,1538,1764,1113,1958,228
1556,69,1638,1807,1712,1813,1561,1568,1317,65,100,1381,1581,1752,97,956,1660
270,1817,170,1712,118,1906,319,1654,1649,1793,238,539,1521,1069,1840,1655,1892
127,1101,759,1457,1567,1600,831,1373,134,1389,69,1800,1684,887,1945,1663,699
1679,264,1611,1593,1239,466,233,575,314,328,1850,1274,153,78,367,1839,1651
1788,208,1814,1772,313,651,408,1806,1598,715,213,782,934,1754,985,1683,279
761,1725,1523,1756,219,1652,1896,1833,1699,1882,1584,1615,279,1849,1865,1764,1910
1707,308,159,237,873,1755,1696,1469,1704,1071,1729,1604,1687,121,1497,1703,65
161,1905,1596,1724,1694,310,1257,301,1668,1772,1636,24,1763,1273,293,34,1770
112,1657,1713,1944,103,1679,108,97,1740,1750,1571,1482,657,1764,1908,1628,1900
648,717,1948,40,1595,1599,426,1748,1522,843,1497,1475,185,157,1818,933,1910
245,1049,1177,1735,1785,1777,1701,263,67,1854,1677,1832,1514,1945,172,167,1654
108,1896,737,1799,760,1663,1490,1485,1561,81,1830,141,1549,1632,310,1499,1638
279,217,1724,1477,1513,1605,1769,1543,1846,360,1669,624,181,328,1960,1751,1802
1178,730,1656,901,1752,1551,1495,1599,1525,75,1671,1503,1702,1592,1637,1748,1699
1759,1727,282,1504,1856,1647,1936,381,1785,1798,1822,1674,139,1741,1734,1746,103
1911,1775,1740,953,137,1505,97,1691,261,1619,1575,1042,1633,1551,1784,1494,1829
1788,1534,152,1952,1860,519,1643,1571,1613,1727,1793,1590,1836,1693,322,1814,1680
296,542,180,1643,1520,1712,1729,1850,785,1475,1728,164,289,125,892,1396,1619
209,187,1845,1477,1668,1576,1497,1615,1605,83,1521,1678,1581,85,1739,1427,1637
1579,1498,1691,1805,244,1024,1747,1940,1528,1847,1211,121,1860,836,1156,1560,160
1648,1769,193,1785,1744,1774,1685,1363,1913,1660,368,1483,1478,1522,1712,1573,1547
735,181,1754,228,1643,1722,1951,1029,997,780,1284,1846,1365,855,1527,1815,512
1501,665,1852,1564,784,1894,290,1705,163,705,1206,725,1772,1728,1969,1735,1608
1276,1653,1843,179,1710,361,1780,1708,1687,1850,1697,1596,701,1985,1646,119,1754
1811,1217,674,1734,1659,1632,1844,268,199,1017,691,1218,471,274,43,897,1891
124,932,1604,1641,1751,1277,1722,1711,157,1665,269,1482,488,1625,1658,148,1516
215,178,1507,1040,1828,384,1553,1786,1498,1480,1748,1834,228,136,1533,1665,1357
1964,1357,1747,253,1716,1642,1106,127,1708,1478,1575,1171,90,1661,894,240,1957
1589,151,1526,943,1710,1773,662,171,1567,1844,1490,80,657,1716,1971,1215,1796
1585,1600,530,1685,1727,726,544,1711,1609,300,1574,1738,87,1520,437,1380,940
1818,1768,1676,1548,1847,1950,91,98,1577,1960,1956,1770,161,1561,279,142,1796
1839,1100,47,1735,1583,1380,1282,1775,1611,1906,282,1683,1840,231,1739,260,517
150,1478,1697,1687,1030,1177,1498,108,1496,1514,297,1538,1242,1782,944,114,1654
1786,1577,1648,1589,705,155,1454,1809,1389,1650,105,1762,1644,1954,1605,303,1552
315,244,1694,1687,1748,1566,1590,1586,1863,1585,1596,1725,239,118,322,1540,1956
1390,1726,1746,75,776,1563,582,1707,1649,209,1069,1701,1706,1125,1823,20,53
1859,17,1740,1696,1814,1791,1541,1819,328,1564,1616,1869,981,1338,1554,1624,1534
140,42,1787,1530,467,1695,244,1854,86,1947,1733,1892,538,1723,1417,1830,1777
973,1088,1710,596,1525,1843,1909,1935,1506,1322,65,1487,90,1390,1946,1974,236
1760,1852,281,1499,1529,1518,1572,1365,1372,992,1910,1672,1491,1564,1737,1399,1770
1095,1548,1691,1504,949,250,1171,1569,293,2,291,504,174,497,1656,1768,280
1871,1660,1862,1520,1833,1734,1970,182,1777,1531,1570,1905,771,1611,1630,1801,997
1788,1674,1600,1664,1696,1820,67,1639,1564,1678,242,1582,1117,87,86,1496,311
939,1772,1731,314,234,1092,1724,93,48,1677,305,1894,322,1674,1569,146,96
308,1186,1815,1614,1555,311,1906,1269,220,1913,1715,16,327,1499,232,1341,1677
561,1549,1749,119,1942,1640,736,1477,163,129,1582,1758,91,1637,1532,1851,133
1897,1158,550,1672,223,1537,316,1657,1634,1938,1837,1590,1740,1905,227,1236,1549
307,1085,1658,387,1746,327,328,133,1922,99,1800,1793,1709,1532,1508,1814,1377
1481,1812,219,1811,1598,95,1769,298,1906,798,311,986,255,1850,1784,1846,646
539,1800,1809,1537,146,1905,821,215,246,1749,1664,1974,381,717,1811,271,81
1825,1798,1396,14,80,1775,1483,1770,1821,1690,1639,1638,478,1907,1693,310,1480
89,551,564,1821,183,1583,1393,1647,608,1649,187,1558,1539,1828,107,1577,1441
1628,1687,1786,896,1553,1711,1675,1972,1729,1722,1759,183,153,583,257,1646,1650
1554,1737,1836,1908,128,1729,1409,1808,262,944,318,1789,1575,1528,1633,1722,1905
1983,1595,1613,1979,234,1070,521,1495,1540,1915,312,108,103,1679,1794,244,840
1646,28,969,1661,1656,1700,1722,1907,1579,1567,1906,930,1553,127,1121,1734,902
1566,256,1564,1642,274,284,1485,1713,1658,860,1376,133,1836,1737,1499,108,250
1621,1587,1715,1748,1006,123,1662,300,1808,1671,869,268,1396,1741,1218,193,541
184,1836,1642,312,1619,1569,892,587,1279,267,1537,1072,1524,1875,1969,154,1766
1518,1760,1243,142,1607,1506,1744,1959,1690,1632,1533,1477,1818,137,182,1772,1636
1815,1537,1561,201,1553,1723,1754,1004,1780,184,445,1819,1390,1381,1201,1738,216
1331,1530,227,122,1453,1557,1808,170,1247,891,275,1374,1716,1852,1519,510,1694
1632,1683,985,1620,1584,1633,1561,1607,1544,190,1391,179,239,151,118,1529,648
1754,248,1781,114,1704,1497,1073,1630,1535,352,105,219,1653,1718,1588,1827,1537
1580,1769,320,312,1779,1494,1367,911,1704,1391,1695,1628,1240,1396,1710,1667,1897
1761,1506,1608,1661,1792,194,503,253,1520,1749,1658,1624,1504,1535,1366,1646,217
1505,242,202,1760,1507,330,1602,1430,188,838,1757,1728,1576,454,1748,1754,1691
1759,1953,1731,214,1607,1574,1593,285,476,1653,431,1819,607,1799,154,1886,1737
118,1731,222,1627,1143,1581,257,101,1494,626,1038,1418,1185,1305,1510,1909,1640
1509,1736,1665,1544,137,283,1816,1657,258,1841,1627,1629,1642,353,191,1919,1531
1833,1567,75,1704,1496,1948,1507,1972,1383,1534,1602,165,1479,1971,395,117,1397
1764,1732,1614,1555,104,300,1785,1606,1810,1799,405,845,1697,252,1633,673,1771
1911,1816,1849,1651,1492,1496,1822,1668,219,1619,1648,1774,1476,1681,1627,1495,1768
1792,721,192,1763,1639,1528,107,1821,1760,502,1642,1391,1475,157,1839,40,1686
206,159,282,136,1659,564,1446,1684,81,127,153,1745,1715,1545,1566,259,1512
1833,1631,1660,162,121,1531,1528,1856,1760,1742,189,203,1494,1823,1762,615,1834
1700,1485,204,1602,515,1895,1552,1348,257,717,228,722,103,1617,1762,1801,1605
153,1565,1692,44,1235,1487,1610,1728,1819,1807,207,1719,1774,1688,208,1804,1632
1779,1527,1535,1495,1375,1666,1955,1629,1594,112,1714,1588,1561,184,1792,1951,671
1710,864,82,1625,1661,1659,473,430,1835,1844,781,292,310,286,1479,1909,284
1678,1795,1846,161,205,1686,1571,138,1739,1786,1539,767,1566,1808,1829,1668,1198
1639,326,188,1739,140,1770,1774,934,123,102,1499,1528,1892,312,306,1095,1907
991,316,1741,101,126,156,1778,1894,806,924,1570,1650,1494,1500,1862,1767,1823
217,1613,1124,1829,113,1516,192,399,116,1797,1596,62,103,1564,1817,1502,1541
606,83,1298,1650,1797,1519,1577,1711,187,472,1253,1625,261,789,516,105,28
1227,1203,1805,135,1621,1557,1665,1980,1501,411,238,1585,1830,113,1743,1498,280
1714,127,1822,1896,1506,1665,1517,264,1693,767,310,1626,1546,269,1483,1711,271
1606,291,165,292,118,1328,1508,1750,1289,1973,1279,1954,403,1785,1824,1555,1737
1745,508,1365,1679,1529,1751,226,1074,1390,1605,1588,151,137,249,1793,308,1829
1970,678,1486,1776,1630,1944,1610,242,1728,1499,1621,1649,1706,1707,1401,160,701
1722,1072,1530,1524,1913,1779,1486,101,1724,1767,175,312,1833,1775,1378,1835,1754
295,440,1311,1749,1215,1562,998,1648,1366,1484,1662,210,1134,1613,7,1696,1633
1595,1683,1138,1813,213,1101,314,296,1065,265,468,1792,1730,107,239,1312,1905
1708,1815,701,1476,476,1484,1865,801,1588,1678,1736,588,1572,1637,1714,215,1725
290,1596,1395,114,169,1612,1652,171,1112,1647,874,1195,1764,3,1570,1516,1277
1458,1191,1908,1718,215,1732,316,129,1685,1609,1834,1750,1710,575,1476,136,1704
667,1639,176,136,1815,1691,303,259,160,992,1180,783,608,1690,1744,1713,1860
1496,1236,1642,162,298,1522,632,1557,1518,1726,71,1441,1743,1645,145,1777,1737
294,1822,1770,1909,1739,1675,117,1583,870,1318,1667,20,1735,1655,1755,1498,1799
1951,1851,1591,1978,1675,84,275,1845,1761,1623,1340,1949,1567,1690,1713,1109,1632
1657,732,1830,1905,293,1699,1402,1956,993,1968,1545,1824,978,1599,1615,550,1511
1671,160,1620,1823,1685,1585,1906,1643,1774,322,1830,165,1602,141,1565,1973,1827
49,796,82,1638,211,146,1660,1816,271,263,1620,1703,1483,1633,1730,1372,623
157,1497,183,151,1816,1606,1591,1876,191,1530,1820,1924,1652,1634,76,830,714
1561,500,1745,499,1540,1840,1727,269,1501,1668,78,1779,1788,316,1711,1720,1643
152,1099,1963,546,1219,288,1547,1693,264,1718,1779,1668,1481,1810,1561,988,1758
179,1070,198,83,1532,1672,1547,1690,1189,1847,1932,1781,1642,289,957,1682,1630
202,265,263,1799,142,1708,1836,1563,1668,1819,697,191,164,1619,216,379,1531
1808,1638,1478,1894,319,1491,1559,130,430,1625,1512,1702,12,1508,129,1804,152
1848,1629,1763,208,1500,1780,247,1948,1518,1391,1481,60,1702,658,1774,204,1347
1605,170,661,1544,1762,1848,567,1679,1713,1681,1831,205,1724,1244,1959,1860,356
49,1844,1726,1574,278,319,963,1775,1646,1677,1354,1834,1593,1704,353,299,489
1591,920,1675,1692,1835,278,879,1418,1786,1106,1740,123,1549,308,94,241,1926
62,1693,114,1596,1908,157,1573,372,1370,1386,1630,1749,1735,642,1146,464,537
1854,642,1483,1698,1495,288,271,14,1704,1964,1593,1643,1047,1577,838,1849,156
1623,467,159,1597,1822,1593,986,1716,89,1548,1827,293,265,1507,1713,1638,1789
1725,1634,1696,1683,1732,697,328,1649,1796,118,1818,1574,532,1656,1731,1631,1764
1794,1131,1851,123,1857,1811,1644,1552,1512,1713,1805,433,1584,1734,1779,670,1830
1594,701,1730,1722,1808,704,1772,1675,378,1790,1807,1578,581,1642,801,1628,1781
1631,1765,1756,222,320,1548,1800,144,1798,1586,90,1835,1510,36,669,1030,1774
1799,1752,857,1963,1348,952,1825,1770,1722,1566,212,1535,1724,215,1555,691,505
1768,1531,55,372,982,149,1606,1605,198,1771,1394,574,144,1961,1947,1820,290
1493,1071,174,752,1508,131,1294,1952,1795,1511,1364,265,1666,1810,1537,1643,1645
1705,1570,1162,1652,1523,1837,543,1732,1857,1668,1507,1566,1674,1143,1388,260,1852
1709,1841,152,1822,1527,1631,860,1554,1850,550,1785,1812,1721,1528,1892,1077,413
157,1593,1561,1711,186,1692,1732,1947,115,1758,1542,184,116,1269,1070,141,1658
397,96,1692,1648,259,1741,1200,123,1765,473,1958,722,1506,1707,1914,1517,45
1830,1750,1746,668,1555,1852,1690,748,800,239,1672,356,140,102,1813,1633,1645
1484,1701,1835,1819,1616,1006,1789,1091,1826,1509,1787,1820,1549,46,1631,1827,1811
188,1810,1899,1751,1769,1027,1481,45,1532,1368,1180,991,1576,223,828,1956,1583
256,1481,1616,1790,1819,244,289,1054,1576,1720,1960,1955,1555,82,1572,290,1676
1840,1639,1913,1016,1748,1796,1854,1943,1716,1955,1925,279,1643,810,1517,646,1721
446,1692,1520,218,294,1481,1569,1816,1764,1620,1733,116,1677,752,1634,1681,1787
1813,1009,658,1192,1911,1687,885,1698,1640,1587,311,1732,1503,625,1849,1524,1808
1437,171,113,1627,170,1834,104,1906,1798,1863,118,1912,1826,1685,1630,130,842
1848,1964,1695,144,1641,544,863,108,419,1839,1907,1572,477,1690,218,1094,318
1638,319,1805,1602,1680,128,1857,1666,271,259,1591,853,1693,1635,220,1566,1704
1762,1654,1522,86,1632,110,1677,1826,1557,1542,722,1789,1749,1893,1640,1803,1569
1714,368,1499,1771,426,203,1818,1594,1747,1467,1520,295,262,1626,1823,114,464
1522,1712,1765,1582,1621,291,1327,1606,184,1857,1727,1756,752,1613,1729,1896,1828
788,1828,1806,1011,310,1591,1833,1787,682,1485,1773,969,1705,1684,1783,1604,317
635,495,1554,1539,1848,1494,1732,1475,1516,992,1567,989,1835,1144,897,518,429
1908,257,1553,1755,1676,199,640,1735,1719,1496,1543,1594,1652,1739,449,1551,1806
1591,78,1113,717,1636,1552,249,1683,1615,1790,134,1600,1849,1594,1495,892,1913
1371,1692,1381,1821,1520,259,1944,720,1505,237,1645,146,313,1715,1714,1518,64
1549,1684,1851,212,1583,1491,1396,242,328,1673,123,1883,1825,1803,1504,1840,1552
214,700,1616,1728,1627,1590,1328,1748,285,840,1491,1570,1329,329,1608,1780,717
1379,1839,1911,1626,1633,594,1291,1511,196,705,1330,110,530,1717,1484,1841,1492
83,1733,1063,1757,1911,1726,1694,1616,1767,1831,1316,1562,224,1652,1638,1989,1870
1684,1080,511,1361,1681,1545,261,1852,1657,1503,1810,1542,1768,1641,1567,276,1482
836,1745,1714,224,254,1783,1555,867,1162,1848,113,1571,827,1798,100,922,1534
4,1849,1609,1978,294,1950,1654,1830,1490,234,1053,260,1911,802,1763,563,675
1834,294,586,1856,640,1318,1734,1931,113,1741,1680,1579,1780,1259,1828,1615,1847
1925,1171,324,152,1778,193,215,203,1958,1726,1612,1779,1857,1529,1575,1330,1842
1640,1613,1597,1667,1520,1579,1432,1752,1836,1881,562,483,1537,1636,1488,1766,1716
1704,110,1533,1558,208,1852,205,1699,1747,1384,83,257,887,660,298,292,1715
1817,85,280,1587,1841,705,303,1645,1073,1600,1536,1317,663,1582,1644,1569,81
1622,1759,1823,1815,1488,1140,1897,266,1789,1519,1716,1481,1637,1817,1512,1709,1659
1814,244,1812,1652,1593,1578,1742,1541,1380,1602,1857,1466,1552,1828,1827,1540,2
1558,857,1556,441,1736,1561,1682,1503,1031,311,1717,228,1785,1605,296,1842,1808
293,208,324,1570,1822,1816,1580,157,1679,1636,1829,1318,1566,1521,1769,79,1538
1792,64,1642,1541,1659,1977,1670,1650,1833,1686,1484,1585,870,1533,109,1647,1768
1899,1905,219,1754,1803,179,106,1517,1776,473,125,1381,1519,1383,45,977,1627
1726,32,744,1829,1808,1605,1577,166,1491,173,1385,1681,1818,313,1895,1560,304
1520,1667,1936,1731,792,1569,1735,942,1079,1665,824,86,1566,295,401,1000,1765
1798,1619,1679,154,786,1710,1620,450,1673,1556,1539,988,1818,1375,87,1844,1689
1562,1524,660,1904,1785,1634,1665,1608,111,1525,1417,1850,1710,1838,1963,392,1811
1912,1564,309,986,1688,1499,88,225,165,1679,1823,1648,1747,1940,1528,953,1681
738,1282,1791,252,1568,1390,1453,1632,1402,1782,1767,1702,1711,160,874,797,1835
1952,1843,1529,206,1458,1723,185,857,3,1793,1670,1707,1629,375,1758,1601,1663
639,1838,1277,97,210,1095,611,257,1268,323,341,789,1604,1576,1206,1854,148
815,1265,1735,219,1050,1784,1525,1640,1848,1619,881,1963,1534,284,1894,85,1699
1761,1790,1633,1495,1590,1808,972,85,1286,1532,232,1834,1212,1198,283,1595,213
85,1608,1544,262,1695,82,152,1721,1822,1800,1831,1342,1624,1675,121,167,1842
252,207,1547,1111,557,1497,1128,1647,654,82,1505,87,13,1618,1812,1687,1268
1480,1029,43,92,170,1827,1904,1699,242,1143,272,1072,1117,1773,1611,1558,238
1513,1669,1760,1765,1524,1948,1600,235,1499,1846,1233,488,1527,95,247,214,194
1623,1347,1539,1592,1603,1489,1485,1812,1499,234,1382,1640,1787,1889,1659,1482,1963
1756,209,1623,1619,1277,1488,1072,272,1145,211,1569,1371,1513,314,863,112,1319
1802,388,1633,264,1686,1729,3,1047,716,1752,1584,731,1962,955,1636,1586,1845
338,608,1671,1335,133,1712,1957,121,1929,1601,1899,1679,1655,1641,191,125,1738
1906,1768,37,1671,1721,232,1414,1850,419,1764,1636,1854,1529,1612,222,1757,1594
720,1475,1502,1569,1821,1786,1644,1728,1773,1756,189,199,1669,1747,1698,1174,1611
1384,1711,1626,1484,976,1573,138,325,249,1385,1506,1665,1386,1483,1696,183,1835
168,328,1805,201,218,894,234,800,191,1539,1516,177,319,1615,358,1673,1512
1542,1818,1580,1728,1499,1594,1747,1579,943,1363,1608,1554,1570,1605,1740,1836,136
1855,133,1648,1333,1829,505,1521,228,705,1686,1929,1780,1530,222,1330,1690,1749
15,1545,1855,1680,1849,1584,1816,1667,1576,1198,1540,1799,1664,964,1535,1567,1031
1268,151,184,1771,1681,1659,1910,1725,1515,1590,113,1518,1623,704,1756,1604,1605
55,1354,1368,1084,1663,251,1897,1746,1775,1511,1779,1000,254,117,1058,1672,1696
1392,1719,1849,866,1625,1744,1709,1538,1627,1814,209,1750,1776,166,271,150,1813
1583,1894,138,1499,186,480,1490,1807,1155,1536,1776,1033,1592,1913,1972,1729,101
1394,1553,1643,1782,1551,1642,1787,1670,1604,1799,1981,934,1641,1683,1711,1572,296
293,1049,1657,1743,1827,1680,1554,1826,1715,1693,1789,309,1675,1747,1704,1809,1594
1004,1659,1844,617,90,1561,1475,1487,1850,257,1665,1827,1655,1775,1902,182,1594
709,29,1477,1932,238,89,1829,1650,1486,705,1913,168,1711,1897,803,1759,1535
1712,1228,1605,1722,1394,1320,1771,1880,924,1782,1818,259,1597,1532,217,265,1651
503,1391,1601,1948,1710,1794,1798,1070,197,1838,598,740,1673,434,1908,1784,1602
311,1488,1722,1699,133,165,1714,1692,1696,1539,1821,1772,1546,103,1665,41,1579
887,1703,242,1498,1535,1825,1891,122,1614,343,455,1741,160,299,504,1690,1685
1565,1708,1776,1701,1577,1492,125,1720,1640,1733,1795,1648,280,191,857,1514,1609
1658,1946,1840,265,544,1911,1507,1712,1791,172,835,1663,266,160,1631,1879,1815
126,267,557,1718,884,1663,1638,210,659,1578,1860,317,261,908,1821,1607,1769
1749,229,761,1585,1702,1254,1410,1730,1827,305,1796,276,1781,887,268,1382,1170
286,153,138,1523,1594,1410,1044,1493,1841,1295,1630,1834,1622,1855,1171,1765,1484
1302,1527,1569,199,1626,1479,1607,1652,1691,1561,1513,1546,1822,1842,110,1555,1649
1907,1698,1383,1639,1643,1706,1091,154,493,1778,1526,1621,153,121,1500,1711,1822
1508,162,194,1776,1844,1547,1028,1724,227,500,1760,934,189,1856,790,1268,111
1663,298,1676,1517,379,313,1486,266,1743,1694,996,1817,1588,700,1606,1599,1542
1477,1543,249,1733,944,1911,1519,1357,403,1531,1909,311,1829,1262,1944,969,196
1591,271,1703,1516,42,1669,1598,1411,1417,540,1391,1388,1596,1771,314,1570,1777
1660,114,591,1650,1751,1808,1521,1631,730,241,804,176,1540,78,1593,952,1852
89,1533,1396,936,1639,1525,318,1186,1491,499,1510,635,1782,626,175,1830,247
649,331,1716,1574,1563,1821,1567,1812,568,437,1800,1595,1177,1792,1625,1396,393
1727,1525,1502,1113,1507,1513,1716,1742,1827,1744,150,1948,1910,395,1696,136,1913
