1391,1394,1502,1753,1385,146,1519,1758,1536,228,232,1506,613,105
1638,714,1809,1662,1739,646,1736,1860,757,307,1733,943,1552,1394
1854,1510,1643,1674,1649,1669,1720,1484,992,34,1631,254,1698,788
1798,382,1847,1668,80,1733,1393,1808,1411,1770,526,1726,945,155
481,1485,1576,1524,1692,1481,1550,1909,1378,1086,1890,787,157,1928
494,1554,508,507,1590,1763,1815,1512,1911,1741,1842,1976,1617,1696
1654,325,1776,1648,1494,1731,1541,649,419,1568,1515,942,1973,258
1767,1605,193,251,1266,1563,1789,160,1628,421,1697,1764,1746,226
1562,210,1603,1495,163,1776,422,1498,1067,351,1564,88,1641,1307
1784,1706,1805,804,1830,392,1973,1913,195,127,417,159,1645,1845
1561,1537,1568,574,1841,1531,1724,1580,1712,1773,1976,1710,1583,1528
761,172,1650,1972,1734,1491,1371,800,1781,212,1683,1562,208,1627
796,1746,1822,1641,1689,235,234,1537,1797,797,1789,1498,1389,1840
1642,1507,1574,1354,286,1778,1944,1670,1533,1828,126,208,97,1560
82,1505,292,308,316,1863,1771,1960,1600,135,1642,1515,1508,1523
114,1696,1650,1668,1784,317,1801,162,1534,1661,1799,1815,1893,1749
1507,284,1913,1734,1636,1536,286,1753,1563,1877,1062,1780,1669,1603
134,834,129,1943,1670,1043,293,1622,1507,1499,1677,1560,1242,542
1733,1660,1911,129,1960,1502,214,1854,1846,1591,1539,181,1847,1831
1727,1679,955,1485,1836,1734,1067,1532,681,329,1522,268,792,1395
1543,1482,1869,1574,1499,1591,1681,1912,1526,1852,1735,230,78,1822
1909,877,850,324,297,1796,1866,1727,1488,238,1694,1645,1528,572
1600,1724,1588,1799,1654,1823,1804,1742,585,1712,1734,1834,138,63
1525,1779,1782,1981,146,1773,1788,1549,1551,1644,1152,760,1579,1156
1501,1543,1792,242,514,1508,1531,849,1612,1705,314,1629,1748,1773
88,338,281,1338,1570,809,894,155,1667,1974,148,1687,1588,1563
1780,1961,1743,1679,1654,1723,1505,1063,1013,1853,1742,1843,1807,315
1567,794,190,1564,1553,181,1373,1550,1516,1859,1850,872,1696,15
1849,252,342,1922,796,1726,1838,1506,1846,1698,1826,1718,1762,153
1855,346,1839,1644,1654,1841,1669,631,308,1798,1384,1368,1526,1840
202,1596,1239,1605,1713,99,1541,241,297,1821,822,1338,933,991
1500,882,134,145,1337,92,1944,440,304,100,1117,1688,1601,1852
1188,1951,1769,1834,643,1096,1528,1434,205,463,370,1729,1623,1498
1675,219,1776,1802,1487,1696,282,1785,1502,1479,451,51,1508,1680
1654,1772,1599,76,1515,763,709,1522,1366,186,1691,1396,1643,153
435,160,1622,1387,1817,1826,1410,1773,1744,1767,1583,213,1589,1381
204,1801,1946,1557,168,1551,1511,225,1824,106,372,1719,1581,1569
102,1789,968,1608,1844,159,1661,1674,1830,1649,34,1711,1354,1739
1007,1016,131,269,1640,1581,294,1701,250,1662,255,248,1653,1753
1492,1856,1801,211,1773,1778,1708,1487,1697,585,568,254,740,1515
1848,1626,1752,1332,997,1749,1380,101,540,934,109,169,62,1582
1603,308,1926,1698,1569,1681,162,898,1544,1963,1765,1788,1731,1741
1024,121,1670,1241,1644,1517,1174,1665,1476,1544,1965,1663,237,1625
1716,1831,1771,233,1846,232,1943,1497,395,1346,1656,1796,1609,1479
1549,1810,460,1840,1644,1813,1611,875,1044,1793,1791,1972,1047,1592
1666,1175,1631,250,1498,1823,146,1178,1644,1527,1897,888,1685,1657
1734,1477,98,84,1501,1968,1776,1768,268,1722,1905,1245,1940,1735
1741,1564,882,205,1672,1550,211,274,981,1615,306,1478,1758,1908
593,1890,1898,1211,362,1843,1810,1949,1614,1786,254,1643,1659,1546
1697,1605,1765,218,203,1984,1950,1724,1549,1210,1610,1679,1596,205
300,1676,97,303,1580,1145,145,1942,1713,1569,1231,1507,657,1763
1893,1743,790,1946,1629,1496,1576,442,1691,1713,1647,1422,1649,117
1784,1502,129,251,1893,1970,1702,1963,1496,606,69,481,1504,1530
207,84,170,1607,1373,1946,1658,1491,1702,782,272,1712,308,204
1685,1368,1853,1030,185,1543,194,405,1744,1824,1556,100,1261,1520
1430,1681,399,1389,878,225,1651,218,1564,1499,1507,1717,1821,1680
1808,383,159,321,1488,1389,1239,1652,1381,1741,226,1560,1396,637
1705,1641,874,1655,1814,1822,1757,1670,61,165,1977,1516,245,1703
1705,1716,1837,1581,1831,1555,766,1722,1693,1939,87,134,1803,1678
1580,1958,1848,1555,1758,1856,1713,820,234,1401,1779,100,176,117
700,1548,1365,153,1821,105,278,1109,106,1567,1543,94,1665,1538
111,1493,1736,1848,1719,1906,1769,349,1742,977,1764,1637,601,1960
1629,118,1524,226,1530,1576,178,1568,1621,1713,1805,1552,1086,1527
1639,133,1569,1395,786,1584,1591,1542,1432,1562,42,1565,1559,1790
840,1833,233,1509,1857,1631,529,1501,1816,1912,271,315,143,1629
1568,1633,1752,794,1473,1011,242,1508,1500,1627,1691,1524,1410,1775
994,1850,1770,1715,1744,1374,1548,1709,1553,1835,1868,137,144,1560
1759,1504,205,1988,358,454,1717,179,1771,220,1693,267,152,1569
1597,1702,1601,1908,1663,1679,1730,1577,1848,1840,1773,1519,1764,283
1533,1569,184,202,1477,107,97,138,1560,1849,1846,1670,1494,1112
1539,183,1898,218,1488,1788,1389,603,1374,185,19,319,1700,1607
1698,760,1540,1583,1934,1790,369,1727,1807,1893,1737,1524,1717,202
1188,1681,1970,1801,1961,1344,1534,1497,240,729,1753,1555,1532,515
1491,820,269,1709,1913,976,323,422,1799,1694,196,138,1831,1254
1533,1775,93,1819,1782,1728,1376,1571,1652,1787,1796,1802,696,1648
896,1765,1171,1679,1843,56,1842,1760,1812,1767,269,790,1437,1796
301,1446,1645,1631,404,1752,1633,1554,1677,1828,1701,1497,144,643
1492,1494,165,1628,1502,1748,1718,1722,132,1711,1887,1597,105,1665
210,1591,309,1721,1396,306,548,1609,1504,1587,1771,1038,196,1090
1606,1396,1735,1105,377,1970,1799,902,1837,199,518,1730,300,1660
1486,1745,1631,187,1714,274,193,939,1004,398,328,1372,1832,1908
1550,1575,1826,1757,1944,1505,1671,259,1529,1817,215,1776,1800,865
83,1768,1748,1102,1109,1601,1620,1390,1830,1513,847,1603,199,227
640,828,1946,1866,1581,1644,1974,1623,1613,291,336,1602,1516,1832
259,1815,1857,1561,1735,1837,186,1690,1771,1261,1619,1493,796,1117
1949,648,1763,881,1505,1141,1124,1772,1782,165,1908,251,1839,824
601,1717,594,1763,1630,1694,1818,323,1572,1475,1568,128,944,1790
1579,1710,1044,80,1847,1582,231,1606,894,312,1733,1537,315,1554
504,1528,1805,1500,1243,169,1608,1769,1841,1552,1152,128,86,285
1661,1922,1699,1647,1664,696,512,1579,981,237,1728,202,328,1707
1177,1753,1646,80,932,312,1968,1853,900,1691,1758,1534,399,1934
1551,1487,1103,1699,774,1825,846,1660,1816,407,1648,1850,1827,1748
497,264,170,225,1840,1815,1366,1741,96,1353,1052,1528,1660,1623
1751,1610,1780,1701,292,40,1738,940,248,1705,316,1572,1725,100
192,520,1336,1205,1735,531,880,1723,228,1828,1680,266,489,1804
1781,1509,1854,1694,1822,1656,1740,1758,1636,731,1989,1372,134,480
1605,1674,1393,197,1963,1571,1738,1158,1478,610,1596,1796,1589,1721
1908,1718,1796,1569,1743,1503,189,1479,1804,1537,1646,1532,1538,145
1522,1967,250,1594,1644,792,312,1615,1213,1806,394,1860,1502,158
1526,936,1490,187,1574,1655,1316,1963,169,143,1192,678,681,1736
1572,1707,1577,1581,1406,296,1369,142,1665,1677,1827,1906,1666,1427
172,1418,1852,1504,1685,379,1733,1791,1683,1815,92,1486,1618,211
1539,1814,1549,1560,1516,1737,1666,1800,1855,790,768,1728,1842,1617
1619,1717,1539,731,105,1905,1827,1566,1151,374,1473,125,1320,1071
1152,1677,158,1741,1906,1199,124,1783,1636,1525,1586,708,1257,1566
1653,395,222,1613,371,1836,1731,1577,1703,1586,154,1834,1542,1618
1795,1662,1825,1557,1786,92,1912,1326,95,1485,1820,1506,200,1834
1677,1191,1921,1708,987,1274,1690,614,879,1777,286,1488,284,242
1856,152,1761,97,1725,195,213,1552,169,1594,1685,1477,502,1794
601,1854,531,818,1698,228,1268,1549,1661,1972,1528,1845,1821,316
1911,197,1794,1836,1765,1501,1496,1649,1578,885,1558,1802,1777,229
1669,789,1040,681,1516,1621,1585,1731,1590,1119,1776,1579,193,375
1803,1493,1870,573,1505,1487,1804,1741,1370,314,1737,1823,1701,1849
1707,1381,1380,1475,1522,115,1745,1833,1605,1895,1834,977,1772,1845
146,1807,1810,1698,898,1526,1504,158,245,162,981,969,176,619
1617,1215,94,290,1526,1481,1382,235,1792,1611,1841,1508,996,1762
1060,790,1162,1615,1665,1676,224,87,1850,1853,1773,1741,651,1582
579,145,278,382,1611,277,1829,1908,1527,88,1366,262,1813,1604
1947,1687,287,1332,1501,1744,1634,875,1485,1581,65,60,1959,1577
1741,1541,1296,1785,1855,1826,916,253,1630,259,1700,1736,1753,142
1502,1684,799,545,1605,1516,1476,97,1159,238,1834,1786,1394,1486
274,215,1345,1745,1718,1501,307,1099,858,1481,1905,1157,1829,1600
1715,1334,1686,1318,233,1626,93,1690,1823,327,651,170,1612,1775
101,136,1741,267,417,1530,1642,220,1536,1802,1845,327,1366,1693
1598,875,1549,187,1558,1761,1294,1604,1707,1823,1645,1758,575,993
1657,1843,308,1049,207,631,1519,845,795,1396,1829,968,239,1680
1554,1204,1569,1777,1592,1262,1496,109,1815,214,1776,1631,902,1835
1569,946,1708,215,1838,1683,1236,1264,110,254,1771,271,1534,295
1435,1600,1705,1718,964,500,1713,871,1679,1685,1388,1837,649,226
1819,1686,253,1327,1880,1689,1793,1690,1143,282,1805,1959,1926,671
1580,1849,1684,1792,1494,1565,142,1736,1760,1578,1596,1505,225,348
1203,1835,1558,1671,100,1547,1374,343,1609,683,541,1383,1589,1560
1287,1494,1708,1835,1547,1830,1558,485,1852,188,1941,283,91,1518
1788,1836,1493,1817,1795,1751,307,126,984,1617,1517,614,1926,504
1383,1722,1837,1527,217,1484,1850,1832,1760,1738,331,1736,374,1592
1802,1831,164,1141,1717,1055,1657,264,1482,1603,1903,1781,1670,1370
1459,1687,1834,1769,176,1815,295,1810,1747,1003,153,1218,1702,279
1754,600,248,314,1772,1620,1721,1762,785,113,1834,1911,1544,1749
1514,1157,1580,1836,1615,1528,1834,1599,1631,1169,1070,1779,278,1854
651,1838,1608,1486,1791,1660,1443,1796,1830,260,1715,1549,1499,734
123,1985,308,1697,1292,618,285,296,1565,1841,1511,201,529,1767
145,533,1617,277,1389,278,1640,858,239,1789,1514,1548,781,1804
1542,1534,1583,1665,230,252,1652,92,1892,111,1838,816,1621,294
1624,1386,1706,1488,1327,1648,1852,1883,1553,138,1843,707,1942,1546
1918,1648,107,1547,1436,1773,1537,372,1828,1555,239,1524,803,1786
1070,1606,1365,1871,1505,1642,1613,1955,1656,1947,1719,1627,1624,1678
278,934,1231,899,1908,230,1530,1893,326,1792,539,239,1020,253
1767,191,1565,1656,1188,183,1020,1892,187,1475,1712,162,169,1847
1985,1503,804,1802,194,1643,747,375,9,537,1735,1629,288,133
1532,1795,241,1632,676,272,1707,377,338,314,1513,1765,1718,1761
1743,1704,1641,1802,891,1762,1586,1480,1728,1686,1587,312,380,753
1638,189,279,1669,1792,96,1671,1519,1544,920,1806,1713,1672,1682
1763,1666,171,1596,1353,181,1781,1972,1790,1770,107,1625,1764,239
1737,900,308,1200,1775,705,1840,287,522,879,1503,1034,1734,1488
1663,1711,1598,1494,1507,1685,307,1311,1498,1617,1502,1491,1965,1383
1593,1649,1636,1843,1137,1850,292,758,190,1690,1722,1683,670,804
1605,1033,1988,1693,658,243,1942,271,1396,1758,1649,1837,1628,1653
1566,95,44,667,127,279,920,1657,49,1680,1727,614,1837,27
1852,1670,1592,1553,1504,1806,1569,349,144,199,1784,1546,821,1651
1891,1501,1671,1287,1707,1753,1494,1636,1906,1803,996,1540,1798,233
44,1638,252,1505,303,1522,1521,1642,1619,410,315,1392,127,1667
1755,132,1660,746,1019,1604,1485,1985,1696,1911,1765,218,1630,1489
1395,1642,426,1562,1526,1540,1688,1691,1541,212,1795,1615,1072,486
205,1769,1245,1609,210,1499,1670,89,233,913,1691,1029,1795,127
86,190,781,287,1533,1810,1623,1610,508,244,866,1708,1019,1311
656,1957,166,1516,1905,1636,279,216,521,1638,638,1744,512,1492
1759,605,1618,849,1818,1187,1082,1713,1719,1532,1805,1558,1543,1478
1590,1851,254,1716,1572,1049,1785,1481,1222,262,230,174,1585,1604
1642,15,1710,282,1759,46,205,1499,1521,1006,1555,575,1749,204
1602,66,1853,1797,1770,177,1821,1648,1565,1760,1705,1745,1775,1869
231,1212,42,1478,1906,1655,1585,58,1968,123,1525,1092,1544,1645
1808,958,1783,1401,190,1535,1625,1772,1832,210,1605,1770,793,264
1842,1700,618,1628,1589,1671,1056,1825,245,1941,1581,1821,199,274
1599,1698,1809,1854,1025,192,1771,1535,1708,1606,545,1611,218,1538
1907,1872,609,1623,1765,1847,1729,1537,165,1698,1776,533,1697,1725
197,1114,1848,1731,1387,1242,1712,1762,375,812,1857,245,1954,1095
214,1816,881,1976,1734,1542,1778,1628,1771,1514,1522,129,1603,1641
1928,1831,1636,800,1827,1958,1679,1819,1548,1611,1712,1567,1482,1685
98,1676,1478,1763,1834,1821,790,1757,654,880,1286,241,1840,1311
1509,1954,1907,1572,1667,1751,1482,1791,1073,1842,1525,1594,88,1950
1123,1395,1734,1096,1656,1,1475,1951,124,1492,323,1536,187,1639
1648,1700,1786,1606,1502,1988,1628,286,1814,1650,190,785,1575,1744
190,1038,1678,1807,1749,1303,1534,1599,782,1810,1819,97,1485,1834
1786,1658,1541,138,317,266,1835,1606,1905,1705,1570,526,1523,1801
372,1812,593,1537,1871,1945,1896,1407,1814,1536,1911,1742,450,276
1829,1643,1688,1116,1791,1825,167,1786,269,181,1575,252,1906,1520
941,1571,1209,1630,1533,1536,1476,1490,110,1811,501,1647,798,37
144,1637,1801,1579,1497,1847,1731,1842,103,1714,1832,325,1857,1504
1214,1963,998,57,1788,1711,1498,286,415,1537,1577,1849,1728,143
1753,1112,1635,1632,110,1806,1478,1629,856,1630,321,1518,95,105
1683,1620,298,1493,1847,1478,1552,353,170,1724,1603,1597,1505,1692
141,1579,1667,234,717,1695,1715,291,1041,1495,1537,1822,1824,1949
1507,1704,416,1729,1908,564,898,1540,194,1708,1801,1576,1551,1810
1737,313,1586,1768,1091,1592,1635,1563,1636,767,1658,102,1764,1783
1250,1836,701,100,1704,1732,1609,1949,1499,1724,259,1728,182,1714
1808,1813,104,29,1798,962,568,1735,85,1611,1728,1072,1973,1532
1661,106,1843,1536,1513,288,14,1807,1973,1484,796,1333,1087,1219
1441,1772,1710,200,146,1779,319,1243,1729,1641,122,1612,1864,1678
982,1576,1606,1671,319,1762,964,825,1489,1499,141,1335,488,1678
1504,1945,1779,202,447,323,99,436,1745,1815,672,805,1808,1489
1753,1217,1740,1177,1619,1755,1657,1532,166,1073,1654,161,1495,257
1329,275,1696,1758,1279,1271,1625,1963,1613,1665,1737,568,1495,1831
222,1778,17,1695,901,1236,1636,1813,1551,396,96,1478,188,36
1502,1555,1678,1482,259,1096,1715,1670,276,1514,1690,1696,1763,1574
113,439,1489,186,277,1896,1873,1620,1922,1690,238,1789,1833,1768
27,1519,1600,1496,666,308,1652,1852,1850,300,1404,784,1706,794
259,223,1854,821,1905,1701,1815,1481,1765,1782,133,1896,142,1173
1522,1487,226,1592,1742,1476,1696,205,1647,1753,1820,695,1598,1544
533,1567,1480,1840,1796,1498,1708,282,1879,209,1726,1650,81,1094
1860,540,788,1157,1630,1828,1524,1528,1681,1836,1730,1735,202,1560
62,565,1702,1516,48,1741,251,1763,1611,76,1712,1906,169,312
1748,1788,225,977,1715,1514,1516,1601,1555,703,1692,945,640,1563
136,1816,1565,1746,1800,288,958,169,256,283,1646,1533,1908,1640
1768,1679,1757,1547,1761,450,1853,109,1535,1650,103,92,1524,508
1754,1642,1952,1518,1704,1696,123,98,1328,1725,1020,616,785,261
410,1332,1597,1547,1629,1480,501,1658,1694,1910,1802,1915,1659,631
198,1570,1697,1598,1749,1527,1764,1511,976,250,1882,417,1805,1644
177,440,1746,1938,1554,1764,74,1906,80,903,129,243,1652,1962
62,1905,297,191,95,761,1681,323,1699,313,1561,1553,1013,1696
1775,1504,206,1779,1594,1815,214,1476,1714,1702,459,791,216,739
1071,1511,1750,473,1110,1383,1978,221,480,1765,208,1895,1494,95
1976,1029,1714,1803,1111,153,1775,1546,631,128,237,1664,1831,1517
671,289,1854,1514,168,1117,1743,1524,1671,1930,287,1493,85,1552
1742,1544,1530,1788,1795,212,1493,1699,1072,65,1764,303,1441,126
1496,1777,286,1763,789,1236,1527,1076,1674,160,172,1396,1701,581
1743,1648,1452,1613,729,263,1836,1268,1072,1837,1483,1812,993,1745
204,932,1826,1959,1527,1585,1563,807,1838,792,1568,150,1480,119
949,1650,241,1433,517,183,1746,819,1491,1215,1702,1790,1497,1557
263,151,81,213,198,1332,1594,1634,56,1692,1837,1520,1515,181
186,1587,1671,1849,198,1485,303,1620,1681,155,1603,156,1722,111
4,1800,1760,134,328,1669,1919,312,1602,1791,263,1845,1626,1975
533,289,1921,1509,1189,1755,1492,155,1939,1729,1198,1364,1564,1658
1385,499,677,1615,1826,1816,718,1686,1485,1032,1760,306,1539,181
208,582,317,1770,1730,373,1578,286,1586,481,1808,1905,1655,153
1734,106,1636,1676,1623,1589,1559,1370,90,1478,1379,1490,205,216
163,1792,1626,1649,1301,1669,1589,1822,1922,315,1518,1677,1891,1897
1590,1975,805,526,755,1738,167,84,173,711,1695,1717,1475,304
320,1526,1260,183,1502,307,1189,1813,1734,279,1564,1548,1534,156
1678,1536,1848,1743,153,1513,835,1851,1554,1476,90,1679,1810,1370
101,293,1790,1437,1618,1532,1851,1669,1679,258,237,49,1581,1814
434,1520,303,1319,145,1720,815,1381,1612,595,1526,1778,1699,128
1616,1908,1509,542,676,521,1777,1599,705,862,298,1665,1268,1754
1758,1011,599,1591,1431,1143,1838,229,220,1605,1709,161,1491,1665
1972,1787,1804,199,998,1795,1507,1742,626,1913,1830,323,281,1698
1494,294,183,790,844,1681,258,1777,1733,186,1748,1689,1807,1979
1342,1497,1694,1690,224,1396,1838,1490,74,1651,1378,1736,1648,351
1612,150,1736,142,1709,1606,1710,1661,1723,1067,1985,1591,314,1841
1949,1894,1919,1728,1830,1387,1816,1752,303,26,1690,1832,1079,1691
110,1835,1573,236,215,1750,1571,168,46,1771,1744,1765,1799,732
313,409,585,1587,1557,1551,1905,1700,130,509,1630,1804,1618,1853
1530,185,1828,1760,788,1743,1502,1726,889,856,1553,303,1644,1547
218,1385,1953,1984,1817,1673,1701,1805,700,1709,1569,837,1528,1025
238,1476,1957,1693,1475,1641,1531,1154,631,1607,1043,283,1635,1695
1629,71,826,1715,818,1572,1779,113,304,965,1734,1822,175,1669
240,166,1741,1667,173,1821,1912,1848,1727,1763,266,1734,1678,735
1942,1588,1818,843,86,794,158,1715,1366,1766,1387,1480,1547,1561
1697,1709,196,1929,1119,1756,1844,1665,1639,1485,1671,1637,1015,1815
1686,1908,182,903,268,1692,1505,1682,1218,1170,191,1942,1567,1773
1490,1740,1551,1647,130,1583,1749,1493,1805,1602,1564,1822,585,1701
986,1364,569,1763,262,1794,261,1069,1743,1503,86,1815,1773,318
1593,1509,1521,1481,1911,1808,210,1611,97,1057,1804,1827,84,370
1971,1668,75,513,688,1818,382,1837,1756,1738,1476,1779,1808,1725
1738,1550,1732,1571,135,1666,1254,460,1785,518,269,329,1661,1815
90,1342,1518,1566,1819,1662,44,1654,1558,999,247,201,1830,1702
269,1780,1846,643,1573,217,1246,1395,25,1776,279,71,669,1660
1841,1477,1580,1654,1558,1083,283,279,317,108,351,775,657,101
1698,822,89,299,164,1317,1576,528,1707,1827,1685,1613,1663,401
513,1774,1502,1633,1824,382,1475,1802,841,967,86,1632,142,1753
1744,248,1746,1775,1769,837,267,1499,1008,247,1713,195,1394,1099
1737,1784,1523,1778,250,1825,288,222,1698,1512,1397,150,1484,1756
1846,1619,1562,919,1653,1578,1517,387,1652,1519,156,1621,1757,1128
1645,1671,1388,1684,260,1633,1868,1847,1646,1516,1303,1735,1172,1785
301,795,91,1748,307,235,1569,1737,1485,193,1682,1942,1645,1534
1811,1602,1581,1141,1523,1683,1721,1705,146,1625,1611,160,369,1615
1945,1574,210,1895,137,248,178,42,1564,1744,1562,1605,1976,633
1785,1754,1504,1853,321,1627,1224,1523,1499,604,788,1603,1647,1655
470,318,945,819,1676,1908,1106,1531,1216,1856,1913,26,1894,1543
1853,1690,282,1803,1559,1856,135,1612,1638,1094,1970,1753,219,1643
1530,1174,1754,151,600,472,518,1715,1595,236,1072,90,1948,1703
922,1884,1544,138,1681,1969,1212,1045,1237,1604,1797,715,235,537
1612,152,1601,618,1568,1411,1661,602,587,1845,1487,1840,122,1709
287,1604,1782,1799,1626,1498,208,1574,1622,1678,1717,1483,1038,1365
255,1476,1635,1572,1605,921,934,242,292,60,1588,1482,1852,1751
1825,267,1894,1911,1585,1516,991,125,1492,1855,24,1531,69,270
1738,1504,933,1597,789,1524,331,1657,1354,1748,1808,1479,834,1548
244,1807,1621,692,1907,1549,1687,1766,1824,1800,1790,66,603,1770
239,933,1711,1744,1057,1712,334,1538,528,1755,1742,1881,1697,1180
1910,1718,1727,297,1086,75,1545,1552,201,328,1722,1963,1756,1662
1776,1836,1649,532,1911,212,1573,80,1895,1697,1138,1835,139,146
1547,1889,1413,1931,1879,1523,210,1747,1676,1544,1374,1742,1669,247
626,15,1824,1662,1761,256,1618,209,1728,1573,651,571,1832,1263
1550,1603,140,1335,121,133,172,282,317,1818,1616,1783,932,1705
1529,1162,108,227,101,244,1540,1707,1683,1857,1101,1348,1498,1791
865,1314,1476,1547,82,206,1968,277,1748,1981,1800,1764,1656,1843
1706,1263,1873,246,1547,1633,851,1709,1698,479,1764,1908,1528,1684
1701,1665,1596,1101,1678,1058,1754,1170,1601,1954,1769,1765,1632,1709
1511,1720,1845,1977,106,1557,1694,1711,1831,78,1881,1681,242,1603
1974,1763,1556,1714,162,150,1747,1988,665,1677,1752,1192,1083,1586
1561,1758,1476,302,273,1814,1514,1808,1509,1856,133,1523,284,286
1673,1778,954,1574,1733,1593,1968,1632,53,1691,1978,1500,1698,1721
1681,1855,1712,1795,1845,1818,727,1946,1611,1518,1832,1688,501,1232
85,1541,1695,954,620,194,1831,548,1509,40,735,1751,1591,1627
1578,1683,1369,1648,1535,1783,39,1540,1605,1857,1743,298,385,1354
1677,1735,792,518,1605,1803,320,1812,1162,287,975,1618,1492,1972
1905,1535,1832,1547,1647,1369,933,1643,1848,1485,1634,94,1070,1770
1566,259,997,1700,1768,1648,1368,1510,1732,1674,780,86,1303,1716
1620,380,1583,290,1941,1845,794,329,1713,1675,874,1387,1802,1553
1706,1554,1832,1785,1696,117,666,1551,1928,264,1534,76,1516,1658
1793,1816,155,1530,1207,144,1653,1476,1365,164,1070,131,649,1709
528,10,1681,1528,702,265,247,1580,291,688,1829,802,1809,85
1922,149,1681,277,1789,260,309,1490,1554,543,1705,143,141,1771
613,1783,115,1057,1661,504,1758,1672,1154,1371,1516,1968,1670,986
253,1476,1906,1884,1909,1553,1639,1767,1895,840,1982,1802,864,989
1624,1775,97,250,262,1551,81,1930,1789,1977,1877,1811,1619,1756
261,1770,1939,1697,1663,875,213,1673,1649,1762,1592,397,1745,1480
1545,1755,1850,1488,1007,1600,1533,1828,284,1098,192,270,1647,1514
1362,1526,1609,1514,1531,167,206,1486,1698,223,1691,1924,92,1808
1856,1736,226,178,1759,114,526,1070,1662,287,277,1660,1616,284
1598,241,1102,165,1533,1226,1900,1946,98,156,1913,1911,1798,1532
248,1534,121,1383,1779,1801,1512,128,1795,726,1701,1734,434,300
886,80,1729,100,1912,1162,1800,173,1476,1844,109,1781,1725,1491
309,1782,1542,1774,1628,676,241,1617,1394,121,1722,1851,327,1728
129,867,299,362,1510,1610,1501,1627,1549,269,1519,1828,520,1667
233,1441,1577,1822,1637,1537,1772,1654,217,1569,851,103,1563,399
1740,1016,74,1554,1815,1710,1551,1832,260,1824,1487,1515,1943,1506
1855,300,1605,247,1912,1609,355,1906,1717,133,231,1639,1517,477
699,197,1826,241,1820,1642,1671,1581,1748,1577,233,1830,1704,1488
770,1603,199,1558,1823,1849,1608,165,1574,1844,1588,120,1119,1799
280,903,1683,1578,1582,1842,1568,685,1787,1484,144,1536,1567,1922
1401,1785,1329,1633,1565,1752,1865,221,1595,250,1930,1562,1530,1683
170,563,1572,1668,1790,1950,890,1585,705,1910,148,1482,1706,104
241,1783,1693,1848,1823,750,1663,1821,292,1092,1802,1888,1789,1743
1688,108,1692,103,1517,1661,1493,1574,1679,923,58,1568,1504,301
1636,1595,783,296,251,172,665,1263,1404,97,1816,1617,1769,1645
1504,1513,1510,1320,1783,259,1700,1520,949,1672,1711,1849,1965,1598
1688,1580,1496,1036,116,1758,1827,315,1765,1672,1378,15,1614,764
168,1388,1476,1892,1553,938,790,1686,1773,561,1526,1381,1588,651
65,1698,225,1178,201,250,1670,1393,126,1671,1813,1608,266,1805
98,557,1546,1600,1605,187,1783,1734,162,1769,1788,413,1483,220
1851,205,1695,283,1655,1033,1321,1617,1765,300,1537,215,708,1736
1504,1630,1770,1814,1578,1505,1247,1644,1835,1798,1640,1576,1499,1606
315,1793,1714,1715,309,218,1566,988,1546,215,118,1623,1673,1844
1629,1124,832,1651,1590,1014,1612,1533,1787,1709,1623,1790,1585,514
1745,568,1844,1589,824,216,490,1840,1514,1628,1515,1587,635,1701
1642,1644,1913,99,1029,797,1538,1801,1857,1502,1483,282,1730,1850
1489,1656,1771,1853,1532,1475,1638,1761,1620,272,1806,1654,1780,219
11,1479,74,1791,124,1700,281,548,1697,1817,22,1848,1671,1651
118,1951,1909,1432,257,1644,1835,1907,317,1908,1680,1825,1787,1596
1754,1547,1787,1555,1571,1502,1720,1479,1534,1835,228,1770,1522,1765
1697,1389,545,223,1948,1498,1764,1667,1158,1544,1390,205,83,399
1548,1625,1268,1013,1478,218,248,260,1050,1744,1753,219,1581,1792
307,1842,1789,1664,1854,1809,1374,1778,1798,1535,1633,1409,1576,1641
142,1610,136,1386,59,1847,1671,1723,621,1733,1396,1653,242,293
524,1756,1549,1823,1793,1490,859,1537,1502,1336,1574,160,764,1718
1362,1702,1834,478,326,577,1588,1946,173,193,1695,1646,1370,1768
245,1855,1909,844,201,281,1940,1026,1619,966,1950,1596,634,289
1777,173,1637,1693,1643,1494,1899,1355,1517,1989,855,1743,1764,1724
1623,68,17,1568,1482,223,1612,1549,130,1820,74,906,1528,1662
1714,1963,36,805,308,783,1827,1894,1483,955,1680,1696,1531,780
1670,1616,317,392,1481,1814,1558,1479,147,1846,1776,1960,515,193
100,177,1603,1595,1896,1598,1681,1540,248,1984,1574,1756,256,1806
1602,1923,1686,1746,1081,1851,1658,791,1749,308,1971,1374,1529,263
18,1608,1695,1635,1241,1615,232,538,1543,1693,476,866,220,1614
1987,1761,1722,1517,1523,418,1905,1968,243,268,1974,1594,532,1584
1784,593,23,1678,205,239,1823,1908,1723,1975,124,273,172,1316
1507,1568,1214,1816,1959,174,1487,1758,1695,829,821,1735,186,1782
1497,221,1653,1796,1560,1504,180,1633,1652,195,1722,1911,1686,276
1553,1759,306,1762,1551,1653,1729,300,1236,1588,65,661,270,1678
1777,1743,312,1735,1634,242,1828,1567,315,1632,1887,644,1832,1540
1778,102,42,1616,477,605,1595,540,163,456,1791,1543,1483,1905
1683,1774,1664,1661,539,1659,1643,1368,189,1739,1842,1978,1634,1973
1310,1566,260,1722,125,1597,1725,1683,94,248,1262,90,1838,658
1670,1761,304,1569,1489,1201,1688,1100,169,1815,1541,736,1479,1940
1647,349,898,150,1918,1609,1949,1716,1641,1970,1180,1803,1520,297
1958,1593,1834,1728,1839,299,142,1719,1553,1830,1788,151,1738,15
806,200,1918,1728,164,1549,1591,426,504,1812,100,772,212,1749
132,293,1498,1765,875,830,1320,106,1645,1658,1249,1567,823,1756
183,84,1112,86,122,1611,132,1787,1058,1763,1796,1531,1520,1768
1749,1734,1674,1836,1873,1638,194,1884,121,1708,736,98,1792,1747
295,1609,1624,1845,190,516,1719,1810,1870,157,186,1279,1918,28
213,307,892,754,255,219,1023,1354,173,1642,1632,1852,97,1699
1571,1780,446,1754,1724,1532,316,1911,121,197,1511,818,1554,266
1824,1630,1913,1653,1590,1770,1690,116,228,1857,1261,1495,1834,1884
1869,1719,1381,104,1824,1611,893,987,1505,1231,285,1395,153,1647
1783,1828,1843,230,317,1708,1813,879,1819,1607,209,83,247,1736
586,331,1531,1706,1387,63,1249,1391,1913,1582,1215,1539,1705,143
1760,1026,1892,1848,1821,100,1910,969,509,284,1570,1671,1804,267
294,1655,1839,1593,78,233,734,925,794,1594,86,198,1679,1823
1784,1834,223,1794,1669,1304,1606,1365,301,1408,98,1367,1974,1810
1512,633,71,1868,1072,289,1231,1837,1219,1550,1574,205,1656,193
1676,1593,570,109,1712,1079,1725,1819,1820,1796,1806,210,1418,196
1622,1889,1609,1509,1694,284,1680,902,245,1317,1653,152,1656,1773
876,1581,1549,405,1944,1490,1658,1692,1669,1492,1535,1723,1426,1671
1847,1848,1611,300,1507,1646,688,1768,1593,294,162,1713,1332,1802
1704,934,207,1976,90,455,1591,1656,1030,1926,1795,1600,1072,350
1386,402,1579,224,1546,1563,1697,812,1696,262,163,1634,972,1732
1853,1707,1830,1784,763,1746,1692,202,798,1172,518,936,143,1902
981,599,892,264,431,142,600,1804,1585,257,1652,261,1969,183
270,1755,1479,1458,1724,1837,1950,1599,1635,1720,1817,1767,1305,1538
1910,1630,240,226,120,1021,1598,1554,859,163,819,785,1823,619
860,1227,1549,1960,1382,1522,178,1909,1709,1684,1726,295,314,46
941,1296,1811,1385,1802,1480,1357,183,1101,1546,269,1665,1264,1765
1504,1822,250,117,1854,1020,183,1682,919,1565,220,1815,1509,1367
253,1690,1839,265,1035,1720,1550,199,1183,1926,1971,1913,14,1513
1838,1948,437,1132,1578,1500,1798,1489,1760,899,1614,1851,1893,1338
1672,1763,1123,121,1523,224,1502,1599,1803,873,1762,1652,1511,1586
1618,1534,996,1686,294,329,1530,314,1117,189,1830,1705,451,1856
1699,132,1807,1748,289,1966,1567,1572,80,1581,1066,1500,1663,1770
1398,1980,299,1665,131,1827,1752,1821,1743,801,181,236,857,206
218,1481,1545,1511,1788,338,214,1000,1831,1771,267,1593,1818,1704
1162,1842,157,225,1711,1906,1664,1492,518,512,1167,194,1828,1728
251,1839,190,1632,958,1910,1745,282,1606,1131,1809,1829,1700,1545
1711,542,226,1705,690,1334,1828,1752,1533,1649,1785,969,1523,1030
85,582,73,1370,278,518,1837,144,1590,1588,1618,153,1577,753
1676,1600,1269,287,125,1856,1828,1374,1500,80,1719,1555,1700,1573
1678,1700,1524,1964,1942,1624,1718,1592,258,1630,1587,1631,311,1985
1821,1752,590,413,1564,1533,1709,1394,1640,8,189,806,1772,1477
1912,1730,1670,257,1372,130,1270,1883,1603,1804,119,1902,159,25
1745,1595,175,1480,1539,57,567,1784,1939,1485,1345,1498,584,1396
25,1512,1500,1545,16,826,1735,276,1651,1722,310,1634,1930,1671
119,1707,1742,1353,196,665,1910,1837,1646,1479,1618,1896,1187,1501
1805,293,1681,1521,1588,1526,185,1484,1622,484,1479,1646,1749,1695
1821,1850,1369,1989,1828,1542,1302,1579,1040,1813,608,1913,1630,829
95,1569,1627,1567,257,698,1885,1683,1807,206,466,199,215,1379
1963,1314,154,204,1668,1587,1641,1551,1621,496,127,1987,1835,1487
1603,674,1815,1864,1675,1498,237,1829,224,1742,1642,564,1476,1481
1807,599,1605,308,1172,1670,674,1966,1845,1168,1773,148,1657,111
1604,1550,1483,1824,1772,125,1706,98,63,1811,239,1702,1793,1626
1762,212,85,1661,1636,1546,1519,134,1562,1558,1543,63,1595,1716
1844,1739,1550,1356,181,1874,1775,1554,310,1658,1519,1621,1607,1666
1534,533,1912,1715,1882,1837,1377,1677,1481,756,1754,1695,1792,1815
1664,462,110,1710,162,1905,1063,399,1953,89,1820,1850,1524,1632
1254,1835,997,194,1378,1374,313,534,1697,1832,1093,1770,1522,357
1258,1623,1514,1523,1940,1509,1491,1481,1581,885,1615,1483,979,187
1708,1758,1510,1859,1787,1835,704,1907,305,28,1730,1844,499,183
1477,256,141,1782,1684,14,1560,1549,166,1697,286,493,285,1659
1834,85,1466,1479,916,1531,1649,1838,1837,1948,651,1491,1786,1802
1773,1818,1783,1968,1501,1533,80,1492,1856,1705,156,243,1536,573
1211,1521,108,1698,1826,1854,136,218,1791,1189,1372,1490,1944,285
1086,1511,1567,1015,202,169,1657,1494,154,797,1673,1485,1805,1529
1578,1574,287,1696,276,1543,1681,1569,1242,671,1856,1614,1483,44
194,1627,1687,1628,1594,1518,1641,1857,28,308,1799,1133,1712,1593
1676,1824,1100,1763,1587,1653,1766,1365,122,446,1716,1566,214,1909
195,1548,700,1755,144,1751,1562,1808,1559,1842,703,1577,1609,775
229,1846,835,1190,1645,77,1818,1481,1500,252,1680,1712,1954,101
1728,107,453,1545,1091,1844,584,1759,1544,1513,1526,1662,259,1298
1085,1825,1380,1500,1492,294,996,1371,1718,1070,1676,1644,1695,1391
1979,264,279,520,305,267,1679,1615,218,1573,323,1856,1227,1503
194,1094,1738,990,342,112,1682,504,1489,147,1520,1070,1978,717
1850,1654,1536,1211,1666,103,1782,119,182,318,1846,210,173,1849
1660,256,1804,807,1480,1810,1543,1905,1542,1672,110,1749,1381,1765
1854,1520,1906,1541,1500,1033,1675,1907,1593,1568,1536,518,1508,932
1019,1681,173,210,1682,259,1768,1948,308,238,199,1691,1848,766
198,1588,1715,1891,1617,795,729,38,1696,701,734,1946,99,1759
1516,1799,1761,528,1850,909,276,587,1558,291,1962,179,1819,969
1538,1632,1692,230,651,1730,1708,1552,1690,165,1590,1514,1797,1847
273,1149,1733,1750,1481,234,1507,1574,1489,1070,1894,205,258,1199
1501,1483,91,1060,583,1680,716,1072,1638,1613,633,1498,1413,1774
1673,1581,1792,13,1832,1619,176,1282,1497,1515,1714,1777,658,1747
708,268,953,1572,1799,1973,1514,1888,1803,1070,1567,1974,230,113
120,1500,1715,1585,1556,316,859,1837,1733,1815,1908,1774,1632,1911
1723,1882,1443,1864,1546,1943,104,1538,1480,1845,437,1792,1578,1806
1807,1349,1704,1717,1029,1487,896,1802,217,226,1844,1906,1687,100
1646,1571,481,1685,246,430,1903,135,1497,1815,1556,1975,1806,1778
1906,1617,1672,758,141,1622,1763,1676,1675,1503,248,1913,266,1698
80,1818,1667,1826,1936,1514,621,1822,426,1662,480,1840,1417,91
1631,1753,382,122,173,1822,1663,1966,1641,61,1620,1476,1063,1532
306,1906,1551,1615,1702,1679,1574,1976,1701,1634,1205,1797,476,1555
882,1686,1509,1572,505,1799,1850,1813,701,109,102,1657,139,1824
266,1480,1664,1620,1796,767,1669,217,1532,1536,1634,484,1488,1556
1830,1345,1507,603,143,1499,270,1321,650,1659,1790,1005,1026,1731
310,226,1689,262,1816,1530,1539,1499,1620,120,1441,1584,1649,1799
1640,1703,552,1713,1657,1806,1513,683,1754,624,1808,1748,1069,1535
1561,41,1684,622,243,1836,1742,1783,1516,205,1909,1775,1687,1757
122,269,125,1718,1805,1821,1939,1912,1707,1943,1596,1604,1842,1673
1706,1538,337,272,730,1698,1489,1670,420,1753,1807,1604,1642,1665
1815,1555,1178,1493,1571,1616,1795,1836,237,1937,1483,1586,1857,301
1641,1711,1763,867,1588,241,1814,1503,430,1734,282,1527,1717,1679
1417,1702,785,16,270,1629,1572,1488,1856,133,1777,449,130,1551
1815,307,1867,31,1719,1909,1836,691,299,287,1897,1957,1549,538
224,1528,200,1510,1574,1661,806,1691,324,1495,386,1939,1570,195
208,1669,1909,1913,464,1709,1547,1842,1701,1492,956,131,1740,457
1834,1416,1781,1763,205,264,1972,1837,235,1609,1029,1731,1839,1700
16,1911,1712,1974,1632,873,1821,1741,275,1732,1679,1965,1681,1373
1613,133,1735,220,308,1948,1330,80,1637,1770,1680,621,1930,1337
800,1722,125,930,802,1392,1510,858,1551,1500,1839,315,1714,980
1748,1708,1799,303,1573,1600,1366,1553,1775,767,1801,1842,1977,1548
862,156,1814,257,136,1953,1536,454,67,933,142,328,324,1838
287,1657,1802,1830,1673,103,1913,1799,252,1737,1670,356,1223,86
1856,1643,1913,1794,54,576,253,319,216,1599,1684,144,1787,1618
1680,1845,486,1822,128,1794,934,1613,1275,1684,1752,1975,1475,1052
898,1383,1530,1754,1723,1849,1641,257,207,1558,286,1798,849,101
1791,1718,1850,1807,1645,1632,1686,196,1598,1547,1730,1833,1050,274
802,182,944,1706,1159,1825,1961,1774,105,1479,1852,1593,118,1751
1835,1749,1481,125,1523,1499,537,70,1762,1908,1348,282,239,675
295,1597,1567,890,1583,1719,1709,884,1626,1590,1429,1668,106,1641
1802,1760,1903,1499,1467,1704,1684,1557,1434,1782,1523,1800,1426,279
1359,183,1808,1778,1377,1308,1469,197,204,19,1957,1657,1700,1124
1814,1235,1509,1630,1726,1522,1667,1948,1596,450,258,1476,1911,212
1596,301,1820,371,1659,1812,203,840,78,1247,1365,1480,1579,497
142,170,1726,1709,1375,1787,292,1742,1312,1043,199,1510,1719,1944
847,1517,1764,1608,1644,1755,1645,762,1532,1914,1829,1111,1681,1787
1847,1665,1620,171,1844,1642,316,1627,1734,1709,1895,427,93,1785
1156,547,1801,1565,154,1836,1776,1620,247,643,187,1556,158,1803
1803,1530,1524,1596,223,1111,1620,1655,1771,1654,1643,1842,1561,1811
115,1385,1715,1477,1043,117,1585,1671,1954,259,1530,1839,1745,1953
225,1704,302,1751,1532,159,1772,1760,1777,271,705,1623,218,1692
299,227,1649,969,1648,735,813,4,865,1316,1260,115,291,1570
290,1773,1722,1595,260,1726,1523,40,1497,512,655,1932,250,1476
1637,1737,1823,623,1734,105,1622,1536,1672,1743,783,1489,161,703
1659,1692,1517,1654,1614,1535,1750,1907,1581,647,175,1977,677,1722
1516,1633,1804,1569,96,1366,1658,1740,1559,1655,1365,285,501,226
1037,1587,1642,186,1667,1704,243,1905,1844,933,50,1499,1822,820
273,865,1950,1539,1625,1849,1700,1509,1028,1570,828,1781,1722,189
1725,1742,281,1808,185,203,1674,126,1241,264,781,1535,153,1780
1771,107,699,1478,75,1693,1909,240,1800,1703,282,1763,1547,610
1961,1824,1892,1086,250,1395,1673,1635,245,1516,1606,1526,1378,308
229,221,1298,877,1605,972,1487,1361,1780,1587,1255,192,1629,102
314,1572,1383,1392,1759,1806,686,596,1848,1830,1721,1619,1716,154
1489,1372,1648,1655,1680,1651,1408,309,806,674,124,1557,1839,313
1848,316,1385,610,1438,174,1607,101,267,1383,1690,1818,302,317
1488,1041,1564,1638,1007,1621,236,1652,1952,325,1856,1715,1477,1654
791,1662,1395,1940,118,174,196,1543,1535,1573,1778,1773,1226,821
430,1682,294,1094,1152,1773,365,678,1044,1612,1845,1573,948,228
181,1388,1484,1395,199,1965,1523,258,1635,1838,1228,1639,1817,1646
1575,1720,102,1859,1742,1714,1606,1697,1715,1531,1819,1807,1687,1659
1646,1557,266,122,1696,98,1587,1922,1688,1141,1733,1767,1544,1797
1225,217,1698,1844,1512,1371,705,55,1729,546,1517,1070,1822,1770
1624,1701,83,1487,259,1772,206,1576,1666,1638,1792,1660,256,387
306,142,1922,287,1720,216,717,159,1648,297,1835,854,1376,1800
161,197,890,1734,423,227,1663,533,1117,1562,1744,256,1572,1807
1883,431,1842,1808,276,1912,1262,1750,201,1534,1647,1783,274,1819
1742,215,417,1634,118,1643,1477,287,1975,1551,1807,1560,177,1657
1955,1732,1697,1482,1759,1948,1653,1614,1777,1515,1832,1556,1168,185
1475,251,1772,1797,216,1778,1494,423,1521,609,1913,757,1715,919
1806,227,230,1804,1781,1607,179,271,28,128,1838,1625,1085,1771
1665,1832,1760,1806,1911,1585,121,1578,1670,1947,311,1509,1780,1622
1571,1590,615,1844,1513,1869,1520,1613,1813,1803,1322,1497,1826,1856
143,25,1530,1215,527,1184,1568,1823,156,212,1658,1500,1540,218
292,1960,1724,1847,1741,125,132,1642,1511,289,1841,1699,1378,1749
1871,1628,1768,1647,1741,1047,1810,1691,1842,1553,1625,792,472,321
1757,1681,165,694,1773,1908,1489,1565,295,1788,827,1650,1478,1364
1664,1751,275,167,1714,1495,1812,1769,1573,236,1593,1754,1571,1848
1747,1778,1185,1632,1144,1603,1817,1518,1695,138,1712,1730,118,1718
669,601,1660,1835,638,1705,1081,1937,410,1636,1757,942,774,1781
1756,1533,1683,1896,1829,232,304,1688,1588,246,1365,1402,1722,1768
301,1030,1581,1680,1838,1525,1311,1961,1690,681,1556,1665,233,1316
694,322,1754,1505,1844,1843,1571,46,1596,810,1572,1905,172,708
1977,1769,1551,1608,101,1656,1825,1778,1695,1671,80,443,1798,199
1711,1742,1505,1875,945,1519,566,147,1959,772,1345,1569,419,1576
1654,1541,1691,1908,1824,1694,1568,1528,216,1775,787,1544,1044,1605
163,1570,1635,1538,115,1702,1630,1342,1736,1605,1555,1208,1640,1542
1661,1737,1829,406,1663,1576,857,1638,946,1563,621,1728,1799,480
1780,1563,1807,1696,815,1802,286,1767,1681,1739,1706,1690,308,1950
1850,1852,1684,1649,134,1692,1798,560,403,1201,1372,242,1664,1674
773,1816,1572,1526,1738,950,1730,657,1361,1713,1577,1779,1804,1749
1582,1816,251,1940,627,1807,1757,1396,1107,1605,159,1523,1801,1663
182,1577,1328,1411,1487,1784,138,1552,1549,1622,533,1653,1573,10
1530,63,90,722,221,358,1857,1791,1542,1797,1802,238,1089,1506
1254,80,536,236,358,109,1841,1626,1811,1895,1523,1903,1639,166
839,452,999,113,107,313,1379,86,1783,986,1777,285,174,259
1384,1326,232,279,1691,1706,267,42,1668,1214,1733,559,112,1493
1706,1526,1603,284,1475,1648,1364,1140,1575,1738,1563,1743,1667,307
1145,1657,1653,292,1551,266,1664,1481,1553,1514,1576,1555,1558,244
166,208,522,1680,1620,98,236,315,1849,263,106,1820,1744,1844
1723,221,1396,1905,606,1661,1843,54,151,1538,1490,1550,1779,1790
1674,1691,148,1847,174,177,96,1571,1579,1869,266,247,1383,1854
1823,1632,1844,687,1561,1571,82,1578,1843,1496,1643,300,1507,1500
1967,1482,1594,872,223,1645,1790,806,203,1503,352,183,579,1368
1633,1768,626,893,1586,1838,1608,1507,1652,1693,1282,1605,126,194
144,1848,1726,1696,1796,171,1940,1640,1761,1259,1832,693,854,1371
1664,1601,251,93,1842,1606,132,88,1698,691,1487,1893,1543,1618
329,314,965,1821,1732,1730,15,1958,1534,1907,823,13,107,1522
1965,1955,1909,1647,145,1577,1831,1775,1772,1620,1715,1957,1717,285
112,1647,1696,217,791,1739,1730,1989,1822,1505,1151,1605,1768,1339
1493,1485,1826,1556,1835,236,1825,1688,246,1911,15,256,217,310
1571,1519,1790,1776,167,1504,1688,664,1524,309,431,1814,782,1669
1809,985,1638,1670,763,1613,1637,1501,147,1512,623,1698,1664,1966
1731,1438,1706,1806,1894,172,260,1327,1709,236,1539,144,1670,1744
1821,1625,1107,1711,966,1252,165,246,497,1812,1905,1730,1856,94
1758,252,422,1791,1893,83,226,799,1571,183,166,180,1536,1584
1827,209,1754,208,207,1783,87,1500,601,399,1607,94,1691,1508
301,131,1808,245,1644,530,1828,1491,1543,63,1536,1251,1948,1732
1565,214,233,1842,1605,1499,1857,675,1714,1623,1649,863,310,1839
1637,1165,1825,1540,1382,1567,960,1632,1619,1672,1266,1776,1102,1788
1804,1482,1849,491,1913,1484,1768,1699,1828,497,1827,1852,1839,1534
1837,284,120,485,1589,1558,277,199,1777,1812,113,320,1481,1559
1697,63,1802,1623,1768,854,188,143,1485,635,1499,46,1476,1587
1772,1843,1616,1435,1638,1635,1834,1243,300,1700,115,1525,1757,1570
113,1718,1843,1235,46,1637,1810,1479,291,1599,1378,189,139,1795
1639,1711,902,1717,638,1674,1779,1796,1637,229,589,25,323,1734
1347,1828,1535,1966,1573,1591,1711,1895,302,222,1665,1534,1644,1692
1564,95,1538,1531,1705,882,1853,59,1625,1355,1461,1419,26,342
1948,467,1736,206,1510,230,1146,1701,656,1833,177,1956,971,204
1952,1829,1214,1745,1839,1666,1101,1774,1565,135,1607,1484,1578,311
1852,1527,1486,1632,1557,898,1824,1319,1490,680,1561,1754,836,849
1392,1590,1826,1702,1502,1805,729,1564,1682,1853,1787,1830,1393,1627
1655,1810,1688,1621,317,1664,35,1792,1335,1833,781,304,1385,1849
95,1732,1745,1526,1684,1676,820,1762,1520,1488,1769,1986,488,238
1263,1809,128,1818,1721,1784,1816,1634,208,1665,188,1827,157,1585
1610,420,1782,1459,1064,1084,1695,1738,1791,1485,70,296,521,1591
1600,1691,1618,370,1493,1729,105,180,1714,1660,1912,1009,153,329
1673,1645,108,1524,1850,1826,180,989,577,1553,812,1727,1396,128
17,1487,216,1601,1395,698,564,1598,135,1547,1577,67,1670,1712
125,225,787,147,1643,1576,1728,528,1615,1498,1783,176,531,159
1749,1664,190,1483,504,1541,1784,1766,1679,1857,1697,1746,169,1641
1815,260,1672,1347,1663,1702,262,1847,102,1710,703,1502,1676,1772
1561,248,1301,1691,545,1618,1847,1961,1726,1807,1218,1826,1494,1527
1786,840,160,1670,1222,1383,549,1728,1968,1567,267,1701,1431,1534
1804,110,1475,1443,936,9,1798,974,1531,1618,1572,1599,177,378
1588,1761,1610,323,1519,1675,1643,977,1559,1638,1574,1437,1832,1476
397,1699,1804,785,295,28,1363,141,1797,1747,1690,1590,326,1692
1832,227,1246,623,1837,1761,279,167,1747,111,233,316,1704,1594
1501,1954,362,1378,1487,1798,1524,1313,1659,1819,859,227,97,1493
1667,1665,939,1259,343,723,1780,1645,1524,1511,1893,1853,1672,1911
1307,1811,1482,1772,1696,1892,1629,1069,134,283,128,1640,1970,323
98,1765,1587,1822,1967,63,1856,1792,1852,1788,1550,36,215,319
297,1222,1602,250,598,1744,1658,1599,1733,231,1797,1828,88,1851
1754,720,1146,1609,56,1759,618,165,164,1664,155,218,1696,1141
1854,1603,1746,1100,1637,1592,924,631,1662,1749,1758,1542,1572,1540
1673,637,1647,1705,786,1541,1781,1526,281,1540,81,1569,1395,1608
107,1755,1842,1607,1384,1564,1756,289,1949,796,467,1288,1596,1750
1554,1979,1643,1825,221,1656,121,1651,379,1782,1261,1833,1073,1799
1715,1640,1705,1612,1551,1552,171,1956,567,1544,1618,648,1771,804
1523,1553,499,258,844,164,968,932,1636,284,222,1715,1716,1613
1671,1830,477,1309,97,1090,1657,1321,1058,275,1535,1332,1791,1522
1842,841,109,264,1600,1851,1505,289,372,1722,1620,1187,1698,124
1630,1644,273,1798,1604,1853,1724,1635,1847,1655,1483,1752,1603,424
162,1063,652,576,1772,1579,1803,1680,1396,1478,1648,1922,1787,191
1675,471,1727,229,880,1671,263,1519,1824,1417,1554,1645,717,1566
1940,274,1958,537,1792,1632,157,28,212,1696,1487,198,1620,1551
1078,217,252,1523,1667,173,420,1631,1494,1806,1685,1710,1533,666
221,237,1645,891,1573,1911,251,133,1733,1847,246,1771,651,1624
314,1262,217,1842,264,1787,1376,1630,1611,838,1483,1779,1909,1767
1900,1584,97,1831,1517,1819,1650,91,1527,1583,1781,1922,1743,1671
1478,604,1221,1787,1158,1842,1674,197,1910,1492,1619,1542,1848,1381
1658,159,264,1585,1221,1689,1775,1478,212,1514,1780,648,1158,1824
1613,203,962,1791,1590,1353,115,598,146,1962,230,151,1950,1479
1491,1383,103,287,1962,1523,577,256,108,1538,1824,498,1801,264
1550,1578,1682,178,1776,1571,1576,1642,262,1791,201,1531,1892,1532
1618,1963,1607,1026,69,1567,1559,255,1651,288,1673,1526,1768,708
1725,1662,1476,138,100,1530,195,1751,1837,750,1838,1490,1826,1525
1773,1765,1676,240,1497,88,1814,748,282,804,913,1510,1624,237
1603,329,191,1529,1780,1099,1553,1770,1849,1908,1567,138,1815,1719
1753,156,1682,1793,1906,366,1709,858,1519,1506,414,1532,1717,1778
1651,141,1207,1864,1714,1813,889,1708,1759,222,1341,1316,1575,1387
1654,1621,1632,1826,1680,1573,1626,1913,1488,1755,1517,1756,1851,87
1762,1953,183,1688,211,1697,1475,1575,83,1364,1021,155,1538,224
1342,103,1656,1389,1760,1827,1068,683,1972,1724,964,1499,117,1373
1848,450,1812,1499,1806,1038,216,1884,255,80,1486,389,1505,1093
1744,154,1705,572,197,1825,1764,287,254,1809,844,1483,276,1834
233,87,264,1615,1633,164,1170,1692,117,1737,1758,165,1832,1569
1494,1631,1523,1661,1491,1855,762,1495,290,1689,1773,1558,293,306
122,1714,1855,119,1683,1760,1624,335,1905,1645,286,127,1387,1646
1395,1844,1520,1247,1533,168,1484,1805,362,1899,1173,1499,1787,173
588,933,1525,1579,109,1965,1713,1549,901,270,329,1486,235,1802
1829,126,1671,513,1757,1759,106,1943,1703,147,1487,1794,1392,1274
205,1601,307,795,459,1915,192,1767,1611,1906,1692,1602,1970,1032
1526,1325,1493,1480,1792,1622,1688,429,1664,1577,274,251,1482,1661
1352,1380,1724,1785,805,239,1566,1753,1690,1699,1835,1792,1652,1695
1695,89,1530,1207,1612,260,1616,1344,174,1467,1831,1340,1807,1818
700,1034,1055,810,1698,1600,895,1560,1476,1670,1751,1070,1535,1544
272,1505,198,577,1336,1071,1034,1662,1700,196,1634,1102,1755,1829
1796,922,1607,566,1653,1519,1593,888,89,1563,1721,1710,1846,1718
1808,1712,1771,1827,41,998,1790,642,1548,1653,1542,920,1486,172
244,1956,1546,161,1615,1585,1056,886,1677,1778,1491,1648,1574,1481
74,1059,109,1544,1579,867,1671,329,1534,1484,1640,1806,1662,1954
245,1712,129,1148,221,1558,1503,1788,1542,1960,1677,1366,128,870
1480,308,1703,383,1590,1524,324,1805,1951,1617,1723,1898,1704,1614
430,1615,1924,401,105,1637,336,1162,206,1850,1476,1833,1773,1157
1375,1823,1392,1651,1617,699,1612,1741,660,327,880,1685,1215,1534
216,1569,1426,1939,272,1779,1686,1356,1274,1856,1763,1035,383,1855
1656,1820,309,1680,1752,196,1762,903,1529,141,908,548,1672,387
1716,1588,1356,240,217,1617,1371,1537,1563,1574,1760,157,1487,146
540,275,1691,1709,871,1620,1630,161,1575,1712,1710,1702,1536,1608
1215,1697,1562,1820,1378,673,1583,27,932,1653,1517,1839,1651,1824
711,1776,1631,1823,1176,337,1856,994,1840,258,1553,1590,1752,131
1496,1660,1838,1646,1539,120,1693,214,1611,945,236,93,1692,114
187,342,1787,1569,1496,1680,1603,693,1713,1572,1645,1815,252,945
456,1600,1612,1579,1562,1707,282,1079,1610,1798,1779,782,1496,1788
1676,1799,1238,1733,1514,203,1816,1529,1627,1646,1795,1589,1760,1608
66,923,1688,1731,705,195,1692,1523,1478,221,1771,1625,1500,1809
1827,1346,1912,202,221,1573,1716,1805,1483,1538,1809,649,1551,132
1789,1666,1887,292,1370,1797,1681,1595,1816,1376,304,259,658,193
1218,1166,1724,1681,1519,1797,1676,1484,1602,84,1810,1783,1620,1630
653,1574,1699,1573,1562,1809,1106,1538,131,1683,1825,1968,1829,594
1389,124,143,1548,1580,902,1183,138,1498,1551,425,1308,497,180
1835,1454,1763,1625,1801,1825,1775,1476,1061,298,1687,250,1477,1963
1751,183,409,15,1672,1531,1575,1584,617,517,1384,1741,1519,335
1803,88,1596,223,1611,1527,1709,1656,1756,1559,991,1506,161,1755
1054,1836,1658,1838,1496,789,1840,1593,304,1710,1006,429,1748,1787
1629,1846,198,1792,1827,1558,1947,1632,1757,1754,1480,1530,557,1600
1326,1564,1776,1745,1500,249,1725,136,1857,1631,45,1699,1688,227
1822,461,346,1777,1760,1383,1615,1745,1662,1808,1477,870,1605,81
1653,1782,1649,1576,121,1565,793,1581,1511,1810,1786,1755,895,1572
1479,1505,1580,1669,1337,174,182,830,1800,1616,1688,57,1470,1957
1944,1071,1594,124,212,253,1523,204,722,1518,448,1725,1484,29
1563,238,1660,1534,1502,1542,1494,1324,1599,1543,203,1840,1803,1630
1475,1578,1515,326,1852,1498,1831,1726,1837,1948,1646,1664,922,1348
1522,1502,591,1816,285,921,1812,1847,1808,802,1585,205,1642,1552
1510,138,1506,1630,1618,1972,1581,1585,1649,1496,1545,108,1663,1183
1609,1644,1315,786,1842,947,1809,494,1481,1691,1685,321,459,1507
136,694,1629,315,108,1793,1537,1608,1777,148,1590,245,1829,1628
906,1503,1631,389,1820,93,1568,197,237,1852,1774,1587,1659,1791
1640,305,221,619,1913,320,153,1820,1808,202,143,1477,261,131
267,197,1584,203,1627,1287,1635,1624,1683,138,1717,1710,1100,991
1733,1816,210,1736,271,1580,1268,1495,1489,583,165,194,1872,1896
1711,407,1564,185,1389,696,1177,1681,1674,772,1501,1712,1647,1538
1578,1106,1641,1748,1031,1825,1654,1897,238,1391,761,1719,1754,1510
358,993,1623,230,1488,1901,664,78,515,1739,1477,815,1734,1776
1848,735,1604,1192,88,1702,298,1607,297,1478,1820,1237,1796,263
700,1680,1671,1910,131,1379,1550,1490,1938,1841,1383,1679,1577,1809
1788,1523,1672,1766,545,1589,1194,163,223,1701,1705,767,1785,1498
315,1486,1585,1761,1843,243,179,1607,1527,1699,1646,1800,1318,1717
297,1793,620,1950,1757,1684,352,1837,1510,1178,1850,1199,83,1138
1723,1831,1566,1776,1826,315,1686,305,1668,507,301,100,1825,298
1693,1576,1829,1530,1086,807,302,134,1774,196,1182,83,244,206
1908,1495,317,1571,1709,1766,1663,1686,141,1587,418,1785,1967,1746
1839,1529,705,328,1618,300,1549,1689,1835,1384,1534,1814,1816,1688
1687,241,1380,1697,1781,1812,213,1591,1536,1594,840,259,1601,1615
1510,1053,1596,1730,120,175,289,1674,1758,166,1620,1384,1300,1856
299,1449,1490,1325,737,1482,144,183,1558,1855,1860,95,793,63
1959,177,879,422,285,1482,1830,1894,1721,1617,113,1374,226,1549
298,1481,1049,1620,1085,1476,105,958,850,1945,102,222,1573,1212
1218,1820,891,95,182,1071,522,197,1743,1273,1668,1235,170,134
1378,1808,1545,1550,1235,1782,1714,1630,1512,1509,1849,1867,1514,1565
1908,1371,1784,251,1631,1754,1475,1622,1529,1682,74,705,783,321
263,1882,45,1638,1794,254,1613,111,128,106,1609,73,1712,83
1704,624,104,1805,114,1647,1638,1906,507,147,1487,1628,1843,1592
150,1662,136,1609,1692,1816,1757,1672,1715,1687,235,1652,1106,1668
1786,185,1096,226,1483,1532,1480,1562,1531,1763,1824,1912,1840,1127
1623,1585,1609,1862,1550,230,990,107,1955,1546,1028,135,113,1907
1817,515,226,1810,1753,1577,1923,527,1594,1828,1781,104,1774,1535
1492,838,1310,1697,308,1988,1911,1619,87,263,1786,1778,1593,873
839,1825,109,1480,1775,1644,1556,251,134,1722,1857,1763,1494,1765
1836,1850,839,623,1491,1768,139,1805,1717,603,1597,310,1537,1613
1850,1840,1769,452,1576,279,604,303,1730,1857,323,1520,113,1526
61,1948,1504,1802,1576,888,1236,1708,600,80,1968,774,102,1730
1581,44,1770,1802,705,1849,111,1778,322,1582,893,811,1679,83
682,1516,1746,1272,199,1750,1723,310,1646,1569,1638,1614,1654,276
169,1304,214,114,1581,1726,1687,590,1778,146,305,96,1757,1642
994,1642,1551,1611,1132,1660,832,240,320,1786,1677,1558,1410,1574
399,1752,1484,1958,1235,155,1617,1640,1532,1816,1656,1845,1608,1534
108,1739,421,1702,1535,1797,802,1754,1561,1802,1548,1606,205,1110
131,1479,1392,1226,1710,502,77,847,1682,240,102,1542,1251,227
1956,1585,1741,1846,666,1710,1728,1529,1672,309,1650,734,142,1652
1634,1857,1449,1912,117,1714,1328,1779,1652,1196,1389,1301,322,145
1499,1895,53,1600,1505,1414,1806,1827,1550,1380,1486,1496,1689,1626
1652,1659,1778,1482,283,1639,1584,1837,803,1249,275,1851,1875,1830
49,1634,535,1518,1669,748,430,182,1514,1842,120,1773,1047,702
1751,125,1622,1621,1379,1668,1710,1561,141,4,1649,711,696,1900
405,309,1536,49,1846,1754,1805,1318,1606,1787,1720,1442,1624,189
1750,27,186,1727,437,1682,1587,1769,9,1554,1701,1354,1309,309
1487,974,225,1806,1686,1737,789,640,1530,1780,1497,1383,1552,1699
1769,1706,1483,1844,1764,200,326,237,125,1636,1779,1834,1980,1492
259,1814,1715,1627,1495,1912,1764,1903,297,1539,1584,592,1654,801
1575,231,1567,1560,274,1639,1813,1519,1826,544,112,1534,1555,288
1959,1784,1651,1854,1776,1553,785,1743,136,1672,1569,168,1763,1495
1410,1517,610,1387,158,136,1493,171,1984,238,260,860,1738,1693
545,127,1800,111,1447,1661,1542,1517,809,1585,1726,1705,133,1935
1687,475,1748,1597,604,298,1190,211,1942,1833,546,1927,1753,1655
1922,1775,1777,542,1856,1822,1743,1531,1969,1728,1824,1897,105,164
1335,1662,1937,327,270,349,1844,1834,1497,1611,1672,313,649,1694
1825,1974,1657,1654,1722,1550,1384,260,489,1907,1452,1835,248,1772
154,1522,554,1909,1847,1549,1652,1246,1575,240,310,573,1247,1759
1718,1777,1778,1806,1559,256,1560,700,1964,1647,1905,56,160,998
1659,1661,694,1701,1810,1953,545,1542,275,1797,374,269,1735,103
27,884,326,1593,12,195,399,781,1810,226,203,1764,1296,1621
1643,456,1366,136,1548,1639,1487,1702,1637,1550,1850,1802,78,284
1406,1498,1770,1479,1812,1543,1809,924,1603,258,317,1750,433,1693
1841,1646,1304,1796,1697,1642,1097,595,1524,1656,1541,1482,516,1552
1821,1577,1387,1628,1654,1650,1379,1977,586,1547,1538,1953,1823,1906
1691,206,1826,654,85,290,271,751,1627,1884,1988,1508,574,1802
1658,1980,1586,533,1329,316,1832,1545,1354,1945,1057,1830,537,38
1222,1759,242,1513,1485,1651,118,452,721,1690,188,1579,1540,1706
1639,1655,1354,1561,1838,1782,1524,1944,1905,1746,788,1601,1563,994
1766,1683,1728,282,1509,1518,158,236,1836,1582,154,1826,1173,1607
1580,1978,1742,1765,115,329,662,1709,1885,212,96,959,1325,149
1838,1530,1363,1569,1614,180,1840,1819,1612,1499,1500,1755,1732,1487
1710,1547,1523,1545,1752,229,1842,1966,1754,1826,1646,1732,1594,1721
1807,1815,1676,484,174,1592,1562,89,1659,1656,1767,1181,1580,1520
1593,1918,200,401,1968,131,223,1703,1896,699,796,1556,441,1738
157,317,320,167,576,1548,1487,141,1758,384,1786,1730,945,1686
1849,1557,1847,1660,1896,1566,1517,1516,1794,436,1781,1755,1545,84
1197,85,81,1640,1873,1803,1660,1792,123,541,1775,793,728,188
1681,1662,1814,1950,1819,271,1383,243,1486,261,1689,1028,1829,843
859,1507,131,1813,1728,546,1942,104,227,1441,1672,1750,1520,1555
257,1809,1593,1776,1807,1662,1972,1301,1821,110,1504,79,1668,634
1669,259,1571,165,201,1828,1814,758,1889,515,878,1815,1519,1851
1567,1850,1690,1632,16,1975,1820,1511,997,1250,109,1622,1766,1731
237,540,1325,1681,1850,188,1836,806,1510,1708,1101,84,988,281
643,245,1644,1341,221,1382,1631,1850,136,1849,280,1177,1557,1292
1903,1583,1743,1100,1605,1747,1570,1795,1731,312,90,1553,235,1575
1690,1748,1834,1849,1571,1855,1537,1541,84,1069,233,92,1641,113
286,1910,1765,1112,291,1855,132,1644,1825,221,1911,207,1146,1315
1700,481,1114,1737,1612,1498,887,1682,305,1593,1604,99,715,94
1073,1699,119,489,1543,1264,472,1638,1591,993,1905,1825,1907,793
1575,1676,1665,1302,428,1618,85,333,1821,1757,1536,1830,1192,1682
1394,1792,1782,1665,1799,325,10,86,1655,1860,219,158,102,1672
1682,123,384,1490,1626,90,1772,1695,1738,118,159,1737,149,1573
1849,1529,1657,476,297,245,1783,1738,1944,1906,1683,192,1690,1747
1652,265,1730,1731,1605,1562,200,1744,1505,1638,1602,936,1814,1685
1830,1763,1850,1256,1598,1045,1325,943,1709,130,1496,1668,1386,1520
1799,262,1844,1975,1086,243,1973,249,1664,244,1672,1917,275,904
1368,562,310,297,1912,1615,1848,287,1845,1073,139,1627,281,1070
431,1615,1563,1785,102,223,1780,1977,1193,1637,1947,22,1831,1651
151,1560,123,1768,1826,1730,1848,1910,1545,1611,1019,173,674,1499
1807,1954,251,1965,121,464,1521,78,1886,1599,1738,1541,1554,1816
219,186,1479,1539,1335,357,204,1707,588,1576,312,268,1514,1683
1758,1790,1877,1811,1585,1394,76,1708,1764,1576,1690,872,1760,1970
1478,1344,1702,1505,135,1241,276,1670,1519,1973,24,1569,1788,165
517,1528,528,1726,1083,1482,1688,533,1615,290,993,1907,221,1657
205,1643,808,1820,320,1395,422,166,1642,1373,281,305,271,135
1935,196,1195,1571,1367,1063,1498,575,1791,1620,1535,520,234,969
844,1724,1913,1522,1799,1159,1912,1726,285,205,1632,1651,1546,1950
1776,1273,1575,1646,1833,250,324,1725,773,1631,1670,218,1577,1069
1767,1477,1038,1696,1612,807,1681,1902,605,1478,1556,1692,1675,1845
1850,1742,1652,1616,212,1738,1829,1578,1728,1618,538,1977,1911,1380
444,177,1443,113,1762,1497,1665,942,1711,886,1943,1720,230,198
622,1859,125,69,1592,1526,1568,163,295,1776,1665,291,1850,1385
1831,93,812,1591,1768,1814,1536,1743,394,1744,127,1555,1589,245
1545,1567,84,322,1512,1555,1501,1384,283,1094,411,1543,1622,179
77,1587,1846,1538,1803,1577,1821,1696,696,1683,1628,538,65,1376
1788,1897,1121,224,1952,1022,14,1860,1693,1824,1154,215,1807,1769
1753,1749,1613,997,101,635,435,201,1703,1827,347,1826,1850,1852
1794,714,1583,24,1961,1612,221,120,1811,1954,1520,1695,1907,634
272,185,1568,1526,1878,209,120,1797,1853,1783,1902,283,987,1364
132,1070,1881,1691,1956,1754,1732,1810,85,1738,1586,1725,1633,195
314,789,728,260,1570,276,1653,191,1741,1791,1342,1729,225,1041
1378,1041,1524,1507,1776,449,1932,1608,1708,134,123,1801,1487,1855
771,1805,1617,1108,239,1855,1816,1395,97,1465,1825,194,1601,393
1813,1959,1312,866,1555,1550,1772,1006,1687,1572,665,691,216,1780
1477,1610,203,1625,1684,1922,1741,235,1634,1518,239,144,1540,1600
272,1679,670,1922,1669,951,236,1722,1511,226,1556,413,1964,1897
1530,649,1790,1540,621,1829,42,470,1535,143,1843,1578,1523,1846
1384,1836,1911,1494,992,1570,226,1931,1796,175,1712,206,191,1618
1983,1406,1751,992,129,1542,89,1835,1679,1922,1616,101,1673,1848
991,212,1847,207,1837,1602,1844,204,261,1692,671,522,1941,1489
1581,840,220,1857,1537,607,1908,900,1585,1930,1764,510,1526,163
1829,112,1683,1620,1759,1970,1779,1832,1835,1831,1833,829,188,1576
1812,777,1559,1781,1686,1959,127,1508,198,125,968,1486,1611,103
736,1542,1500,170,1719,227,1526,782,1693,799,1795,1602,1659,1524
610,1513,1746,196,1603,1804,247,117,863,139,1564,50,1613,1711
471,1499,1648,1820,1752,229,893,114,1723,1591,1111,1807,1805,853
1912,119,1511,1627,1472,1386,24,1732,313,1366,1365,215,1908,216
209,1786,1644,1630,729,245,1822,1857,551,1758,400,1381,282,324
1857,1481,1582,1583,284,1742,1950,310,1543,1906,104,119,1541,430
1559,1506,358,1041,1751,365,1934,1628,1650,1500,135,1554,835,1238
1496,1006,240,1370,1507,1801,1795,1645,589,95,1777,1373,212,1620
157,1958,297,1741,152,1959,1642,1909,1494,1663,1657,1769,240,1728
1848,1539,1789,1802,1274,163,87,199,1577,1684,932,164,1627,1820
139,1596,1609,715,1844,1022,1374,263,1594,1369,579,275,1848,1783
1586,1623,247,92,1723,1705,393,1987,1661,76,273,1941,1601,203
177,92,176,1594,497,1726,1602,1642,1650,1754,1662,1598,1539,1375
75,1856,1973,1370,1770,1689,250,1492,1385,1804,194,142,1380,1480
1912,1247,1811,735,1757,1849,1737,1567,1845,1830,1605,1752,1051,1703
1942,1371,1826,1789,1740,1588,1817,129,1579,1708,1606,1527,1375,667
1386,1627,1826,976,1029,1524,1617,1475,1817,189,488,1780,820,238
807,603,1070,1852,1704,230,1943,198,1758,1488,1643,179,1811,1627
1635,327,1672,1906,1618,1837,214,1796,843,1572,705,260,1850,1693
1566,1910,1729,160,1695,1383,1575,291,1550,103,1557,1508,75,1646
1793,665,1818,1814,149,260,1870,1850,877,1813,1085,136,1854,1772
1698,864,1778,192,1596,263,1711,1588,1710,1974,1680,1396,1508,265
1724,458,1838,1912,1665,1569,1735,1798,1643,1496,1797,1727,1768,887
1658,1510,1538,1787,1489,870,138,540,1544,1505,610,1784,266,1959
1893,1036,1581,1546,545,977,1604,1548,1554,1497,1665,192,1829,1970
973,192,123,1761,1690,324,151,1786,1481,1533,1667,1824,100,1849
1614,1483,1535,124,1711,1816,1110,1360,1602,66,101,236,1597,575
163,882,996,1832,1524,1707,1756,1716,264,162,1701,1539,138,1782
1634,316,1571,1821,142,1617,1099,1105,242,806,1807,1485,652,262
1373,415,1156,188,1850,1785,1380,1610,1738,1828,214,233,1956,193
1508,1602,163,1706,1846,1608,294,142,1569,1919,1065,1117,582,1135
1521,1590,218,1745,718,1618,1244,1176,1856,258,1505,1629,1957,1487
1643,1696,1697,159,1789,1556,319,543,1908,1540,1834,1565,1698,1644
624,1632,1855,1756,178,1498,573,1506,1668,1556,158,1363,1815,1262
1566,1717,1720,723,160,1476,1593,1778,1908,1942,582,1557,125,1502
1686,216,1774,137,1696,1520,1371,1613,1812,183,1563,813,1684,801
1479,145,110,1742,1525,1526,198,1598,1587,1484,406,263,1667,1529
281,23,1952,1496,1762,1789,1806,107,1791,1719,1648,678,1487,1887
1689,1518,1978,299,1523,1816,267,1100,196,1390,608,1599,221,801
149,575,179,1581,1547,1646,1094,1383,1596,816,1595,1914,1811,256
222,1668,1722,1485,1911,1823,1563,1958,1839,1609,1678,1555,44,1693
1711,1652,1972,1520,1578,1698,1746,1519,309,1522,271,627,141,230
1916,1906,1847,1519,649,658,1672,221,1500,1547,1170,55,284,1647
1669,293,154,806,674,1635,1696,291,207,1671,1625,1620,1682,1530
1578,312,1387,1116,1560,843,1552,1906,1501,1570,1380,1740,50,1813
1583,1911,1528,1181,1693,1555,1480,1215,1638,1981,43,1853,1622,1535
1828,1700,1942,1735,1955,1699,1776,1488,1859,1680,1640,324,1652,1127
634,1508,1805,1055,549,1972,1230,1537,701,550,174,252,16,159
1151,1635,907,86,1815,279,265,66,541,1503,1882,577,1634,1910
1013,1704,1674,1587,1185,1505,1511,469,1381,1713,258,1523,1712,226
1704,293,895,485,276,1554,1524,1,1381,1648,1941,801,1841,165
1642,1741,232,1907,954,1855,552,1390,164,284,929,259,1594,1504
1829,1703,88,1725,26,1762,1712,281,1538,1759,1503,1605,82,1092
1906,1927,1553,587,730,1826,1945,1675,1713,1521,1606,1645,1813,943
1103,158,1836,1073,1897,1567,1639,1502,1743,237,1126,930,83,647
1658,1855,1571,1601,1796,269,1550,671,1566,1569,248,208,1394,172
10,1722,1741,631,1024,1721,942,1583,702,1690,932,103,1895,54
1744,1844,1716,489,1507,1391,171,1624,287,294,216,1594,1799,1488
651,1845,1506,609,1623,142,1647,1799,1912,1782,806,1742,1719,1691
1723,1954,1840,1913,837,1634,881,1621,1739,1389,1709,1786,1550,1577
1541,229,25,1542,993,1654,303,139,1741,1562,1780,1573,1667,1699
1570,1831,281,1825,1702,88,1677,1548,1488,1611,230,105,199,300
1089,79,1647,1092,278,1775,461,1514,239,1483,49,1640,1839,1709
801,137,187,1839,1623,1784,1826,83,1821,1540,1764,1719,97,1573
328,202,1255,1506,1643,1636,1567,1040,892,1563,145,1625,190,1507
1530,1158,1486,702,1776,1562,225,1958,1480,1832,1712,1654,1881,1685
1629,1783,1494,1276,292,280,1488,83,1943,1512,556,526,1920,703
1946,1838,1396,227,1487,1583,1802,1542,528,1698,121,1518,1853,1650
1072,222,1626,1546,1820,1761,1910,1821,1945,271,1644,154,1757,224
1727,1615,1703,1943,871,1796,1487,1817,1833,1742,1567,323,255,176
1652,1479,1506,148,1486,55,1707,171,343,1536,1511,275,1523,1645
1778,1658,1941,311,1818,258,118,441,1786,1819,1782,1554,262,1905
1513,1844,1554,1638,1694,1578,884,1847,1771,1848,147,1897,1781,1540
1765,1908,289,1588,1383,1089,821,1671,1892,1852,1675,1246,1489,1082
1435,1733,696,1719,362,1828,311,1511,122,115,407,1827,260,1907
321,1755,1611,1736,1975,109,1762,1217,120,1810,1828,644,1509,1534
1589,203,1379,1744,1646,1774,1506,93,1795,298,823,1823,1838,154
1753,1532,1617,179,1593,1548,1726,1754,888,255,1614,290,327,1954
746,1668,1682,1621,539,1566,171,1761,1667,1485,1542,1735,515,1719
505,1070,1716,1778,1528,1756,1177,1745,1796,1840,319,293,1670,211
186,1628,933,1566,1812,798,254,1911,1249,179,1503,1795,1750,1680
103,669,1969,1860,1252,1494,1757,1831,1828,1821,165,1536,1338,1539
297,1765,1630,1811,330,1774,1569,1545,1691,98,1414,1912,1625,64
1490,274,1773,329,1790,1704,1828,1560,1853,1728,1023,326,1696,235
798,256,1629,184,488,141,1377,112,1597,1846,1737,1369,1301,665
1773,202,1907,632,892,1091,1787,223,1626,1815,1953,1386,123,635
1749,788,413,267,1637,1662,283,1502,1769,822,116,1784,1530,357
224,1496,154,321,1668,570,90,295,265,1482,142,1620,326,945
215,835,1588,1713,1750,981,1096,112,1661,1910,56,197,382,339
122,1660,1540,796,1912,309,1070,806,1031,1747,1518,1389,124,232
1388,1601,1794,253,129,1714,1909,1540,1672,854,105,1635,1490,798
1491,1568,1553,254,1761,1571,1618,321,1116,250,1717,146,93,199
188,1511,53,1493,1660,912,1799,1847,157,1481,728,1711,1500,1764
450,1552,1753,1734,1738,552,165,1737,1560,1672,1631,1791,1538,1503
1602,1672,356,1822,1694,1612,131,122,1573,216,1828,1739,1687,1818
1795,1805,513,1988,305,1731,1742,648,1153,1512,1179,1581,112,1698
1479,1844,1768,1546,186,1267,464,312,1754,1702,1528,108,484,1821
1855,1217,571,1578,105,1501,995,1705,1689,1573,1756,1839,1641,1247
1700,1819,1826,1717,1771,1673,172,804,1504,1543,14,1163,1583,1674
1826,1587,1518,1951,1331,1344,1658,1659,309,1620,1788,1843,1705,1754
1755,1842,1826,1856,1870,1852,1701,163,1873,1508,1620,1553,1548,1812
1663,889,1565,116,1521,1823,1723,1853,761,1489,314,1592,1790,1706
153,1783,1623,1838,73,497,916,245,312,1799,1907,1667,1572,1775
1581,329,313,119,1671,260,558,1276,1570,1531,1803,1728,1237,1767
432,1526,1642,1947,1943,1670,1656,143,165,1721,1741,1676,1347,1740
1640,1743,1480,1680,1850,233,595,303,326,1753,215,1162,1448,1612
1847,339,1255,1713,588,1730,137,1838,1715,1989,956,158,1828,1685
1627,158,1515,241,157,1648,1568,1383,133,223,316,1692,1702,1507
1509,1762,1612,1828,1628,1161,1727,1659,701,1956,1794,1355,116,1802
1721,274,1579,1593,1266,1366,1480,1371,496,1784,84,1602,1741,134
1577,1615,800,945,1610,222,1690,1922,1134,1534,251,1277,1866,1552
299,1592,1912,1779,1731,1594,1485,824,1479,1806,1587,1759,1304,1574
282,1325,1582,118,1662,1610,216,1945,1609,587,1538,1771,1791,1907
1478,1794,1540,1123,1792,236,1584,1473,1912,1966,169,258,1510,540
1660,1643,260,1916,106,1600,526,408,468,299,221,1620,1553,1644
1905,138,869,1727,174,101,134,1337,1734,1786,1645,581,879,1969
1950,792,128,1792,1650,1640,256,1624,4,1846,1488,1571,1565,515
1883,1843,1509,1578,161,1645,1822,1811,1672,184,1710,278,1391,1742
675,1882,1809,1833,1969,1822,153,626,1604,1730,1843,1742,96,1785
440,1658,1605,858,1392,1959,281,1776,226,1539,90,1751,1694,1720
1788,162,796,1022,1626,1963,102,1609,274,1493,1140,1496,1961,1783
596,1526,1723,1477,4,1600,189,1658,1486,184,1620,1750,1550,87
1711,1732,188,181,1353,895,1771,1713,112,1478,1432,399,1652,376
236,1784,1756,1732,993,1569,24,1332,112,1530,1712,1605,969,778
1645,139,570,516,1723,1619,1815,1233,1818,203,1694,1777,266,1586
202,1520,1892,1653,662,1541,1821,892,338,1959,1588,1729,224,1595
80,1776,299,1606,1572,1535,54,127,1762,1669,1023,1698,1688,206
1825,1728,1634,237,1737,195,1703,625,797,150,1857,1561,250,1788
1642,1768,223,1390,1913,126,1498,1701,1829,1493,292,24,200,218
261,236,1769,190,1801,1559,1952,179,1578,1844,1346,1829,1803,1815
1587,1690,1454,1581,797,1647,1567,1396,1765,1557,1877,1483,1632,1788
1843,1742,1605,1602,1750,1568,866,1806,1681,1650,1241,1682,238,1820
1746,218,1741,1803,1806,517,1548,1626,1777,1668,1763,1675,1521,1628
165,1544,1609,1972,1347,1501,1662,1729,996,1611,411,1627,1375,1593
1178,753,194,1785,1654,1533,1616,1576,218,1657,1326,1479,1352,1790
1695,1641,1069,1848,140,1854,1835,157,1635,748,1603,1778,310,1804
148,243,1813,1892,209,309,1685,518,1760,208,1725,1686,1847,1780
1374,1391,1328,233,1817,1808,1379,1552,1486,1819,1668,1575,1803,1576
1519,1070,1481,1980,1962,490,1676,530,1476,1788,81,154,1720,78
1591,1488,1615,123,115,1969,1582,1758,1782,117,1563,1545,1248,78
1767,374,1395,220,1773,327,1758,1488,1775,1556,826,1640,1237,1493
1913,1195,1788,1680,1599,1724,1796,1534,1565,1908,1094,1742,1032,1839
1889,1552,1507,1725,1305,1317,1616,164,802,1149,154,1580,1770,275
1267,1540,1013,123,1574,1842,372,1119,1077,1492,1679,1215,1157,499
229,1235,1794,1665,1701,286,220,233,1591,1852,1500,77,745,1697
1618,294,556,1833,1570,1755,984,1630,1523,761,1519,1825,254,1608
1506,846,1768,1573,449,1735,1691,1807,1374,1795,1094,1511,1031,1320
1647,1103,1651,1628,1660,1867,1798,986,1489,1499,1709,1721,1508,933
1945,1516,138,990,871,1679,264,278,249,1390,1797,1215,994,1172
1592,1777,1658,545,1601,1736,1827,1780,1375,279,1370,1675,654,1749
1709,1610,1843,1535,1634,977,1664,781,1774,579,1295,284,1553,311
1636,1958,1478,1784,328,1604,1774,1593,1144,1719,1646,1495,1494,1964
1693,1241,311,281,145,1570,141,315,1909,148,1640,1584,1639,1826
991,1755,1607,169,1623,1963,1842,124,105,287,1783,1411,1770,1681
837,677,1520,1618,1489,1762,1640,1497,1697,1722,1478,1202,1795,1560
1543,1528,1751,1687,1529,704,172,1169,1565,1698,886,1719,1530,134
280,1644,1310,1078,265,1943,1538,1630,1653,898,1838,1609,700,72
62,1696,1551,1790,1830,1938,644,1574,1795,1600,1773,1767,1706,1241
1036,1637,1575,1829,1751,1589,1796,1640,1849,761,1977,1700,1804,1684
