313,1551,1494,1743,1576,767,326,1693,1504,210,92
1639,1698,1951,1922,1845,1854,1655,1916,1563,1848,1742
1366,141,1752,1341,943,1835,1723,1569,678,1304,1648
1540,1482,1602,884,104,112,1838,133,1721,1486,1658
1825,1777,1684,1943,1172,1745,1810,1686,1836,1593,1550
1481,279,1814,1971,1609,1582,1926,160,1333,15,1268
1722,1759,190,1736,1726,717,1595,843,1346,796,1338
1720,1573,253,1799,254,1698,1572,313,97,1654,128
1882,222,1804,1848,384,1628,148,221,1613,623,1939
1448,1821,1754,1888,1594,1795,619,1604,1887,257,156
192,1754,1055,1658,1540,1095,543,1763,150,539,574
135,1605,1841,279,1704,1101,457,1706,1422,1697,318
251,1392,1192,322,1699,1518,1838,1736,394,1531,1522
1563,149,1485,1545,1604,194,176,1527,1787,158,271
668,1307,1566,1390,524,1477,1674,817,1554,1658,1125
1645,1480,1574,1677,1476,1184,1593,29,1689,1141,1585
1564,1913,1810,100,113,1854,1841,1632,1906,1620,1866
130,1913,1612,1571,1511,1761,1273,1483,1662,202,1743
1579,626,160,297,1725,552,1777,327,893,1484,1526
208,1546,1744,154,1584,83,890,1675,1719,324,1330
181,1848,1619,1646,280,1708,1777,274,1713,217,1766
1582,860,81,1778,198,1676,943,1552,1755,1592,1893
1679,840,1742,1703,80,287,228,1047,1567,1788,1565
133,1853,171,1495,1716,518,1589,1724,1952,1748,1833
1562,87,193,1600,1550,1475,80,1940,639,1709,1544
1515,1732,1100,1677,1748,1523,1778,87,869,1947,222
1537,1851,261,166,1801,368,1836,1495,1717,1714,1740
1563,800,1833,1623,1804,1686,1845,874,1703,843,1630
784,1939,1397,1639,1699,1279,1496,1744,1973,1791,1590
204,1791,1231,1699,1719,1770,114,1837,1703,134,64
1033,1848,1683,1579,206,1671,214,1176,1811,1546,1810
1692,1453,16,1447,1809,278,1507,1595,1396,1242,1628
98,1568,1381,1512,86,1963,1833,1694,929,1542,1355
1940,1754,1551,128,1117,1530,803,1483,1912,1755,271
1807,1576,1771,1966,1565,1524,1846,1709,1498,555,1477
1610,1851,1668,764,216,1527,232,493,1799,1686,1811
1624,1575,15,187,1520,1030,673,814,279,901,1082
189,1602,102,1614,1679,1778,1711,1312,166,1355,1649
1634,1942,1912,1809,120,407,1896,863,445,1487,1628
1495,1648,1692,1941,1569,1570,1513,248,506,1671,1566
1857,236,704,528,163,224,1747,1687,1953,1577,1762
242,1767,652,1754,238,1841,1776,1642,1791,731,1512
1704,1742,1652,1619,232,297,1640,1908,110,1952,239
1827,979,508,1762,1686,1710,136,1493,804,1512,1802
1729,1671,489,1819,1097,1477,1726,1523,1830,80,190
1736,1764,1821,262,786,1704,1519,1826,1846,216,1647
1587,1592,1821,1383,1801,1732,1733,1820,1634,516,1912
254,1117,1761,1702,970,1844,1710,1097,125,1093,1565
1593,1601,1072,1090,1783,1693,1641,1790,1659,1907,273
1689,281,296,1556,1676,1731,1290,1855,1656,249,887
204,225,1488,1618,1640,130,1966,622,1671,1287,1307
1746,1708,1215,1253,1720,1032,664,1835,1809,1775,1951
1544,1739,1714,1954,42,109,171,1678,1347,1835,1729
623,45,153,320,1791,303,1508,1638,1854,1542,1766
1513,1761,1816,142,1662,1960,309,1783,1822,306,1605
782,1917,1149,1709,1943,1625,1704,1698,1842,1739,1676
1811,665,1829,100,1618,1562,610,1371,1548,1490,1814
1712,1389,1569,1743,1616,1754,1655,678,972,1830,1523
1688,1627,1684,1240,1650,1687,1490,1512,1535,1531,1965
1692,1828,1751,1847,651,1605,1383,129,1769,1775,1118
1543,1481,1707,1626,1692,223,814,1499,1747,1672,1674
1648,1489,100,1644,1113,862,1764,282,1851,1494,1549
1627,1392,1666,1710,1781,1702,1722,319,1720,1653,686
1557,1866,1799,388,1773,281,1396,530,1830,1497,318
133,1236,1479,1630,1637,631,769,1010,1252,223,827
1082,1483,1940,602,1634,1579,1718,164,1179,1480,1615
1546,1692,1908,1580,1531,312,1785,304,1162,13,1575
1585,81,847,1709,1726,700,596,1762,1955,1803,585
1895,1716,1135,1818,260,1379,1579,1768,82,1653,1542
1743,1618,807,1849,1791,1607,297,1809,1617,1833,1693
1539,475,1693,116,1784,77,1552,166,1623,1770,631
1631,1943,1608,1671,1768,175,1222,1626,1527,1728,233
264,1693,312,1596,1967,1825,1763,227,1603,1735,1817
311,1701,1844,1786,1948,304,1098,1632,1516,1592,1757
281,1705,1589,108,785,1949,197,255,1683,1971,1718
1716,1742,1519,992,1950,1514,213,1608,844,1815,1112
1483,1534,1052,1086,1496,1447,1611,1490,1431,1644,1780
1056,1836,1592,418,318,700,1804,1523,1661,1518,1699
184,1580,1573,1814,214,162,63,1751,112,1584,705
1952,1761,1391,1734,1622,1041,1905,1070,262,75,1802
1582,1951,1808,306,33,104,1675,440,1834,1734,1655
1391,659,1661,514,1480,1689,95,1609,206,10,166
1485,1793,1676,1834,15,1681,1511,1533,1636,1728,1572
481,326,1614,1784,704,1121,1485,1641,899,1218,1839
1852,753,1738,1632,1764,279,1566,1486,1546,1609,1642
1753,1806,1952,674,137,294,518,1508,1629,1592,145
680,104,1629,872,92,311,1678,1789,1950,662,1808
1579,1679,1728,1768,271,1871,1371,56,131,752,1685
190,219,1235,407,1590,208,300,1856,1774,1557,1753
228,1528,144,1741,1283,1544,78,1531,1638,1799,1895
297,1545,1660,1676,1221,112,1544,1773,1761,1893,1521
1897,1508,1772,304,13,618,1667,540,116,261,1380
1698,1661,292,1753,1679,1854,1558,1827,1740,38,1788
1478,366,1523,295,1376,840,422,1169,1685,1737,37
1666,156,1621,169,219,1818,1548,291,1637,1549,1567
1837,1832,1030,122,1667,1685,1672,1558,83,78,1544
401,1505,1683,1244,1958,1550,189,1724,1128,1797,1506
80,1811,213,1382,1537,1815,1731,1968,1039,1566,1468
1477,1940,104,1621,249,1283,1542,1618,1794,1708,1905
1822,1664,1582,1788,1499,1846,1576,1979,1784,1552,1749
1581,346,1255,1843,1617,95,291,794,1576,83,1893
302,1907,208,1475,1952,1535,1566,898,327,1649,785
1318,1492,135,199,1786,1553,190,1047,1642,1783,590
467,1910,99,112,187,1505,213,1761,1768,986,1684
296,1803,182,1207,581,196,1952,1727,1791,1788,1719
1689,1643,186,289,1609,1800,195,1731,1982,1816,1735
1699,526,1535,92,1804,1736,1593,193,1615,1510,118
1568,1494,1636,708,431,1731,319,205,527,1477,599
1804,1486,1828,85,1658,14,211,1652,101,1534,276
206,1588,1972,268,941,1692,436,1739,1431,1253,1586
1621,1926,1662,189,1786,1290,1639,1475,222,1913,1655
302,1792,1793,279,244,1626,1236,1824,772,1551,800
1814,1475,202,1737,1898,1764,1790,300,1823,1805,623
1760,864,1911,161,1777,418,1509,1745,318,1477,211
1378,1710,1823,1700,1769,97,1639,1246,1128,1514,1908
1773,1673,980,1599,1606,1914,181,1584,1933,305,1760
1732,414,1117,1310,1202,566,1365,1854,781,13,1534
1577,579,1570,1535,1537,105,1844,1772,1756,153,1841
1870,191,376,237,177,1553,1670,786,1696,266,221
1805,175,1092,1816,1475,1533,105,1754,1595,1536,1665
502,155,1540,1573,1684,160,96,102,1651,1675,988
1764,1374,1968,1710,640,1464,132,245,1650,1791,1562
1324,139,1109,1558,1292,1741,1729,1136,1911,1523,1691
1663,887,1780,1728,1747,787,1645,1336,1697,1559,1590
106,231,1160,702,77,653,537,1092,1905,1690,1876
258,1665,1924,228,1854,1713,1705,1688,1499,1639,1753
1763,1736,1833,38,1574,1826,324,108,160,1844,1837
1612,1812,1939,1113,1955,1574,1388,1660,1668,1776,1679
1737,1064,304,1616,1684,1005,791,1728,1570,1753,1654
794,1493,1544,55,1973,1640,1644,1583,1496,1637,1482
1563,1611,319,1583,1759,102,1499,1642,1824,1839,55
132,1618,507,1847,1983,1830,948,1476,1338,1629,1505
286,1069,1600,1792,1851,884,130,1648,1969,1796,1501
1590,1032,1644,846,1775,1828,106,1619,798,1833,1536
1607,1759,1804,1769,1479,1722,1802,1303,158,614,1486
279,1602,1726,1842,1675,1528,1480,1979,1286,1685,1723
1528,1802,1645,1525,1480,246,1636,1723,166,1956,1593
1537,311,619,135,1805,1705,1841,1820,1730,1897,121
1955,162,1909,1670,1671,194,1708,1620,1782,1806,167
1512,1538,1486,1790,1020,132,1293,1618,1733,1785,252
1642,1666,321,231,225,1614,1781,1909,1828,794,611
1490,1484,1740,1731,1841,1825,292,318,1712,1744,232
1509,1830,1216,1929,585,1571,92,305,1953,1196,1686
1618,1813,1099,1030,1810,1792,1830,115,1555,202,1501
372,635,100,1476,402,275,1636,1387,1557,1821,895
1913,138,69,1353,295,96,1562,1134,1601,164,1489
1644,1940,100,326,1804,1736,443,1726,294,1807,1783
280,124,375,1830,457,1761,1722,254,1626,1724,452
1715,219,1649,1351,1633,1776,1033,1703,1549,705,1731
1776,1625,1597,1688,1608,453,1652,334,1626,1822,348
304,1684,462,50,1566,1356,1637,1492,160,109,287
1536,1830,203,1586,1508,194,1613,1797,1482,1820,1353
1657,1601,1518,1493,214,1534,1654,1716,1821,239,1906
1608,165,1761,271,445,497,1935,1386,698,108,1777
334,587,1836,1826,233,1616,1626,1849,183,1845,277
988,1773,1375,1704,1589,1961,1477,326,1783,1707,1706
1521,1823,1893,93,122,204,1073,1908,1765,1835,1532
1488,1660,1714,504,1849,1035,1372,1499,78,798,46
209,1647,1739,248,96,1507,1606,1641,165,1684,1508
1670,1720,1624,1334,1821,1713,95,933,318,281,1505
1922,74,187,1823,1754,1125,1715,1708,238,797,1804
1620,1388,290,1840,1520,1774,325,1582,1133,1760,1692
1789,1269,1935,1303,131,1909,1485,524,1866,487,1753
396,1972,156,1519,859,259,1292,1747,505,182,1600
1404,1311,115,1505,1387,1481,1587,1506,143,165,1565
313,1531,1758,593,1284,1387,1557,1718,89,1850,1826
299,1667,1628,1490,568,1538,240,142,1709,1664,1783
1969,88,1964,1716,1532,1077,1514,1613,326,1565,1775
320,1597,1975,17,1702,88,1059,1551,1145,900,1565
1604,1076,9,1938,1580,1714,54,1711,1575,1561,38
206,1633,1661,1597,1560,1700,1578,1695,1953,197,1839
171,1898,1483,1531,1624,155,1549,1802,249,288,1671
1668,308,1759,1536,1503,1599,1654,1624,1192,1267,1815
1551,1705,1825,1477,74,271,132,1831,1782,264,1633
120,1582,875,1956,498,187,1558,1812,1677,312,1492
1805,1342,996,1641,1496,1731,273,133,1815,1809,952
1594,1958,1494,1215,217,1738,1855,274,308,1718,1791
587,1797,1495,1489,1601,1586,309,1110,466,318,220
1637,1672,1912,252,1794,137,142,261,1598,1930,1704
133,1688,46,1747,1960,255,1838,1650,323,195,1486
1615,785,288,968,971,1715,118,1645,1764,1696,1811
1588,1385,132,91,1850,1584,1686,1534,1913,772,1556
1491,124,1537,1680,1589,1756,1736,1849,1486,1650,1845
1790,1801,1574,1778,1730,1624,1602,159,1584,100,1103
169,323,83,309,1071,92,1893,1715,1604,194,1262
1768,1111,1780,24,1534,1753,1797,1492,480,1545,118
156,690,1259,1731,1581,1162,1782,1497,1803,1681,1729
1389,1610,1109,1488,1690,1817,748,1788,1045,270,1252
1303,169,1554,1562,1627,946,805,223,1664,1646,1519
1717,302,1502,136,1880,1656,1599,94,1531,1849,1529
1852,394,1832,109,1586,392,1123,81,1858,1392,206
172,159,1545,1725,1708,1843,803,866,151,1580,217
307,1157,1558,1665,1696,273,1481,261,1897,1742,621
1717,331,1508,1722,1731,1805,1839,1340,1681,1182,1855
1809,1510,1753,138,839,231,608,1716,1484,1725,1975
1411,932,1954,1627,1907,1620,1899,661,1310,1747,1830
1565,1604,1759,120,1520,1371,727,996,1854,1764,704
1511,442,1235,890,767,287,105,1554,1521,1669,1562
1631,1572,291,21,1757,1912,104,176,902,1496,1634
1489,932,1508,1533,207,1803,1534,1807,1123,1605,1783
1485,1955,72,1782,1852,1385,1847,1659,1748,293,1773
1596,1480,451,1688,1910,173,206,298,1565,466,1929
187,1720,1754,468,1836,147,1960,1805,1192,1628,284
1937,236,1583,1851,1331,1069,1677,1757,1966,1768,1614
1032,1663,1639,1515,589,127,1966,1700,1543,1483,1125
1489,1828,242,1736,1939,1630,1637,1585,1848,1905,134
95,1708,1147,566,286,1779,1692,293,779,1937,261
1804,1777,1805,1715,1677,1662,1532,1526,1848,280,1753
323,1639,1486,1301,436,1752,1658,1584,1775,1723,1520
1366,1840,1906,192,1211,1099,1593,1620,1515,1811,373
1555,1897,516,1876,1592,85,307,146,1752,1577,1649
306,1700,1095,1817,1710,98,852,275,588,1034,1692
1706,1736,1408,245,748,1577,1827,253,1575,62,1102
272,231,1563,1299,1854,1749,242,1617,294,116,212
1701,174,1315,1637,1613,1743,1480,325,1689,1489,1149
753,178,1801,415,1960,152,157,322,1526,1686,860
1783,1775,1549,1801,1838,1735,287,1610,161,824,1725
709,255,1715,1566,163,1630,1594,1565,1506,1666,1551
1535,814,1638,1671,1677,1560,1768,1533,66,1683,239
522,1913,1190,1798,1655,1648,144,1448,278,151,290
1166,1628,1838,1604,1190,1378,1516,1708,1396,1826,587
1691,1669,1640,1512,1824,1265,1518,537,1831,1261,1761
438,1098,1475,1705,1723,436,1603,1494,1770,346,1647
1491,1630,1575,151,233,1104,1328,1776,1315,1824,1710
808,1795,1731,1922,1905,1231,137,129,1955,1686,278
1666,1801,1820,1365,1855,203,1762,1736,265,1704,177
1117,1553,1913,1376,1815,1709,1570,1827,1854,802,1373
1395,1612,415,1768,1823,184,1676,1749,1706,1735,1851
1484,1677,226,1537,208,47,1287,1807,69,1538,195
1691,159,1716,1603,1675,1668,1580,1326,1443,1654,244
274,202,1850,1740,328,1597,47,1896,1542,85,1782
221,1400,1599,106,1386,615,238,1635,1849,1485,1014
1570,1892,1580,1500,1732,131,1796,1805,1833,1678,1731
207,535,1843,764,161,1652,298,1777,135,152,1511
1697,1715,913,1948,1563,269,134,1822,1550,445,1971
1703,1549,1584,815,1635,1721,1072,1033,1843,1820,1777
1504,1798,1727,1850,107,1717,1585,1719,1190,194,1860
1802,1821,1705,254,1113,68,1162,1826,276,117,1563
1223,1815,1772,167,281,1781,1705,1768,1609,1567,1786
1530,1666,702,1540,1585,1826,227,1534,1604,1907,1732
1735,206,1607,1973,1733,120,1815,1961,1245,1647,1802
1669,878,1723,163,97,1497,1909,1755,1848,1721,1584
1795,1773,1675,981,1383,1590,1519,1814,838,260,1516
112,291,1538,1699,1771,295,315,1905,1843,1810,80
828,81,1671,1754,225,107,1367,1690,70,1647,1466
1840,1829,1659,217,228,251,1495,1893,1529,1520,299
256,1603,1913,1901,718,1199,145,1815,1817,245,1637
130,1841,1350,1814,198,104,1701,298,1524,1930,1682
800,1629,990,1507,640,148,1752,1577,1222,292,1828
1504,1737,1941,1777,1835,1853,1568,1579,1889,161,1545
1168,1792,113,399,1579,1771,472,312,568,1617,729
14,636,1791,1545,1735,846,1961,537,217,1476,207
1943,1671,1765,1497,1851,194,1857,1796,1895,1844,202
1075,178,1517,1668,900,829,1866,1831,1683,1681,1883
760,1827,1761,1735,1724,249,888,1603,1581,1542,228
1945,1939,1623,940,1710,1814,1684,119,1669,143,1823
1519,1537,1483,190,1117,1490,1784,1727,1788,1952,193
1837,471,1609,1667,1683,1791,1813,1504,1781,1719,794
1771,674,1091,1542,1691,1724,1522,1556,1812,1392,1589
285,1769,55,1800,311,184,266,1781,1641,1654,1956
884,1394,1487,251,1576,1069,1839,294,1709,1626,1335
271,142,1567,1432,455,1697,1907,1751,1801,978,1761
134,1686,1738,1789,1809,1754,1195,1800,1086,549,121
91,1013,227,1740,283,1509,41,1586,1822,1552,80
1614,1742,1907,1495,265,1693,482,1493,215,791,1810
1836,1679,1715,1333,721,380,1481,1509,94,1573,1495
1729,986,169,1615,1819,180,383,237,1539,1713,1829
1116,1820,342,1834,1649,1233,90,321,178,1536,1544
1704,1609,232,930,270,1094,239,1151,1957,1637,1776
1664,1833,1838,1717,1641,1912,1379,286,1630,1805,192
686,50,612,1270,1533,1577,329,249,703,45,1796
188,1578,69,1552,1717,214,170,1610,1841,1663,1622
1910,1505,689,1760,1541,1832,1515,293,1935,1660,237
1501,1525,263,1676,1647,298,1619,781,1830,95,1876
20,1769,183,133,1669,1969,1376,1536,1932,207,1309
1387,1847,1761,374,225,1698,998,1600,299,1365,1694
1373,1656,1707,1801,667,1589,1564,1608,1981,1781,1722
1493,297,1477,1687,1124,1909,1751,709,1564,1670,1703
1677,1644,209,159,1585,1833,796,1682,815,1713,1876
1818,1698,118,1741,1583,1279,224,790,229,1592,1626
1762,17,1828,1707,202,140,1807,1477,612,1704,1749
1797,1245,301,1502,1624,1524,1447,1834,1774,1580,1741
1445,1768,1761,1839,1957,1774,1796,282,1650,169,1841
1647,1688,1810,196,1922,170,1695,1905,1747,1794,1643
264,287,1765,1328,1545,1906,1645,1907,348,1741,1656
1568,1575,882,1114,1946,1495,1793,1558,285,182,125
1519,1382,1388,1070,1574,71,752,118,1503,1830,1974
1731,1692,1750,1722,1768,1500,1555,1621,1798,1785,420
1553,1586,1767,1739,1578,1752,1332,350,1614,1394,450
176,1338,512,1909,1928,1734,1955,1817,1045,1833,1498
1895,270,1392,1616,1945,1837,408,1228,1610,1690,127
1756,1545,1752,323,1771,275,1669,42,150,1569,1783
1856,1365,1641,1162,127,1551,1562,1611,1548,1839,1109
314,1564,1937,1846,1365,1568,1769,312,1354,249,1682
1650,1909,657,1018,113,1631,1488,1577,215,1062,74
1817,1776,157,1842,90,1942,1719,1922,143,1498,1530
1352,1489,1487,1838,1771,1563,1119,1484,1800,642,106
1963,1634,1796,1724,1649,1623,1835,87,1103,212,1486
1750,1849,1798,1661,1713,1782,1636,1489,555,1583,780
910,1956,1649,1936,166,689,192,1857,763,1791,1392
249,1806,166,600,1738,199,1509,1795,1488,1782,329
1583,1709,1793,797,1579,1069,1828,934,1738,1475,1222
1761,152,1673,1960,1788,1531,1478,286,1657,59,241
1898,1748,1744,1649,950,1782,1062,1738,1761,1542,1651
1499,1654,944,1447,1719,1747,1841,1749,766,232,1840
1620,1909,1621,1817,311,1840,321,1855,1612,1683,1759
203,1745,1804,1495,58,1724,460,1477,731,1643,1790
1483,1698,543,796,20,1612,639,700,1527,1580,1684
175,1677,113,1507,1583,527,1649,1534,1725,111,311
141,158,1790,1246,1950,1043,1559,1848,1650,1540,89
1111,1562,785,1599,1702,1496,1661,1843,1897,1644,1741
1749,482,475,1541,1592,143,1625,1912,99,1024,1708
1641,1624,1953,1563,1311,1841,1580,1796,1593,1599,183
1680,1579,1729,1155,792,1644,3,94,156,1235,498
1677,1830,1857,1882,357,1767,1828,1389,1883,328,1512
1897,377,278,100,1859,1846,1330,943,607,275,216
1651,1974,1692,155,263,1612,234,1511,230,1565,1383
1410,832,1796,1696,126,1645,1583,363,1956,1328,176
470,1782,1607,1534,1836,1481,1503,1561,803,1507,731
1140,1829,1709,186,152,737,1760,211,246,153,1665
520,1783,324,172,927,1573,1583,177,1893,1379,1911
1759,1767,1971,131,177,1666,1852,162,1665,1960,1589
315,1823,1970,1832,1516,1908,1626,1411,1710,134,1732
1730,1023,1727,1481,1589,1491,1753,286,275,515,1492
160,1830,1576,116,1566,1810,1545,328,1533,1478,142
1732,288,213,626,1911,1395,314,1543,1734,948,691
1509,121,1831,1835,1482,352,1762,1635,1769,271,1725
1725,803,280,1623,1842,1737,1540,322,1758,482,505
1706,1722,1794,942,25,148,1636,1382,1666,1580,1040
1729,27,117,1596,1499,1857,1850,1813,1876,786,1576
285,125,1540,494,253,922,1817,1640,1684,1770,1451
231,1673,1635,1854,1519,1562,1586,35,1757,1957,230
1911,1748,1655,1788,1168,1835,1737,1974,122,1762,1602
1890,74,1638,1708,1913,1956,1516,1675,1840,1762,1827
1851,143,1475,1507,87,175,825,1849,1518,211,125
123,1750,441,315,191,1724,1522,1796,1646,1380,1764
1805,1741,1834,1852,450,467,118,1319,371,576,1804
552,171,1673,1474,1113,1709,608,1552,1697,83,1743
1505,1785,217,243,321,455,1563,9,272,1971,107
1733,1948,1810,1954,1576,1541,1975,1832,1781,1537,1783
1641,1750,1821,1651,1813,197,162,168,1636,1794,1800
1538,1586,148,1679,1552,1511,284,583,1684,1475,171
1162,1731,143,1666,160,1572,171,188,1773,1559,1687
1616,308,309,83,1744,197,1588,1794,1498,856,1653
1623,1375,1642,1804,1272,200,158,104,139,329,149
1832,1586,1032,1815,88,1063,788,1702,294,1376,224
795,161,232,70,308,148,13,1569,160,1744,532
241,171,1573,381,1713,1576,261,206,1168,1638,188
268,1770,1865,1537,1846,303,59,1251,302,1529,1195
1697,172,1530,1415,1004,1832,1767,1481,637,1525,291
1670,1847,290,1508,1360,1517,127,903,1638,1846,90
1556,1555,1081,1385,295,784,1600,284,166,1913,988
1759,1637,451,1374,1687,1843,1963,1617,1574,1561,1724
1841,98,1790,1860,1676,1247,308,1681,1515,1653,0
1765,444,163,1700,1897,1369,587,368,1512,1552,1718
1672,1572,681,1477,1722,1710,1659,1802,1190,1952,1519
1836,1746,1784,1500,254,1636,1560,1768,1579,1953,1627
1820,1608,1752,1557,1949,208,128,1570,148,1779,1981
1585,1597,1730,1559,800,1844,1511,1565,1842,74,1761
1641,1480,1506,1487,1823,131,1657,815,547,1510,1743
1261,1855,1317,1963,1143,1496,273,331,1718,1749,1721
1806,1112,304,624,1570,1153,877,1783,1651,1255,1714
1819,1476,1553,1652,1987,1596,1821,131,1734,1797,1535
1598,1724,259,1191,1600,195,272,1713,1732,355,1644
1986,1956,1903,1754,716,1727,993,114,1911,1819,713
1650,1557,232,1831,17,1487,1911,1452,895,96,306
1323,1581,1679,1522,106,475,296,1148,1657,1672,1746
1950,1591,1579,1684,118,1332,1629,302,1691,153,1748
158,726,1531,1757,1354,1499,302,1773,1798,104,1667
1660,163,184,1477,1499,1005,1548,988,1625,1569,1642
126,1548,1214,1826,146,1761,1792,1613,1731,1986,171
1817,1537,5,232,1589,1580,1694,653,1521,1237,878
1764,1719,1534,1593,1855,1495,176,1083,1508,1527,1635
1728,1721,19,1804,1905,1547,1521,193,1654,1794,111
1212,282,89,251,1738,1640,104,1790,1845,1514,1732
252,1553,1909,1931,895,244,1044,1972,1578,269,1600
1553,1831,1841,1625,699,1509,1680,1598,1047,1954,1675
1624,1476,115,1758,1856,1709,1090,1771,542,1735,1645
234,1913,1482,1672,1825,626,1594,301,1797,286,1850
1505,1674,1750,1702,1574,1476,176,1691,497,1805,1621
1775,1799,158,1715,973,1694,700,1696,786,1426,1583
731,1047,279,1837,1508,1832,1755,1503,1726,1777,1709
1652,1101,1013,298,1684,1711,1365,1799,1856,187,645
1562,92,999,88,206,1791,480,1613,1258,466,481
1674,1523,1661,1490,1679,1369,1663,1611,1863,1082,1801
1534,1649,256,49,1491,537,87,1838,1530,225,181
31,1504,1390,1628,323,1117,275,1659,1831,284,316
1825,897,1759,39,1332,1801,1374,381,1511,1940,1813
166,1679,1637,1909,117,1649,1490,95,502,1618,1368
559,1638,1730,734,1882,1498,1629,1651,1712,321,1542
1727,1413,1408,1520,779,1128,325,326,1525,137,822
1680,1690,1597,1848,329,1324,1971,1807,301,1528,1560
1525,426,1478,1581,121,1835,696,1771,787,1831,1939
1240,349,250,1503,262,93,1839,1686,133,1544,1832
1657,199,469,272,184,1908,1308,1485,1094,1560,1337
1655,1659,1554,1751,1828,1383,1382,925,226,499,1762
1499,1383,858,313,1554,222,151,1580,1518,1162,1636
1710,1598,137,1920,142,839,1507,1042,111,1649,238
224,1498,1539,178,517,276,1517,108,991,167,1861
1841,111,196,1757,1745,732,1850,73,132,1726,1840
1693,271,1734,95,1848,1845,1800,1666,1809,1788,199
620,1581,1707,1554,1509,196,1662,326,1706,664,1569
1829,1502,1857,1241,1849,816,288,114,1496,1392,1519
1749,14,72,106,932,1839,510,1731,1780,1537,1521
89,1577,497,1589,1581,1531,344,1625,1792,1638,92
1207,141,1893,1658,1770,624,681,1385,1530,1699,161
1734,204,1604,1650,287,1814,1676,1531,1183,1810,1905
1773,1846,1819,464,165,1486,146,1758,642,1581,1843
1751,1756,1591,1899,153,944,219,1922,1743,1524,1816
156,747,87,1701,209,1525,1763,1691,309,1558,1482
1533,203,1853,1557,1838,1551,1597,1748,1578,1618,325
1817,1750,1475,1741,229,1703,398,1539,1599,1596,1608
362,948,1715,399,676,1978,1681,899,1764,242,1544
1190,13,1511,1896,480,1823,1639,1788,1565,1828,1832
1708,671,1780,1579,1099,201,294,1479,1516,289,1818
1852,284,1772,1539,1516,1780,1362,1818,275,62,1803
312,985,1634,1831,1731,1497,1733,360,721,157,1804
1552,1652,1732,121,1657,1794,1617,1950,1579,1724,1534
220,756,28,200,181,1854,438,1567,414,1850,1143
1478,1592,1576,1608,1641,125,102,198,1505,1817,1702
1834,715,1732,259,1794,1716,1978,1853,1977,1761,1800
123,1689,1605,1804,1846,798,1610,1984,1707,1536,235
849,1940,1963,1550,1848,1899,806,1487,1891,1802,1609
883,1588,278,1981,98,1769,1620,1833,777,1548,1843
1810,471,1771,302,1741,1646,1850,1492,1574,1348,1516
803,1220,1783,1884,968,1262,225,137,1825,1737,943
129,1811,1707,322,452,1773,1535,1841,1475,1504,1522
1819,94,1608,1939,565,1605,1700,1315,228,222,1960
1909,1743,1659,1953,1740,159,1866,464,262,1483,1384
1679,1698,1702,101,1613,1718,1557,115,1364,231,1675
1565,1668,127,1584,37,1599,1775,1655,367,1751,1796
299,1608,1508,1686,272,1557,145,1829,1744,504,1727
1803,1652,1562,1718,807,1839,469,1667,799,1591,1828
1729,128,1727,1070,1386,353,1609,799,1063,1552,289
1598,1748,153,1559,1744,1802,271,1970,1724,1696,1632
254,1701,195,204,1787,1532,1773,1512,113,1829,1657
649,222,1903,1554,1809,1039,1666,1618,1502,1536,1799
1732,1777,1930,297,110,106,1538,533,1529,1840,151
1088,1821,1687,133,1591,1683,1799,1698,1565,225,620
1734,1754,1683,771,276,1818,1815,122,287,1587,1624
1658,1738,1817,1648,1581,1588,131,1770,902,1637,1621
1691,1642,640,927,1641,305,1551,1593,1634,1833,207
247,1250,367,1890,1911,1737,1603,1808,288,1952,101
1251,1839,191,1756,635,1480,291,1662,1857,1482,1635
1747,1758,1745,1604,1952,1772,1730,1722,57,945,226
1709,722,1699,268,1478,1385,1792,160,1805,509,1530
1545,1747,1677,293,1454,1882,1596,1293,1478,1939,1529
1644,1824,1812,1486,1945,1615,109,1841,1759,1679,398
1669,90,200,1541,1826,1441,1153,1723,1489,993,1810
226,1590,149,1908,1546,1850,1744,1825,1856,1261,1575
1312,1834,786,1357,1630,319,1800,252,1573,1778,1609
1775,1497,1794,1793,1304,1522,1479,637,181,1740,1624
1509,793,1379,1483,509,109,1571,1630,1783,1492,972
173,1631,1906,1773,1542,325,1599,1526,1326,1816,133
1867,138,1566,1813,1853,1592,1829,157,1671,1846,1675
292,1534,1725,1550,1781,280,1201,933,1657,1714,1827
640,1558,113,168,1771,1172,1647,1662,1316,1477,1733
1777,1795,467,836,1294,1634,1621,1856,1831,1479,1729
1811,1584,1782,166,1559,92,578,1632,1523,1754,55
1069,920,717,1648,1365,160,671,1768,479,783,88
287,1746,170,270,279,299,268,280,311,1819,175
60,1971,1764,1582,1742,1758,1756,1171,1707,1711,1539
389,849,1726,1668,1589,27,1687,313,1684,408,688
1641,1545,1797,168,1762,461,433,1837,1536,1850,1602
1754,1363,1716,109,194,1682,1553,1936,1776,1622,993
1638,1584,1793,256,80,1829,594,74,177,310,1356
1807,1910,1493,1989,1555,191,135,1836,1835,1054,1174
135,1842,206,1477,200,1724,532,1578,1381,933,1483
1819,1647,256,1608,1540,1733,997,895,1973,1597,370
527,423,1578,1974,174,161,696,1515,1555,1788,807
1856,1841,1558,173,1571,1635,317,1662,1583,1721,1531
1318,1800,1696,1539,218,169,1377,1613,1669,1667,1533
594,1477,1491,1707,297,1567,1651,1777,1951,569,1662
1831,1509,1593,236,1521,1659,1762,1532,1360,1383,1558
1801,1624,1632,327,110,1501,1792,1855,1630,1834,28
1599,1005,1905,1570,446,1662,1531,160,1622,1578,909
238,1509,1726,1689,179,1519,1913,1641,1612,1527,582
1778,1932,1495,108,1523,1382,1759,74,1596,1639,1664
1532,142,1685,1736,141,1017,1496,56,1498,1852,1741
1950,1857,1841,1689,1495,1735,102,1637,162,1589,1594
1614,1030,409,257,1592,1718,1503,1723,116,210,705
1943,1565,1104,1549,1378,1906,1762,1597,1964,1591,1719
1488,1483,1824,1580,1774,1771,1557,1909,1838,1478,547
1235,1804,302,1524,1845,1653,1046,781,1832,1443,1906
1353,1606,1521,755,1542,1648,920,1943,1852,1712,1795
252,112,1514,1632,481,1543,1907,1956,1188,1568,468
1740,313,1560,1095,1836,99,1509,1960,154,266,1152
1845,1592,880,1525,1486,1508,1153,1814,139,1511,640
1663,1907,1379,1711,1369,49,1546,1835,1840,1502,90
1852,911,1737,1736,1502,111,1782,1538,46,1268,1560
1717,1535,270,225,1840,1719,1835,146,1820,1630,251
204,1516,1616,1764,842,1765,1137,1499,1892,1844,473
1198,1716,819,1801,1805,135,1551,1583,1832,1734,1546
1257,428,1594,1832,1743,204,135,1785,1621,777,1320
1907,632,830,1829,1780,132,1939,1751,1833,320,1832
1707,1741,1602,234,241,1305,1491,988,14,243,1659
1618,262,1711,1667,1780,1746,1335,428,1573,699,1494
1527,1774,1194,1701,210,162,1674,1599,1642,1794,1773
1905,1645,466,1554,1547,1719,993,1773,1796,1639,1823
1595,1563,192,1629,209,1602,1679,1307,1096,1501,1480
1641,1545,972,368,1713,1976,195,1247,102,1792,1547
1624,1941,1575,1371,875,224,857,1018,1580,1606,1595
764,1854,1202,1636,306,106,199,1753,833,1534,1396
1566,988,274,1557,1817,64,1737,1238,1663,1505,1624
1722,1495,626,161,702,1776,1701,122,1573,822,1504
1728,1713,1632,57,796,1683,1524,1479,1672,1668,1130
1849,170,198,557,1592,235,887,1384,1811,1582,637
235,273,1483,1862,1611,210,143,1511,1857,317,1846
126,1751,1775,1547,478,278,1098,279,458,1803,1581
1227,1664,1594,271,1831,316,1486,1892,1613,1730,1761
1899,82,1895,1379,1764,1811,1840,1783,1694,1595,1628
1503,1765,1850,1368,1598,1607,91,1899,478,446,1659
1701,1816,1493,1592,537,1759,130,1736,151,1774,1772
1896,1647,1892,1530,1645,1605,1714,1632,1678,1813,1656
328,1538,1588,100,1763,1552,1736,1305,1562,1727,1754
1742,1376,1673,1196,1522,1216,1497,1735,1508,1756,1186
1098,1120,1504,1601,705,1498,1577,1780,1642,1543,1751
1614,1764,1219,905,1596,412,1087,1848,746,1565,1811
231,1632,601,1684,986,1825,396,820,771,87,1780
1805,1846,140,293,1504,37,1707,1576,1804,1698,1556
1635,1728,1706,1763,1639,346,324,1575,59,1548,1505
1652,1602,1746,1524,1637,174,1776,375,277,1625,1589
1981,275,1347,282,1605,1156,970,481,355,1539,1651
1821,1735,1763,117,393,1794,1493,376,1785,1621,1754
1225,1840,1275,1377,1618,1668,1496,1708,1488,1510,1514
1565,1530,233,1676,1704,1826,1503,1717,1671,316,309
1373,288,547,482,1751,116,101,69,1240,1387,1799
1532,1831,1656,1720,1908,461,1495,1045,155,1944,1715
1387,1909,1555,1701,274,1594,1567,1542,116,1756,1850
322,1612,1706,1792,1641,1488,1554,1689,1017,1736,182
200,261,118,1583,1835,1909,1633,986,1627,1826,1851
1830,1401,267,1583,370,116,214,1769,1947,1844,1845
1362,1313,1734,1639,1644,1579,1496,1801,1575,1266,269
1924,1603,1761,1784,1615,142,1721,1783,270,1736,104
1557,1245,1698,1494,258,1615,1676,312,42,116,697
1938,402,1554,303,1711,1804,1525,184,85,254,1487
74,1641,139,69,1768,1544,1577,1535,739,1676,228
1854,1865,1231,1471,22,1334,1162,1489,206,713,1572
1543,671,717,1793,1657,1025,845,62,1615,1045,195
301,1488,1090,579,1678,1533,1392,207,1542,244,1945
1290,1614,1908,1504,1577,1534,1568,223,1053,1784,109
1333,1577,1171,1753,173,133,1846,1913,1690,1475,1488
1154,1596,1707,1856,525,1727,796,313,1827,1922,1616
268,210,703,1807,1855,1736,1482,1483,1600,302,1592
1909,1520,1832,1047,1787,1628,1947,1758,150,1712,1910
1644,1629,1575,11,1605,1827,987,1907,1507,1277,566
1592,251,248,1597,199,1606,62,1574,1954,1487,1590
824,465,1757,135,1647,1850,1686,1476,1599,1697,211
704,1070,1260,719,1760,1846,1530,1520,1607,231,128
596,1532,1557,1508,1961,74,1803,186,14,1913,254
1744,1913,1611,1663,205,163,266,1600,77,1725,399
325,1277,1742,983,1777,1861,120,1642,262,1771,1720
1958,1910,1486,776,1698,1748,1734,61,1651,217,1497
1817,1489,234,1273,871,1912,1895,533,1624,1585,98
619,1644,1080,1692,1643,1595,1851,1613,1096,249,207
110,1104,957,1485,1795,1648,1537,1501,1750,1639,1923
136,199,1478,688,1707,1728,130,1905,150,1799,265
1755,1672,81,1516,1600,135,1520,1496,1486,1395,1780
1641,1775,558,212,1782,291,1753,1755,1610,1730,1625
169,193,1372,1226,156,1263,1782,1905,81,123,1827
507,1776,1566,280,1549,1727,1561,1498,203,1340,1653
1854,1563,1783,1564,1785,1645,1583,92,1568,1659,1644
188,1655,700,1845,1749,1669,1579,1716,221,74,1901
1804,568,1755,802,1686,1555,1723,1215,1580,1641,1742
1587,1690,1673,536,1735,1961,1519,999,293,1971,1945
817,678,1825,700,1579,284,898,1536,1681,1191,1814
1660,1745,198,169,130,1653,195,1095,1796,1632,1637
1651,1757,1204,1368,1752,1655,575,155,1057,1856,1652
233,1907,284,53,1729,1956,1748,1570,311,1576,285
804,1680,178,1772,1733,256,119,1822,1790,1824,159
225,1715,1611,1379,1368,294,1522,1743,1532,1562,1605
1479,90,1732,190,1746,1164,1748,1742,1819,1966,1860
109,1784,1624,1946,1591,1473,62,1502,1628,134,1656
1223,1823,172,1711,1752,1910,1717,1967,307,1834,686
1394,80,1736,1446,1833,1581,522,171,84,1577,1696
1632,1504,1718,1339,158,1599,1572,1714,860,705,1031
1836,1985,122,1685,1798,1679,1906,1604,1754,1682,1701
177,1698,1797,1770,1814,1540,370,1598,1100,1686,1692
821,1583,294,1638,993,1502,169,649,1840,1769,1514
1726,1624,812,133,407,1670,1112,1712,170,296,1841
1770,142,975,1751,1826,1548,1650,124,72,1747,1841
1683,1942,1631,1656,1291,1373,1852,1543,1678,1798,1250
1512,99,1775,1488,1652,1530,1729,289,1809,1604,164
161,85,1516,657,1488,1622,904,1527,797,1841,110
1784,1675,309,1616,1479,1111,316,1853,1071,834,496
1592,1834,233,968,1088,1779,1838,1803,1552,1734,1594
868,1709,1730,138,1822,1678,1514,696,1653,221,1770
1662,1623,300,1387,1689,120,1115,1754,1364,392,904
309,1743,1369,979,13,789,591,170,243,1525,258
1851,1573,1980,281,128,280,96,1951,1495,1780,109
1569,97,151,1547,1548,1742,142,1660,114,1504,1584
1958,1775,1538,1777,1914,1770,1948,272,1694,1840,1542
1780,1945,1510,1696,1826,954,1592,1710,126,1391,1759
322,1636,237,1501,1965,1837,1804,1470,1856,1630,123
1617,1711,1683,1531,1742,1781,1812,1153,1577,1666,274
1587,297,1787,1713,1363,84,239,1473,1831,198,115
1808,1809,1574,1797,1673,1054,1562,1252,1833,1494,1676
449,1536,85,1786,1545,1274,1796,872,1316,1507,198
1274,117,735,1375,191,1639,500,103,1829,1820,1879
1723,1551,233,1719,879,1644,1629,290,242,1640,1556
1743,173,1779,1563,1647,1685,1774,588,1873,1728,1912
1720,1702,1744,1940,1912,271,149,465,323,293,1816
1591,1700,1713,1623,314,133,1737,1590,1980,1465,422
1749,1631,1642,1608,245,1391,1535,1573,1900,594,344
1693,218,1619,1804,453,1478,234,1772,1320,199,275
1000,1905,764,1744,280,1665,1119,1720,797,1818,1794
1758,306,1821,1828,1561,1971,1669,1716,1055,1842,1826
133,781,621,1796,552,1684,200,160,1908,1523,1703
834,1825,346,1631,1781,1532,286,1488,1757,1835,1475
1611,863,1777,260,105,297,1689,1614,289,1973,119
1712,1566,537,326,1522,1794,1728,825,1832,1667,1714
1664,1795,1783,1767,225,1620,143,1542,1910,1588,1800
1628,282,1731,1507,289,244,278,191,1741,277,1632
255,226,382,235,1707,1671,1554,97,328,123,266
1850,1744,1499,1629,1269,243,1795,1770,1630,1643,1871
1973,1722,1569,124,1857,1695,1503,1935,105,303,135
1803,1476,1738,756,1391,245,265,1906,1725,1700,1568
1703,1960,1610,104,1829,322,1818,1263,1940,326,1574
1555,1592,1911,1436,1303,175,840,85,1572,881,1811
824,212,1620,286,1796,399,1763,1823,1792,257,1811
1504,1515,185,1769,1670,1833,1945,1964,1631,1551,79
176,1679,1558,1545,1609,1027,160,305,1699,1905,1595
1690,1116,282,1154,1774,236,136,1857,1946,1366,838
1596,70,1953,1758,164,563,1744,1483,1757,1862,791
1557,1758,221,1561,210,10,1807,1601,1729,1850,1653
1840,969,120,36,49,1670,1699,1698,178,1797,1529
116,1660,326,956,261,1811,135,705,100,1594,170
1784,1703,149,1617,1714,987,1420,819,1555,1727,1597
1687,204,1647,1793,347,1806,255,166,1538,1913,1557
1821,1089,1501,1093,337,1787,1581,669,1593,509,1375
1515,1781,1969,1616,1809,1680,120,1715,1911,821,86
1162,1483,1749,303,1539,1616,1680,169,1213,1489,762
198,220,173,1925,101,235,1842,195,1668,1646,206
1647,185,1502,1184,1658,984,1497,1582,1646,59,1491
125,223,1662,1499,1562,282,142,284,1941,1705,1536
197,1384,1392,1490,1831,1656,187,1651,181,1780,1711
1555,1616,1767,1845,1818,1482,188,1603,1580,503,82
1619,458,1477,275,1561,1720,788,1835,1381,1787,1548
220,1807,647,1894,1713,1757,1015,1321,1154,217,1953
1233,1851,1713,1803,515,58,1564,1075,1909,1711,1827
1721,119,1729,1347,1623,730,1847,1093,884,89,1607
680,1602,1483,1746,1612,744,560,1706,1779,753,235
1595,1827,270,1667,1760,1828,198,1848,281,1681,122
1268,1710,1291,1539,286,1712,1655,546,281,1489,1713
208,1799,207,879,1744,1572,1880,282,1501,181,1616
1675,1527,859,1839,118,1959,1531,1661,1382,286,115
681,1961,1548,1603,1817,1950,1233,1953,1570,1912,226
1541,1601,384,1513,1716,1535,1832,123,1578,1778,252
133,205,305,1585,1694,661,263,166,1599,1582,1712
1662,475,1655,1531,1557,1838,328,1370,1836,149,1541
1596,1852,149,697,1629,1846,1787,1684,1764,986,1702
1831,1768,1771,875,1817,1829,87,1984,1565,301,1970
28,1122,1536,571,1908,257,1332,67,887,1754,1090
112,254,1607,98,1853,277,1286,198,1545,1375,46
1935,1699,1734,1605,317,1830,1502,1671,143,1638,1484
314,200,91,1214,1451,1557,108,1651,1383,1807,1495
1909,168,999,1622,1569,1503,1810,1507,1170,1715,1312
1825,133,1844,629,1631,1760,711,1625,281,1761,1718
1704,193,1832,1585,104,1685,1792,179,1710,391,1597
1767,1679,1628,1590,1620,286,505,126,1244,1310,1551
1905,1588,1854,215,1802,1828,1158,1673,153,1862,106
186,1899,1596,1841,1590,546,102,1834,173,796,1751
1513,659,1591,54,1735,1819,158,1796,1733,1585,154
1102,1717,994,1525,1556,336,315,1641,761,1845,1627
1615,1046,1086,1081,1666,195,1501,1229,1487,1782,1821
1798,181,1401,274,167,1716,1597,1556,996,242,1365
321,1811,1392,1792,1479,126,1648,315,327,124,1595
114,542,102,120,179,1558,1606,1375,1639,1546,174
966,242,1816,1957,1618,1697,256,213,123,1592,1709
1829,1641,1654,214,274,641,1579,1375,1762,243,1805
1910,1922,1829,127,1609,308,1857,429,1847,1248,150
852,1537,1972,259,1782,1578,1913,1580,231,869,1817
1600,1856,1822,1712,238,1728,1561,1545,862,296,1671
304,1732,1798,982,1712,205,1742,1576,1804,262,153
1575,1763,841,1674,250,1333,1832,1905,1691,1523,169
1624,304,1546,1857,1850,1622,835,1016,99,1323,1690
310,843,128,1671,659,158,1727,891,171,1851,156
1051,1483,1957,116,74,806,482,1724,1261,1593,211
1650,1614,168,1851,199,1687,1374,1768,1725,1672,1560
417,507,1546,292,1767,1837,132,1709,1623,1378,836
1820,1538,759,1415,1024,1659,1650,1751,1376,1805,219
45,964,1820,1974,90,1016,312,1490,836,1558,322
1698,1691,369,1603,1817,1385,211,298,1737,653,1516
1776,20,1802,1489,1769,1736,1746,1745,161,611,1022
1492,1778,594,129,1950,1695,1912,1375,1533,249,750
1258,1551,1926,1351,303,1906,1696,1596,1708,1629,1910
232,1559,508,1814,1567,1625,20,1781,509,998,1566
1685,1141,1849,129,1954,1528,128,1384,1751,1494,1752
289,119,1494,1634,1679,1726,302,281,1802,1724,143
297,560,1483,333,232,1503,132,233,1734,1794,990
785,104,879,1771,1168,1141,97,1786,1910,1352,1766
1505,232,1759,224,842,84,1502,1637,1849,1552,1520
1547,1475,1479,1507,1246,1519,107,1896,1581,1259,1691
522,1855,813,1668,1764,1080,1658,1625,1670,468,143
94,1598,123,198,1573,1506,1602,1676,1777,1857,212
1475,1625,1596,268,1566,1576,217,1558,622,1402,136
1922,271,1563,1772,1510,157,1556,85,123,1684,1634
240,1466,1294,1629,329,1567,1454,1840,1735,1115,1856
1702,287,1777,136,1568,1774,65,1092,1659,446,1509
1643,1853,1769,1690,247,1371,1907,1870,1739,1789,1479
1830,1499,569,1494,199,1119,1525,532,1977,274,444
1940,237,1499,122,1383,1723,1391,1589,129,1814,1514
1118,1538,638,1910,1487,720,37,184,114,1576,968
1905,114,1542,1535,1674,1541,278,1651,700,1690,1081
250,242,4,1742,1231,1660,1958,87,1783,88,317
4,1516,1695,177,147,1717,1741,1950,195,1820,1512
1576,1669,1601,787,1677,1856,67,1561,269,1818,163
1719,1631,241,1599,1579,205,587,177,1607,840,1625
1815,1832,1299,1390,1712,135,139,1834,1791,1157,1073
1895,1709,1815,559,1614,1797,1672,1782,1638,1639,92
237,80,1695,1563,1623,1513,1485,269,1610,1666,79
1912,1746,1724,1595,1489,1618,1671,1369,596,1719,1678
1829,932,1889,1497,1830,781,1600,1718,1608,296,1811
1071,1558,1664,1304,1736,1615,219,1503,1660,1551,1831
1373,1626,1606,1852,1384,1670,1234,1818,309,1633,1574
1228,1765,1555,1687,1827,96,1518,1090,1856,1683,306
1673,153,1591,304,287,1097,231,1940,358,1685,1086
1677,1578,1374,1767,782,1691,1532,1662,1643,821,1715
1851,240,1561,722,1774,1073,1475,1820,1211,134,1153
1750,1571,1960,1573,1396,1485,914,1638,1545,1352,1566
1476,394,1711,1508,1640,84,1829,1765,1777,304,1643
1497,1372,1662,1790,1839,1477,1264,1633,1047,1559,1692
1168,1820,98,119,1614,1772,1781,1798,1852,1793,1812
1609,1752,133,1783,1850,1374,1933,1657,143,1734,1708
184,288,1641,181,1829,1619,1617,1525,1686,164,947
1191,494,1911,1826,1814,1516,1599,1559,1769,1811,1697
849,399,981,313,1583,146,1492,800,1354,1573,1797
860,289,1053,1959,208,1947,1742,1581,220,1468,1783
1666,173,1770,1831,1332,413,211,1648,237,1546,263
1500,161,1098,1538,151,1585,1274,1707,1526,1620,519
1816,1749,1356,1649,381,1478,1596,805,1702,14,1836
1599,1733,1536,1654,1838,1851,73,217,1908,485,1722
1376,314,1601,1672,92,1906,1559,291,49,1708,1541
1955,1560,1745,139,272,1905,1790,1783,1500,1786,939
1496,127,1704,704,777,1543,1598,1803,151,263,1131
213,1031,1494,1761,1797,1671,292,522,1853,453,1693
1782,1487,682,1705,1096,165,1813,1854,1664,104,1583
236,263,1847,1696,1949,119,324,1875,1588,1681,92
1826,1661,1794,1668,1741,1501,1754,1798,1489,1616,438
1759,25,1535,93,1729,1951,1737,1857,1580,1695,1837
1616,1236,163,142,1658,1476,416,1969,1850,1602,304
535,985,1926,1502,1930,1701,1794,1743,1396,1609,1776
1740,1831,1719,1495,1680,1905,313,1816,1646,1804,319
1798,1803,1614,274,1609,227,1791,1517,1820,1830,155
1853,236,174,1541,195,1721,1585,1560,1641,1016,1619
1592,1764,1240,260,245,1734,1625,1805,1736,1834,621
1137,1267,1792,1477,201,1770,1747,99,637,229,1780
20,1518,1094,1492,1391,1678,1655,1587,1265,1649,1565
1592,1806,1841,1785,857,1645,246,190,935,189,100
1573,1739,1906,1624,950,132,1320,81,1712,547,1655
684,1834,1974,597,177,1826,1625,1899,1944,1554,1071
1489,1499,1720,1672,1665,1788,836,1633,210,1506,208
104,1561,1716,1772,1748,1539,1834,1603,1731,1678,1497
1913,1607,24,1693,458,1641,89,1562,1738,318,1672
1537,1848,1759,1828,1604,1899,358,1765,1392,270,1631
1607,1657,1860,962,422,1596,1742,1650,1541,169,276
1124,1620,136,50,1810,526,1680,86,179,1617,1912
1640,1536,1790,1781,280,1377,1638,1732,1389,1652,1745
1910,1673,1525,1577,1730,1665,1607,1493,307,1700,179
1833,1657,1486,1959,1873,1806,1632,1667,1658,1672,136
1510,1112,1665,1966,36,1584,1768,1825,1853,396,1641
1684,1587,1154,1820,133,1528,238,1846,1624,1668,1828
1613,1667,1697,1600,1378,1592,1811,1734,1689,1522,1784
1830,1532,323,1843,1696,1892,1621,1876,1777,1612,838
114,323,199,162,1600,1487,1633,1944,1841,1404,1822
1896,173,1177,25,1475,1911,1568,1773,110,122,1823
44,981,102,1605,146,1761,1806,1653,1632,1733,1530
1707,1743,1764,1948,1068,1575,307,1524,1846,1751,1690
1597,83,1071,214,1869,1826,1109,1666,1141,1850,1716
1663,1631,1267,250,1670,1143,1505,1684,1857,1544,1724
1783,1502,1386,677,1721,225,1777,1638,101,128,1536
399,1618,1735,1619,1498,1371,1395,1696,1663,1335,1824
1622,707,1543,178,65,165,1554,1578,1526,815,362
88,1089,126,1383,118,442,1477,1756,1583,307,177
156,1650,1509,1801,1961,25,934,1489,1476,454,1977
1511,261,704,1559,1653,1790,244,221,301,1825,1558
1669,1811,1556,1580,1537,304,1275,1541,125,1654,1097
1538,1705,1550,1717,1596,1671,1823,1811,1151,1555,765
1572,652,1342,153,97,1896,1581,1818,1211,800,1909
1702,1794,223,1492,934,1489,984,796,1850,1778,267
1581,1657,205,268,1764,1608,1391,1850,416,1690,715
1579,1963,1246,173,1114,973,1645,1972,1374,1361,349
1647,1512,865,1788,1604,136,1818,230,1968,1644,1097
55,1834,186,1041,1630,1714,1711,1774,246,1483,115
1657,210,707,1646,183,1541,209,1560,1504,1385,1742
1828,1561,1589,284,1721,1783,192,110,1793,1653,1603
700,1720,304,1598,292,244,1988,93,4,236,1643
1108,1826,1510,260,1517,1499,1761,1577,329,1562,1590
186,1853,787,1722,1894,1475,257,964,1682,932,1370
1539,246,1626,518,318,1587,1275,232,1903,1834,1742
931,1650,1686,1965,1748,1511,1731,1747,1802,1627,1740
1744,805,1502,1367,1523,1683,1628,982,1752,1857,1495
1842,1765,1543,1733,1825,283,1685,1834,257,1827,1849
1635,1496,1845,1771,1579,481,219,1401,1717,1839,457
680,244,1696,1685,1709,876,1714,185,1477,1018,1844
1477,196,170,563,693,1796,1800,1642,1601,1675,876
1690,1765,243,1561,895,1479,1606,1725,1835,1749,1490
1494,1377,46,1646,1814,1926,1812,1828,1846,1539,825
1789,1546,1728,1540,1516,1653,1519,303,1798,1595,1637
1276,1506,1734,1798,658,1627,1744,1900,1574,1572,1485
1629,47,1772,1536,846,1567,1684,1499,1601,1819,88
1552,640,129,16,1677,1538,409,1854,1715,785,794
96,1968,166,900,139,1680,1957,1575,144,954,1527
700,1550,1832,1385,1558,1483,1635,1594,57,1506,530
1722,1749,1525,1796,283,1755,229,1574,1081,1905,1493
56,1558,329,115,68,324,514,1896,139,81,260
713,542,1597,129,1751,1652,179,1715,1559,1586,1810
92,401,1369,1636,76,1361,1612,1728,1480,1545,1597
1559,1827,1762,1844,1497,1841,267,985,1897,1985,1495
215,1834,173,260,1855,1476,1475,1218,1403,1838,1769
160,1832,1713,1601,750,1187,1004,447,1817,526,1365
100,139,1744,1893,1588,141,1635,1549,1565,121,445
1351,1611,1867,1832,1637,271,1505,1908,1562,100,1796
1775,1701,1702,1380,1712,746,1824,1724,1614,1723,1768
1542,1608,687,1512,1591,1657,1776,1728,218,177,310
1708,1728,1031,1544,1387,1722,1749,1730,248,1917,592
1814,1493,1598,541,1659,1823,1682,1490,1763,1602,1572
1482,1781,1088,409,305,1911,1844,969,1683,196,705
295,1854,128,328,1834,313,1277,1383,1806,244,1601
1617,1853,1835,1650,24,206,1508,717,1460,1957,208
1887,1909,435,162,1704,790,517,1905,1387,1510,358
1848,1619,192,455,1783,1711,997,188,1623,1511,1894
1069,84,222,802,81,1628,152,1894,1070,299,1264
1800,215,1547,1837,1734,1580,1613,761,262,1627,1779
1742,741,277,1805,1906,1844,1796,1635,1641,1514,1581
1265,475,1596,1531,276,1981,1709,140,307,1809,1629
1578,1736,1568,1900,1611,275,662,1849,1632,1951,931
1732,1771,111,1384,96,1532,1764,1577,1526,1592,315
1717,1510,173,423,1795,1625,491,328,1552,276,1646
152,1543,1770,1771,1955,293,1552,1968,1383,1816,1566
1387,1633,304,1754,1836,1529,1676,1177,892,1712,1700
1762,1604,1910,1550,1785,1544,1585,1795,1486,1565,106
1688,1850,1295,589,221,1608,290,1518,1855,1783,1482
1575,467,179,1794,237,462,1599,244,1541,1683,631
1137,1624,1622,1705,1771,1935,124,1739,1548,1653,1837
1751,969,159,1687,1679,308,1584,1768,1072,516,236
1671,1566,1673,186,1778,1698,1737,1688,284,1262,1794
594,1783,1674,1570,1596,1852,85,1612,591,1580,1051
1810,1980,167,1617,1238,1491,857,370,1672,144,1651
1510,1579,1821,1012,1825,240,321,1566,1782,183,1699
995,1695,946,1166,1541,261,1659,159,1701,43,1948
1594,213,1579,187,1603,1726,829,803,1754,651,1785
1786,1838,387,1517,1771,1527,1485,1548,1743,1583,1830
1777,201,1842,1835,1171,1251,1787,1542,1609,222,1601
1145,202,1826,1665,1781,1524,1672,247,1093,1840,1656
1664,198,251,189,1641,101,1687,1491,1325,1650,1908
1542,200,1612,1827,1756,1748,1913,1667,1705,1383,443
1765,1513,1815,263,1735,990,1814,1823,1769,291,1558
183,1742,1625,1600,839,1711,836,1544,1767,1905,1729
1808,232,1686,1660,1678,134,1805,1720,1818,1807,91
82,118,1648,1895,297,1574,1708,89,1553,1365,164
1844,289,788,328,577,1942,914,829,1746,1541,1499
1614,124,73,1775,1908,1943,1657,1698,206,1853,150
70,1644,615,1661,1697,1703,1622,1808,210,596,1643
1554,1942,1522,1353,321,1236,204,1633,1907,1543,339
1770,453,1679,1887,1576,1485,1661,1846,1665,1483,589
1625,1522,1046,1749,1222,1365,1839,1599,620,294,1701
1736,98,1387,1435,181,1837,1568,177,84,1853,1719
1523,1759,15,1030,138,1552,1590,1492,1595,219,150
165,692,1905,1909,246,1618,1587,1519,1907,1569,201
1211,1669,579,1159,182,1585,1631,1657,1970,1736,1659
1385,1658,204,1718,998,1514,296,781,1608,80,264
1590,1957,1893,1828,873,1720,708,1910,1198,1687,956
1850,1795,1562,1819,1679,1771,1235,1579,1972,1551,1677
1765,1769,1758,115,1856,624,1743,1948,1621,1560,309
1513,94,1922,23,659,1765,1532,1395,1550,1149,1681
122,224,210,1194,1532,130,134,1851,214,1908,1191
1099,14,354,1617,1833,1508,1498,1622,299,1770,1677
1714,1502,1974,1644,1642,1545,1631,1735,1311,146,216
1776,1854,391,1738,1547,325,218,429,1369,1623,1699
136,1385,221,1724,82,1798,113,1754,1689,1799,1642
1232,1664,1668,1518,1596,1572,1503,1744,1316,1616,661
1687,1973,1648,1473,1013,1564,1728,113,153,1896,1628
1727,1608,1119,113,999,1717,1527,1747,1851,1515,1703
308,1728,1700,312,1715,1543,1832,1571,199,1740,1430
1582,1381,1808,188,392,1614,1744,1823,80,43,1530
1447,1907,1731,1910,1747,325,1745,1722,305,1511,1520
835,874,59,142,1376,1530,1539,1763,1789,564,1686
1539,1391,311,189,1503,1382,336,1190,155,650,1494
1620,1698,1856,645,1555,1556,1673,1571,313,1661,369
1501,1642,1066,759,1703,1760,1611,1738,1340,587,1475
276,190,968,1803,1563,1775,251,1664,1762,1537,1722
1651,1549,1969,553,1650,1551,1908,198,1589,1033,157
728,1694,129,15,1580,1693,1351,1691,1040,1571,1367
318,1236,1615,1813,1563,265,1718,201,1464,1711,1597
1642,1517,128,491,1695,1677,1798,1537,1520,1596,1781
1651,378,251,232,1759,146,1912,1975,272,1588,1845
1847,751,1758,1597,141,1754,1911,24,1755,1003,1354
243,182,1520,1642,1688,1656,1519,254,1767,1432,1679
1515,795,691,1816,1833,1519,1616,124,1491,163,807
1844,133,1495,1652,1744,195,1692,1491,1524,227,1857
1749,1605,1572,1544,1532,627,1708,1585,1850,1836,1124
123,1093,1649,240,1970,102,1909,1716,1527,1947,168
1531,1196,1706,1379,1586,1647,1581,1653,40,1070,1792
1556,612,1609,1694,166,705,1489,1855,1509,1853,227
1876,694,1973,1557,188,1501,1843,165,1757,1784,941
1816,1473,1688,1709,60,1490,766,269,1845,1204,1613
77,1772,99,1596,1601,1693,1829,596,1607,46,1380
1601,1844,1094,1527,253,1660,1593,1685,1726,1467,1711
1781,290,544,1468,169,1795,1849,97,1498,1790,1478
1832,1823,452,1249,1691,1174,1091,1531,1767,1785,446
1670,1532,323,1727,856,1389,1558,146,1621,126,1835
1853,1796,241,1510,553,1522,1624,1638,1682,1681,1821
1524,143,1754,1756,1940,1853,179,533,1958,332,1515
1750,407,166,120,173,1821,1828,89,1825,98,1698
1670,1546,1732,217,1745,318,1664,1942,1677,1809,860
1379,1973,1277,1503,1781,124,1782,1827,1604,1315,932
146,1601,108,1546,1614,42,1483,1755,1857,345,1307
1583,1653,24,1905,728,196,120,1739,1778,947,1949
1674,872,1848,1374,1673,1755,1765,1377,1255,1639,1797
1843,623,1815,1667,1760,1680,1330,1833,1665,241,209
1673,783,1672,1579,1815,725,188,1814,1761,1374,167
1070,1602,1838,1849,1696,699,1632,1819,1616,229,1735
1665,391,1735,1551,1579,1572,1733,1922,276,242,107
172,334,328,1804,1183,193,209,134,1985,147,295
640,1854,316,1502,986,1696,1239,551,488,1004,1368
1820,1610,1896,1699,1539,1643,222,1564,1573,1620,1252
1627,1924,1800,1561,123,1092,1566,53,1747,1772,1592
46,1487,1679,1763,1694,1526,1833,1532,1592,120,1913
1159,111,1942,1830,950,1854,95,1731,1720,1908,1522
1481,268,805,1488,1593,1581,1555,161,929,355,1544
1771,83,642,1671,289,1783,220,1592,1642,1797,300
1739,296,1482,1478,279,1740,114,1794,1477,1651,304
824,1665,1805,1730,1694,797,1813,113,67,1814,1804
1654,1480,1768,176,1732,1822,282,142,1765,409,1481
1832,1663,101,1618,1522,1963,320,1622,1802,1587,1579
1668,1667,1009,1561,1580,1794,1619,209,281,1528,1831
1432,1601,1014,111,1867,1907,1508,24,126,584,1959
1775,316,118,248,1549,1638,1149,171,1586,1608,74
1410,1719,1622,376,1714,317,1565,1501,245,1736,131
90,1526,1109,1717,1675,1505,1927,1090,1604,1828,275
500,1691,300,1697,1677,1845,166,1761,1350,1671,1951
1855,1534,188,1391,1738,1635,883,1909,1569,3,1568
1517,166,212,1537,1967,90,1506,201,217,1492,1664
149,1755,1792,1732,1780,1070,1752,1801,1906,46,1763
1109,1786,153,1442,1395,1595,1938,1509,1506,1636,1784
77,1508,1523,649,1392,103,1133,1843,950,651,640
1674,1655,199,1694,1535,1680,1600,237,267,329,1654
1227,205,700,254,1560,1750,917,1616,1476,1519,142
787,1685,1268,222,1652,1598,1767,682,193,1910,298
1809,219,436,1558,1637,1646,1534,1183,1906,1479,1555
1562,1564,1950,1931,1658,869,1511,153,1758,1675,1968
1839,1753,1319,1708,302,1773,1657,1829,1267,1566,148
1762,1231,1480,31,1713,1617,1843,245,279,1378,1637
1255,1823,1391,1762,1540,1732,1786,1234,1222,1477,1670
1831,1611,1530,1713,1693,1556,63,290,1833,1590,518
383,1581,1821,1678,1523,1657,694,815,1484,1073,689
1772,307,1905,1695,1751,1525,136,1645,275,198,1763
1315,172,1572,821,1824,82,1795,1814,777,159,1640
1886,1295,154,1519,297,66,161,1843,974,1744,145
1540,1499,194,119,137,1852,80,1849,1755,1906,1482
1857,1625,319,1691,1817,102,1626,1767,1571,1797,1697
255,1754,1730,1806,1966,1492,1905,735,1743,1656,982
1848,1703,1808,1722,1687,1658,1619,275,1369,1115,237
1632,870,1491,790,1689,1757,424,1810,170,1577,1606
1631,1833,1725,1561,1680,1637,429,1658,131,1749,132
1901,1314,1224,294,1365,1616,1395,1618,113,1818,1682
1540,1519,267,600,271,128,1954,175,1467,1581,196
746,119,1639,230,1391,71,89,147,644,1725,1231
153,1538,1383,1840,696,1808,149,1835,783,215,1555
1720,1319,1643,895,969,1536,489,1408,1698,1854,1845
1721,793,1643,1539,806,1845,1686,1710,1827,1828,1902
1829,1796,1758,157,1596,252,1739,1642,116,1631,844
1544,1690,1930,980,1819,1681,252,468,317,1596,773
1569,1753,1752,1799,16,1913,129,826,1772,1824,1562
658,1508,1559,1656,1624,1693,1317,1975,1782,1856,1699
1692,1591,1696,125,1562,1634,1380,1731,1347,1840,239
792,1814,1734,121,1813,1691,1673,1480,1623,840,795
1620,210,1541,1133,1755,1475,1338,932,1733,1286,205
1571,173,1855,637,105,1511,851,1735,1707,227,806
1921,215,1848,1690,1852,1383,1902,1616,1709,1769,1555
165,1828,1286,700,122,1538,1648,550,1713,1735,1584
510,1846,1959,1483,1965,225,1795,162,438,1952,1912
859,1475,182,1604,1809,1814,1673,1818,291,1394,1910
1751,1692,362,208,342,1494,98,1746,380,1642,1338
227,1567,1744,275,785,1769,1286,691,339,261,1828
1514,289,1792,879,1218,122,1941,1731,190,1799,1544
133,138,1817,1842,1592,800,1737,1503,327,1667,248
1640,1477,167,937,1783,1834,1743,1956,1489,1696,259
1639,1563,1668,1625,1784,634,12,1787,1748,1762,1812
1829,1478,1833,247,656,1196,596,1599,1546,934,1549
176,236,321,792,1178,1820,1693,1818,1809,1755,1194
114,1576,1593,1712,310,1568,202,530,1743,1563,119
1788,1581,1734,1787,1514,312,1520,1736,223,281,940
1748,1634,862,301,327,1503,1179,1014,1776,185,1621
1487,1837,293,1911,1838,1825,1376,1180,1153,1751,277
1449,257,305,1566,1242,1823,1119,1777,1037,1675,542
1980,1771,160,1604,900,294,1535,1788,1503,103,1804
137,1783,1381,1525,29,206,1538,119,546,1655,1657
311,268,204,788,1616,1635,1664,135,1684,974,1809
1060,1606,1765,1437,289,1794,1683,1537,1482,1776,1513
154,1807,297,1684,334,1907,103,220,1781,241,1596
1743,1651,1690,1551,1641,1660,1813,759,1821,1895,83
1822,1593,1030,1681,1941,1504,1743,1792,949,205,1375
1728,881,1627,1649,1793,1479,1817,1912,1717,1345,1810
1718,1556,309,1608,711,1619,1788,1651,751,195,1620
1754,1710,1346,1020,1680,1789,1763,1844,1518,1190,1568
480,1119,281,365,1575,1793,1717,1734,1673,1621,1776
292,1633,1522,210,212,190,1545,1778,1575,50,1964
1664,1726,1528,1838,313,157,1843,1522,31,183,832
