640,1793,523,234,1550,1178,280,1475,1613,217,1811,1365,300,1733,1433,1669,1612,1501
1773,1613,1382,1158,176,1790,1396,1938,1555,1857,1656,1805,1622,1475,307,1540,180,1387
1577,1921,1527,1730,136,1661,1759,1744,1177,1482,125,1792,110,215,1616,1802,1911,1507
1816,1711,265,655,223,1635,1758,106,1616,1712,183,1569,1681,1836,1705,1583,1818,128
1799,1834,1829,518,60,1491,1648,1538,1581,1735,1713,1793,1485,1808,1762,1513,1839,1501
1326,1930,1532,522,1758,120,1683,1610,1679,1559,174,165,1818,475,629,1247,281,357
981,1733,296,317,790,1831,200,1593,1588,1555,1953,1597,146,458,137,1797,1341,264
1698,1704,1848,1735,1829,87,1766,538,1469,1846,780,1325,316,1387,1732,1619,40,1
1703,399,704,1556,1757,1678,1582,1006,1518,663,1571,219,1771,1504,1742,1507,1948,1562
1700,1670,1904,1703,219,1504,1694,1632,1562,1262,1575,355,1690,1775,1756,1777,1640,1718
1625,1527,419,1675,1777,1071,1667,1529,1706,1536,1685,970,815,1666,202,1649,1542,190
1330,1571,1793,1260,1769,1690,1475,1597,845,1647,1833,782,1778,1043,992,1244,1701,327
1753,904,1762,1609,219,187,117,274,1572,1683,1679,1107,1864,1383,1776,1792,554,1744
1765,1533,1662,1667,1597,1052,1726,1702,1561,1936,1717,677,1692,1566,128,943,1069,1728
1967,1506,235,1649,268,1555,526,1773,190,1714,1896,1835,1764,1580,807,630,1757,1819
703,577,1553,1668,1644,1550,139,1814,1679,1704,867,1529,1827,1853,194,1680,1601,282
200,1752,1375,1953,1681,663,1727,164,1740,1725,1477,1704,1379,1737,250,1533,1821,1826
1817,1669,1499,1771,1380,1573,1754,668,89,1262,1704,199,119,1714,1731,1491,1595,1543
1675,74,1579,302,1758,1781,182,1714,1365,226,1641,163,1784,1621,820,1892,313,1377
1100,1788,135,271,1745,1763,1650,1354,1672,1656,1779,1727,156,1482,938,1924,1582,1850
326,794,1502,1778,1478,1504,1824,98,1583,1748,1562,1645,1513,1678,718,1657,49,1102
1499,1940,1742,240,1067,199,1648,1905,510,1959,1577,1885,1810,1313,1808,784,278,135
1814,1868,1491,1673,1541,1806,1784,1573,1057,70,1820,1954,1703,1829,320,1511,1566,1628
562,1688,1326,1797,898,1574,984,408,1852,1697,1639,528,117,218,1577,127,194,300
1850,1508,1741,1582,1854,240,516,309,1663,1740,1681,1211,881,1848,1771,176,1536,1377
1730,1721,1946,1826,185,1803,840,1116,1605,579,683,208,1692,1479,1626,78,1849,25
1430,126,1393,177,99,1677,1924,1576,1836,1730,1822,1154,1649,1734,1191,314,1676,1527
1757,205,944,1776,1638,1236,680,1498,783,1792,174,1513,1826,1683,649,277,1181,776
922,278,1860,1895,1533,1752,1497,1583,1477,1551,1781,145,1566,1489,79,1508,1688,933
176,1251,1721,141,153,1782,843,107,1909,1908,1530,895,1506,1601,1790,1479,1960,367
1663,1681,1786,821,1831,1836,316,1835,1802,1811,209,124,1799,27,1678,1758,1747,1834
981,281,1733,1817,178,1502,1642,1637,1580,1524,1693,1758,1483,1552,1551,1491,1544,1382
1494,192,1617,1561,1530,1726,1374,213,755,1619,1651,1740,1632,1539,1922,1691,325,1566
1704,185,180,1675,1510,253,1527,1734,1971,1830,946,1498,1705,1600,1604,1725,161,1792
1759,1526,219,806,199,1662,1655,1639,1779,1704,111,298,1974,156,1667,1814,1586,130
1629,1851,1646,224,1951,244,143,1935,1492,1557,1650,163,1736,1638,129,181,1806,1453
1657,1040,1702,1906,1913,1686,1801,1089,1936,145,1234,1774,1372,502,1814,1620,1508,1478
1835,1396,1653,1806,1523,1677,1235,1729,1605,1678,1760,1771,1174,1659,1160,1824,1374,1880
1640,1500,1482,158,1871,262,202,1164,433,1543,1854,1369,1675,209,1803,111,963,1601
519,785,1523,145,529,270,1687,1560,1858,1543,1544,1853,1978,1503,1179,1615,1620,1469
1612,152,193,225,1858,1788,273,1734,740,1335,1785,1307,1507,60,1593,526,323,1638
1504,1336,1800,1775,1547,1841,466,1535,1743,1566,1845,1762,1739,332,1851,233,244,785
238,1848,1646,210,1396,24,1787,931,1744,1925,1542,1487,285,1517,1912,1379,1637,1812
1354,1773,1674,1627,1597,1716,1845,1070,1583,1554,269,144,112,999,1820,1341,278,1539
1698,130,1563,1710,1809,1635,183,1593,1588,1820,1770,24,1657,1070,1686,1783,1650,234
1730,320,1277,1535,294,109,1561,1810,1591,312,242,1567,1094,1366,1838,329,364,1857
1541,1705,1680,321,1712,114,260,1373,313,1763,1380,166,1665,1896,1498,1662,1478,1808
82,122,295,212,1381,1500,316,324,1338,1663,1671,1799,309,1560,1832,1736,1948,40
1495,1376,241,1475,1245,1665,197,1581,1817,1949,1106,1661,1608,1943,1780,1410,1473,606
1541,1771,1651,932,1689,42,280,1728,87,371,246,1831,1484,1517,1972,1768,1660,1645
1548,1701,1014,1604,1521,1282,1596,171,1825,1743,1593,1658,1500,317,1822,1685,1800,1487
1795,1526,1906,1479,529,1542,1474,1466,854,779,271,1701,869,224,1242,1762,1934,1043
1568,1803,1380,1295,1671,225,249,1717,442,348,1857,1806,1598,1846,1100,228,1849,124
162,329,1618,1605,1626,1540,1952,117,883,72,159,1842,1274,624,1691,1192,1762,1893
1482,1686,1525,531,1263,1318,1907,696,1681,21,1635,708,1684,1792,90,298,1553,1558
1831,908,118,1514,1547,1444,203,1952,248,1070,1815,1500,1569,374,1595,979,1702,1679
199,223,161,116,308,782,591,1640,222,1562,974,1664,1827,884,1337,142,318,1644
1638,1738,1811,1596,1653,1754,1721,183,1635,1214,576,1758,594,1813,1801,1483,1669,1680
292,1745,1326,518,1565,1607,1100,326,170,1815,471,1896,1595,1548,117,848,1820,97
1627,1637,1597,1709,266,1554,450,1546,1216,199,63,119,1613,1600,989,126,1547,1686
1950,1604,1650,1753,1679,1170,1510,1483,119,1503,1615,97,1627,221,159,1898,1861,153
1564,174,1608,1860,1661,1003,315,47,1679,1319,603,233,154,1836,1607,972,1970,1514
87,260,20,1488,1735,1706,100,1679,1765,297,695,1707,1763,1396,1532,1702,1622,1846
1639,470,1572,663,1695,1855,1754,118,1522,1499,570,1963,1852,1581,1599,1535,1829,861
1752,1742,1809,1983,1071,1844,1722,1726,824,1586,1367,1954,900,462,1093,966,1515,1567
1348,1811,298,1652,1531,1604,1582,1847,1365,1495,1966,315,1397,1632,237,1649,1551,187
1351,1685,1572,191,1612,1529,1830,1527,1647,1676,1497,287,1821,1639,819,377,1875,1844
1603,1527,1687,1270,322,1876,1711,1967,1394,415,1830,1522,1489,1655,290,1623,1558,1482
530,1670,1591,254,1590,1669,1907,1850,1853,1844,1657,1857,1521,1502,1562,1752,1646,1832
1258,1527,221,1408,1632,1531,1313,243,92,843,1479,1910,1600,1663,1700,1048,1221,1541
1956,1605,1535,840,1618,1791,1320,1906,1529,1730,1843,1823,162,272,1792,1824,79,1697
110,1490,190,326,797,195,1203,1391,1688,1507,317,1309,138,1659,1679,1645,1542,154
1805,26,325,1832,1671,1513,1495,1438,1910,1746,1761,1791,1668,1605,201,1592,1567,1572
1946,1913,1733,1636,286,294,1685,1538,1711,1393,1580,529,1051,834,1496,1769,114,255
227,1813,1332,1688,800,1478,1090,1606,1180,1313,245,1582,203,183,505,1642,1487,215
1332,761,1694,1584,847,107,1660,1964,1544,1666,1908,529,1590,1825,1648,1743,1096,277
1724,1587,700,1829,1047,638,1566,1468,1379,1755,1209,1977,1782,208,1685,1226,1554,1957
931,221,1905,1689,1227,1848,1791,1677,1831,1892,1484,1635,1542,1607,1663,92,1871,115
97,1784,1719,167,606,1475,245,62,1394,642,1329,91,165,1703,316,1898,1855,1956
1714,182,1538,1659,1764,576,605,581,1296,1606,1644,1753,1612,204,1045,92,389,680
1906,250,79,43,1706,1368,93,1595,1685,153,1907,1808,1852,1644,1703,1499,1789,1475
1808,1578,1921,1066,1521,1758,1847,1685,840,1730,696,1688,1829,280,249,80,1391,1381
1061,1739,1621,516,90,182,1524,1692,1975,1565,1841,1069,1808,222,1550,1668,1715,1475
321,1594,302,1615,1817,1667,1189,1523,130,1035,1631,1696,1572,1668,1746,123,1890,1818
1762,887,798,109,1754,1598,1562,1721,771,294,303,929,1689,1708,773,1670,1801,1777
1575,1807,1789,705,167,1894,1517,197,1396,680,1590,1670,1856,118,1742,80,1762,898
480,1931,1622,149,1730,274,1783,1968,1851,222,275,1620,762,425,1838,1496,1641,1711
1547,1680,1727,1675,319,1294,1897,1839,1762,110,1907,1641,1681,317,1713,1857,1661,244
1647,305,126,1704,1669,270,1757,1156,1729,1829,1754,85,464,1711,788,860,301,1940
229,1100,130,249,1804,1378,1345,156,1499,1621,503,1844,1714,1571,1908,1331,937,863
282,1720,1737,1546,1741,218,141,1484,1731,1665,337,1855,1329,1788,142,1766,1582,240
1847,113,1084,1540,1656,469,1371,1842,312,1912,1024,1061,1571,1231,1070,1684,145,1648
1632,273,1653,1761,1089,1637,1640,1440,1583,639,1815,1847,272,290,216,1262,1667,1798
500,1568,1808,1505,1483,1537,1561,316,1660,105,1941,1837,1839,1840,986,450,206,1743
1320,1835,1765,1802,1657,1536,1539,1557,74,1809,139,1618,250,1954,96,1797,1913,207
521,1657,318,1680,1535,1765,1541,1590,1642,173,1410,1484,1800,1853,482,1503,162,972
461,229,1507,1798,1259,1781,1213,1106,1736,1353,1763,1521,1505,1954,471,1733,1560,892
1497,302,1597,1252,1816,1845,642,1856,1811,1815,1510,1836,1107,1555,537,333,1512,252
1579,1636,1667,172,1963,1840,1841,969,697,1958,1838,22,1490,1349,1855,728,1712,1508
1713,783,1590,1853,1850,290,192,1509,1953,1675,1604,1754,1568,1988,1637,1497,1489,1691
1782,93,1713,1500,1736,1616,739,1737,1564,1645,153,1953,980,1529,169,51,1649,332
1726,255,1319,1669,1844,1541,1686,1387,1685,1799,1822,1696,138,1429,13,311,640,97
1690,1527,1566,262,1646,117,1515,1510,308,1630,194,1535,1819,1103,1850,1712,240,1465
185,1713,1819,225,291,188,1848,1733,1525,1612,702,1748,1536,1828,1526,335,242,1600
197,1764,1725,1480,1653,1279,1684,1826,1013,1524,355,1799,167,1639,1699,1958,1179,1810
1608,261,1139,1606,1720,1513,1781,135,1814,1503,1724,1620,1922,1676,695,1657,780,1968
1611,168,1724,815,1694,1734,1830,5,214,328,1706,1841,1834,1243,1711,1910,1740,350
1721,1602,199,1548,1486,65,266,875,153,1500,271,1591,310,1600,138,1697,1046,295
1635,261,1693,1909,1245,254,232,1032,1895,1768,1608,1587,1618,1931,291,1954,1772,1884
258,1222,1734,246,1806,645,1514,1601,1031,1839,1543,1736,1713,1525,226,987,376,1620
1082,1332,237,1520,1667,1796,291,1475,1251,1713,1756,1019,1396,1744,1819,1748,1906,1505
1810,976,1696,1735,172,665,1201,186,181,1772,852,1567,1494,1848,986,1161,1533,708
1641,1763,1728,1395,230,1017,1788,815,850,1720,158,1696,1643,318,1751,316,1662,61
1628,598,1267,175,1767,120,1059,1823,136,1383,717,1530,1553,263,1679,487,1603,327
1681,1786,1590,1568,399,1906,996,855,122,193,1760,635,1851,1475,1579,107,1693,761
711,253,1462,1602,1705,1685,1837,1748,319,1785,1305,1505,274,1723,266,1635,1906,1891
130,370,1672,1764,218,1592,1667,764,1724,1308,1508,1781,959,1605,1689,1731,1598,1580
1162,870,1718,1763,1639,1394,1581,1907,584,1768,1778,209,1509,1072,1653,1843,221,596
1625,1129,146,125,1839,1893,1086,1115,114,1606,1686,1388,108,1750,296,192,411,1068
1684,1649,1800,1508,1875,1825,1753,1693,1490,208,1480,874,1938,1621,1359,1960,842,1797
1227,972,1587,220,89,1690,815,988,1631,253,1186,475,1615,1607,295,460,221,104
1536,1701,1437,1800,686,216,1807,716,1793,1676,1498,1949,1574,1668,15,1480,1561,202
103,1552,1588,1802,1566,177,1708,1803,1792,115,1593,241,1235,1383,13,1746,322,1773
1568,1541,1090,605,1567,1628,1171,1809,1766,1607,237,297,1345,173,259,1947,1658,199
1834,582,85,1564,1601,116,160,1731,1789,704,1648,854,1602,1092,1857,1622,80,1576
781,137,1830,1854,1483,233,144,790,246,1906,813,613,1777,111,302,1838,1358,188
121,1488,1705,1722,1588,1498,1656,1176,1750,1521,1810,1781,1767,329,1623,88,1542,184
1599,538,158,1630,192,1069,248,1542,281,1510,1633,282,1914,133,1646,1639,1578,1804
14,633,1669,1610,1949,213,297,1019,1546,1503,264,1850,1842,196,1635,1513,1495,69
1906,1543,238,277,1274,1842,1491,1699,1587,227,159,1905,1804,1790,1476,1353,1600,1788
1693,1492,1389,1760,1973,1741,1972,1674,1905,161,1370,117,1618,97,1794,1745,1772,1589
1762,1252,1718,1854,306,1566,1674,597,1520,1860,20,1347,228,1729,313,1830,1650,1913
260,1547,1660,228,1736,1214,1540,1724,1740,189,1913,1218,231,1544,1548,1571,745,1973
1602,651,546,1610,497,508,537,1538,1849,1525,1980,1636,1552,1844,1894,1625,1832,1492
1542,1502,191,399,1375,798,299,1926,1624,1856,1620,1241,239,1707,1779,1687,1752,1537
1776,1512,997,1576,1641,713,1369,86,239,1541,995,783,556,1570,1486,162,1520,1136
292,299,46,250,1836,1771,706,823,1713,400,1391,1681,1725,1637,194,191,1492,16
1007,1623,1353,1847,1639,138,1705,1542,1749,1766,1174,1491,490,1272,1975,372,1787,173
1582,1649,197,1690,1667,1477,119,1697,1153,207,1544,1597,1742,1903,115,1622,1740,1633
1774,1549,1632,1679,1702,1659,182,1823,1669,232,1849,1318,1581,582,1576,1024,1709,1838
748,146,257,1708,1618,1072,1759,410,1515,945,1524,1720,1696,664,440,316,1675,1802
1541,1805,1795,1763,1636,15,1664,1554,1661,1613,1396,1988,294,1853,173,1906,837,1096
1925,1722,1509,1564,1778,1748,1752,1594,1390,1496,1517,1201,1684,1572,1568,461,1780,1602
178,1732,127,1854,627,76,1492,1501,904,1473,1742,1981,1580,1547,1618,1513,262,276
1507,125,1777,1402,1946,1848,188,1488,1822,1270,518,145,1069,1721,1576,1906,328,1223
1815,1372,1563,43,255,1512,327,1775,478,509,1909,1732,1645,1668,53,1569,1782,393
126,544,1475,1770,1487,279,867,1731,1662,319,1073,1840,1793,1566,1699,850,1946,91
1973,1607,1851,1667,1616,497,510,1475,1375,1829,1541,71,1101,1821,308,1727,1830,1787
1660,1814,1478,389,318,1852,1181,211,1296,1671,479,1698,276,1538,701,1851,1339,61
1833,1250,1475,1974,1746,1650,1518,50,583,1592,1687,243,783,1602,1449,1525,1754,1176
1507,1617,1599,1760,700,1216,1681,1064,1875,1656,1564,1773,1786,607,1676,1822,1809,1320
1558,1815,1833,1650,67,1715,1835,697,1684,1753,1748,1625,253,1492,136,1615,1562,1785
195,1783,1606,993,1566,156,1679,1392,559,270,1754,1761,313,1832,1732,1745,181,1791
323,1591,853,1723,1740,791,1438,581,1856,288,1719,564,1787,1638,1162,1567,1566,1235
709,1412,1852,393,1732,1686,1790,1924,271,1635,1699,1499,583,303,1642,1655,1662,1536
100,1933,1587,1745,1905,1893,1756,491,1580,1392,1213,226,1677,1583,158,1803,1586,1493
1600,1693,1357,1681,851,1490,1606,1386,1905,1258,233,1732,1951,123,1816,1710,1707,204
1545,1643,297,1785,1755,1502,1965,1672,1063,1669,1725,1551,1718,1522,1890,479,1692,1714
784,1734,1825,1553,164,1656,1822,223,1775,752,1744,1585,1665,849,1793,1623,1498,1600
515,1583,1659,1539,1543,1703,1511,125,1249,577,1191,569,1557,1645,1775,1664,82,207
1699,1825,1639,1513,311,512,1842,1953,1258,1681,1815,1560,1944,1812,1372,1632,1654,1666
1533,255,1478,1109,1368,215,205,1505,144,1585,1774,307,68,1564,311,1686,1735,1731
1611,1558,1486,934,546,1635,1912,983,1628,1578,1365,1586,321,1652,144,178,1328,89
13,1391,1525,1973,1560,11,251,1722,1911,1849,1017,1833,190,1482,246,1738,1269,781
1627,1493,1386,1827,1479,324,312,973,1601,1491,240,1311,1776,1651,897,175,1681,1711
1483,1818,1645,1536,1698,263,410,1684,181,1797,1940,1648,1846,422,731,199,542,1570
1598,192,1853,806,1681,1953,632,665,1513,298,1679,1799,1536,1610,1685,1529,1932,1660
1621,50,1637,1514,1708,804,148,1524,281,1607,1638,499,102,1486,1769,1574,1725,1715
1617,170,1073,1821,708,1758,1659,1571,1748,1539,283,587,1698,336,1384,380,1191,691
433,105,1825,1680,1544,1017,1716,1965,1777,1555,1387,1767,1835,128,322,1648,1671,1754
1574,1745,1679,682,95,1569,1267,833,1801,1505,1811,1511,1753,1117,596,1691,1608,1553
1816,233,313,1699,1540,1642,1791,1192,317,1477,1680,1439,1905,575,230,243,1500,1604
1946,1708,1618,39,322,986,1758,518,114,1494,1844,1729,317,1739,1975,1576,126,1761
1783,1728,1492,1817,1062,255,754,1521,1559,1495,181,1870,1395,1570,1274,1679,1530,1542
804,1577,56,1609,1768,700,133,92,1599,1696,1783,1745,1202,707,1494,732,1645,1659
1629,1584,1098,627,1744,405,87,1838,140,1691,1739,1649,374,1672,364,1774,1708,1586
933,977,1292,1484,1657,1818,1735,1690,1708,1578,1056,321,1411,253,1585,1655,1764,1527
1557,1613,1641,1826,1683,1733,25,1970,1842,1055,1761,1850,532,317,1535,1832,1804,1730
165,1628,1672,1810,156,310,210,1665,287,60,1780,1254,1722,1524,1658,1378,1745,574
1515,1591,1646,1603,1728,1126,1754,1655,1610,1736,1783,1656,1652,1965,1917,1365,238,1794
1495,1481,1619,1692,1572,1778,121,572,1832,1378,1950,1734,1243,1961,280,1748,1070,1639
1596,1911,1679,1684,1985,1707,1622,1482,1955,287,1818,1570,243,1632,1601,1657,429,1926
516,1713,1115,1846,101,1654,1782,1705,86,1625,292,1704,162,1682,144,1597,1695,1392
412,1854,1745,1288,1786,1489,618,940,605,1534,1557,1130,1721,942,368,1907,489,1071
1895,1841,204,1599,268,1780,1506,1756,1743,847,1492,1540,552,280,489,1177,1727,1742
1839,1607,1677,317,1746,1559,1718,1802,1663,1629,1380,307,1709,1602,326,1652,1654,1849
1861,1774,1769,1688,1756,1545,1595,1571,1737,1215,1780,1897,152,122,233,1800,1744,1686
529,1956,184,483,58,1706,1844,1813,1513,1524,1682,1691,129,402,1624,1763,1857,280
1386,1857,261,332,1496,1579,1705,1719,35,147,1569,1681,546,285,1866,1970,1488,1784
1777,1530,1687,1559,1682,1035,1503,1659,138,1657,1493,943,168,79,1476,1774,1642,1279
1387,1720,1595,1512,1500,1602,1750,274,1376,1624,1734,113,158,1961,1749,206,1643,157
1926,1601,1547,1770,1218,1653,1674,247,1590,306,626,1738,1850,226,1683,1623,1544,1550
62,892,1616,1738,1711,1613,1802,1628,1365,1911,1555,1948,1537,226,1632,202,1766,116
1619,1479,1520,1613,90,1476,230,240,1714,1482,478,1638,16,1580,1515,609,1955,217
257,1365,180,198,246,1537,1846,1721,1784,139,479,45,1550,1783,1812,1756,1576,1372
1555,1813,568,504,1613,1049,225,1697,179,394,313,1742,95,329,910,1799,1544,1500
1651,1712,1896,1772,1603,1523,86,1654,1762,1533,1549,1746,998,1592,1513,1908,1784,1813
696,1574,224,433,763,1303,215,1503,1902,1693,1643,1720,1683,1678,1640,1636,1540,1558
1674,1695,1293,1492,1610,1522,1794,1659,556,1850,1685,1579,1251,53,1734,1771,157,1739
1788,1834,1592,1894,1954,1705,1542,314,1670,58,1638,1845,884,1540,308,1568,1577,1764
1624,1627,1630,1508,119,1835,1369,1932,242,1596,172,1482,863,1581,236,1619,1279,1665
1658,1525,1910,479,1774,240,188,990,1552,755,128,1518,111,309,1776,1236,1253,1387
111,1153,1369,1713,1795,1635,1523,1759,1822,1591,1832,1543,992,1656,1571,1519,1288,1567
1477,634,246,1785,1718,627,1479,1826,112,918,134,1616,1940,167,1258,177,1396,1860
217,194,735,1656,235,1509,128,45,613,1894,247,1692,1790,1527,1784,156,1780,1605
1684,1775,962,25,1818,1702,157,858,1520,1356,522,150,1737,641,469,229,1567,1807
1624,1645,1483,1063,1551,77,265,538,1767,1910,1653,108,1538,296,1069,699,142,1769
1390,173,1774,1616,1651,1648,1566,1864,132,1695,399,208,16,1268,43,1726,143,1742
520,1797,1215,717,1662,1393,1654,256,1845,1953,237,1826,1820,1505,279,1781,700,1561
1588,242,1556,1654,243,1760,205,1688,1838,1748,875,1951,1969,1770,244,1662,1971,216
323,701,1922,579,1617,1649,1698,1536,1656,1829,1098,1190,1763,193,1802,191,1602,1505
339,987,244,696,1523,84,738,1764,538,705,1601,1574,1579,1662,310,177,1807,1634
96,1799,1765,675,1769,304,1494,1845,1735,1603,602,1499,312,189,1719,110,1778,320
1906,1857,1837,1586,328,1722,1743,1582,1574,1739,1774,1708,627,1486,1594,1241,169,1727
1805,200,1837,382,124,771,1594,1958,1560,157,1765,1902,186,1672,1579,236,1644,1482
65,1493,754,1769,89,223,1816,87,155,475,1720,1554,77,1672,1612,1955,1390,1534
184,1081,321,1843,147,1543,1550,1649,1605,1779,1591,874,1760,1545,98,1374,1739,1738
1749,63,1757,1637,1560,235,1845,238,1648,74,476,1538,820,1892,1623,1758,243,1688
1700,265,1590,1827,1187,786,1975,1828,1522,1718,964,1503,1523,1683,1633,1679,1674,766
1375,90,1685,202,1774,1343,780,1753,1756,229,1519,1815,1803,1594,1520,1227,1488,385
1691,1761,1168,107,1702,1844,1707,1820,456,1570,1541,1798,1636,1752,1603,460,38,1677
262,1565,897,1755,571,1772,1771,1668,1824,1744,1498,1687,1030,1696,1589,1639,1743,1563
1391,514,1857,1844,1704,139,1519,1505,1615,1734,1654,1678,324,1962,1731,1529,1947,1511
1497,1071,1549,1894,1623,1951,229,806,1905,1970,1092,1806,1641,733,608,139,1543,1570
367,1750,1917,1731,118,1520,1662,222,1611,1562,1544,1471,1490,1746,1578,503,50,1973
1635,1575,127,306,1194,1678,997,1491,274,1718,1795,1962,655,1146,1805,716,271,1941
1563,1776,953,1714,1487,1519,1607,1815,1602,1772,1546,1975,458,1390,1833,108,1838,300
1734,1672,1481,1122,1597,1757,800,942,169,1523,303,1643,1680,1784,1537,1585,1483,1810
1740,978,1071,73,1658,292,289,1572,1642,1856,1543,1573,1691,1690,1693,1768,291,1585
154,1558,1162,1816,249,1769,893,825,1501,89,1734,1727,45,63,1667,172,11,209
1939,180,1687,1032,895,1582,638,488,105,1548,1489,1557,450,1539,1576,1514,166,1726
1807,1683,1092,233,285,24,1475,1726,1747,91,1826,1649,1753,123,700,1762,199,1634
153,1729,76,252,1937,28,972,1685,705,1535,1739,1708,297,1638,274,1634,484,1395
1375,1502,1488,802,139,1850,1754,1395,208,1780,1743,1518,1480,941,1041,83,1600,500
1759,1783,1686,1511,114,752,700,1973,749,1635,1778,65,1648,1876,108,1780,1732,1692
936,1584,1953,1394,1644,1292,1490,1694,1381,494,1514,160,1565,1590,600,1913,1558,1837
1755,198,786,512,1826,177,165,1971,299,170,1682,1717,1558,1557,214,705,1637,1448
879,791,1754,1839,321,218,104,1394,1525,1815,1635,1584,1768,1378,1489,761,1647,169
1846,1868,344,1591,137,1564,228,203,225,1603,1534,806,1307,245,173,517,1803,1899
1780,1813,1777,1788,288,1529,1564,1496,210,326,1333,186,122,1587,1385,1228,652,1480
250,1649,1913,1906,1320,1764,1585,175,1816,1663,1125,1765,1840,1911,138,126,1094,1703
1725,927,1680,1952,160,1500,1313,1842,1599,1781,1487,303,643,1596,329,139,1652,1337
481,644,1600,235,13,1772,45,1395,1021,1846,363,1530,1350,798,1602,954,1575,1614
185,1712,1003,1855,1641,1759,319,1735,1637,1494,1774,1547,1490,1787,964,259,1685,1568
1669,323,1575,387,1626,815,1539,1091,1574,1603,1713,126,1576,643,1617,1830,1806,1785
966,1947,1733,1598,1848,1286,1892,1017,1777,1690,1762,95,216,245,186,1699,1794,1683
1674,1509,1736,1773,1499,1355,1476,1489,274,1683,1896,1743,1800,437,1792,382,461,1911
248,1560,1766,157,1805,125,1706,279,1524,1711,263,1582,1714,1620,177,324,1679,1712
84,1721,1773,1845,1852,1782,757,1609,1546,1660,298,293,1725,1184,1572,1656,279,732
328,1486,1488,1489,518,1733,210,1803,1207,315,1383,1729,1849,155,1524,252,1233,1523
1840,1730,324,1675,963,1477,210,552,1308,455,1135,1250,1633,1753,1380,800,1570,1683
286,1847,1521,214,1852,1313,1647,544,1808,1853,1579,1497,1688,1700,216,1558,1757,1479
596,1304,1620,247,1831,1642,1721,305,1632,171,1360,743,1153,1550,1640,1552,1970,1841
852,1670,1697,1650,972,483,1966,233,1587,1653,1483,1727,1854,1742,1494,288,1652,305
1620,1708,190,882,1520,1690,112,1614,865,1899,316,1692,1751,1643,328,1556,1973,170
1629,1804,1831,1950,1113,1947,1598,219,275,1573,1734,1479,303,1680,1612,156,1847,1215
170,1749,1801,282,1714,640,1607,990,93,1807,1702,1391,1505,628,1380,1532,302,1215
765,1521,1493,145,1907,1392,1520,1531,1565,1546,1716,677,1573,1730,1502,1499,1774,666
1515,1381,701,1630,1682,1509,140,116,1482,86,121,1582,1847,1528,847,1752,1659,840
1847,1255,1514,1595,1572,680,270,1691,1773,1807,939,1843,1111,1680,195,783,1099,296
71,955,1473,813,1585,11,1557,1511,1647,1681,1802,997,1817,1560,1629,164,126,1550
1474,1812,808,979,1565,1723,1697,1394,228,123,1563,1787,1553,1489,1517,576,1752,1094
1719,761,1803,316,411,1514,1662,1946,1499,1551,201,1832,1523,1854,1692,235,89,1498
1731,234,1592,137,1490,1611,1624,1761,1851,1626,263,1678,92,1745,163,1786,1755,80
653,1566,322,1832,323,130,1786,1525,1574,174,244,141,1582,1628,1687,1776,1635,393
1813,136,1069,1685,1475,1218,141,208,1746,155,1588,110,1707,1626,1526,1710,120,170
354,1814,1585,1753,290,1820,1749,1305,457,834,1075,1626,1572,1773,1030,307,1650,1770
256,1752,223,1769,286,1499,1624,664,85,1590,1623,1857,996,230,1755,1970,1756,1792
1850,1356,1616,1853,317,781,1650,256,1811,1708,1218,1804,200,1796,1742,1802,1669,1777
904,1647,1683,45,1667,846,1574,1503,1837,1584,701,1739,1924,1717,160,710,1111,1809
722,1667,787,1712,1584,238,1334,1669,699,746,1556,1833,1303,465,124,1658,1621,463
874,245,216,892,66,1509,1574,135,1325,1669,244,516,207,1008,1814,1721,1649,1911
1785,1287,1783,1822,1625,1793,1122,1162,1595,1618,203,1808,229,232,1613,1672,1663,1750
1080,1508,1673,1223,1855,1913,1856,428,1850,1844,1640,1940,1254,1857,763,1558,162,845
738,1652,1732,300,1376,99,1682,1504,163,721,1633,607,486,1804,1809,1760,1781,1976
1625,1488,584,1695,142,1621,1649,283,352,1395,1693,152,57,1571,1647,1542,1222,1960
834,276,992,1908,1702,1582,145,1836,872,494,673,1831,1075,1535,1577,1640,1630,1716
1701,1725,1774,1973,1706,1712,73,1794,1606,174,1274,230,1844,1520,1607,1561,274,281
103,1710,1773,1497,167,1542,1052,259,1739,1704,1525,1531,186,1777,197,1539,1795,1946
261,1710,1962,1495,897,1520,1788,1769,1551,1658,1577,1792,1803,1631,168,1500,1702,259
1979,292,1482,1667,1565,1716,1573,1541,1967,1642,1856,1073,1770,1906,201,593,1724,391
1833,1857,1828,1830,1383,296,239,1760,173,1975,1705,1600,98,249,941,1795,887,141
1730,1314,1629,987,1649,214,1479,1773,16,129,1599,1673,1586,1683,1562,276,1676,1856
72,702,140,1713,169,1177,1667,1773,1566,641,1233,1710,153,1624,294,1525,1721,329
1499,988,1744,1622,205,1519,228,281,308,1799,1741,1808,307,1552,729,1660,236,1974
874,963,1587,145,1885,1822,637,1733,1731,1823,1628,162,1947,1794,1589,1390,1851,1503
1510,1822,878,1479,1340,910,1481,1589,1606,1522,1793,165,175,1322,1637,1677,1512,1829
155,1536,1100,1480,1975,1545,151,1763,1672,295,1561,297,1655,460,1602,1659,1569,1732
705,1268,1939,1629,1619,1795,1662,168,1657,1736,1582,1710,946,394,1946,1284,1759,500
1597,1187,1604,1371,1492,442,1570,1571,1506,1681,130,1261,1345,1684,136,494,619,1938
1661,263,1756,1700,1802,674,304,91,1806,1535,230,1782,1531,1786,862,1952,942,1942
1830,1498,213,1946,1688,450,134,1892,1787,1665,1907,162,1656,677,1828,1270,310,1653
1340,1753,1952,178,1842,1587,1896,189,1383,195,1516,1806,1752,1910,1629,1594,1512,176
735,508,136,1690,1763,621,214,1894,1545,1679,1647,27,1568,1695,1954,1670,249,660
800,320,1571,29,1638,1817,1743,1641,115,898,1614,1723,1587,1834,1390,1581,1807,1748
1749,1621,1594,677,236,1811,1950,317,235,1620,1548,195,1624,1354,495,702,1622,1804
198,1791,201,1612,120,797,1760,1541,1908,1174,1856,833,277,225,1382,705,846,99
969,819,1713,1843,1736,1723,224,164,1716,1337,1175,1504,1970,1951,1708,255,57,16
1696,1812,1793,1014,1576,78,1188,128,1743,1722,526,1566,877,999,1840,1721,1751,1691
981,196,1823,1724,1753,1743,1572,1837,826,221,1890,1773,1637,1656,119,1516,1495,264
1289,15,161,807,1209,288,274,1639,37,1633,45,1162,1734,302,623,1642,1907,150
810,1793,724,162,1390,226,1596,1484,1513,206,1708,1839,1447,114,986,1639,1850,1401
1538,1547,1381,1731,560,171,719,1649,1207,1530,1515,175,1633,231,969,1949,620,1906
1767,1670,1819,1219,1811,152,736,764,1597,1069,1583,1483,1966,1606,1261,1019,804,1818
1613,1692,1643,1617,1725,620,87,1770,1578,1773,1735,1050,275,1538,1738,1227,219,249
1521,1785,1823,161,1478,399,1600,1515,511,57,1742,1599,253,889,1844,141,186,691
1799,1136,45,1794,1587,1155,1836,552,1792,1722,1724,1913,549,1701,1487,1531,739,1774
1883,328,1582,1375,1025,237,1694,1683,311,1840,1494,1708,1657,1366,1824,415,1636,1588
1581,972,1660,1785,1828,86,90,69,1481,197,1571,1735,297,1814,300,1961,1271,183
1883,218,1476,1804,216,1548,1552,1837,131,1695,233,1726,321,1556,1794,1361,1662,806
1744,1045,1704,1680,142,1768,231,1754,1955,179,1760,845,1363,1753,1804,1691,1617,102
1597,274,1825,1596,1756,1638,296,235,847,1704,306,1777,1586,1499,1544,327,1782,1974
1589,1664,1789,1573,1642,118,1817,1644,1638,1576,1553,438,1600,158,1394,694,869,1492
1751,261,41,651,1405,725,1702,1975,1586,113,1670,1788,40,1493,1584,1536,1632,1878
1525,1699,1489,987,217,851,1396,1486,1385,1774,1642,1680,1627,1484,1794,1494,1392,1775
1720,171,174,1479,1374,1911,1957,1795,1521,1510,554,1633,106,1238,1757,1961,262,304
1504,1659,1642,1832,619,1720,1781,1828,414,1711,1698,783,1656,1909,1556,1615,1672,292
1597,1634,1819,1790,83,1822,1896,1942,1683,126,1630,1705,1554,1810,1585,1851,1604,1514
140,1833,1849,1682,243,1813,1705,1575,657,1823,1630,508,1493,1604,1342,1549,449,1713
1560,1720,882,1748,1780,1777,1766,1716,1625,1230,504,1505,1519,1641,1773,1909,236,1663
832,1635,234,1513,284,276,30,1559,1727,1737,1896,1891,1911,1247,1806,1596,1826,1639
1554,1708,162,1494,625,1676,135,1711,1952,1849,1575,1396,1816,1710,1119,1236,1369,1546
1365,197,1911,1754,1553,234,1335,1521,1113,156,158,673,1646,15,1489,996,1671,1827
1531,1563,120,1361,1587,993,1380,1642,1083,187,1503,1975,1538,1751,264,1707,1532,1968
205,1820,1561,1821,1892,1380,1517,538,1796,1438,204,1958,458,1525,491,1374,130,1626
1783,1592,1518,349,293,137,1729,1691,1821,108,1977,728,1618,1522,1521,1847,152,177
1839,1812,1099,1614,1488,1102,1070,104,1203,1780,240,1790,1701,1751,1479,92,1563,1495
1855,1623,749,1352,259,1566,1698,1844,1575,1464,82,774,1809,1815,1706,1530,139,1644
1608,1693,1303,1511,25,90,223,110,1338,309,1072,352,1795,1756,1261,231,1713,1815
221,1788,235,1178,1508,1913,713,168,1639,1693,1670,208,1643,1969,1807,274,1560,272
1797,1913,1781,693,1130,349,1910,1709,1774,1727,1602,1843,1804,1031,1606,101,1967,662
1905,137,1563,1526,1970,1781,1724,1683,1519,218,1558,1718,844,1094,1658,1479,1786,1829
1565,1543,1828,222,1636,115,1559,1788,1620,992,1600,134,1551,1069,1426,1757,1822,1510
1478,1839,1505,1708,1737,210,801,1159,131,1940,1480,1585,1748,1945,1707,1725,1607,1662
446,991,1604,294,1410,1207,1523,1822,1576,113,1494,344,1718,1616,1891,182,1610,1520
1488,1525,1731,278,1661,1844,1846,1564,1939,704,1588,1828,180,1547,1609,1685,284,1978
1618,1538,1724,1793,1849,253,1839,1570,1643,1775,1567,582,1834,139,1493,1781,694,1526
1730,1768,1873,79,1580,1075,1735,220,1850,993,1545,1801,1519,246,281,1688,1483,1778
1479,1836,1701,1535,1637,1638,1509,1883,1623,212,1741,1844,686,1820,1981,1658,117,285
1746,1842,1717,127,1537,331,1655,1543,1790,235,1681,311,109,892,1813,1851,1490,39
1107,1336,1523,1609,1720,1688,1804,1418,1385,67,1070,66,1189,1857,223,1915,1628,847
1755,266,1626,1675,1911,1559,1925,1070,1072,1674,177,131,748,1770,1906,1482,110,1639
1145,1782,1714,1483,1653,903,228,1612,780,1912,218,1314,1780,1574,1862,404,444,1819
1718,96,1395,1605,1310,204,1556,1643,1775,202,1631,1940,1766,1621,1093,1677,1839,1763
1531,757,1769,1073,1753,1667,1542,1651,86,129,1726,979,872,1585,681,240,139,1748
1412,305,1549,135,1366,1740,1654,1641,187,1849,1711,1862,126,1487,175,180,1656,1822
1320,443,1728,1052,1250,228,1550,1789,218,1750,1795,111,1688,1682,567,1934,1831,1605
560,200,1726,1908,1959,1383,1861,1497,1671,1700,1543,794,1837,1741,81,1708,1632,1637
1361,669,874,477,114,1542,1888,1675,1520,285,136,483,1113,1957,1502,1986,1577,1671
62,1480,1791,1741,1555,1729,1625,1386,1671,1675,1715,1553,1478,1566,856,1844,1766,1601
1650,1090,1855,213,1751,1690,1475,1491,885,1899,1155,1739,1944,1637,216,1674,1558,1565
872,224,1629,1736,1551,1740,1577,1737,1684,1490,400,1790,1804,1555,1964,186,1208,1205
1824,247,1383,1925,1832,1790,1553,1840,1744,1768,169,862,888,1570,1864,743,640,1752
1593,104,1483,1752,1508,903,1527,294,1522,1523,1826,84,1975,1700,193,1642,1274,1254
1966,1591,1557,95,728,106,1602,279,466,1529,1649,1593,197,1709,1686,1657,278,1619
1847,1169,1826,1856,1833,1860,1711,1827,1578,637,1145,141,473,1815,1822,1486,236,1706
1558,1940,260,1834,1476,241,1072,282,1152,1699,836,1709,516,1802,1571,1591,1758,166
1537,1518,1856,1651,1523,1485,1823,1838,1657,1615,1723,243,1525,1553,1252,1075,1731,1842
836,1781,1614,1827,222,1770,1495,1983,1566,418,1201,562,1636,1507,1368,1773,1708,1847
1729,1517,1657,1073,1719,396,1785,209,1607,1806,1672,326,1576,279,1699,1645,1911,1855
1814,105,1515,1046,111,1651,247,1882,980,1641,1562,1627,158,705,1838,1494,909,1519
1394,773,1537,1561,814,945,263,1683,833,1846,1673,1223,271,1386,1647,1813,877,127
1535,1537,1486,1562,1619,1702,1547,1273,1833,983,1352,1848,245,1947,1341,486,1775,682
791,1518,159,1816,1713,272,882,188,1785,1814,1668,1710,1650,701,1563,1618,1678,1687
1598,1837,1697,1513,1071,1975,291,1572,1734,181,159,1802,1620,1743,1910,1635,97,1481
1169,1641,96,200,1637,675,1538,74,1780,1489,327,1517,1555,176,1689,1260,1395,244
1807,190,1670,1855,1318,1498,847,1748,1527,1534,1625,1279,998,452,1715,1508,156,1640
181,187,1836,1960,1624,1325,1607,1830,797,1942,1585,1822,527,696,1603,1784,1787,1575
1616,765,1567,1482,605,1798,1520,1768,1559,1508,1899,1608,1772,1656,229,1212,688,1704
1733,1748,1802,82,1778,1848,281,256,1120,1617,135,1797,1907,211,1486,1758,1369,294
542,283,1487,1507,1071,182,122,1704,689,658,1621,1646,1671,1603,1746,1134,211,1694
1727,1830,1511,1498,754,1729,761,1641,142,1837,305,182,1561,212,1775,1662,1724,1202
240,85,1661,1975,258,1704,1551,1724,1579,1783,1671,581,1689,1762,1527,480,297,1707
293,1585,1855,1733,90,626,1817,1740,1575,1913,1838,879,1738,1501,85,1614,1793,734
1844,1650,1617,1797,1096,1852,1608,92,176,1580,1621,1812,1563,1954,1620,1656,1843,325
1428,1835,875,1733,301,1685,1476,1631,1130,247,173,155,1764,1776,1745,1831,1678,57
112,1487,223,1552,1583,95,1749,97,1564,1629,969,1596,1605,16,196,1718,84,1523
237,294,1041,1577,1876,787,197,1505,1530,1695,1908,277,1847,1158,667,1849,1714,1675
1836,203,396,1504,1919,1645,1335,59,1764,682,1387,235,440,180,1494,185,1607,1543
1681,112,1530,1541,1595,1853,1789,1481,1677,1479,1496,209,283,1964,1729,1752,294,1953
341,1662,1781,1584,1427,1642,1742,1798,529,218,1606,1898,1778,1214,1543,148,125,1928
280,1780,1515,1497,1591,219,1669,187,1694,171,224,1385,1970,1598,1716,769,124,1900
1852,1588,1637,1648,172,111,1584,1954,1650,1817,1592,1513,1562,1697,156,1529,224,1642
210,1612,1595,236,1294,221,1538,753,1711,130,1027,220,1640,1907,282,1552,1596,1739
1395,564,1599,259,1587,1850,998,1825,98,948,1690,555,1633,299,1488,1543,190,1794
1780,1632,1827,222,422,1783,1171,13,1624,1617,1698,1533,1607,1725,162,1738,206,1824
1655,1727,1905,326,214,1755,1722,1898,482,1716,1839,203,1604,1852,1499,201,623,311
820,1532,1669,1510,1577,231,152,327,1539,308,96,1684,199,1743,1697,223,229,773
1697,1587,1705,1725,1562,1937,1682,1598,1982,1668,315,1635,1134,147,1736,1646,1596,593
1779,157,430,217,105,1830,1763,805,682,155,1755,499,1773,210,161,1489,764,1612
1849,1814,1739,1487,1649,1675,214,1910,1719,1961,1906,1740,1824,1775,1732,104,1648,1609
1738,1548,236,1910,1854,1774,1606,1895,1523,1679,136,1686,1911,1158,1592,1491,307,943
1850,284,832,1038,1646,1528,1741,1699,1494,745,1697,1671,1335,424,1762,1632,1523,1807
78,142,1547,165,104,1758,1712,1669,374,1853,1740,1764,1728,1599,1561,1234,1656,969
1653,1815,1076,981,1624,1489,1792,24,111,162,586,1516,115,1666,1643,989,1714,1927
1678,686,1502,1517,1973,1617,1922,1475,1555,1637,1914,1548,483,138,186,643,1846,1023
1631,1636,277,156,101,1781,1740,1691,668,992,783,1758,260,167,1525,1480,1617,1788
1762,1632,463,1826,1681,1688,1392,1856,320,804,1788,820,1758,1354,1930,237,263,1560
1562,203,1727,1583,1565,541,1959,1633,1779,1691,305,1612,1537,1608,1819,1784,1729,1531
1707,1202,526,1503,982,1681,1797,1918,1576,213,167,557,278,279,1598,995,813,1619
1627,1704,1676,211,969,1706,1912,1826,1607,1625,197,1684,1602,1733,1769,1564,1960,1586
1396,1502,1700,93,1277,1764,936,840,1527,275,1637,44,225,1898,79,1953,1482,1635
103,326,1617,1799,261,1762,1577,25,1511,1671,976,624,1503,1648,1750,1781,1654,1658
1866,1625,1515,156,1156,1739,96,735,190,1750,1365,327,996,1611,1649,1557,1549,1518
1752,1629,1853,525,224,37,1540,1759,35,1505,1066,1622,28,281,1837,1810,1627,10
1641,1660,1478,394,1012,1779,1712,1848,1525,1481,119,590,1516,1615,127,1366,1502,1567
326,510,1571,1844,1494,1830,1727,94,805,1816,106,189,1677,1575,656,1584,1612,1785
232,111,188,595,1493,427,1704,1085,1661,1816,1811,513,1564,1705,1486,1820,1801,1718
1475,1570,1530,1786,1724,556,255,1002,1842,936,1711,159,1624,1600,1500,215,225,1805
307,466,1380,1541,1792,1644,322,1616,1743,1830,1852,1720,1734,1475,1568,1369,1786,1571
145,282,1852,1653,1477,549,1614,1833,1095,1779,234,1704,1800,1826,1832,1370,1645,1081
1679,932,1811,1557,281,1845,1621,1372,1725,305,1616,150,1270,700,13,1287,1714,1726
1351,1535,260,1789,1812,1788,1672,1617,1205,1705,207,1634,201,1508,100,1502,1807,1736
1538,49,1765,1896,116,1317,1832,1738,1683,582,288,1666,1690,136,1846,659,1541,1772
1487,1641,1906,1629,1837,1839,134,155,1550,1867,932,149,1613,188,701,1407,94,1627
1508,1061,375,1571,1726,1699,1804,381,1822,128,1719,1479,1268,261,1132,1723,1626,1823
293,1242,1158,1738,310,1786,1528,1705,1694,1639,516,1449,316,1506,250,1536,1907,1627
1488,1771,311,12,1604,1640,1720,1847,1760,1789,278,1831,303,121,1547,1786,358,458
1761,1391,1783,1836,221,1651,1722,114,1767,1818,1679,1606,222,1605,1227,1483,1698,284
1196,1587,1567,1468,84,227,173,1619,1668,1705,1842,1536,1753,1341,291,1809,1661,101
1860,90,1804,1538,990,1620,1776,1519,1635,1809,365,1757,215,1320,1584,180,1760,1660
1729,1851,1372,230,1748,1896,798,1797,1624,1300,1694,275,1542,1734,331,875,255,1559
1576,1615,1821,1675,1519,246,1114,1715,1808,1792,1314,1824,386,227,1501,1971,277,1112
1235,1924,1531,1695,1600,1713,95,606,1380,1846,88,1589,1748,1644,1826,662,6,852
1854,1488,1617,1539,379,1799,1695,1595,1487,745,1073,1832,1665,1789,1655,660,1687,1508
1492,1539,1555,1486,1732,269,1893,1053,629,799,1820,1655,1786,1740,1853,177,1592,1027
1773,1655,1971,1749,1585,248,1513,1071,746,292,217,655,1505,1612,68,1716,242,166
124,308,452,1636,700,1462,133,132,1549,1822,1481,1846,1905,996,1744,1730,155,619
1849,1603,1905,1801,1268,1182,1833,1722,156,1810,1641,313,1623,1766,1109,138,1690,1823
800,1532,1767,289,1765,319,680,1842,1519,93,1592,1385,400,1190,1965,1696,413,78
536,1501,1483,961,1628,1905,1395,1685,1486,512,460,467,1852,1475,1605,1576,1797,986
1512,1740,783,939,1508,1187,139,1653,1726,268,259,544,695,117,1660,1911,1843,653
1830,179,1353,1799,1517,516,223,1477,106,252,1624,1797,1486,366,1618,891,251,1824
240,1739,266,1797,1497,140,1822,1520,1492,305,427,1778,124,1501,1744,1063,1791,560
1901,1653,260,1310,702,88,1770,1722,1779,1756,1948,1582,1672,1633,1788,1707,1505,1606
1837,1896,1064,964,157,1498,1719,1645,581,1699,1501,1520,1819,322,1708,1857,123,271
1530,1856,160,1853,1805,1811,1773,1720,1475,1823,1698,325,1676,1592,1550,1556,1671,1600
1901,1710,1849,1796,1946,140,694,1614,1595,1754,125,1588,318,1568,1551,1621,1685,1530
100,1798,163,271,1622,1585,1621,1467,1608,252,1289,1590,153,74,94,1646,1675,1216
1567,1392,1654,1713,1579,1819,1788,1568,1291,1786,1499,1759,1537,894,1780,1854,1820,106
941,1594,158,1585,281,166,297,1636,1694,1666,1729,1768,659,1839,1836,989,1552,88
183,1552,1776,411,1563,1516,1939,1634,1849,521,1787,1714,1802,1579,280,1390,1577,1692
1481,1736,1418,1780,1775,301,351,1627,245,218,1581,73,1482,1634,1908,1329,1353,1545
1581,491,1670,819,264,1704,1846,1188,1730,696,218,1795,1930,328,1694,80,1787,1564
1762,1784,1724,1645,1248,86,1529,1913,1825,90,1596,1600,1703,1796,72,931,1526,1642
210,303,1490,1737,264,1481,215,1599,1556,1963,1592,1757,292,1538,1748,1630,126,1679
1911,1566,158,1519,1539,1722,197,1198,1817,1532,94,833,1657,1676,326,1723,302,1741
1589,1878,141,1666,1524,1767,1689,1396,1703,1383,150,1242,1636,1640,1475,190,1596,1538
440,157,717,1698,83,1669,1588,1515,1652,1489,1711,297,1672,1847,1560,238,1724,213
136,1656,1968,1560,1890,1623,1460,1255,1698,1576,1681,1766,143,1566,1585,1504,1385,164
752,1857,1832,788,1019,1912,222,1732,1548,1833,1696,1882,986,1765,1967,200,224,1973
1069,1625,460,1660,1003,1644,224,1587,1690,1614,1779,1127,1731,1305,1892,1661,1549,159
1554,784,193,1411,1713,237,1189,807,1489,1837,320,917,1069,1984,1761,1076,1964,1586
1600,1693,1740,1711,1683,203,1584,1805,1633,1777,65,306,1739,1674,1595,1518,1796,1747
1642,1485,1757,1943,1497,222,1818,1479,1660,1684,1348,1520,1564,1627,1816,782,156,1556
1595,1723,1519,882,1660,1340,800,1477,1489,1892,1631,1709,1093,116,1632,114,1694,198
1502,1831,1655,1529,1849,1683,619,1792,1806,186,1645,1838,1551,1682,1836,1653,1953,1492
305,159,289,1688,1284,1748,318,1988,186,881,1328,1821,681,1347,801,1517,1835,343
1035,100,1632,1959,1604,1837,1810,208,1565,1675,1481,1956,1476,228,1191,1365,1571,1580
717,1784,159,1619,1496,420,1338,441,751,121,1484,1678,248,1375,1848,1651,1569,1713
1569,972,13,1214,1711,1088,1090,1565,1908,1593,1595,1597,1590,325,1853,1582,782,297
1948,848,1830,1376,1396,217,1052,1560,225,1736,1367,183,1192,1603,1537,1647,1606,1890
625,1607,1711,932,231,1911,1577,1970,1587,784,1987,1828,1508,1637,1548,1750,1627,1605
1654,1858,163,1700,1476,1499,1970,1693,1614,1576,1566,1573,1564,1590,1804,680,282,1785
259,1669,127,1700,225,1580,1722,1777,1854,1251,1542,1806,151,1577,1152,254,1548,1757
94,197,1739,1380,1868,664,1511,241,263,1631,1550,1608,1621,1913,1954,1850,117,292
1805,1903,1577,1731,1526,1906,1824,1694,974,322,143,64,1421,1690,1795,1645,1632,1034
1531,1484,1840,1070,723,284,1922,1386,791,1488,997,220,254,1675,1615,1652,591,1744
1684,1619,1667,1701,1574,1396,102,56,1376,1611,1534,1136,166,729,1805,1710,1906,182
1654,209,125,1746,834,1487,246,1511,36,1384,1669,478,274,334,67,251,813,1653
1812,432,1590,304,1700,833,1531,1731,1629,1657,1696,1765,608,199,1804,1643,1739,1968
941,1572,1578,1783,86,1790,1605,129,1701,1754,324,1500,1574,263,212,1594,161,737
1679,245,1683,1805,1772,74,115,1538,102,1721,1100,1733,712,1541,1142,309,255,1530
852,1703,1724,1599,1738,175,743,131,1608,1612,90,1590,1600,102,433,1719,1813,1619
993,1500,90,1533,1478,165,1624,1656,1516,1268,1947,174,1379,1665,137,175,1949,1380
702,1665,1604,1488,1759,1791,605,206,1217,1340,1676,1569,1909,116,107,1785,567,1801
322,467,35,256,124,83,1683,1218,747,1626,577,280,1574,1837,1671,508,1684,1706
1613,1673,1907,1727,1714,1010,1504,1669,1636,1671,1664,1262,750,1670,1591,1370,1546,1496
1703,1386,1588,286,590,1646,1959,1522,1826,1695,1798,1509,1783,1583,1638,1632,1565,1686
880,1077,1725,1616,1831,1208,1492,49,1568,1909,258,1814,1617,936,59,1663,188,1644
1391,1756,1678,678,316,261,821,1478,1707,172,960,1800,1689,294,1725,1329,324,119
1822,1709,178,43,1906,1659,1907,1479,1470,212,1667,1548,258,1231,1845,1769,1029,1799
178,295,1893,1851,187,1598,107,1555,783,1853,1835,1700,1655,1711,1785,1500,144,1802
1144,1806,144,1494,1558,1639,1635,401,1153,313,1607,1749,1575,1681,1673,508,1761,1947
128,1700,1577,245,505,1808,326,1754,1830,204,1613,155,1776,1735,1532,735,1934,943
1606,1726,1795,1812,1761,1531,122,1802,651,1851,1796,1386,1625,1546,121,1443,320,1725
1651,1671,1772,55,52,1119,1579,104,1906,1829,664,1569,1577,810,1816,1649,1586,488
1382,264,1788,1616,1570,1830,1939,1718,1748,1727,1069,1647,1814,1494,1514,1944,1569,1738
1680,156,1683,1265,1528,1665,461,1809,186,1713,464,1506,1609,327,489,1689,790,1852
1640,1551,1632,1499,1533,1906,325,128,1842,1609,1239,1987,1576,1580,644,1838,1535,1128
1638,1318,1778,218,1331,442,1480,1483,462,383,1468,1977,1821,1535,1692,1334,83,183
1595,1673,119,1752,1619,1816,130,1886,192,312,1916,206,1596,1705,1772,85,1645,228
1761,209,250,1626,1907,148,520,1833,1497,1778,230,1273,489,537,1692,998,1718,1787
926,1639,1767,1627,1559,1946,1606,267,196,61,1041,1709,503,1730,1521,1704,791,1708
1671,1685,1680,161,1754,1326,198,1416,74,1785,1665,490,1737,1846,1767,1837,1829,1532
1684,102,1504,95,107,1516,1106,1828,90,1628,1912,1848,1505,15,1620,1673,1709,281
1495,1574,1689,1486,1652,1801,1826,1853,901,896,1715,103,159,1541,1770,1665,1483,1651
1681,269,1702,243,299,1017,1846,127,1580,116,1806,1426,1840,101,1684,654,229,197
1516,94,1528,1762,1583,714,1849,315,236,1661,1732,1801,1520,1081,943,1731,1675,1833
1566,1496,1722,735,170,1725,1686,1562,288,1815,1587,1620,1745,433,1611,1516,1622,677
1702,1718,1061,271,1806,1677,1524,1681,212,1810,1813,1083,1509,844,1752,1662,1496,1522
1739,1822,892,1829,1579,83,1593,1503,600,1872,94,1848,1553,1676,1735,1787,1195,1700
261,1633,1680,106,1547,144,1794,1624,783,1486,226,1557,1534,215,1735,1757,1607,1742
1709,221,1765,1852,1511,1648,1617,545,1491,1756,1834,1531,1843,1477,748,1251,1532,787
671,1557,131,481,1916,155,1574,232,1610,101,953,1731,1621,1788,1759,1951,1730,1588
1717,1661,1264,1576,1847,1731,1675,1370,1803,1638,1707,412,1804,1774,185,359,1955,1827
1523,206,1788,1475,587,1754,224,1832,324,1429,701,1695,1837,1682,1489,1236,352,1734
1342,1484,298,1823,801,1526,998,1555,231,1326,1788,1767,464,1559,134,239,1507,1805
202,267,717,280,1804,1099,1722,1827,1704,1867,189,1705,1683,1700,1730,1979,1713,1968
1291,87,1488,1476,1582,1975,799,1511,1199,1732,1754,1660,1015,1826,1561,1559,1574,217
1529,705,1483,1584,1830,1598,784,1909,1541,1679,1486,1723,243,1676,1493,1945,70,1908
1295,263,1751,226,1943,1609,57,294,1796,569,1388,274,1484,1659,1712,1625,1923,1684
1821,1577,1030,1747,480,1728,1631,1905,1069,1654,1545,1777,1895,1709,152,1070,1657,1528
1366,1636,1573,15,565,1877,1507,1754,1648,1725,1206,1770,1695,1676,1521,508,1380,1671
1949,237,315,163,225,1389,240,1650,828,792,1805,1616,1855,101,1572,1787,1467,1694
1717,1588,144,1639,205,1479,53,1643,1769,1195,1734,145,780,1835,1558,29,1759,1719
1620,1808,73,1913,1676,1886,1912,107,112,1543,1339,790,1287,1700,902,1707,150,1946
93,1661,719,1849,1078,1324,203,1570,848,1571,1808,1780,234,305,1640,328,1604,1829
1222,248,1698,1842,1938,1684,1643,1835,82,1851,1541,1397,1713,923,1623,1475,225,690
747,1768,1652,1492,1489,1597,1620,94,1828,1038,456,1596,327,1082,1703,1669,1854,630
736,1847,139,1758,328,569,1600,220,1725,1638,1498,286,1524,1851,1653,252,1719,1627
283,681,1527,1575,627,1624,292,793,1715,1692,1908,1810,1805,1851,323,1800,1516,1808
166,1737,131,1721,1554,1604,1743,1482,1655,1754,1674,1603,530,1566,363,257,847,1946
1486,1381,206,1789,93,1541,417,223,1625,1579,1496,1960,1428,1634,1976,1357,174,125
656,1790,1687,501,1741,1618,1664,1745,1614,233,1522,190,143,262,1910,152,1827,1045
1481,1731,237,1380,670,99,1532,202,1793,182,312,243,150,1564,1284,1390,518,105
1318,113,274,1804,1689,301,1571,1572,1540,225,705,1624,1713,145,252,194,1820,188
298,1739,158,1667,102,1729,1523,230,52,1952,1554,1697,1558,1625,598,133,74,452
1614,816,1468,221,839,1854,114,1662,131,1370,1677,1692,760,1030,1508,1644,1733,1591
1772,1586,1676,175,1614,1717,1807,1277,96,1946,1735,1769,1699,1604,805,1830,957,1778
305,1721,364,137,117,1547,1534,1391,1828,1907,120,1569,1527,104,1497,1570,1493,1914
1673,106,1551,207,1761,517,219,1842,1695,1408,1708,1917,772,1808,1797,1778,226,249
1531,78,182,1812,1779,133,1821,215,105,1515,1211,1809,1648,1392,323,1534,1488,1803
1533,1794,200,1939,1850,1844,997,1846,1562,1716,1818,818,1647,802,1671,282,1687,1836
1716,233,1776,234,1719,1662,945,1859,1842,16,880,1570,488,641,1834,1806,1496,1537
1824,1830,961,1641,806,1665,612,477,1500,1611,529,265,1625,1775,706,1719,1530,1149
1931,1713,1612,1817,278,1575,1565,187,174,1561,788,1535,159,1524,417,1717,1720,1506
1593,283,1849,1528,1713,1760,202,199,1682,1554,1597,848,991,1581,1790,182,92,1294
1930,1798,165,1633,1636,1520,1704,1530,1792,1657,86,227,197,1847,1545,1719,1587,1839
158,735,1517,1590,1589,1634,1639,1078,422,821,4,187,209,1718,1694,1745,1601,857
1522,1796,1718,121,1603,1387,1589,1815,159,1657,1696,1907,1490,292,312,160,1539,1780
1503,1808,232,1805,1045,1888,1636,1511,1548,1590,1851,761,1856,1678,1655,1734,1785,1731
92,1861,1571,1380,1618,1523,1678,1776,1715,1791,117,1595,1287,1642,1904,1822,484,996
260,1727,1641,1639,795,1760,1612,1569,286,1792,1573,1767,1902,268,1542,1830,1375,1800
1533,886,1746,1523,1695,1971,244,1626,1587,1701,1784,1095,1372,1888,1586,191,1675,155
1386,14,1848,235,1631,1822,1627,1493,1537,231,1507,700,1824,1799,42,1677,1513,1713
1523,129,263,1634,202,1755,1501,120,1949,1841,1776,1625,1070,246,1671,1731,1729,1839
1580,1945,84,1643,1946,1475,99,239,1078,247,890,1687,1602,1693,1845,128,140,993
76,1730,1490,1714,286,180,1653,158,893,1633,1586,84,1806,188,1680,1600,1527,1656
594,1922,1533,1493,1619,104,143,1757,1802,1653,82,1692,1850,1662,1648,1583,451,172
1581,1385,1486,1559,1613,1602,409,1844,1584,235,258,1765,1736,1631,1662,699,1755,1977
1819,1040,1495,1821,1711,1740,1631,780,1856,1677,1723,254,1891,1587,1560,1379,1777,382
237,1760,1512,610,82,1696,1779,1670,1645,110,989,1648,1685,208,124,250,1574,1846
1785,1618,952,1846,1516,1912,1631,1380,1804,1707,1769,1970,321,107,1847,1630,1518,1719
115,451,249,995,1754,165,789,934,1536,271,1954,1504,121,1759,1595,1328,1334,130
1683,1824,994,1788,1908,1478,1633,1636,1955,1590,1952,1506,1552,1383,1856,1655,1798,1913
1557,1169,1574,1899,381,795,1547,143,1785,1628,1650,956,1488,41,1579,1775,110,1855
1913,1665,1663,1594,701,1657,1469,283,1156,536,1395,1814,1524,520,1514,1491,1742,240
1162,1585,238,443,1744,1789,894,1857,1596,1516,1875,280,1806,81,1386,1010,284,705
1555,1579,1725,252,1824,286,1562,1534,509,1050,67,1956,186,1850,1542,1558,1960,212
149,1759,754,87,1382,1569,1733,1667,696,1709,305,4,1335,1614,146,1821,1493,1770
1696,1805,190,287,233,993,1388,87,237,1338,1681,1750,291,1637,1568,1570,1837,420
458,414,1795,963,1961,1539,1773,1674,1820,1801,1823,1776,1480,1687,1632,391,1703,1745
1478,1850,1578,95,1065,1818,1442,1949,474,1511,1516,240,1747,1327,78,829,1879,1692
1812,1660,1403,46,144,250,1807,1489,1845,234,1509,1908,795,1801,1209,1519,1718,1590
1476,131,566,404,1984,1643,1785,1598,1753,1891,705,82,1532,108,1773,1124,1801,1566
1906,1519,1899,1947,600,274,1232,1226,1672,1159,566,189,1663,1512,1795,1687,248,1851
183,231,1670,1491,1972,1052,1797,42,1517,1777,679,1911,1765,1846,893,159,1664,110
204,115,1908,1855,1842,1556,521,116,1613,1682,167,1656,1764,657,1541,1582,209,1603
166,1168,649,134,1705,1969,1542,300,508,1896,1794,1556,235,1589,1790,100,1690,1395
1655,1849,1518,1754,1516,1972,1614,1850,1835,1549,1353,446,1815,1780,38,1977,697,1485
1504,1768,1493,717,1563,1911,1963,1556,150,1893,1732,676,1245,1547,1696,1513,1644,1499
570,748,1786,1336,120,1008,1693,1396,291,1286,705,1824,1805,1784,101,1625,1827,1372
1071,1768,1849,1685,1831,1667,1645,229,1508,548,1845,1973,1671,1727,97,1657,154,1696
258,742,795,1512,211,1614,1840,1888,1682,1812,1521,1732,1379,324,1688,8,1970,278
856,416,1575,1748,224,1674,1711,818,210,1659,1893,245,1744,1377,146,1822,218,1734
1972,1781,1910,1616,169,1653,204,1651,1780,385,1814,596,1670,1332,1024,861,1971,1754
1709,1684,1853,1814,261,1492,1828,1748,1837,1562,1643,155,320,1700,284,1737,1647,1480
131,1634,1762,1943,463,1106,1562,57,1419,263,1580,191,41,1978,1498,1688,1588,518
567,1961,1605,1516,115,259,1513,119,123,1810,1843,232,1850,312,137,1955,1595,1799
1655,1679,227,1031,137,1188,540,1621,1557,184,1510,644,80,161,100,1575,1814,1393
82,1320,1504,1635,79,1576,1634,210,1190,1794,1974,1723,1604,1734,1010,1629,1834,1592
113,1503,1738,1514,1597,1814,1785,730,188,1388,1668,1858,1660,205,1491,245,1525,254
1726,721,1530,1496,1706,18,1696,1789,1707,1660,1714,1620,71,1076,139,1697,319,353
1597,1790,780,1966,886,1824,739,1696,1854,1355,1475,1801,1701,1906,1742,974,1780,1642
109,145,1191,1602,220,213,146,1771,1824,1740,1680,278,1735,1801,1601,1920,1774,115
1659,1927,1385,1215,1685,568,1759,262,1794,1780,794,1504,108,1170,218,172,1395,1583
1389,1818,61,1669,1908,1759,227,211,1726,1477,1674,1848,1686,1740,1248,1941,1755,114
1799,1575,1644,1674,1789,1782,211,1834,302,1553,577,1776,1569,1708,87,623,1910,1476
1836,92,278,235,1658,1751,1000,1713,958,1082,1834,1796,155,1731,1601,1509,1573,141
1638,1430,99,1654,1496,1775,179,1625,464,1810,1725,167,1682,1839,1752,115,278,1196
293,1705,1078,1847,205,1700,662,222,1745,1815,1545,1666,1696,1623,1805,1510,1575,1912
1767,1940,277,1798,1487,223,1846,1774,1712,1598,1551,252,1692,164,1755,1622,1430,279
727,1831,169,59,81,1944,1188,213,1847,1557,1562,1510,1569,1523,1728,769,306,18
1540,1695,295,26,203,1164,1712,1746,1776,124,399,1532,100,1573,1668,81,234,1686
1673,1536,1531,1083,1495,136,1646,1827,1834,1688,1698,1599,1776,1772,1513,1828,1515,1390
225,82,1676,69,1637,106,1293,1616,1726,1634,153,1649,1642,1508,1744,315,85,1623
772,998,1733,89,1768,1701,1777,1497,1553,1535,1671,1005,1508,1453,1390,1643,1383,1520
1600,1693,1816,54,481,111,1806,1630,1782,1724,400,1569,1549,1536,102,90,283,1544
1850,138,151,1070,1655,1550,1176,186,322,1545,227,1828,1567,1895,1501,1727,1592,1630
1712,184,1637,1104,1704,365,1395,797,1631,1498,1559,1569,1754,1790,1539,1566,1287,216
282,1685,627,347,666,562,1714,1711,1603,701,217,1704,107,1533,1918,233,1566,1815
1898,1665,132,1694,1810,280,1382,1930,1880,272,1758,213,78,1808,1488,49,1855,1859
1792,1851,105,119,1502,1666,1556,1384,1966,1842,1354,221,1710,1628,1799,139,143,1971
157,1337,1732,1754,1860,1789,938,1576,1522,1483,1769,1485,542,1776,1949,1638,1622,1690
284,84,1804,1531,1279,206,1932,1689,222,1629,897,609,1953,307,154,1753,413,1905
1579,1572,154,163,1087,955,1687,1824,1800,762,159,1821,1610,214,1851,1941,1530,100
1847,1499,1714,1488,1357,1514,1816,1541,1113,1536,1181,1617,1554,1598,1515,1491,454,1689
190,1845,1635,1652,234,1749,1070,246,1679,1735,1491,1911,1724,1452,1793,1908,1832,1741
1365,312,1659,1841,1656,38,118,639,1832,287,1548,1488,188,1852,705,1948,1771,1575
1571,311,1149,1704,1102,45,1791,1176,555,1733,1278,1538,1955,1540,347,669,1648,1516
1596,1666,1843,1569,181,757,152,1652,518,1548,1802,1480,1930,1704,1560,115,1006,1682
1606,1717,225,1722,1598,1759,1724,235,1814,418,1627,1773,249,169,1526,266,1945,1721
1794,1713,1564,1676,920,1598,1830,1844,102,1305,772,953,1488,320,1533,1885,696,1922
1322,1552,1665,1553,1889,987,1814,1836,1378,1780,1774,381,1600,1565,1677,1522,1694,1587
294,847,1755,1658,1818,1793,1738,1591,542,1846,1703,1924,1596,1574,1558,212,1627,1774
737,218,223,537,1545,1822,1755,1717,1896,1758,1586,1869,94,1677,1761,1691,1396,1495
226,1502,1648,1790,1917,1698,1536,874,1239,1821,1988,1808,1177,1894,476,1057,1381,273
1647,1548,1912,88,85,761,1530,1771,1732,1508,1750,1749,1502,1488,701,1391,1674,1791
1696,1701,1803,855,1821,128,33,38,1851,1490,1830,1574,1190,1672,71,194,1585,255
864,1610,1968,1742,1738,1529,1775,1575,781,1683,1835,1511,1294,1613,105,1863,1740,1785
1674,689,403,178,1564,1774,1509,148,1557,1739,1712,822,1852,142,169,320,1673,1626
1560,411,1774,1985,1593,1947,1671,536,623,1475,1708,198,46,1476,1953,1499,1717,790
1595,267,198,1736,60,232,193,1770,1571,343,220,937,633,1493,1519,225,113,221
1509,166,1573,1770,1551,677,232,1596,1688,202,1922,1635,94,1311,1703,1549,1955,1498
673,1852,173,1567,1646,1540,1689,1711,214,1640,1765,1252,1378,1535,1783,1750,783,1969
300,1633,1855,1521,85,1630,1947,1626,1069,142,1780,1845,1500,432,1507,1716,1491,223
1679,1771,1316,1909,1687,324,1586,1734,1714,1805,344,1615,1577,201,1688,1789,1587,896
1706,1601,1517,1597,230,1973,344,1633,137,1723,1811,1917,1763,1832,1721,1684,1260,1510
1259,1684,1512,1464,686,323,1665,328,1803,1481,1828,1796,1772,130,1680,1801,115,1572
1825,1828,645,1569,1662,1822,190,1523,1692,226,1795,1832,101,1815,1517,1734,1573,1798
207,503,1373,1623,1575,289,283,1951,504,255,1776,321,1686,949,1656,1534,793,106
1592,1744,209,1691,1613,1952,83,1537,141,916,1198,1582,1545,849,186,1577,1944,1377
472,1821,1839,704,1948,1816,1483,1979,1518,1526,1773,1391,711,285,1642,1069,1321,1537
1385,351,1646,1118,1476,308,277,261,1779,1308,1699,139,262,1508,1805,198,1636,1539
1395,1964,1001,222,502,1675,1574,1667,1706,1607,1525,753,1374,1747,312,164,207,1698
898,1940,1912,1538,1795,1535,1655,1737,1718,1566,1762,1692,1802,1631,1504,199,328,1487
189,169,1812,862,166,1542,1841,1769,1714,1514,828,1481,127,1809,1685,1383,190,1894
1569,1686,658,1505,296,1688,1484,1540,1725,1810,631,1588,529,1823,1804,991,787,167
1838,1804,1567,403,1148,1658,1645,210,290,1754,1751,626,1499,1103,1587,1073,1763,1534
1650,1751,1822,1098,197,1699,1647,295,1695,1785,270,1622,761,1849,247,1684,16,845
1724,233,1554,1748,563,792,638,543,1700,1560,80,221,1722,1954,1605,122,1676,1721
1571,105,76,1910,1906,236,1513,476,842,99,1675,1124,207,1487,1117,1556,1744,87
1345,1551,1658,1730,1848,1620,97,370,1589,1608,1638,1623,1764,305,1825,1627,1525,1907
1496,1669,1824,872,1743,1695,1613,204,350,574,1025,1547,1752,1123,1504,1577,139,264
191,969,1930,1159,179,1579,1070,533,143,1621,1560,277,1943,1209,1772,24,235,580
1530,925,1393,271,88,1009,1637,1361,1855,1555,1820,163,1659,1598,762,1365,336,1535
314,196,1506,110,1394,1519,1746,1530,1644,1682,1582,1629,1843,1950,734,1759,1642,820
1916,1891,199,1180,1693,186,1772,833,105,217,235,1568,1354,1721,1524,173,1522,1690
1683,118,1487,1771,31,1682,1810,1584,1535,319,1930,1635,1660,1480,1564,1387,294,1955
1894,1668,1588,1748,446,1784,1227,208,785,200,806,140,1667,1586,932,1533,1853,1847
1674,1379,1249,1958,1393,1945,1493,1793,1499,146,596,884,1036,1731,1618,1507,1562,1746
1402,1570,1876,1834,1608,1547,248,519,1577,1901,175,1540,1741,1654,1725,274,1743,1585
1688,316,475,696,1642,1614,1416,1845,1776,617,1651,1546,298,96,1852,936,1714,177
1763,535,1414,1662,598,1553,1707,1730,292,1419,1539,1652,1721,1599,1536,1589,218,270
1763,314,1697,1491,1952,196,1589,1614,1696,388,218,1641,1656,1539,1574,1670,1485,882
1797,1634,1211,1572,1826,1560,1541,1762,318,1516,1977,303,225,1528,1655,877,145,1818
258,1523,1201,1705,415,1610,1685,1477,1489,1748,278,1944,1725,1622,1690,516,1655,83
212,1352,1547,160,1559,41,1813,1790,1625,1756,319,1561,1811,1571,1729,1812,1268,178
1595,1832,301,1753,1788,1647,1841,1775,1645,1616,183,214,186,1651,1815,1618,1727,1907
234,1962,1701,774,1696,1645,1824,1663,1958,75,113,108,1484,1796,1556,987,1564,97
1578,160,1667,1633,1713,1477,1839,1296,1609,308,66,1728,1691,1611,1618,1483,1676,619
233,203,1132,1692,1644,1268,1244,1803,1505,1253,138,526,1845,1675,1638,891,97,189
518,83,1384,136,1376,475,1594,456,236,1327,1763,1627,1733,1597,1663,1813,1641,1746
1723,166,458,295,603,235,1829,1728,167,90,19,1533,1746,1852,1490,1789,207,1500
1960,128,1598,357,1545,1489,1782,1969,1307,1548,1775,1738,1725,1481,126,1721,1760,1557
1803,1854,1852,236,1503,1688,1670,1868,1910,1663,1805,140,1528,1610,1908,1557,190,1544
453,93,172,1660,1123,227,1824,1586,1595,1716,1938,1516,1954,1500,1481,1703,1124,1831
1489,449,598,1795,1669,1652,1395,1556,108,511,1755,1733,1549,1819,393,1500,1559,312
860,1535,1381,1369,1509,73,932,1500,1499,137,1584,1812,1518,312,1514,1480,1497,1627
1805,1657,1840,384,46,301,949,494,1673,131,1631,1259,1741,1962,186,1368,1848,124
1376,285,1505,1728,1499,1059,1532,318,1640,345,1590,1594,1213,157,1716,1706,601,1042
1616,292,75,1742,1559,1636,1570,1825,1658,225,888,1553,1395,1382,660,1143,1813,408
1389,1600,1386,1689,1031,115,1906,1590,264,1355,182,1790,1986,1849,1643,1795,72,711
1504,406,311,1663,1490,1330,1526,1586,1246,1694,1809,1512,1771,138,859,262,1820,1446
1740,227,263,1975,157,1611,1630,1840,1792,1615,1670,1778,1948,1513,784,1578,1530,1785
1940,1551,1317,1569,1636,1830,1709,1486,230,1030,1910,211,200,1706,1842,1670,1684,1559
868,1808,1807,1918,1753,1677,118,1842,1784,1365,1605,214,164,702,83,1804,1408,1165
1723,1804,257,1227,1656,1583,1547,1773,1191,1601,236,1821,1535,1814,699,1717,215,1600
1354,1525,1641,1971,568,1586,1754,294,1632,909,1490,1799,1802,1529,1617,1577,1890,221
1911,1504,137,1395,19,1387,1947,1761,1517,1491,227,1515,1829,1855,264,615,1739,1769
1619,316,311,969,1627,1392,1596,1829,1809,1589,1565,1712,1259,1778,1646,288,1716,1742
511,1534,783,824,1849,1835,251,1811,1662,242,1798,1850,811,1729,796,1546,902,1854
1855,1747,198,1576,1630,209,1142,1536,1563,857,1800,1246,293,1813,1698,1641,1583,610
1741,1503,1523,1098,1842,1841,1602,1905,1606,1530,1489,1768,1637,1553,1634,1580,1629,244
136,1500,982,176,144,238,1674,1547,1392,1523,1820,1768,1616,1853,1807,1446,1578,1746
154,1657,176,135,1962,1565,1492,17,207,311,1827,753,369,1895,227,1179,1524,1786
316,1620,258,1922,138,1503,244,1546,66,709,184,1615,1844,98,564,1906,1947,1781
1525,1893,1452,715,1262,265,378,1558,1632,186,1831,1771,128,83,1973,1345,1665,1559
1604,1354,1083,244,1748,1485,1799,1522,1622,140,1641,1729,186,713,1792,1821,26,45
1823,1976,69,1694,1706,1787,1244,1879,215,1850,794,1703,527,1716,1521,299,1910,1727
137,1773,1889,1085,1608,1792,1626,1643,327,89,1488,1905,1570,1654,1949,1801,1796,226
1555,1727,80,1758,1163,1606,162,167,1611,1910,225,1581,1550,1565,1573,141,787,828
195,433,705,1630,59,1486,546,126,172,42,533,1693,1444,1620,1766,1595,1913,1484
147,601,1701,1320,1604,226,1712,1788,1533,242,1955,216,1531,1660,1491,1798,1525,1571
1687,1954,1694,202,1559,803,1637,305,1354,276,1170,1837,1941,219,1674,983,229,159
250,1209,1528,823,1581,1368,319,1843,1688,1448,1566,1696,1522,1633,486,1649,874,1394
794,1707,1252,295,292,84,1771,1816,1128,1770,1795,1513,969,1695,1963,1857,1910,1538
190,126,1705,271,1706,1832,1489,1542,1088,1698,1071,1633,471,1177,1215,1684,1798,1977
1642,1333,1552,305,1857,1518,248,1641,1311,1775,19,1841,1821,1634,1714,1570,1843,76
1835,1576,1596,61,1494,472,1659,1569,1950,1064,1912,1532,1706,84,1493,1560,1696,172
1713,1645,1820,167,1709,1833,1692,1851,1849,1747,1724,1559,404,1839,296,1691,1785,1835
93,100,1209,278,204,1738,1480,1672,86,1428,1687,42,1655,331,826,1735,1615,1481
1671,1607,1801,1479,1682,1762,1501,183,1768,1815,1734,1760,1601,96,1673,705,1578,1574
82,1653,1823,256,1723,77,646,1017,1559,1614,291,322,829,1973,1295,238,1618,1309
1746,216,84,1582,316,1682,1524,167,620,1703,1788,1767,514,1647,1953,1637,1710,1848
835,133,300,1855,163,200,1376,1555,1481,1046,1525,1681,1585,1519,1694,234,186,839
1681,117,1905,1579,94,319,1629,755,1596,1676,1559,1594,1605,1726,1741,1016,1820,1592
1579,1583,1530,266,554,563,219,1486,1762,1721,1767,111,699,245,1488,1807,14,1794
1100,1587,283,1525,1602,1693,1803,1489,1644,1513,1794,812,350,1381,1690,348,185,1476
462,1791,1480,1727,1537,1564,737,176,1094,1785,1629,1743,136,1844,1721,1672,1521,218
201,1303,1267,74,1875,825,1697,746,1793,604,1947,1913,933,1505,1909,188,1808,127
1533,180,1793,1663,1007,847,1621,1749,1371,1495,1806,1774,346,1674,287,191,1895,1047
133,1505,1769,748,408,1625,1946,649,283,828,1531,1109,1906,1832,1072,1818,94,1856
1907,851,643,1910,1682,93,1514,172,1720,742,1744,228,881,1665,1849,1485,1541,1314
1757,1610,788,1483,1845,1499,279,1551,544,1796,1294,1631,105,184,1769,1489,1644,291
305,1642,1792,1612,1512,1704,1033,795,1523,236,1864,1716,1816,325,1806,1505,307,1024
1656,610,46,1954,1396,1663,1625,695,1568,1514,1796,1591,1794,1804,190,1545,1835,1491
163,1618,1806,1789,1670,1657,1896,204,1707,285,1637,154,1493,1682,1547,246,1674,1758
771,1740,1585,1627,1656,1389,391,1240,1518,1729,255,232,1722,1326,716,1550,1655,1699
654,199,1738,1798,1701,503,1546,131,1669,1233,1538,1769,1633,1888,1498,1601,1536,1602
132,1884,130,508,235,1796,1268,1296,1618,1746,282,1638,276,1958,83,1813,1663,251
1572,323,1704,1511,1553,258,1610,790,1676,280,1784,1852,1391,1810,297,1394,971,1764
1975,1701,60,1622,1476,1763,265,1005,596,1852,1058,1640,296,146,314,1485,1614,1849
136,246,1542,1588,1191,240,1592,546,1811,1508,1378,1580,223,1003,1382,1629,190,1114
1705,1611,1497,1737,1395,298,1846,1485,1727,694,1375,1312,1633,1501,1537,1671,1854,116
1712,1670,1527,1830,1787,1674,1835,1736,1913,422,1580,312,1664,1957,1467,1134,146,1836
1376,782,1585,276,154,1003,176,279,1769,1843,1517,1718,1629,1388,1693,1820,1482,1645
249,1804,1313,1025,1676,1668,1066,1640,1983,1853,1218,1082,1641,1380,1958,1120,1968,1739
1683,1542,572,1215,1918,1512,1687,1960,276,1645,1209,1594,1616,1700,1538,1378,1907,1697
1480,1801,1545,1557,1695,1811,1778,1616,1694,1908,1539,1973,280,1516,1819,1843,1599,1770
118,1765,1632,1792,1496,1697,1645,1812,1622,1658,1637,1547,1365,1685,1348,1753,225,690
1510,1692,1838,1628,562,1504,91,135,801,90,1638,120,1832,167,1822,1731,1697,1710
1734,1089,559,188,1854,1374,1531,1857,1506,980,246,1070,1799,140,1640,187,1975,1958
1251,1696,1771,1886,1506,227,1792,1720,1387,1008,1618,134,1655,796,1334,1839,1645,1766
99,431,791,1809,114,241,487,1714,1554,1485,90,1772,1588,1495,1805,127,145,1194
138,1525,1396,1772,1800,192,1552,193,1374,1040,1530,1717,1595,272,1569,1495,214,1607
1490,1447,1595,307,1493,1496,1937,1198,310,1616,1795,1785,1560,1391,528,730,1749,1629
1891,1773,1905,1553,1829,1187,1757,120,99,1451,1831,1631,1788,1658,1640,1557,1353,234
95,1645,772,1806,1937,1808,1587,1707,37,137,1488,192,316,1571,1512,1661,1690,1782
124,1849,1495,103,183,303,1594,147,984,1960,1807,1805,1628,1801,1857,176,1651,1740
1542,1834,1734,223,163,1481,1776,1384,1744,1682,1379,1539,260,310,1589,93,753,1767
1554,45,1549,1566,1620,1596,790,1569,1046,138,1516,1537,219,313,1770,179,1124,1484
1565,1656,1593,1603,1489,1218,1560,1781,1563,1942,1701,1824,1826,1845,177,1524,1670,1485
1810,1719,1693,1683,1666,1765,1783,1608,597,786,1563,1603,1554,1585,1542,1813,1537,1768
1503,1802,1772,1937,705,1537,1471,1839,174,1684,579,751,886,1712,1538,1732,1656,1671
1778,1739,1821,192,1687,1589,1728,111,137,1597,1745,109,153,107,194,1486,1808,1708
1726,216,1498,1820,76,114,1869,781,1730,1532,1576,96,576,1698,784,141,1792,1604
91,821,1244,142,1063,1639,1834,77,1846,179,1798,609,155,1849,1659,1527,82,1835
111,270,600,1752,826,179,1688,1932,855,211,725,1789,1617,1428,1697,349,868,1594
1565,643,1535,1757,1585,1799,209,1554,267,1593,1716,1520,1640,1677,1740,1363,1688,1655
1686,1371,1743,1505,134,1508,1631,1378,314,1944,1920,114,1582,337,240,1639,1855,1640
1644,156,932,1857,1514,704,1587,1384,1781,431,1396,1496,1663,1721,1581,172,1748,807
1749,96,1782,1846,1691,1677,1471,306,1653,314,1750,1567,1852,1416,1684,1587,179,53
1717,1658,1824,1540,1382,1413,109,1520,982,1774,1573,153,1569,193,1485,366,1815,207
264,1081,278,950,1670,136,1587,702,146,1574,1642,998,1109,344,1688,1649,1623,1443
1580,1687,1774,233,1847,1522,1727,1600,1277,1804,258,1922,1773,1722,211,1731,830,292
144,1670,1645,1635,209,1773,98,1617,1652,95,1789,1101,1341,1673,1837,1754,1641,321
1928,215,1513,1714,281,1769,708,1715,529,1671,981,613,1907,701,195,1478,1641,1705
1578,1492,1374,1690,1754,1715,98,1696,898,277,1823,218,1943,140,1490,1395,1744,1567
1838,700,1392,1555,1528,1946,1972,1818,124,1565,1808,14,232,152,1744,1809,626,1264
1761,1625,302,1788,1843,917,1819,1912,1770,1623,274,937,208,1813,1748,1793,1086,1630
189,1541,1395,1272,1579,1757,1750,1762,1676,1517,1652,1590,1059,1944,322,767,1644,335
1797,239,164,1759,1758,1714,1822,1578,1730,1649,1232,513,1716,1674,1798,233,1646,1815
606,17,1627,1636,328,222,1775,256,1640,1549,1591,1740,1536,452,1568,948,1618,282
732,1566,1727,1331,1552,168,1382,1832,1726,1542,1659,125,1497,309,299,1554,95,302
691,791,1572,238,1975,1661,1505,304,405,1700,230,77,1513,1567,240,1756,1912,210
1383,1833,95,1738,1766,1717,1282,124,1545,1058,1505,1480,279,1646,1980,1764,1660,1699
1579,1798,895,1841,1631,719,334,1534,1780,501,1609,275,1802,1719,1479,1638,1541,1852
1884,1180,1788,544,1757,219,1675,1529,590,1694,1820,1630,99,1522,1753,1740,823,1766
257,1583,1824,1389,1839,204,996,1024,1973,1616,825,283,1576,1615,256,1970,1834,1573
1631,1734,959,1839,361,1789,969,1809,1742,1769,1535,1549,1950,1772,1831,1560,189,1715
93,120,223,1637,213,1821,19,969,1625,1708,1547,1570,1767,1533,1609,1567,1546,1604
1720,905,1857,1597,1643,1650,1786,1836,1593,1797,1514,1780,1693,1738,1794,1764,287,1814
1743,1746,1727,1703,208,1749,1761,17,240,1635,1491,1482,93,1556,1948,963,1557,1783
801,993,1946,1565,1767,730,583,1631,1784,1806,212,1664,1782,1773,316,1506,1592,1505
119,1888,1974,1302,1635,1689,1728,1682,27,1723,1508,988,166,1984,1612,577,1780,1747
277,1768,980,1396,1818,1850,1857,123,1845,218,1761,1710,1626,1706,173,1750,1722,1548
1642,870,546,1180,438,1654,142,157,1573,1773,126,998,1774,120,334,753,1745,1849
1837,1627,316,1804,700,1610,1099,177,1625,1475,698,1829,933,261,1779,803,1634,1749
1669,1395,627,1726,1836,1898,1957,1860,1971,1556,1819,369,1487,68,1593,1868,1333,1619
1391,1693,1777,334,199,1641,1573,89,80,1710,1737,156,1620,1378,305,1625,449,1539
238,69,1673,1548,1617,314,397,705,944,1595,1894,1786,225,1654,1855,1833,1839,1101
1634,624,1829,1752,1922,1363,299,248,414,1845,1513,1707,1747,1567,168,28,1799,197
1716,1220,1555,1928,875,328,226,1628,237,1946,1626,1786,723,1687,1843,1522,1762,1797
238,998,1548,1585,1500,1542,1653,1704,1509,1109,1581,1718,794,243,1817,1618,1776,1488
699,1177,1550,191,1268,1780,1527,1779,1827,1548,1635,1539,1774,1912,1501,310,151,247
1642,1879,1554,1739,1747,1678,219,651,1447,301,990,1558,1796,104,1957,598,1670,1947
1769,1559,230,80,1910,1701,1978,153,257,1067,1909,140,1507,1742,143,1771,270,1648
406,890,1365,996,1716,1353,1613,119,1835,1934,1546,1620,160,1731,707,1793,1797,214
157,1092,1632,1658,466,1905,1768,705,220,339,1482,187,85,1693,1487,1812,510,996
1656,254,1666,1801,862,465,1558,1531,171,1774,1797,1716,213,1960,1495,318,1659,1542
1771,939,1637,1780,1812,1600,1649,1121,712,465,1776,1735,1808,94,674,1737,1480,1959
491,1532,1679,1781,1830,1846,1250,1647,1740,1483,1828,1550,929,1365,1722,1893,1394,1701
1636,77,505,1070,1854,1690,1562,1705,1682,1630,1835,1815,992,1668,1760,1663,799,1582
3,1635,1908,1779,69,162,219,121,1655,237,795,1613,1688,1792,809,1723,1832,846
370,1736,1730,1562,1814,1734,316,887,1867,1292,1546,727,99,69,700,1832,1491,1620
1948,302,1520,1837,1776,772,1630,1681,1609,1489,1476,1769,596,141,321,411,1832,80
1754,1484,173,1584,694,1610,1947,1281,1751,90,766,98,1694,1782,1822,1973,233,945
1645,1662,375,1847,1629,104,1733,1526,612,1739,1141,268,296,1744,1836,1832,109,202
1644,1519,1721,1838,1737,1939,1780,1665,1360,1724,310,1761,1643,1153,1570,110,1722,1904
1853,229,1833,40,117,1972,1725,1405,1775,268,1676,1601,91,1735,1838,1785,1194,1810
1643,391,1428,110,1542,230,1816,22,154,1763,177,1624,1849,1732,1549,267,1822,1262
1754,428,1851,1695,1689,1594,1702,215,1799,1731,235,943,1823,635,1787,1830,1575,144
792,546,1761,1837,162,1907,1656,789,1600,1858,151,1401,1591,1628,1670,1731,1719,1769
1490,1345,1601,1373,1855,241,1587,419,1667,1744,1351,1733,1735,1584,1548,1595,1515,1070
1824,1971,1581,1899,989,1629,1785,1821,858,463,1771,219,1819,1905,1540,1183,1808,554
716,1701,224,1765,1326,1648,256,261,1958,1495,1937,1358,1611,1584,1640,1595,1374,1591
38,1812,1604,1626,1716,1754,1806,1824,475,83,1741,294,98,1755,1687,1805,1561,1516
1326,1614,1839,1259,1728,289,173,1647,187,1790,1828,1663,347,133,1564,786,204,1552
1587,1816,1806,1634,1540,134,1562,87,1548,1611,1498,1784,172,1704,1785,1504,193,1979
151,1546,1793,611,123,1730,1696,147,837,307,1561,1504,1791,1732,1550,1527,274,1971
1644,836,1635,1640,1838,1815,953,197,1246,1440,973,1922,1759,1370,1199,1490,1843,1645
1368,736,1391,559,1912,1827,1725,1972,1503,151,810,16,1563,1570,1555,1646,639,1338
253,1635,289,196,1609,1857,1070,1859,1743,702,1590,526,1656,1669,1629,182,1686,91
138,1908,1564,212,1906,1797,1843,1535,1396,1840,459,171,177,1656,1837,1594,1697,1728
153,375,1156,133,1954,1411,1654,130,278,1680,1742,100,1529,1782,1521,1071,1726,1222
781,1584,1683,1850,195,276,1909,1641,964,1819,1478,293,1532,1799,1705,1538,1869,1674
300,796,1713,1182,781,1368,1520,1789,992,1814,1485,1718,211,1164,253,1549,1516,1597
1570,148,1652,163,1853,1786,1337,1368,1797,112,1371,1385,1820,1389,296,1613,97,1665
1830,311,1749,1773,1941,1733,1721,1726,1480,1184,1033,294,1476,1482,1913,872,1736,1751
1804,1670,1557,410,1712,1792,1634,1472,1987,1147,1728,1937,201,1607,1686,232,1525,628
1944,196,1067,147,125,1231,1765,1577,239,242,1572,1303,1638,1826,1484,1860,1570,1803
1495,1836,227,831,278,1833,1029,574,1505,1696,214,1821,169,1577,1805,197,1519,1532
636,1712,1707,1527,290,1960,1585,999,1680,1075,1638,1798,1592,789,1326,1035,317,276
233,1804,1564,1538,78,98,227,1524,1608,1523,1675,1692,168,133,76,1662,1511,1958
1828,1651,187,1623,1817,1515,1373,1578,162,89,1054,1539,1598,1484,1753,1811,260,82
1837,1383,1534,1528,1639,1519,1385,1177,1418,1512,277,1626,1675,1513,1980,1559,1697,1676
186,1850,1699,264,163,94,490,1636,1551,127,1678,1773,1395,1626,886,1747,1644,292
1644,1516,1782,1830,1546,1623,1707,1215,1960,1847,1414,480,781,297,1635,1220,1563,1786
1869,1657,1604,1567,250,1760,213,135,1924,96,1185,1542,799,178,107,711,1478,1749
1648,270,143,923,87,722,1634,1699,244,1489,199,1803,1649,1852,1847,1537,212,1179
836,1578,1824,131,1323,1809,325,1601,1503,1913,1565,1032,1603,1715,1545,109,1679,418
254,1565,704,1583,1622,1126,561,145,271,1481,1501,1478,1190,15,1618,96,1149,1379
1126,1808,1492,1787,1773,1682,1394,735,904,1588,1353,1646,1672,1526,1732,1544,1671,1647
1895,1532,1522,1069,463,690,1841,1891,1615,173,316,1601,1696,1748,1392,820,1594,1677
131,1482,1574,1542,413,1661,1295,1848,1640,13,1047,257,101,134,1720,1598,251,1520
1514,1485,1820,1625,1632,209,199,556,1835,794,1759,1103,1917,1794,838,308,782,132
1387,1889,1618,1745,140,226,118,700,1823,304,1622,894,1734,1635,1575,1632,1717,1602
1735,1563,85,1688,1750,120,1494,1395,1560,945,1523,1729,711,1882,197,1823,1636,1543
170,988,499,1700,235,49,161,1624,1758,1842,1913,1396,1796,1566,214,1591,584,1825
1843,1780,1745,1490,1781,1733,1723,1788,892,1785,1476,1837,1518,1707,98,205,1823,222
1700,1568,1706,1910,971,1781,694,1681,1748,1527,326,1744,1636,189,1375,1576,1069,57
1647,141,138,252,1709,1487,309,453,1790,1517,201,1538,464,1484,1578,97,1521,42
237,1575,1703,321,1376,1849,1709,1604,1690,1638,1657,1695,1119,130,129,1744,1636,1854
248,1845,1706,1734,1616,871,1670,1530,1675,1036,1610,1709,781,1579,1954,1777,1418,1486
1069,238,1650,1791,1603,98,571,1821,1689,895,1385,1719,191,1953,1573,213,1794,1221
255,1700,1712,932,936,1378,1504,134,1626,1759,252,1313,1534,1500,197,1498,1728,1552
1763,1789,1822,93,298,1713,214,1645,463,649,1618,617,1657,1679,1631,1519,1869,1340
1762,1396,1530,427,1605,1517,1594,1761,1385,1804,1723,1115,241,315,147,490,1737,142
1486,1689,1718,1764,1687,1070,1617,1379,62,1949,450,370,1706,288,299,271,286,738
1614,450,1812,1751,1844,1554,1627,875,191,1505,1574,1765,1759,1482,172,798,1697,303
1514,203,1561,677,1755,1641,1789,1122,1483,1668,1810,1776,1851,1538,1791,181,1386,128
1922,1948,1353,1840,1611,1905,1751,1675,1374,1535,1713,143,255,275,1641,1712,140,1507
1711,270,116,1638,1489,1724,1582,1393,1666,466,1602,1659,1583,1591,1844,1969,1673,1749
1784,1698,1248,1907,308,242,281,1781,1461,1510,1806,696,1201,1888,186,1844,1530,1207
321,1691,1575,1909,161,1490,1842,1501,1771,254,230,228,972,1053,1741,1482,1671,1674
1764,1097,1825,136,1534,120,1715,1074,7,795,652,1627,1246,800,1761,1645,242,1563
1476,1642,471,1704,1705,1556,1941,552,1830,1791,1621,1759,1525,1658,1740,1669,1498,1730
1522,1815,1657,1518,215,1531,1854,1701,1636,306,1207,242,164,1812,1753,1609,1721,130
1635,1561,1938,1741,1704,1856,1841,1652,1479,1641,1047,1502,239,1660,1226,284,643,72
74,1823,214,1701,1899,1547,210,1501,1774,133,1162,1598,1911,327,1822,1295,284,726
309,1610,563,1492,292,311,1746,1773,1707,1951,162,1488,91,298,1940,1574,118,1512
1671,1585,1756,1697,616,98,1601,1757,1641,235,1819,1570,1594,1834,1740,166,532,1676
1860,1792,1644,1716,1825,130,640,1652,1688,1395,993,1593,1847,552,1691,1693,525,1745
1900,603,1671,1723,1119,1667,1618,1635,1648,1814,1482,1507,1820,94,738,1817,1496,1587
1696,1631,661,1764,1639,1653,1697,1780,1777,1941,1816,1672,1630,1374,282,1759,161,1598
1851,1085,1534,77,1365,282,1597,163,288,1591,1333,1709,1497,1749,1613,1628,648,651
543,1822,211,780,1791,1617,1629,1639,1600,1807,1690,466,143,73,1390,1574,1452,1408
1677,1718,1540,187,1395,805,1692,1708,648,518,1911,87,1570,251,1382,1376,1802,1043
325,1521,105,1711,580,1976,137,1673,1765,1388,1330,1833,260,816,1484,186,1852,1321
1970,1665,1489,375,943,1191,1645,157,1587,1593,1369,1782,307,1741,1194,204,300,1772
262,88,1713,1650,1386,1745,1719,1774,1893,260,1818,461,1379,1954,375,1978,1799,1735
215,1612,1592,1784,1838,1688,1446,167,1821,271,711,996,706,1557,156,723,794,1517
1504,290,203,1529,1805,1618,1185,265,1502,1837,1497,1761,1192,302,982,1842,654,1834
133,1064,1668,1575,184,1713,1834,1835,677,1516,1238,1824,345,958,311,1555,1768,124
783,275,308,1906,1627,1516,1666,1436,1788,1781,1448,596,1805,1758,1774,1475,1673,1367
1354,1622,1509,275,1828,1560,1833,1563,1314,1681,1715,1543,88,1471,920,1927,1694,1588
77,1711,276,1583,115,1624,1646,1779,1527,537,1761,1394,854,1649,1501,533,1510,1548
131,1705,1644,1910,91,1614,1825,1751,1800,1394,890,1676,1855,378,1743,1675,1127,313
1605,1812,1524,1848,1673,77,272,1514,1657,1162,1543,1841,1552,1612,1374,1353,1550,1637
1675,1595,89,316,1694,783,1752,1583,1656,128,1069,1569,1734,987,1556,234,1909,1780
1686,291,1723,1594,750,1553,1651,957,1683,1949,981,185,1579,1623,1494,1721,263,1905
1746,1559,1803,167,1670,516,1588,1972,1569,1013,1517,1817,1950,1546,1207,93,497,152
1785,1111,1810,1794,1789,1508,826,1581,119,1735,1548,550,81,1513,1623,1382,1847,1155
1675,194,1681,1559,1658,1542,1705,567,1791,1897,123,1943,1803,220,144,146,286,1731
1698,105,1559,1742,1837,1950,195,1043,1173,173,1548,1558,1750,1542,784,217,1555,1310
1691,667,411,214,328,1768,244,327,1499,1000,285,87,119,385,1239,584,1800,315
1385,7,46,1530,1782,1714,226,1827,774,280,196,1018,1931,754,1729,755,1956,1614
1716,1278,1488,173,211,1581,1625,1542,1718,1742,1756,1844,1521,1529,392,941,138,1860
196,893,1385,1711,1741,258,1666,1635,341,1536,1852,356,1980,1517,1909,1519,89,285
1689,1813,1772,1949,1715,1701,1587,1678,1938,126,1759,1520,1763,1738,210,211,1535,1958
1846,108,310,288,1575,693,647,1579,1258,150,1775,1594,1670,251,132,293,1808,1485
1610,1907,838,191,139,1842,1724,432,1519,135,1683,471,198,1511,1635,1852,1942,1819
1576,262,1487,1716,1757,224,1360,1851,1911,1841,122,107,1224,1742,1922,198,582,311
990,1886,1675,286,163,1700,1641,184,1734,1577,1724,1733,1851,1618,136,1481,1635,1702
1960,1772,1769,1597,1571,1531,1723,1932,1757,1533,222,1751,1752,783,1576,1849,1032,1497
1636,1634,982,1735,1886,98,1975,240,1379,321,495,892,1700,420,1842,1789,1298,285
779,1772,1493,304,1653,1838,1697,1561,259,237,1636,881,1570,1767,1676,1478,1835,1170
685,90,684,439,319,132,1696,325,794,717,300,501,1556,252,197,304,326,271
1754,1072,884,156,1733,1937,1574,1850,295,224,207,1910,1609,1107,1698,95,431,1718
1800,1731,811,115,1683,1823,1878,1913,42,1715,1507,101,383,1821,1656,1710,246,1184
180,1677,287,1517,1618,165,1664,1642,1492,1627,1801,42,1220,58,1841,1769,269,278
1733,1532,1516,1560,980,297,1194,217,1724,1555,674,1354,1828,1189,1503,81,1485,1174
1713,1793,1614,578,262,271,1389,1479,1593,1851,1755,1905,1686,204,1433,209,1517,1724
172,164,1841,1566,1828,1724,1801,1569,524,1492,1795,1680,95,46,141,665,74,1549
1583,986,1518,1277,1965,1645,1156,1885,1538,1636,1178,1282,1840,132,1768,1512,1810,1601
1304,1063,129,787,1490,286,61,1705,1765,1987,1332,1965,223,1731,321,1529,1552,1145
1371,307,1726,1831,1636,880,745,1847,1096,327,1643,183,1515,1676,1072,1562,1138,1153
1819,1691,439,1616,717,1826,261,1612,1773,1751,1762,1569,225,1277,1917,1562,1600,1735
1552,102,964,1727,1438,1772,1681,1843,1759,1383,1476,1914,1554,1482,1530,270,16,1062
1665,1496,1608,1708,1607,1414,1600,113,1702,917,910,98,183,141,1837,460,1500,1956
1593,139,1842,1631,1636,1747,1835,1634,969,1542,1691,183,1648,1681,1723,203,302,1735
1771,1535,1950,1616,1822,1942,1495,180,1722,123,148,1240,1849,411,345,219,1482,1781
1836,39,238,1730,1797,136,1754,1570,1710,1809,1682,1798,1004,67,1699,306,181,1833
1199,1764,1835,1595,1860,649,188,1818,148,1694,1521,1523,1641,749,1506,408,1839,1484
1789,1380,300,1545,374,1541,1750,1589,705,1678,270,239,1483,1785,1514,203,1643,1810
1779,217,1663,1986,1616,1385,1694,1812,289,1671,1568,1772,1483,1956,404,1079,1638,1686
136,133,1533,472,1845,1677,1504,484,163,64,208,1509,1127,1750,223,715,1853,1763
996,1551,1643,1973,1738,1570,1537,1702,1413,1568,201,130,1912,1908,305,1621,29,1723
193,1745,1972,1628,1810,533,1584,156,897,874,497,1579,401,1805,101,1723,332,1674
1657,1828,1562,1745,1496,1673,262,1955,1513,1497,1954,216,1258,277,1706,1716,1484,1524
158,1478,1704,1049,1636,1579,1774,1665,1520,89,617,210,251,1805,1493,1732,271,1846
1710,1585,1772,218,159,1629,1755,1520,1779,1728,1522,1174,1805,1578,1850,240,1734,315
1683,1685,1847,1753,6,1289,291,1717,1674,1802,1651,1589,1544,1627,1635,1746,109,1925
1713,81,1593,1827,1483,146,1954,1494,1496,172,1558,322,1649,1822,937,874,1548,1798
1763,1490,811,250,1487,1619,1952,1611,149,1849,1235,1593,45,1293,1725,1573,110,1788
1443,1544,1513,717,544,1715,212,1951,1976,1727,177,1576,1762,1690,1779,446,207,1554
416,1738,1649,937,1688,1833,1781,238,1766,1513,282,1387,176,1733,1594,1084,1725,1746
1535,305,1481,1823,1282,76,1494,1734,1696,1726,225,1605,1392,1814,898,542,223,1541
1523,1772,1589,1906,1088,1487,780,751,1476,260,1823,1075,399,1800,1829,1856,1741,1673
1756,1718,287,123,1705,1566,1485,1645,1652,762,539,1533,1740,1684,1677,1696,1813,820
598,1496,993,216,787,1485,1846,1710,1172,1694,1481,1814,291,1132,1672,1974,1522,131
1266,88,1849,1702,1383,103,626,166,1948,1709,520,1700,11,1617,43,1591,247,1845
1747,179,312,1734,1830,1605,399,1577,1502,219,1915,1518,800,1379,1694,1784,1744,1637
1810,1975,178,129,1636,380,113,1717,925,241,1629,686,1664,1378,1558,1618,1920,1763
1749,152,1541,1857,144,114,784,1845,840,314,82,1098,202,1705,1671,1741,222,374
1587,1753,1573,107,1724,1480,1661,1532,1854,1950,784,495,473,1511,1599,144,1616,1651
1607,1964,169,1556,619,276,229,71,110,235,661,198,1625,1731,1610,621,1570,1378
1833,1528,1860,1415,103,183,858,83,1797,1608,73,1616,297,1834,1482,640,1074,3
1857,1564,38,805,1563,1806,1794,630,1571,1541,1518,1838,1524,1759,1539,872,329,136
1796,1394,1688,224,1616,118,1668,243,1674,227,1830,324,578,1507,1757,1857,1702,175
1350,1755,1726,1695,1514,195,1714,1591,1553,1081,1783,313,89,309,145,186,1592,807
1745,135,1829,325,569,1383,1853,1763,1724,1584,544,1815,175,1534,1280,1336,180,1589
1763,929,1648,1752,1767,141,88,594,1536,116,1558,373,938,1513,982,1754,719,1519
1793,1506,1528,1304,1773,1637,1837,136,1548,317,1559,694,148,1320,1616,1746,1504,1289
1808,1770,1594,1789,1778,1536,906,1580,1192,238,1930,1812,1651,1728,1567,1638,1492,1710
1231,1785,1643,1483,1645,1958,1500,1778,86,1650,229,42,145,1853,324,1041,1668,1491
1610,182,1626,1209,1609,1727,138,139,1918,1749,1683,1573,72,1144,1848,252,1748,1352
1727,1662,1756,1739,1506,1653,1546,1654,1663,1778,1576,1792,1838,700,1573,1448,1236,1536
1589,176,1498,1616,1847,323,1711,1805,1374,1537,1796,70,1668,212,137,1573,1518,1811
1662,1825,1600,1503,1985,1752,1705,883,1809,1763,1578,1688,301,1385,1042,1598,1953,1590
793,1800,1905,1615,1104,1526,1848,1055,1059,1552,1736,1212,621,182,1765,1690,1667,1735
1768,1765,1738,1733,1610,1758,193,1837,1190,90,183,1084,1577,1095,464,1671,1330,1514
1703,1559,1576,1692,1376,1569,723,997,37,1572,1201,1912,1537,1320,1954,705,1106,278
566,1748,1633,1708,176,1615,258,1235,1968,1613,1491,1836,1531,1730,1505,1723,1069,1658
273,1553,352,139,1791,563,1940,1853,1684,224,238,1635,1247,1619,1493,1854,17,82
1639,1553,250,1498,65,1543,1662,480,1516,1527,267,1843,1475,459,225,1041,1493,1832
1798,1982,415,1377,1905,1612,1489,1732,1499,1529,1821,1792,1569,1706,1559,1494,1522,901
577,1568,1808,1654,1614,1749,1664,324,1612,296,1504,1744,1714,1521,16,1681,463,1655
1639,95,1742,190,1531,1675,120,91,1771,255,177,1724,1065,1221,1113,1647,1726,692
1907,1813,1532,166,239,1938,175,1544,107,1571,1475,270,1681,662,1635,1697,1641,1613
1911,1843,200,1751,454,1703,1586,197,1405,1513,1134,544,1649,987,1731,1602,1767,1086
207,73,1942,213,942,1667,1710,1662,1749,103,1856,1304,162,642,1293,1540,1853,1587
1930,93,1860,1912,1483,1492,704,205,1386,1796,410,366,1531,1905,1748,295,1907,1787
1642,1491,238,1698,1725,1539,1598,1688,1750,1822,128,1752,1761,1974,1570,65,68,1733
1905,1720,1642,806,1535,1742,1756,1539,432,1208,932,1746,1809,1706,195,169,1618,209
1687,1945,1903,211,1521,784,1883,1749,1806,1758,1658,1652,542,1516,1505,730,1684,260
1508,941,1529,318,98,1824,155,1548,608,1911,1481,305,1927,1587,1063,146,1619,446
1665,449,219,1751,1783,93,1333,1576,699,806,1712,1691,1551,1386,491,1831,1515,1509
1700,1736,1658,1484,1070,1941,1773,1534,1414,1694,1653,1595,835,110,1475,1911,1678,313
1570,344,1625,1101,1654,157,1665,1809,1716,1792,127,191,982,241,1767,321,1906,1821
782,1698,932,246,191,1812,1743,41,1316,1100,1047,1139,1773,1512,203,708,1546,1645
1580,1617,1877,228,175,1174,1671,1775,1049,1692,1894,204,1652,1660,682,1619,1781,1395
1911,1612,1789,1747,1571,1852,1835,187,1686,1851,1391,1543,205,1828,140,1662,308,1645
133,219,1701,111,44,1848,1481,936,1775,1840,830,1825,795,1708,193,1718,654,1543
1794,70,319,1045,236,988,1880,389,1849,1600,1722,861,495,1577,497,868,1041,1670
1676,1500,1485,1374,608,1482,1603,1889,553,1678,1548,151,1600,1668,328,1561,1961,25
131,1563,1480,107,1486,133,1552,1627,1488,1541,1732,1747,1609,1782,1500,305,1723,1557
246,1833,1656,931,1871,1974,873,1502,1507,1666,1731,223,1795,1610,1702,1855,1756,1768
1507,1622,1761,1715,1609,1504,1064,1594,1752,254,1600,102,1591,1850,662,1492,1809,244
1670,1657,1324,1664,1780,1208,1514,1770,1743,1558,1602,1603,1546,1178,1527,173,1532,1896
1702,728,198,1533,1610,1477,1670,1595,1687,1671,1835,681,1505,1674,1628,179,180,1396
1494,1602,1812,114,1809,215,198,1507,1552,301,1641,214,1671,1661,1792,90,1480,1514
1491,1884,1635,1848,370,1938,1771,1495,184,1804,659,1548,180,1944,1590,1591,1617,1618
1584,1836,820,532,86,1778,1617,1378,887,1483,1500,1832,1764,1831,1912,1743,1701,1418
1754,515,1984,1242,1486,1532,1621,1709,1838,1479,259,1638,1834,866,1738,1494,1681,534
8,696,1786,451,804,1686,1597,1762,1813,129,1980,300,1756,1528,167,1779,1605,231
1542,1485,700,1341,202,1556,1502,1782,1701,246,1633,1546,1668,1618,1775,1683,1722,1658
1553,570,1664,1521,1580,1674,1534,291,1800,45,88,1761,1365,1657,1656,1688,1613,212
1618,1718,1229,88,1376,325,256,1698,1753,1733,123,920,1594,1730,1710,1826,1906,200
93,1541,1726,1664,1724,1566,509,1374,1790,1929,1365,1751,1855,1643,1580,1809,1665,1896
1675,807,1824,1694,1809,1905,195,1793,948,112,1521,1381,1808,1690,1784,1184,315,1683
321,1779,1633,1761,1849,1793,1583,1731,1772,1958,153,117,1750,300,242,252,200,1388
944,1519,182,1581,1753,1623,1668,1517,1383,1847,1794,747,1564,1499,1276,1739,1895,1367
1690,1732,222,1000,1598,319,1602,1681,1316,1761,1377,993,286,1772,846,1691,266,700
307,172,66,1638,1779,1501,1588,1834,1580,1506,1611,1733,98,1567,1400,1692,263,96
1562,557,272,1476,299,128,1241,1795,306,1559,1694,1735,1599,1896,1619,1836,121,1306
1617,1808,1565,1584,1074,1303,1705,846,1755,166,1514,218,1520,1507,1831,1823,735,542
249,280,1733,1845,583,1086,312,1480,1704,1597,1803,1752,1630,1590,1180,1780,816,1739
