1614,980,1685,1800,1582,1286,232,904,1483,1548,1482,1734
786,1748,1698,1728,599,1763,1541,93,1494,1585,787,1840
1883,1745,1523,1526,214,1852,1849,1624,285,1586,1815,123
257,852,226,123,617,1810,1589,1090,444,814,1512,1015
1501,1608,1783,1487,1557,1677,1729,1382,108,1913,1504,1787
1834,1751,954,1684,686,1486,1591,1566,617,306,1391,1536
112,1946,205,1551,149,1067,1624,1845,1549,1650,1633,1495
651,1103,1581,219,1631,1638,1623,1724,1830,1778,317,1620
1600,1607,1661,347,1857,1776,271,1844,1576,226,244,1581
1395,1838,217,200,61,1443,1726,1598,133,1756,1548,1638
1910,1632,1709,1817,477,1547,1815,1645,1800,110,1893,112
1633,933,1588,135,262,954,1481,1477,223,784,1128,1813
1733,1893,1547,902,1931,1830,1701,325,1979,1496,1724,1304
1794,405,1265,704,191,1391,1332,1670,61,1707,1679,444
197,305,1717,54,1857,1791,9,302,1596,188,1971,1905
1649,212,532,81,1735,1509,795,281,1687,221,1642,1511
260,1712,138,789,141,1780,119,1579,310,191,1661,1467
1765,1619,1620,1852,1180,1731,1261,649,221,1960,1637,158
1075,1894,1800,1491,325,1634,275,89,1391,313,962,226
294,1881,1637,1778,1684,1836,1773,94,1794,311,1621,621
1524,1729,102,84,1672,1069,87,117,832,1812,208,1564
1837,712,785,1660,1758,147,1778,1659,1630,1524,424,1479
935,1802,1908,1821,837,282,1837,1603,1486,161,142,317
264,1754,89,1553,1698,257,1620,1701,1654,1812,1160,1709
1774,325,1568,1645,1648,1849,167,1583,1843,1391,191,1785
1825,1488,1734,1532,282,1743,1374,1636,1489,274,310,93
253,1762,268,277,1562,1697,1804,1303,1699,1839,1612,1534
324,1689,1573,1687,188,1538,1690,1540,1783,1701,1796,1614
901,1755,1663,849,1304,1563,1977,1724,1488,1842,1731,1493
1606,802,1824,1501,1481,1849,1621,1529,1854,431,1813,1500
140,1696,789,1617,1608,1509,1810,137,1607,1848,223,1821
1560,1831,1843,1795,1656,1514,1522,836,593,562,1907,90
1698,1523,1591,652,1567,1493,1588,1657,1680,59,1174,1735
1655,1319,1647,229,1676,1130,1382,1636,945,1809,1537,1831
1489,246,222,158,1727,74,1684,1692,1679,1689,1356,1686
1242,1797,248,1801,1981,1939,270,1501,1635,1695,1524,1546
1741,152,1972,136,1225,1653,1959,186,1775,1778,1765,1601
1225,1392,1553,243,1838,1719,1637,1676,576,1740,1525,1732
753,290,1622,1499,784,622,201,1695,1734,1690,216,1839
217,1117,1843,1729,1854,86,1801,1806,198,213,1831,747
1800,687,805,1778,349,1710,1488,1856,42,1395,1762,1489
1543,74,1585,1036,1682,279,1837,567,1383,1276,1822,1526
1043,1624,1598,1677,155,251,786,1780,1893,1782,1568,1585
1373,650,765,477,224,1625,1800,1602,1975,75,1755,551
306,1794,1572,1651,1804,1373,1848,1547,1780,1520,169,1742
1726,1819,1811,1707,1840,729,1408,1268,1549,1961,1687,1520
1384,1846,319,1764,1103,136,1730,127,1952,1621,1709,1719
1758,170,1880,1695,1530,1972,746,801,527,1587,1816,1812
1484,1910,1683,1829,797,211,1793,1586,1749,1544,209,1526
1807,1515,1840,256,1738,633,1596,790,1673,1099,314,215
1688,1849,1113,103,1518,1776,1684,168,1747,1908,1687,1485
259,637,1690,1616,1560,1604,763,1641,1669,1505,214,1968
1665,683,1842,1500,1732,1682,1649,1832,1633,1372,1625,1742
1655,393,1707,1758,1721,1881,1613,1565,20,1527,1690,1658
287,1726,44,1497,1622,1778,131,1618,1916,629,1060,1561
1534,144,1960,43,1912,214,1710,150,1529,271,1825,1477
1794,1203,1841,1623,275,1635,1559,242,180,1764,488,1491
1870,134,1797,220,1894,31,130,1909,1194,1064,1787,1712
106,1391,223,317,1828,187,711,601,215,58,1714,1579
548,825,1950,153,1662,1104,1488,1779,1381,1563,1907,1396
1615,1593,1395,1823,1614,537,123,1680,1089,558,932,1968
1627,1898,292,465,1747,168,268,479,176,1541,1628,1653
139,279,1686,1665,1511,1815,1534,1819,1607,1691,1738,1497
1779,1681,1836,700,152,1682,1667,1763,274,1695,1177,396
1767,92,1295,1840,1331,218,1609,1514,1658,208,1785,750
1717,1716,184,1777,412,1543,1824,1209,1907,1766,140,821
1788,174,1250,248,1569,1959,180,1808,1715,127,1687,1807
789,1375,1738,1689,1484,1713,1696,1747,1520,1718,1624,1819
1889,1754,1224,687,163,1753,1559,1594,1751,87,1504,1639
126,1643,1786,1560,1587,155,1180,185,1590,320,1502,1803
1482,1219,1495,1921,1785,1503,191,171,549,1608,101,1627
1756,1813,245,179,1629,1534,1740,284,1626,188,1675,1605
103,136,802,742,1534,282,106,138,1835,1513,329,864
1521,207,1376,1528,1754,1766,1618,1767,1647,1671,1484,1558
269,1811,1633,1674,1640,503,1697,1518,1862,760,1677,1794
1981,1737,1774,124,1773,325,1820,1937,839,1767,1566,1512
1390,1567,1759,1485,209,1071,1686,1511,302,247,1372,1619
1718,119,187,1213,885,210,1385,361,1678,1725,138,311
1535,144,894,1912,1855,1569,1319,587,16,1634,1721,1857
1663,888,1658,1566,78,1919,1699,1516,1815,553,1812,1847
1671,602,13,1974,1545,1540,1274,1808,117,1856,286,1665
1391,844,1656,1490,1035,1738,1792,1482,1723,1751,1756,164
139,1661,495,552,1325,1760,1589,938,823,1792,1970,412
1849,1621,1222,1671,108,1847,874,1821,1706,1524,1834,1850
1808,1320,1739,903,1546,1778,606,68,1973,1943,1484,1376
814,1782,1647,857,1391,1673,317,1102,1719,1840,459,258
1289,1622,1387,102,551,1114,500,1938,1803,1505,245,109
1614,226,1634,1178,1384,1512,151,434,1487,1628,1732,1739
1798,1667,122,707,1787,307,1719,1732,1474,1616,1939,1838
1523,1060,221,1712,231,1721,1637,304,625,1893,1941,1809
1835,1479,257,242,1790,1913,1836,112,1565,314,1153,1313
1826,1822,847,1661,93,1608,1694,275,1638,1578,1940,174
212,249,1695,1817,1806,1268,1608,128,1789,1576,197,1609
1545,1046,1833,86,1847,1121,1700,1726,1561,1962,1588,1563
244,251,1573,1847,1198,1660,1795,158,1505,1658,1733,1809
705,1792,1647,1957,84,975,1705,1546,677,106,1603,1389
1768,982,157,102,1579,942,1796,1132,1764,1638,224,1775
129,723,277,1537,1669,250,1732,112,1837,292,1798,783
1775,1708,873,1492,375,1855,1785,1812,1549,1846,1849,97
1687,1649,263,175,1672,1602,1383,173,1105,210,654,1782
1853,1760,141,1308,1211,112,1835,1847,1534,1749,281,1782
1617,1500,1486,107,1826,216,1660,1821,129,1714,532,1175
807,1803,1224,1856,324,157,1541,329,187,945,1726,217
240,1943,209,1204,1137,1657,1335,1380,216,174,1769,1854
1972,157,1829,635,1653,1707,1503,1641,1930,176,294,202
986,1708,1119,1691,1782,514,212,1484,1537,1835,178,322
1581,1595,1507,1784,365,1529,312,1839,997,1737,1610,1173
872,1292,1476,1509,1742,1523,147,1666,165,1694,1494,124
1605,1630,538,1703,145,280,520,1505,1830,1980,695,1763
1019,1533,1520,1754,1514,1818,1545,723,1745,1465,1613,1047
1713,183,1654,1545,1944,1815,1567,324,1803,1756,207,852
75,1960,1530,1543,643,1648,1596,1630,1493,1526,1609,165
1957,1568,258,1642,259,1911,1494,101,614,1572,1836,1626
1837,137,77,1249,1631,284,312,1733,1609,888,88,322
1644,1838,1709,1809,100,1775,889,1834,1773,1589,897,1497
1677,1526,1710,1386,83,1564,312,1680,1824,1658,1300,1849
1759,180,681,1634,92,1644,1551,958,1696,209,1754,1726
1274,1582,1557,31,163,1087,1799,1755,1798,329,1493,1529
311,306,1810,1597,798,1680,1830,1616,1565,1490,659,71
1948,1761,289,1961,1706,1539,1637,1786,45,242,1367,1830
1562,1629,1717,1695,1624,1484,1566,1745,1729,258,1659,784
1761,393,1642,1480,1114,738,1739,197,322,1669,1699,87
321,1824,1680,1671,154,1720,1640,1372,272,1143,1836,1712
1540,1487,1633,285,1153,1586,340,1825,1675,227,1385,1807
1900,175,1826,1797,515,506,485,1692,1853,1972,1499,620
1630,1540,1693,759,1281,1237,1654,1545,1621,1685,1749,1561
269,1758,1262,1762,915,1656,1562,1803,1714,1675,1774,1831
1819,1134,1576,1742,1684,1694,1847,1769,1488,1580,1448,1599
1855,67,368,1725,1529,1366,1622,89,1508,1030,1600,1708
1625,1707,1770,1251,1679,1822,1682,1783,1322,1631,117,1633
1516,1541,1100,1707,1834,1677,1589,183,1685,536,1850,1848
1664,1573,304,1498,1744,1540,1542,1665,566,1790,838,251
1365,1764,1479,1571,1743,1720,1950,160,1857,1643,1520,1199
1494,1771,1852,1669,1760,80,1503,1625,1761,1651,1733,213
1825,1489,1567,1814,1732,230,1729,1392,1526,1733,318,316
351,1878,1568,87,1262,1135,741,1592,1719,1588,1887,1827
1793,158,1626,1526,1755,1839,59,112,1559,1070,101,1604
214,261,1826,1772,1639,1723,1623,248,1681,1083,1654,1512
1539,1530,1700,1283,1701,1656,1556,1796,1578,1483,1977,1582
1596,923,1757,1699,1689,1693,1714,1369,1724,1638,1906,261
1030,1095,1480,1662,1759,1664,1481,1656,1651,130,876,1908
1672,1563,140,1530,1560,1616,1850,1945,1574,1592,1553,1683
1671,1536,153,247,87,164,1826,1775,1729,1031,1643,209
411,1707,737,1748,1758,590,132,1595,1500,804,245,932
172,104,325,784,794,1767,1479,1102,1805,1367,1795,1907
1729,1735,1220,272,1702,266,1692,1547,1772,102,1549,815
132,1751,173,1910,1484,522,1619,276,1660,1698,188,1977
1917,1542,1810,581,533,1480,1845,1724,1781,325,100,262
1534,998,1768,1180,223,1643,263,218,1322,1907,282,1496
1805,1751,1724,1514,1545,223,1720,1819,1355,1627,1817,890
1164,1838,1518,1672,1816,1041,1551,1593,486,1835,1712,82
1493,213,1708,920,702,1567,1517,1665,151,1944,1817,1906
1389,180,793,1564,220,818,1944,147,1515,1735,1558,1355
1748,1729,1896,1670,271,1696,1680,1815,1332,523,1947,1754
1710,1732,799,1528,1689,1896,1711,1489,1574,349,1825,1579
1789,135,973,1841,1626,1581,1787,1168,189,1394,1577,1829
270,1693,1769,1572,1922,178,163,1701,1487,1965,267,1721
1498,1691,1612,1958,1700,1656,1340,1756,792,85,759,89
1698,1853,1738,1576,1744,1492,970,1803,798,1639,226,172
188,1571,1677,163,1828,792,1696,1904,1526,85,309,1844
1802,1566,1568,1518,1069,228,1539,1822,209,1374,247,124
125,1592,1533,1301,1526,1791,1694,220,1180,1727,1846,1178
1788,1489,1702,1508,1749,212,1399,1948,1617,1705,1494,1567
1626,1764,1905,1789,597,879,1796,939,1097,1497,146,284
897,1768,1551,1802,242,1608,1763,1756,783,1375,1685,1971
173,1854,1580,248,1252,1529,1487,1212,1786,582,1483,1983
600,1597,1686,139,215,1670,839,149,1607,1786,999,1867
109,280,1767,1591,1566,315,1810,1971,1612,1581,1851,52
1637,1852,846,1912,1617,1810,1550,1592,1673,1782,1273,1805
1553,278,1517,1490,1094,1365,1656,1574,373,1667,281,560
1632,1115,1860,1567,1479,1395,1483,1787,1849,207,1653,201
1157,1755,151,1682,1724,1801,1233,1633,1686,1781,1735,1628
1770,1521,144,794,1837,1652,326,1671,1641,120,1839,1781
244,1497,1565,1583,253,1491,1747,1550,1311,1705,1715,316
1119,1629,804,172,315,1905,1588,1673,183,1710,24,158
878,259,1550,322,1852,1617,15,997,1746,1533,47,1680
1789,631,1214,1572,204,1741,553,939,1793,1912,1735,393
1913,74,1299,827,13,1380,1023,1797,485,187,1691,186
615,528,1569,1485,1828,1492,1565,1842,1852,1899,1598,1505
1338,267,1543,1599,1604,73,1558,1180,1584,1589,1519,1741
1947,1039,1843,217,1802,1764,1561,1209,970,1508,303,158
177,1590,1646,1668,1779,1849,774,1806,1843,677,1808,1503
1972,1670,69,1366,176,1804,1537,555,165,1856,1538,862
1600,1810,953,1616,1778,241,1488,1476,1101,1317,1572,1836
115,1732,85,1852,1143,1762,1611,1618,289,1945,313,1723
1683,1361,980,169,1622,1747,1562,284,254,1312,273,1802
91,1490,957,1684,1540,1770,1477,1647,1602,320,1525,1970
466,167,1532,1669,220,1531,154,1609,1587,1524,1759,188
1839,564,1674,1591,1003,1747,162,1668,1557,110,1856,325
1759,419,1686,1166,714,1832,1025,1658,226,1755,96,253
1811,1476,988,251,1789,1676,207,1731,1636,1771,1834,1498
1746,1502,1382,1896,1757,1619,1628,1570,126,1760,1661,93
657,1723,126,1526,1646,994,141,514,302,1801,1597,778
1533,1688,288,1719,1919,680,1734,789,206,559,1695,1738
1783,1500,1984,1758,1403,1572,264,1821,1624,1831,1803,1884
1025,264,21,152,1614,1724,1822,1642,1932,1593,1803,832
1905,1710,185,1983,1374,215,309,1554,630,298,250,1458
1772,1510,1949,1620,91,1735,1674,1618,1588,1820,1775,1837
274,1005,1908,1479,185,1589,1393,1774,1725,1666,1541,281
1613,1809,227,124,1676,191,94,1591,1618,1804,1571,1582
1811,1733,1774,1608,1660,1510,1742,718,1747,1106,1790,1714
1844,351,146,1676,1711,313,1717,1611,291,1531,1663,1046
738,1832,1490,1274,1848,1796,1597,1477,1390,1636,1830,89
884,1714,1770,104,1611,1261,1661,230,1500,1791,1638,19
206,527,1810,1627,1780,300,1642,1639,222,1099,1502,1941
202,1736,1690,216,103,1843,1564,133,127,1691,1368,1545
1602,362,1191,141,1676,1692,90,1771,1729,1850,1365,1772
1479,1691,1850,1888,1548,1650,1638,133,1769,297,1697,1670
1305,1669,136,665,209,1383,236,1677,1220,1905,1541,1687
103,1758,1341,705,85,1908,1594,122,1653,790,9,102
674,1860,188,1698,1985,2,1830,1738,1598,230,1924,1798
196,84,1834,1634,1162,134,1496,1116,159,216,1752,1604
884,1682,1523,1892,1492,398,1243,1692,173,1801,1975,1072
233,1767,1690,15,901,1695,1594,950,873,1652,1081,1788
1767,835,1852,471,307,1035,474,1665,329,1803,1162,1390
1847,1696,1846,1503,1737,300,297,1123,1716,1071,1729,1561
1850,1910,647,86,504,129,1378,194,1637,1070,1777,1709
1834,1687,1743,1717,1287,1656,1731,1132,1575,1770,1612,111
681,1905,292,701,1586,237,226,1775,787,846,113,1608
1545,1688,1664,312,1691,1190,1719,1268,80,1704,1595,1726
270,1819,1035,328,1834,1674,107,1575,1957,153,1784,1492
1487,1517,245,113,1663,387,1849,1961,1720,1693,1838,1647
1659,1523,306,1311,1687,1673,1840,1475,1558,1572,1812,1973
481,99,1800,1529,806,1516,808,1818,1780,183,1631,84
1573,1581,1972,1610,1446,1825,54,1744,24,182,1722,501
1695,1838,1621,1603,1380,1931,246,1378,1854,1222,1738,1710
1694,572,1483,278,257,838,1477,936,1072,1959,1736,179
1594,1509,1752,248,312,1514,1731,54,1542,1662,1909,1745
1815,1232,1976,1476,1691,978,1731,1515,807,1821,1842,1737
1613,1381,1900,142,600,294,1695,100,1730,1927,1808,896
1293,82,1695,262,1971,1594,1488,1373,1572,1811,108,995
1201,956,1638,422,1824,214,1879,1492,634,1559,1501,241
1601,1521,1543,1514,1483,1091,191,276,438,1544,1958,373
262,1839,1780,1764,1546,1487,296,144,475,1737,1498,1831
203,1533,1701,1680,544,1567,1672,1721,185,235,1639,1959
1645,880,1737,1662,111,904,1501,1806,1401,1903,443,1755
1650,443,109,181,1529,180,1104,1976,1514,185,1799,1750
1707,1591,1906,312,196,279,1706,1686,1817,1338,793,814
1709,1596,972,1849,635,1843,1387,1648,1016,541,81,1548
1584,1659,1731,1743,1831,1718,1655,1757,285,1598,1844,1774
1875,1832,139,123,222,1771,1538,1722,1561,541,1852,1574
281,90,1637,1911,1841,698,852,1840,1703,1770,575,201
1732,1570,1525,1591,129,1890,1484,1498,1562,321,1723,1682
1667,186,1510,1719,1370,363,1747,1636,1704,1624,1570,1803
1922,1491,1482,169,1809,104,1950,1557,116,187,840,250
1567,1478,1752,83,1376,118,308,1954,1558,637,244,32
1557,22,1943,1588,290,1584,1762,1879,834,1823,1692,577
1819,216,1617,968,1631,106,1857,681,242,89,1510,1628
1256,1797,160,1655,1848,1602,426,307,299,342,1490,305
256,1563,28,1305,1730,1768,293,1726,927,1957,1854,319
1814,934,1835,784,1850,1754,313,1550,1977,1764,1787,1940
1667,1016,1781,326,936,1630,131,1509,1495,1489,1783,1776
561,1510,1000,1512,1561,1778,80,1849,1559,1652,1522,1390
816,1002,1492,1792,1691,206,452,1809,848,1758,1679,1812
1983,245,1856,1689,1475,1880,190,1374,1792,1597,1577,1076
1670,1638,293,1531,417,1784,195,1615,173,1836,437,82
226,188,1268,1510,1717,1649,1765,1789,1612,1658,292,1672
1644,153,1657,1730,801,1719,999,1922,349,1699,1646,1658
1811,1577,1810,1682,1851,227,1576,727,1341,1841,83,1756
60,1682,155,1842,217,427,1603,1846,1772,1822,1645,1850
1760,1240,1645,1544,1909,616,1812,1500,1702,110,1035,341
127,1694,1334,1558,309,1774,1113,1836,1703,1563,164,1797
1663,797,1807,1711,330,785,130,317,1830,1737,1793,1659
1584,723,1882,1338,414,1731,1753,1519,1475,1746,1547,1391
1595,1655,165,1729,1539,242,1703,1052,1477,1667,199,1956
631,583,1654,1534,532,1805,400,1894,1714,1811,227,1503
140,1764,1669,1730,1780,1640,98,311,342,620,1549,1383
303,314,1573,1786,1658,832,1884,1652,318,1896,1566,1705
123,170,1747,1526,246,1483,270,529,1844,62,1811,1499
1671,1767,1857,1604,87,859,1956,1668,1791,1611,998,1714
1537,1975,1632,477,1555,100,1664,1782,703,587,1769,114
1828,86,143,503,1567,1579,1658,1549,1382,1124,1947,1821
1884,183,1628,1892,1905,1587,1650,1786,1101,1651,1863,497
270,1670,1516,1800,1396,1954,295,1602,297,235,1556,497
1782,1774,1610,1682,1533,1706,1823,1778,1779,1835,1540,1739
1525,1784,932,951,1835,1359,1970,1540,849,223,1559,1846
135,1706,1199,287,1396,1686,1989,851,1714,1675,1619,1771
1953,1648,1784,1847,806,1638,1649,1496,115,1719,1907,94
496,1758,1795,1757,783,1746,1639,1479,1586,63,55,1490
1953,1092,1071,982,1593,1335,1723,1789,129,327,1773,1905
1513,1687,1638,330,1024,1911,1562,271,1845,366,1972,1812
1748,478,1847,1745,1907,1027,1670,1482,185,28,1723,1582
1846,1632,352,177,1213,1341,315,1557,1292,102,1814,1813
1764,1787,1675,1598,1656,1575,589,1500,45,1758,1623,187
1785,1693,1771,329,368,1527,1677,1644,1477,1590,1270,1806
1583,1642,1523,1782,1975,1608,144,609,248,460,1496,1912
1942,1850,1730,1526,102,846,109,1588,849,15,1742,228
212,1234,174,647,1512,1835,932,75,121,1511,1851,1912
1686,137,370,1498,1703,1605,1672,1695,184,1149,304,479
1255,1475,1745,1952,1737,1895,1688,1692,1915,1385,1834,1580
1530,1690,1071,481,1667,1826,1664,113,230,489,1970,1629
1517,651,1567,1706,756,1024,101,1074,1822,1728,1590,1091
1907,1532,1766,1567,136,1652,1946,1873,1838,1090,1949,1631
1571,248,84,1845,302,1711,1700,257,1844,99,1677,1719
981,1613,476,265,1625,1734,311,1261,687,1673,1825,303
312,1642,410,1632,1030,1732,231,1747,1666,1823,1629,1545
1544,271,1622,1523,87,1514,1857,1768,468,1282,1724,1586
1817,305,1680,1957,1245,1703,1699,1818,1082,1835,1725,1529
1534,1745,1633,689,341,1772,1807,280,1802,1487,1403,1801
1494,1330,1848,1902,189,1503,1473,210,1750,1816,43,1252
1205,1578,1907,1727,272,1684,1820,1607,1756,1670,1805,1909
1481,1634,1682,1483,1832,1504,1850,1835,1594,1809,1685,320
1671,1577,516,357,1588,1556,1729,250,1191,482,514,1690
164,233,1493,790,287,1020,1717,957,992,1977,1672,1515
1483,1907,1665,1544,1583,1787,1658,246,1835,201,1571,1765
411,1550,1648,1526,1912,189,119,136,11,1783,1736,1623
22,1217,1534,1659,1708,1734,1548,1763,208,1943,1692,1654
210,1700,1600,736,1566,696,1750,1702,1835,154,227,1572
4,1693,1747,1587,321,1818,1045,267,1826,1493,1382,1685
131,1046,1535,1822,133,1540,93,1789,288,1481,1554,238
1833,1153,1507,259,90,1909,181,183,1842,540,1907,1616
1590,1478,1712,1708,143,1369,1591,1971,1700,1526,190,1913
1744,1725,1906,1962,309,221,286,308,1759,1573,1623,223
168,1823,1698,1481,1821,1656,1694,1586,838,1970,1768,616
1689,78,1613,157,1436,890,83,1450,1261,1565,1845,1628
1477,1559,1777,1344,1109,108,1735,1772,1501,82,252,221
1769,1523,393,1572,112,707,121,276,728,1671,1307,1804
1755,1719,1750,1241,1545,751,1695,212,1670,229,89,1579
1740,224,1566,1583,1765,1717,1792,1751,1750,17,1577,1818
1719,200,753,102,1784,1580,110,1590,236,1613,515,1518
1391,182,188,253,1856,1699,1745,1615,1534,1814,1704,1637
80,177,1603,1481,1649,1484,79,1162,1578,1599,1638,576
1956,97,85,224,1829,1604,1806,1442,1499,1586,1796,1475
1927,1534,838,295,1609,1516,246,1705,1635,1401,1624,1830
1633,1754,1095,922,1480,1581,1968,1674,139,633,1698,1099
1673,704,1638,1584,1671,54,129,190,138,1758,1610,576
1797,1590,1505,1801,1268,194,158,1595,121,1480,379,1512
143,292,1391,1791,1772,1847,1715,1624,1509,1834,991,97
1635,250,959,684,42,1632,1520,1661,1715,1539,1822,114
211,1527,202,1675,1734,518,1788,1493,1964,1729,1712,644
1777,1716,1542,1515,275,1813,1491,1724,659,185,1516,530
190,1642,1590,1391,1556,1580,258,161,1102,1662,1843,244
621,1677,278,180,539,246,1756,1731,1524,1913,1107,1695
184,1687,79,901,244,854,1620,1595,1693,275,1725,224
888,230,662,1798,676,1546,1683,1664,1537,1647,318,1759
1543,95,1777,1599,188,1769,298,315,1541,1565,1832,1621
1769,1550,1719,171,1643,1538,69,222,317,1363,1711,1743
1541,1645,122,182,1573,1212,1907,1570,1822,393,1648,1801
1752,279,27,1685,1699,529,1584,1935,1781,1622,1573,278
701,642,1592,1723,1899,1613,1912,490,1340,630,1666,958
1698,1811,130,1599,1421,1587,119,37,1650,149,1773,1831
59,1530,1801,161,1687,1736,1853,249,126,564,1033,369
162,1715,1701,1734,1664,1583,1357,247,85,161,1620,1746
339,1186,1784,223,1480,1679,1487,1751,1479,127,1021,1748
1619,183,1907,46,1664,1596,995,1220,124,1779,1782,1576
1561,1630,1360,1528,1812,1752,674,1674,1806,1781,1811,1593
803,311,1529,1802,1871,234,1793,252,1944,1645,851,1389
1554,141,1945,798,1481,1850,1662,1796,1366,1484,1578,1823
85,1604,1768,872,1662,22,318,1823,1740,181,1646,1210
1747,1519,1645,1721,960,1868,259,1855,1393,1551,1623,1482
580,1723,1912,1579,1730,250,1704,1342,1627,1824,1582,1763
1926,241,1649,201,806,1543,1719,458,1581,1442,1767,150
1315,761,224,1566,97,81,597,382,1150,1761,1842,830
197,274,1530,252,1761,1743,112,159,1837,1908,1595,332
1524,1694,1090,1780,1684,1537,318,1759,1555,230,1479,1518
1209,1566,1615,1369,1768,1522,576,227,1741,1832,130,1601
136,1643,1559,1689,1557,1641,1381,1654,1746,1843,1960,542
1470,1498,1771,1975,1761,437,1681,1526,1814,1546,357,1956
1939,447,846,1574,1645,1394,1471,1551,1833,1498,1575,1545
497,1909,1792,1727,414,1265,1617,1707,1853,1709,107,364
1746,1295,1910,1918,259,182,1613,1835,1584,1787,1551,1624
220,1583,266,1793,204,316,125,84,1747,283,876,1353
231,1478,426,1586,1840,1602,1487,77,1669,1635,1815,1913
126,1734,1852,1485,1751,1559,1516,1783,601,640,82,159
649,162,724,1610,1924,83,220,1773,285,1847,874,1827
1384,1572,1781,1795,1742,273,592,131,161,156,1280,1847
86,1949,1765,305,1640,1268,1758,505,1617,1543,300,1735
217,1577,1954,1731,311,1383,691,1624,1580,143,1707,429
268,1758,110,1730,1670,1819,1519,103,676,133,1552,1675
533,179,1963,1480,1843,1627,169,28,442,1604,1924,1072
1781,277,1941,879,1597,1381,1844,1521,1813,1696,299,1578
1803,1691,1034,1092,109,1649,165,1755,1718,540,108,1600
1736,1559,246,1775,263,1390,1708,1813,1790,1568,1706,303
1599,1620,1520,699,1734,1725,1772,1104,414,318,803,1603
606,1719,1552,279,1735,1651,1570,1584,1475,1762,1501,1804
1896,1531,1614,352,1331,1567,1554,1484,1602,597,147,1480
1581,1774,729,1747,1560,859,1476,276,1811,1849,1748,987
493,785,1835,280,1717,1308,1692,1053,1634,1813,1810,1563
192,131,1736,320,853,1788,1633,781,1822,152,1517,1907
658,1585,1959,1490,1671,1583,1496,262,1635,681,1262,280
1748,1604,1830,130,1484,1691,1574,92,1486,1490,1580,1715
1517,1616,45,988,1565,1550,1604,1663,198,1637,1908,1706
219,1269,1589,1395,133,1642,1145,1473,1640,1601,1571,1623
658,244,1906,1796,1537,1731,1665,1603,908,1963,1802,844
1243,1637,1959,1850,1577,196,1710,1543,1969,1668,554,1617
1792,182,503,1912,299,1332,1646,292,1548,1082,302,792
460,191,1581,1654,80,623,1986,139,1907,1808,1488,73
1664,676,1581,700,373,1788,1705,143,44,1688,1960,1479
1692,1774,1644,1640,1816,1595,315,1521,230,274,215,1778
1777,1654,1565,1700,243,1694,1739,1623,1840,1549,240,1535
182,1708,1502,1746,243,1652,1824,1831,1955,132,143,1113
1678,1832,264,1850,1623,1314,1638,1792,1494,508,236,1149
1325,88,1800,1845,1061,1783,1812,622,125,793,1677,1813
1581,868,1595,1334,1503,1531,173,85,1950,1733,319,1828
1831,1937,161,1582,1865,1562,1647,1780,1823,1677,1674,1323
288,752,1376,1871,821,997,1492,244,1556,148,202,996
1850,902,1536,40,1722,173,1509,488,1833,1534,1504,1894
1535,1594,1742,1696,1625,1638,1633,1543,1644,1656,1099,1523
1785,240,1905,1521,1834,1771,1553,271,235,1708,1382,1681
1829,131,1593,1702,297,1693,1482,1532,1490,1733,1538,1911
166,654,1818,3,1820,1352,1556,883,1757,1800,1560,789
1643,1831,737,1507,1639,1832,1562,1647,114,15,1520,1613
1525,101,1329,1841,458,1489,1855,1668,1550,1952,1838,1005
1847,1940,1684,430,1319,1492,183,1909,221,1741,315,912
1618,285,1532,1612,1227,1866,149,1562,1528,1815,726,242
1819,1372,1579,1485,262,1597,8,1163,333,1722,1316,1914
1840,173,1070,97,583,167,1396,1805,1579,1257,1522,1599
223,1558,1854,1681,1633,805,280,1745,206,1906,316,1636
1849,1778,1775,1595,1528,1538,1826,1600,1708,1974,168,282
41,1583,845,1479,478,1339,1944,433,1525,1702,1488,1560
805,1782,1849,1631,603,1543,1764,861,141,291,1850,1837
1772,1774,1617,1521,193,1894,1833,1908,202,1799,1554,1895
909,1945,278,1650,1024,1676,1819,1779,1621,1703,1777,1598
1548,194,1488,200,1969,1489,199,1639,28,1729,1592,1493
1630,1090,212,1528,1561,1752,1655,1673,1638,1490,294,868
1493,1602,1634,287,1843,1503,1179,121,1392,499,1505,216
1119,1849,1638,1827,1618,1783,113,1529,1475,1815,1593,1782
512,1483,1835,92,1651,1797,324,709,1375,222,1820,1529
1797,1906,1160,1772,1673,1636,1827,1764,323,465,1598,1670
1544,1881,198,1525,1534,1705,993,1948,1928,1797,1855,675
1169,1678,1490,1539,1476,761,1821,1730,1615,1619,1743,1762
1901,1485,1592,1694,1779,269,1504,1612,1156,569,1583,994
221,226,1571,317,1048,1892,1757,1599,1106,1532,1754,1670
1600,1758,274,1508,1689,1181,1390,1811,1591,1746,80,94
1694,1929,1728,67,259,1883,1599,1827,313,368,1750,298
1561,1646,1712,853,1734,1601,1058,964,213,1571,1354,1829
1608,1581,1792,89,1569,1610,1497,269,1669,305,1853,1850
1604,1704,1541,1780,1908,1273,269,1590,1365,1909,1830,163
459,1496,1548,1497,993,941,1565,896,1563,1543,1776,190
1702,1593,1570,1845,117,1447,1895,1546,1814,142,1819,544
1599,1520,1530,1069,40,1843,1630,222,1788,1654,1438,1651
226,162,1754,1672,1487,65,123,1490,1581,1570,1626,1717
1616,150,1757,1659,1832,1831,1286,715,956,739,518,1817
1771,1557,1492,1855,1719,1546,542,1392,553,515,1908,794
136,1000,1641,1837,1524,1559,1634,155,139,1623,1754,105
1842,1804,1023,1500,360,1274,1639,1475,1591,1797,1750,1580
1673,1612,1712,1779,1815,1482,1842,1469,1518,207,263,1571
202,1812,953,777,1637,1670,1829,1541,1569,1480,1729,1627
1481,1464,1244,1703,192,881,1686,1620,114,319,1855,1616
1685,1534,1776,1172,141,152,1768,1841,198,1790,1693,325
121,253,132,856,149,1926,1840,1701,1740,1725,1944,1736
403,1752,115,1621,1852,1917,1339,1851,1834,1100,1789,1640
1790,202,1650,1708,1080,442,1676,1519,234,1362,1588,1733
1320,1846,1479,1739,1546,1878,136,1100,144,1641,1913,1704
1524,1821,1480,1694,1521,177,1810,1516,1762,1551,1577,1428
1805,747,1769,1531,1532,170,1650,1674,1790,1656,82,1719
1495,122,121,97,1203,84,337,1896,1718,1908,1565,1477
1671,968,1919,1728,833,316,84,1741,1910,1835,1521,1498
1924,1535,767,1622,1654,264,1969,1748,238,129,1729,1475
1647,1768,1943,1384,1724,1162,1613,1815,1737,1565,1657,281
1513,505,1584,1629,1510,1725,699,1733,1844,1384,1755,1042
1633,1911,990,1861,1643,1732,1715,1214,1623,1815,1854,119
1715,44,1520,1387,1793,1576,1942,268,274,1803,1533,1581
1559,237,1707,1536,1659,1539,249,894,1657,1110,1530,369
486,1813,1493,1719,1496,1379,1489,191,587,246,1836,1795
1690,60,1649,1140,1634,1604,187,1383,1671,1582,1814,1744
1801,1551,1771,1763,74,1671,1690,53,1842,302,186,972
423,1488,1728,1622,1742,1619,1489,1763,146,1836,1639,1537
1692,1723,952,1673,1395,1748,1626,1618,1665,1514,1830,856
34,321,262,1580,1525,1649,1574,1700,1783,1509,897,1569
114,1850,1476,1650,180,151,59,1976,1385,1795,1523,724
119,1669,653,1905,1699,1896,158,238,1967,1851,237,1526
1852,527,1798,382,261,1501,705,1531,1107,1768,1777,1414
1058,1797,1697,1835,1647,121,1843,1652,199,1905,1696,1968
276,1476,1526,1848,1636,1910,1814,1632,98,1762,15,1504
1741,1367,1638,1553,692,1795,1571,175,1499,1779,1198,1635
1071,1854,163,242,1379,1649,200,1627,1574,1506,1787,316
177,1586,556,257,1686,1563,1515,1553,1617,1540,1498,1095
94,1818,299,1840,1476,1480,1639,171,220,1609,1629,1496
1527,737,1640,1739,1641,1558,172,1892,1807,1329,1942,138
1775,1654,278,314,198,111,922,218,1479,1848,1703,1633
1673,485,1666,1651,1507,1838,1663,1499,945,1617,1750,1953
1924,1365,1961,1772,1738,252,1649,1911,1543,301,1149,169
1843,1882,1562,1818,87,1770,1342,1888,977,731,1481,1088
117,1320,156,579,1836,1526,1769,1677,1687,1716,146,1489
1695,311,1930,1622,91,1601,1487,1576,1633,1537,1688,1820
149,889,1627,96,1879,1905,298,1454,1634,1603,1685,680
1983,1722,1548,1772,1839,553,1483,154,1446,121,447,1808
1691,1518,997,163,1681,126,1693,279,1839,1700,1481,1704
1610,1851,1844,1201,128,1595,1764,1854,627,1824,1698,1675
138,1491,954,1817,1697,1573,1683,131,1784,1704,939,160
106,1591,1684,1811,1562,1576,1763,231,466,1341,223,1843
1493,272,494,85,1815,1856,1709,1575,1054,1699,1772,559
1480,1549,281,1653,626,161,1365,65,508,167,927,1632
1395,1722,758,1671,1514,1506,1518,121,1891,875,1847,1749
1698,1616,299,1749,1986,807,646,1713,1383,1653,554,194
1856,1717,1500,1758,1811,283,297,137,1778,1842,1488,596
16,656,1672,1506,1479,281,1787,254,969,1677,865,268
1834,1562,1528,1854,676,669,1801,236,141,1304,1356,1399
204,1512,1770,1645,274,218,1254,1491,109,1708,433,302
1034,1494,739,1632,205,189,323,1847,258,372,1382,655
1558,1531,1833,1741,577,1566,1765,1788,1771,1498,1232,558
969,1502,1788,1810,415,474,1761,1627,170,1382,85,1747
1772,1526,1723,1696,1954,65,1405,1516,1543,96,143,1738
1083,1792,1513,620,1542,1658,1763,1623,1676,1930,62,296
1369,1597,1726,871,1303,1846,1645,1612,247,1609,1768,190
1981,1637,1581,1815,1821,297,310,1738,1537,1784,1647,1392
1827,1731,1721,281,1530,88,207,1489,1953,1970,1771,169
124,1561,282,1242,1724,1374,1786,1833,1535,1759,1842,1306
802,1696,1573,231,1538,1796,279,1831,168,1728,1617,1510
424,1807,120,232,1495,16,1681,1616,1572,242,1689,1552
1533,1344,1684,626,1673,1388,753,549,1588,1674,1592,1295
281,1691,1652,1888,1639,917,1104,1801,238,154,1773,244
1625,1668,1831,1597,151,130,1487,1824,1577,1708,1502,1556
1649,1224,5,1859,1318,1541,1174,249,1730,1836,1827,184
1556,1981,1816,1770,1947,258,1806,135,1580,1809,1253,318
1607,1479,1924,1811,1552,1667,314,132,1684,309,1510,1729
1530,1086,1837,1975,189,1636,245,1693,281,1534,1545,1643
1644,1534,1518,1809,1891,1706,1813,1494,1908,1693,1687,1872
1753,1560,1493,1706,455,1490,1174,1475,1722,737,1714,1661
1681,1672,1588,264,1853,104,1589,1542,865,1800,86,1476
1815,280,1414,1641,1784,167,1654,1069,1368,298,1683,1969
1643,1760,1932,112,1662,225,193,981,1788,1314,1652,1603
1647,280,1642,305,165,1836,1805,200,1687,537,1823,686
1761,1585,1812,1510,1907,1894,1551,1687,268,1844,253,187
1556,287,1554,1599,1703,1578,1596,1739,1415,189,1567,1700
1763,1694,1466,1816,253,89,1645,1604,445,1782,1495,1848
1668,796,1830,110,1534,1834,256,1487,1516,91,1192,1469
1905,1626,194,1574,1755,1860,1960,54,1818,1805,1016,1786
191,1896,1684,1695,1809,187,442,1760,560,324,1521,1706
230,1375,1255,1949,140,1591,1329,1724,1600,1781,248,1836
1560,1771,1703,154,198,1682,244,1722,1628,162,1745,1555
55,901,945,566,1688,210,1828,1696,1745,565,410,227
107,1740,1660,1715,242,259,1562,1835,197,1640,1480,1479
1680,101,1523,1491,225,460,302,145,1312,1827,279,1895
1733,538,1611,151,1806,149,1725,1850,1754,1624,1816,1587
1844,286,717,703,1386,633,1698,768,1554,1711,1030,1674
1733,1775,395,1765,251,1896,109,1578,226,117,874,1844
518,696,92,879,641,1673,1725,1510,1319,782,1610,1529
1955,753,1822,1939,154,1602,139,1973,256,178,1392,1741
1726,1739,1771,1491,1754,150,288,419,1956,137,256,44
1789,1691,250,1376,1509,408,792,1491,1769,160,1828,1003
1580,208,1761,1560,1767,1764,1726,1943,1264,1782,1677,1609
1677,1559,1179,435,261,1763,1798,1897,1804,1504,1630,1561
1724,76,1686,183,313,334,1751,1718,1682,1822,1652,82
230,996,1479,1688,1302,1757,1586,1391,1554,1937,1153,1784
1687,1584,1666,1842,1821,1515,1643,1368,350,1266,1529,1277
259,486,1954,1646,1546,1771,649,1877,1268,1860,1512,1580
160,1385,1803,86,1516,189,278,1548,1634,1620,1836,1854
1968,292,497,153,294,106,1732,258,229,1916,1748,1122
1823,221,210,158,1630,1754,1590,1705,1932,1806,1500,1503
365,695,1770,1786,1097,1496,1082,1603,1719,1507,117,1620
565,179,1672,1673,1538,1754,1826,1593,94,655,220,1488
1737,1699,1821,1383,1183,1158,761,1496,1855,230,104,1554
1847,992,1662,814,186,1771,109,1826,1523,58,1869,767
1694,1531,248,1015,1910,73,564,1595,1748,306,1695,1671
1497,1773,130,417,155,1388,1819,1775,1979,737,1572,1482
1727,1811,161,1800,1002,103,1823,1487,1798,1368,871,1843
902,200,1024,1484,1701,193,1708,1479,1592,1725,1555,1571
1324,149,1849,1949,122,248,664,1616,1735,1544,1845,316
1513,1718,931,1534,1606,1812,1827,1488,428,923,1957,1575
1813,1687,633,1635,1742,1521,1846,1665,1544,1042,1637,178
261,1512,1854,211,1534,205,1647,445,1802,1705,322,1514
73,95,1782,776,789,462,1720,1740,1809,275,84,1808
1383,204,1610,1541,1036,1567,249,807,430,1502,1492,503
174,1581,995,1748,1706,1642,1491,1761,1731,1661,1725,1894
1489,1730,229,886,1825,318,1627,204,1175,1823,1699,943
1393,1839,62,1731,1830,1692,326,361,1383,250,1558,1857
987,1483,548,60,1883,1274,244,138,1673,1850,1548,633
1885,1571,1613,1824,1418,292,677,1800,1760,1564,1590,1831
900,1640,1829,1636,1657,153,1589,207,1499,1199,259,1549
1549,213,143,599,1644,405,1807,1745,1909,1669,945,1667
1758,1525,1631,1740,1958,1651,262,11,1384,264,1889,225
437,1085,180,1622,1891,15,16,1969,1587,1684,1853,1789
665,1954,210,1840,1525,1613,1717,1551,293,1819,1518,1804
1103,1518,562,1811,1726,1476,1537,159,1764,1597,1072,244
1827,297,1643,1648,1738,1581,216,1670,157,1566,1781,796
1953,1956,1524,1654,140,1735,173,1663,1677,1487,1482,1308
1820,1821,1768,1784,1378,1666,1631,1748,164,1501,1546,202
300,1587,1775,322,1750,939,1671,1527,239,87,170,1815
1682,1542,145,1532,1848,1707,243,1589,426,1775,1387,1478
1577,1483,1852,1255,1228,1411,1716,1180,287,1740,1479,1610
1789,271,1516,1748,273,237,1785,1538,603,1983,1806,224
1510,1878,1649,283,1055,775,1597,1482,1569,1648,1791,1117
669,596,791,673,273,1812,704,86,309,1394,1677,1632
1728,417,180,1755,1724,1810,1194,1804,1890,596,1268,1808
1806,1530,671,1742,1484,160,1581,1907,1563,1247,1479,1828
1550,1042,1493,1563,1069,292,248,1648,217,1839,1698,1728
1930,1571,1620,254,1153,133,1569,1782,1600,1565,467,1599
1552,1671,1427,1482,207,433,1656,441,407,316,1032,235
1723,471,1737,1911,1792,1741,1555,1725,13,216,901,692
284,1656,1447,1770,1631,185,1644,1844,197,1742,173,1568
1609,1746,799,186,1665,1619,1092,1793,1525,1818,1743,1623
378,702,1723,1309,1535,1609,1648,1845,606,266,771,254
1769,521,1476,1857,723,1640,1739,1746,1538,273,1763,116
102,1408,1852,1808,1062,1523,249,1772,223,1078,1603,1650
704,182,334,638,1354,1273,1005,65,1788,1592,1660,317
550,172,1667,114,1385,167,308,1852,1522,1672,716,1570
1708,1618,1529,1801,643,208,1759,1678,1655,248,318,1933
1396,132,1787,1536,1660,1515,1546,1654,126,1602,222,254
1535,1822,1479,1572,1506,126,1895,1677,1595,1820,135,42
1378,346,997,1673,1971,1958,1641,1812,263,1485,1839,1583
1638,141,1832,1674,285,1847,453,597,175,1641,105,1828
65,175,129,1544,1551,1930,1852,1534,961,1676,1818,123
1924,1317,104,1618,1491,1494,1804,942,266,939,1542,1865
1738,1521,1250,973,1691,1880,1233,1660,1759,1282,1826,1801
1637,1594,179,120,1768,86,1713,195,1776,117,1799,1855
1926,1564,850,1668,1725,1824,1800,198,1671,1626,1612,1848
1517,1190,1740,122,307,216,1481,1717,1511,1041,1613,1704
1574,1809,1715,294,1639,1524,793,1807,1853,1844,1465,1040
1505,236,182,1645,1682,1737,1039,748,1247,1817,1601,1594
1599,1756,579,1611,196,1669,220,1684,1753,273,1823,1625
1527,1621,739,241,1920,226,154,1670,1682,1106,1790,1893
645,1556,1643,894,1587,119,1689,1745,553,526,399,1275
1897,1750,287,1594,1857,710,1820,1656,1848,939,1772,1826
1736,1778,529,1742,1661,1799,1909,1070,120,252,1593,1388
1683,1783,265,1038,1823,1781,76,296,1513,1909,1545,1480
1542,1662,1696,1688,1528,1630,1741,1157,1571,229,1584,1854
1961,198,127,1664,1340,138,1724,158,1357,1965,1719,1892
1910,1960,1882,1780,1473,42,721,1685,1857,1628,1776,1789
1512,1592,1700,1537,1531,207,1590,1717,1762,1153,292,208
1730,1801,562,1535,1487,1517,1499,1648,1525,1805,270,29
434,161,1669,1722,1588,1751,215,1651,178,1657,1807,165
1525,200,1503,1121,1628,1383,184,747,1750,169,1715,356
1801,1910,317,1045,1719,1610,84,1656,1645,1586,1699,239
1493,836,1165,1702,1641,1514,1603,1767,1637,1657,1490,217
717,1784,1718,213,1615,1818,199,1616,1774,694,1804,1514
1698,209,1760,1833,1663,1749,1322,1569,1743,56,1544,1844
1673,1675,1583,1159,323,1955,1677,172,1484,242,639,1288
1512,1822,1580,166,1646,1647,1501,1957,1680,1844,171,1519
1834,1573,1747,1821,42,1610,102,1542,1562,1837,1979,854
163,1626,288,1534,1198,35,1583,1468,1542,19,376,1631
1608,83,474,1810,1797,1623,1744,1635,1493,1488,932,1078
1577,1848,1933,15,1776,1487,125,227,1586,1799,279,1769
1761,1396,1695,1799,1823,1857,118,473,1635,166,1824,1836
632,1247,173,1842,516,798,1383,458,770,1945,1802,639
1804,1789,264,215,1693,1801,1803,143,1603,1835,843,209
298,1034,892,670,1158,1788,1661,1718,583,1616,286,1544
95,1564,1732,1541,1561,1570,1762,329,521,1531,1345,408
211,108,1909,1841,1636,244,1963,1632,88,1722,738,1685
1008,1543,176,2,455,1509,1473,1538,700,284,190,1671
1569,110,1847,134,232,1583,1664,1836,1862,1532,1944,277
192,122,1450,1692,1716,1729,1830,1623,624,1574,317,641
217,1086,1816,1833,165,1702,1709,138,1535,1735,1446,1917
1626,1837,667,1687,1389,211,1558,258,247,1783,1715,122
1950,101,110,1707,684,236,1547,1743,162,1806,1715,933
1556,1821,136,624,142,1837,1769,1489,1739,1826,1786,1819
1728,1589,232,1846,1775,1599,173,303,121,144,1224,326
1831,1600,1784,1602,228,1556,1968,1563,1734,1847,1384,1854
705,1937,518,1515,1824,818,1488,1854,1496,1572,116,1789
1774,165,1989,1539,1821,1710,166,1564,974,110,243,1687
110,1726,1816,1712,304,167,16,1492,274,81,1849,1760
1513,371,1634,1637,1825,1654,1685,1713,71,1853,215,1643
1794,1510,1783,111,112,308,1713,1595,1214,104,1776,1690
1636,1701,170,250,1771,1833,1742,1632,1547,1383,1815,1911
815,296,1588,1159,1390,774,1792,1375,1695,1494,1828,1501
1752,1656,1565,97,1479,1622,1877,1714,1038,486,284,1959
650,1665,1565,171,127,1810,1678,89,970,834,1488,1057
1668,1823,1661,1500,298,1751,152,370,1807,652,1021,1852
92,126,140,1598,1968,1810,1674,1657,121,1892,1010,175
155,1656,666,1563,1809,941,1587,1268,1739,1215,98,1831
1584,1493,617,1658,479,1568,1517,211,1693,1717,55,262
282,1550,525,1655,1726,1322,176,1694,1372,651,1576,1519
795,1819,1640,786,1573,110,1853,547,1759,1627,287,1637
1669,159,1834,957,1656,1750,1713,1530,1355,1114,670,1779
191,1613,69,1520,215,1812,86,1163,1512,1500,502,1628
1718,787,1665,1414,1619,1375,1721,297,1605,1702,1623,1178
1627,1910,1847,1584,1643,1670,1332,1779,1759,59,106,264
1659,251,1231,1174,1508,1663,232,1575,116,1762,1829,1761
1533,147,1808,1620,1720,1537,95,1551,1586,1911,1489,1356
1596,1831,859,788,1528,1987,159,189,1605,133,135,1571
1775,1569,66,392,514,1511,260,1503,1820,1782,1669,327
1680,427,1685,1765,1855,1966,135,1957,1780,40,1731,398
15,1520,1742,1731,121,1775,786,1480,1849,778,1679,292
700,1685,1678,617,1677,1725,1681,306,969,1553,1907,286
1846,502,1424,102,1587,1060,1758,1831,218,1525,1674,213
1656,1517,1482,1857,1828,1377,1749,1619,208,225,74,230
1775,210,1755,959,1391,1565,1492,1660,1550,1599,1966,1536
1710,873,1677,737,802,1648,1536,1852,81,348,1986,846
1740,1500,1016,1843,1758,672,206,1642,1685,988,1898,1585
1946,1618,586,1834,1335,1621,1530,1967,1715,1097,1546,1539
1749,1712,1840,1625,1482,888,1849,112,1679,1134,1804,1500
1506,1907,227,1207,1708,1505,60,1848,1745,1643,1749,1503
186,1738,1672,1832,1648,204,1845,1913,1539,1823,496,1664
1616,1862,1578,694,1843,238,1705,1986,1754,1798,1722,1638
1650,1591,1757,1761,38,1603,1705,67,278,1274,371,280
1856,341,1789,1533,387,1771,403,255,1519,1495,1722,1618
705,1597,1700,1395,1856,1545,1848,1536,1799,326,134,1522
267,1656,273,1806,1684,1507,354,1602,1362,1838,1814,1958
1988,298,1659,1718,644,1373,1600,1953,1497,1756,1521,1680
532,1750,1671,1616,991,1526,1110,352,1849,1578,1163,1648
1938,970,295,1774,1709,1642,1910,1490,1601,1918,1949,198
157,890,1005,1590,290,1154,1815,164,1688,388,1540,1225
1617,1751,1378,206,1487,1494,1485,1708,1599,1529,1793,1522
1684,1516,787,1718,783,1814,40,283,1319,1408,508,537
1822,1905,1190,1855,1583,1776,1486,205,1659,1478,635,1640
115,793,1664,198,1497,1800,1907,1519,1306,1649,1577,1511
745,154,74,1686,321,1111,1719,1906,1566,1779,658,1588
1849,128,1587,321,1851,1639,251,1721,1786,136,206,1542
998,1781,1649,1660,1819,1654,1737,1658,1601,297,1801,223
1720,317,673,1559,1479,182,1724,219,1476,1742,1816,1891
692,1579,1723,1719,103,1739,1828,92,1489,1688,793,1548
880,1056,1735,107,277,1273,1755,1952,933,140,1444,1583
1541,623,916,555,1703,1648,1588,1677,266,1764,1770,258
262,1524,208,1476,1626,462,1492,1544,125,1677,36,1722
1508,1906,1499,1475,1224,1257,1766,1139,1515,1555,301,1779
1660,1662,1537,1763,157,120,1949,1909,1773,1756,1720,1599
773,1735,532,1064,1549,1799,1652,1599,118,1494,1374,623
1743,1719,1761,1716,53,1528,986,206,1751,1392,1681,838
1638,1149,1697,1373,1535,1506,1551,926,1778,1525,1954,54
200,1721,939,705,1768,297,1776,1036,201,1595,1631,401
196,1549,982,1603,1728,843,444,1849,739,1595,1598,1514
200,564,1584,1568,240,598,1905,1749,697,1524,131,1540
1557,1700,1607,106,1947,1683,1353,324,204,1481,1729,1584
1494,1570,1757,744,304,170,1596,805,610,1569,74,1661
1615,1480,1621,1785,1797,1449,1692,1783,1600,1623,1701,478
1603,290,1576,488,1491,122,222,1621,1698,1550,1615,1395
87,1797,1490,1646,1670,1907,142,1573,1889,1550,1835,327
1860,1611,59,641,1954,1528,1818,1799,179,1820,1519,1367
1733,1539,1646,1787,115,83,1572,1792,1963,1679,1642,271
677,1593,641,1642,207,1689,1825,102,1542,1634,1808,1558
308,309,282,1663,833,1697,1191,1581,109,1162,1536,1686
166,1637,1851,1754,1478,886,161,826,311,1634,1583,1747
1650,1955,1622,28,1700,1852,1481,1098,1643,1516,1653,1842
1785,260,518,1716,1798,1644,783,1491,1690,118,1737,1553
1335,1787,1580,237,1953,1693,1804,1873,1652,255,1579,96
82,1848,1433,1617,1544,209,1674,1629,1698,1646,326,1540
1840,234,1548,1515,1585,1786,1379,1376,1972,1691,399,1015
1708,234,491,1538,82,282,1612,1487,569,271,229,1475
165,1832,700,1909,497,1065,1686,1375,1613,1732,181,641
1853,840,1803,1504,1826,1721,1433,1360,1763,1817,432,1535
1631,1594,147,703,168,1580,84,792,1614,1678,1526,1705
1858,351,533,1601,264,1540,1431,1676,1807,1518,143,1730
1682,1669,200,210,1561,705,1529,1829,1756,211,1383,1470
1710,1510,1831,1657,1723,1791,1761,473,245,210,1856,50
215,1760,1582,1810,216,1720,260,1957,1685,227,1820,1632
1849,1863,1652,189,1577,1672,1385,280,1787,176,1555,1537
1363,1607,1639,1367,300,1815,1832,1585,1648,1633,321,1632
1376,1557,1844,1681,219,1941,1531,1555,1663,1344,500,1633
649,1804,1288,1644,1714,1957,602,1896,549,1853,365,1711
1831,1511,518,83,1843,1643,662,1852,311,1919,1716,1945
126,1550,510,283,1779,1652,1586,1488,160,1718,90,1603
1952,1482,1849,1526,1269,1619,1510,334,1407,1521,1720,1818
1159,1739,123,1409,806,1788,575,86,1758,1953,1852,1607
883,1828,1567,1989,1783,1834,232,109,1726,1986,349,1847
254,290,1716,643,1758,1755,1675,1813,1821,314,1658,241
109,1526,1957,1542,1586,1519,1729,1815,1411,1633,512,1580
140,1596,1689,1035,1650,1842,1168,1573,1595,185,1226,286
1553,1906,1618,1649,1674,1762,1654,169,304,1824,1527,320
1829,1814,1655,269,1661,1762,1527,1238,521,315,1796,1581
299,1801,1970,1464,197,1588,1384,1250,1394,43,1534,1387
1794,1848,1759,551,1779,129,1504,75,1481,69,1696,236
729,1689,1503,1536,397,1622,153,1529,1845,515,1670,1698
1577,1664,1752,1734,1681,1905,1591,237,922,174,1884,1630
1528,1752,1493,588,1496,587,1840,1683,1340,1760,309,1646
1660,1602,1768,1786,1638,1394,1630,1726,1754,1647,628,1779
307,257,77,1661,284,1647,1342,1214,1741,1248,1816,1532
1642,1539,1779,1563,1777,181,787,1739,166,1735,1086,1555
1569,999,626,1825,894,1755,234,34,1853,1613,1487,246
1577,43,1699,301,841,1514,1716,1539,90,1481,1542,1744
1807,1805,1578,180,1911,1760,1647,1796,1682,1667,142,1950
1519,97,1852,1980,53,699,1118,1570,1109,1588,1913,850
794,236,1504,1700,1855,1723,624,268,1820,1792,1324,1095
1677,1767,1787,1360,496,231,1652,136,1695,306,1561,688
1840,241,1322,231,387,1899,1968,1722,1807,1562,1090,1838
1720,984,1036,1621,306,1522,1812,132,1524,1604,1679,163
1815,1508,171,1243,1589,599,15,1595,1746,1694,1618,1926
1455,1611,136,1850,1905,1746,1697,1688,1011,141,1828,1825
143,1850,161,1761,1670,528,1971,1584,1832,1905,93,165
1594,176,1688,552,1297,1706,602,1685,754,840,1649,1748
1665,1279,1758,1741,1526,1730,1588,1760,220,495,1789,1630
996,1811,1625,165,1798,1485,1546,1822,947,1691,1483,1521
1729,1667,1080,1577,1884,821,297,1535,1671,1848,1427,1312
299,381,1646,1692,1724,1955,1786,1822,1741,1680,95,1774
1739,1530,1551,1539,1707,1558,1656,399,1532,1702,706,149
1556,1684,1758,92,1390,1603,1391,1027,533,1623,1761,1731
1673,1691,178,939,1550,1562,1580,1116,222,1814,153,103
308,1752,78,707,416,1385,592,1391,1753,1724,1697,266
1967,429,259,1821,794,1563,1779,94,1533,1896,1601,1509
311,1887,99,1704,264,1486,1706,1484,1722,1824,393,275
104,1916,1582,1650,1539,1788,1653,1698,1620,1802,1748,764
763,1600,1589,1545,1940,1778,1724,1592,1611,1488,216,1675
1911,1809,1712,1853,1943,1834,1552,1968,874,1669,116,1477
251,56,822,943,1797,1505,219,222,1765,1857,283,1635
1210,1723,197,1368,1563,87,1510,1819,1475,1547,249,1775
1597,1691,1641,1740,277,1499,320,1363,1381,162,207,182
1670,217,1777,1599,1783,1645,291,1183,1480,92,1803,1633
1532,1702,1745,113,285,981,787,1574,1676,1803,1618,925
344,1840,1364,1605,1749,1554,1699,1765,1518,1491,1700,1484
447,298,1516,236,1786,1544,1972,1573,1788,1673,1548,654
233,1846,1727,1641,253,1848,1852,1642,1803,317,219,1539
249,1603,1790,1648,1377,97,1500,1683,1947,327,1855,1905
1713,301,184,1950,1634,1656,1542,1228,85,1752,1745,1979
995,1737,1497,1681,1413,1617,1661,874,1821,1857,1754,1850
415,1655,1606,1584,635,1330,1625,1643,376,1698,1905,1537
315,1748,1757,1852,1593,214,1499,1615,1830,156,623,884
1692,1658,1060,73,1972,1970,1071,1724,1524,1511,147,785
1532,1626,691,1618,308,1551,1819,1797,1702,1789,1620,130
1663,1519,212,306,1836,1599,97,1567,1496,742,1701,1830
103,812,1707,1907,1237,1662,1526,228,1202,177,1647,180
1916,1758,1504,1560,1827,1539,1069,209,1698,172,1496,246
1823,1764,83,548,311,1191,309,217,1908,1846,1568,1710
1905,1658,1595,1365,1734,1824,1552,1561,1857,20,1565,1662
1605,1269,1532,1839,1592,550,223,1478,1973,1685,1830,1744
485,1748,1500,1569,1575,1520,1114,1715,917,1478,1606,213
1783,1736,106,1694,1794,1571,1584,1482,280,1957,291,1526
1944,1627,1779,1518,120,172,1597,78,1675,1709,282,1660
1601,748,1209,1678,1662,701,1391,1273,1504,1567,143,1500
1521,1895,1486,114,1668,1648,180,1512,1779,1933,1827,1578
73,1964,1663,233,894,1405,1735,1123,1851,1692,1395,1572
586,1592,1114,1660,1708,1552,1645,1513,1326,118,1630,100
260,731,1754,362,1815,1570,344,1771,1786,460,1852,1544
1773,1589,1770,1673,1611,1644,1906,1783,1574,1583,1928,1909
652,241,240,1839,965,1956,1398,204,1709,1534,45,1725
1710,1841,1792,1652,837,365,401,518,132,1849,1838,1560
1510,83,123,1925,329,1489,1710,163,132,1654,264,1769
176,653,74,168,1567,1820,272,1803,1574,1515,1677,1775
1596,174,259,1708,638,193,97,1606,1792,75,7,911
1549,1845,1482,157,1280,213,1611,1894,1627,382,277,1688
1674,417,291,717,1570,1242,1837,1622,1638,1384,1827,1896
1863,279,1699,1523,1941,102,1756,1696,1680,1730,1907,1583
1688,1767,227,1813,1743,1826,108,1605,1644,1854,98,1609
107,1510,1106,1756,1632,602,1858,1505,1530,1700,1893,166
1855,996,1713,1780,1820,1571,1029,1768,219,1086,1836,1190
144,669,1912,1536,996,1781,1638,1847,1592,1849,1913,1924
1908,1797,1852,1514,1345,71,795,974,116,1627,1594,7
1682,211,1750,327,255,1611,1720,555,1631,1768,1941,1550
1474,193,1550,1347,1818,1629,296,1862,1502,231,1365,222
1729,1644,1814,1704,1656,832,972,1599,1641,1669,1697,62
1868,952,1711,1608,295,1841,320,1600,1957,310,164,1400
1488,1780,1743,163,1095,1779,1811,310,1565,283,1529,1499
1328,219,1479,1668,1685,1589,1729,932,1723,1670,1765,1854
1496,1734,1534,764,1724,1747,1674,1940,152,1827,1550,1520
1815,1526,1170,1592,1549,1589,210,610,1614,1810,1713,1839
173,1596,1492,1663,1497,158,128,1372,1660,1673,254,1746
1955,1499,1732,1687,1623,463,1807,790,140,1905,1810,1526
1496,1510,1572,1694,1787,1340,1632,1750,290,1598,1934,251
1801,1655,680,1634,972,1659,1677,1823,1708,183,1591,137
1501,1623,257,1564,1568,1717,234,1570,290,1491,1483,1781
514,1553,1736,1949,1540,1578,1833,1520,1058,1947,1615,103
1551,132,102,1818,1544,1758,1705,233,1745,1690,1676,329
1833,278,226,76,1497,1868,1337,97,165,1094,1826,81
90,1268,1847,65,218,1507,154,1938,435,785,1574,987
729,7,1813,1592,1501,1170,1580,1597,3,1780,78,1517
1509,1588,134,302,1753,1556,272,175,1384,1692,239,261
1578,1823,1809,1657,1644,1600,1518,1784,1688,1663,1667,1505
1607,132,1652,283,1320,1972,100,223,1798,686,920,547
1767,183,359,1663,1578,124,1596,1547,1100,1846,1664,228
28,1895,1492,1744,153,250,1071,1740,255,671,1533,1592
1774,248,197,1556,1741,1482,1897,91,1635,1085,406,1853
1907,1973,255,1809,1152,317,1899,81,1685,488,1704,1724
110,209,1594,1959,1839,1902,1717,219,1689,1708,135,215
354,242,648,1654,1526,1084,739,1591,87,1690,1711,1789
660,262,986,1076,1246,97,1537,1536,1520,478,1648,1523
954,313,262,1505,1532,1825,1604,88,191,1715,233,1810
117,1808,1707,1781,1491,898,1517,743,1720,1214,1469,670
705,1668,655,1437,1804,1526,132,1948,539,1602,1772,309
174,1826,1216,1528,1516,143,1893,310,937,137,147,1979
399,179,1941,1852,328,1782,1579,1691,600,110,251,1720
36,1839,517,1728,1788,254,308,1521,1613,1695,564,1525
216,1725,1551,1707,1574,1199,1960,1657,1821,1616,1917,1910
1576,910,1810,636,1678,1764,1757,82,1814,106,1726,1346
1738,1753,1039,1795,1893,1685,200,1817,111,1593,1625,1660
1689,1843,1070,1330,1549,271,321,1838,1530,1611,1848,745
1535,1955,1838,1528,602,1125,1552,1822,1826,298,291,1549
945,1572,1735,1743,1832,1728,346,1835,185,217,1786,1727
82,1615,298,233,934,1753,1714,1379,1515,431,921,1518
1633,225,1668,1789,1956,1561,1741,922,1967,228,207,699
1921,113,1696,80,902,1824,1657,1795,1539,1733,1600,739
1492,1681,306,1702,1252,251,1394,1669,552,191,1717,1539
106,313,1387,1919,1676,201,1558,1745,1966,636,253,1624
1802,1540,1674,413,1788,1517,1668,276,1791,775,183,1711
1855,1155,1697,1566,152,318,1689,1831,1248,122,1008,1840
1494,1040,1518,1562,1704,1500,1819,1155,1572,1578,1771,1607
12,1590,1951,435,302,1842,1537,155,156,296,275,1818
1030,302,122,1506,1620,1345,1287,1647,1815,107,1704,314
1654,1598,1849,1577,285,1826,1710,1658,189,1443,1729,523
1718,218,1809,1481,1675,133,1896,111,94,280,792,704
690,1502,248,1446,1800,1808,1495,200,1394,133,1376,184
1395,1189,1534,1920,1781,732,1596,1492,1617,1687,90,211
870,1584,1576,1595,1735,319,1725,1755,1844,233,1504,1734
83,1912,619,1787,249,1807,1650,1492,1784,16,278,91
1371,600,1477,1494,1639,1787,493,128,1792,101,1575,1774
1558,196,1830,1143,84,1439,621,1857,224,1635,185,1957
1809,1912,1320,1696,211,1125,200,896,1505,1174,767,1542
207,1808,1734,1655,1637,1626,289,1654,1831,1835,1532,1575
1740,1565,1629,1716,142,1480,1482,1655,230,85,1854,1538
68,1912,1483,300,1718,1833,157,1486,483,1699,1835,1848
472,1714,1566,1511,1847,109,797,1475,1684,831,1746,1518
1736,1587,1538,409,1664,1550,161,46,1365,1534,1525,1757
1379,264,602,1720,292,173,1716,1689,1529,1583,1537,549
1728,133,1508,871,1620,1774,1841,1776,1528,1869,890,395
182,607,1833,59,1349,1807,317,1842,1667,94,90,1529
288,1613,1709,157,1800,167,398,735,1825,1656,1396,1912
1849,1768,1514,1413,1473,326,1973,1412,467,1717,190,1101
1613,236,1629,230,898,1798,1758,1852,1532,1637,1128,1630
1636,1704,1675,297,1072,1679,1660,1842,270,1856,1816,164
1576,1765,1611,1480,1112,939,1507,1839,1047,1630,320,1734
1522,1941,353,1507,569,1845,1070,1741,1560,1489,1759,316
1501,1756,1493,1781,1729,547,1830,546,1575,1675,94,1745
1200,196,1739,1568,1821,991,94,246,1504,1390,1579,1560
1798,1800,86,1505,1354,303,1823,1543,705,1801,1785,179
41,1562,1703,1563,1064,125,1594,996,391,133,1385,1488
1877,1659,1565,410,1625,1826,1853,124,1854,1964,127,1818
1891,1479,1174,1262,1715,1481,1676,164,1561,303,1527,163
1967,1383,1777,1829,1487,1726,1659,334,1906,1509,1640,1832
1949,1740,84,1562,1476,407,1119,213,306,1948,1011,922
1749,761,1768,1159,792,688,941,128,1135,1731,224,179
1804,1668,242,17,216,1810,1832,90,1743,702,1797,1808
114,1909,270,1659,1741,1837,234,321,123,1616,1772,1594
87,1514,1595,1647,209,1527,1683,1571,1524,1071,1354,1658
1722,1385,98,304,1708,1772,1541,124,356,1536,1720,132
1646,1820,1716,1295,1517,184,1632,1762,1553,1574,994,205
1781,1740,245,1501,1829,224,554,1693,1839,1536,1850,387
244,174,1802,1138,579,1937,1487,85,1100,234,942,283
260,1568,172,1438,1706,318,1740,1775,1177,1759,1724,151
19,1595,1733,16,1724,1750,1737,1794,1490,257,167,226
1778,1661,1739,1911,1475,224,1565,1717,1627,1543,1635,1388
970,1660,198,1479,833,1674,1597,1775,119,102,1335,306
253,217,1959,147,615,226,484,554,933,1648,1723,1680
1833,1700,195,1870,1814,283,1730,1149,96,1713,187,1883
304,1828,1659,1750,1906,1850,1831,254,1976,1502,1839,800
1560,1678,1702,1775,1597,1538,133,1547,1632,1583,1829,1671
937,881,1767,82,1489,1719,99,1748,1549,617,1765,424
1016,1381,1514,1944,271,1645,1698,300,1408,1768,1789,1614
636,1485,1554,145,96,125,1751,1720,1506,1828,1497,1510
1179,298,179,60,317,1565,308,1594,1573,158,1737,144
172,1534,257,1836,1736,1732,489,121,1754,1731,1829,1938
1641,1051,1777,554,1490,286,1689,1625,1704,1244,1380,1853
1800,246,1777,1610,1688,218,1813,1631,1627,1620,1747,1809
1709,1720,1683,1556,245,1828,1862,150,1725,44,1743,891
1716,426,1493,1882,1677,811,295,511,1578,319,1627,1905
1676,413,1639,1809,1635,1523,1882,1647,1948,1856,1735,1941
1951,179,1739,796,184,1704,1734,1309,1802,235,252,320
115,182,139,1712,1484,1607,179,1716,1516,1647,1618,1662
262,1644,1582,1833,1728,442,1561,398,1607,887,124,1731
257,325,1353,310,1651,255,1746,242,712,1959,1743,250
1373,1559,1797,1736,1822,1759,1395,1855,1721,1773,111,657
400,1802,1669,1723,1778,1727,1268,1944,1803,1755,1595,1906
1856,1233,1660,1772,1635,260,1227,1071,1625,94,1478,1508
326,77,885,1597,838,784,184,1710,1668,1541,1639,208
1546,1488,1729,1638,1910,1362,1704,1626,1610,1581,1800,1614
788,236,44,1841,63,641,1808,266,1581,1962,1678,1580
132,1158,1913,1833,583,1777,1787,1810,1735,158,1501,1661
1608,3,794,1730,946,1114,1557,1821,49,1543,1540,1706
935,1850,1817,921,1816,1800,1539,1836,1100,1802,41,1536
1030,766,411,1549,1602,691,302,1787,1830,1730,773,1732
1793,227,1777,655,1546,1688,667,786,200,1856,1784,578
1855,1854,259,1891,990,1976,876,1808,1591,1770,983,1933
1482,1631,1783,1550,1760,1912,1687,945,228,1626,1940,1702
1708,1877,1676,1727,188,1851,1507,1538,1366,305,304,157
1535,212,1517,1823,641,207,1559,783,1664,1849,211,1775
1827,1589,314,1670,1489,1510,1695,1522,1757,131,1292,107
316,1621,1671,296,1034,290,1780,1805,1567,1847,1510,1546
1831,1379,1605,292,1554,1652,1645,370,1214,1851,478,1734
1783,855,1755,1917,451,109,1740,296,1831,1488,1851,1723
19,1652,184,634,783,1765,1769,592,1702,1619,1841,552
312,1387,520,234,320,1810,258,1782,1704,1176,75,1492
1192,1607,1606,1702,1820,380,1824,125,1164,1855,1898,1478
1498,761,1644,218,1689,1844,1029,1590,300,1675,1621,1748
1182,1831,1746,1732,72,1955,1674,1530,190,1714,1908,199
1836,1535,511,1688,24,285,82,1229,307,1623,221,1753
1572,689,1648,87,1583,1769,1092,1839,1070,1756,293,192
1693,1606,1854,1384,788,124,66,1605,88,1733,1700,1375
1722,793,1769,1375,1117,226,1675,1547,499,1838,1791,1647
1565,1394,1740,1303,249,1182,1601,1384,154,722,1838,187
1470,1588,1045,92,1069,1029,1579,1322,1724,1748,114,129
1331,170,1749,1588,1580,222,161,1641,1531,1575,1694,105
1700,1830,1809,53,1803,1796,1927,1267,1714,234,1727,1812
210,1622,1646,485,1634,199,1731,1269,1577,1907,1686,488
1534,1576,1553,474,198,1949,1621,1754,1376,1727,1846,273
1285,505,194,1635,118,696,107,1562,1652,1946,752,1912
1963,503,1529,1878,1734,142,87,201,1827,1564,1803,240
1855,1370,1372,173,847,1896,1821,1819,1384,1247,220,303
1548,90,840,701,1619,1477,1626,244,169,1602,1051,1577
1695,1198,1522,484,100,1816,123,1533,1714,1750,1677,1628
1577,1835,1518,1713,1626,128,1578,1795,1754,9,1660,240
1604,1833,1824,65,1671,1478,1760,262,1480,246,1767,1588
311,1786,82,1888,1675,1908,1747,300,1496,1625,1844,1518
1243,1910,266,1617,1386,1912,831,1714,1699,699,1739,1727
293,213,746,527,146,789,1841,1535,137,453,1777,242
1746,1614,102,1662,1529,1783,411,1437,205,1797,1557,1800
1978,166,1098,238,1572,1519,210,1776,1820,1711,1691,1489
138,1693,128,1826,1365,1570,1558,1823,821,190,1849,218
1573,157,312,285,1633,293,1648,1623,1495,218,1664,1546
467,1909,62,199,1873,1388,320,1943,1799,1475,141,525
1076,1635,329,81,211,219,1736,705,1653,168,1539,844
1515,1730,1363,783,1801,707,1897,1103,232,1501,1717,1482
1050,1730,1838,1818,180,270,1528,870,1763,1533,1321,1708
1974,1820,299,148,1906,1723,1801,307,1005,1745,1839,1837
1744,1679,308,1664,1786,1584,1577,1320,1821,1490,1591,1935
1500,1731,1683,1906,1597,1644,1744,1785,1799,184,1747,1609
103,1609,1667,993,1682,115,705,986,1269,208,80,1594
1377,991,1597,1512,1523,213,1881,101,1375,1602,1033,1763
1531,1818,1529,1802,1508,139,1895,287,1948,20,1821,182
1476,1774,1740,220,1835,1747,1785,1242,296,1939,1660,1654
1727,1768,716,1687,1602,1970,1676,1545,134,1792,1058,1828
135,1595,1778,267,1667,1726,1312,205,1753,1602,111,1628
230,1510,1894,1613,1484,1487,1584,578,1603,1525,1314,360
209,1948,306,801,1452,1852,1559,799,1668,271,1620,1807
1515,1723,1629,269,1641,1630,1562,1675,328,1664,1785,172
99,1460,1500,233,1551,1706,1895,1786,1561,1821,1089,1334
1375,840,1417,1815,1777,1708,1538,177,309,195,1831,1764
1650,1812,1899,227,1475,1544,1971,244,1384,234,1596,1482
1519,795,1752,1719,1468,1788,1731,1814,1114,622,1678,139
1666,1476,1787,186,1754,1788,1613,1781,1684,1411,289,1853
1529,1711,592,246,938,1701,1583,267,214,1788,1500,1876
136,775,976,1717,1778,216,1822,1495,284,1494,82,1585
874,1912,1675,540,289,1843,1391,1819,1609,1788,1072,273
1844,231,1498,1781,238,633,121,514,100,1673,198,1495
