1827
1515
1677
645
1961
1072
1827
1624
315
288
1563
1850
1583
1660
186
1483
655
1638
1860
794
1526
1968
226
1720
1912
1943
932
240
271
142
783
1786
89
1592
229
1605
1724
119
320
1484
1625
1911
1762
1496
104
1707
1809
161
1764
1835
139
1508
1942
1719
237
1525
1492
1786
1369
619
1651
1853
826
1966
1671
1871
1630
1974
1720
1487
1833
213
194
1802
1605
90
214
1899
210
1577
1525
1745
1374
1730
1610
27
162
1278
306
834
132
209
1823
1845
1650
305
1706
1783
1757
1959
691
1191
1587
236
27
111
1763
129
1918
1497
128
1790
583
1493
782
1724
1619
1576
432
1826
1711
1593
1569
291
762
701
189
1520
1567
1615
1680
1710
525
307
1619
1801
1480
1767
1580
267
270
972
1664
1539
1847
1488
187
1046
282
749
1480
1658
704
1565
595
1806
115
1524
1763
1687
1782
1641
1697
1522
1695
1740
1735
1699
1929
1756
363
1956
1669
1720
164
1527
334
1959
831
1584
1620
1520
785
230
1905
314
1638
183
1475
120
1497
1754
1724
131
277
1900
1958
297
1438
208
1645
439
1480
1645
1276
390
1523
1016
278
292
1839
1807
283
192
1633
1588
1948
1719
1503
133
1800
1530
893
1812
1909
938
1763
954
1705
1604
104
1973
1804
1709
1816
1822
1408
1646
1073
632
1711
186
395
391
166
471
1718
1763
1599
1533
1539
1532
1893
1943
1659
373
993
1303
1905
209
1579
999
1765
1576
1965
1549
1828
721
1822
1566
1434
1550
1072
1562
311
1357
1250
1822
1674
1631
1912
1805
111
1775
1814
1581
1236
1550
141
1382
1495
175
1503
307
510
1856
1547
407
1655
1820
1111
1471
1352
1573
1081
1624
184
1504
1509
864
1738
1580
1482
136
1519
1632
1679
518
311
127
1616
1742
611
1793
991
76
1543
254
1759
1495
1735
1651
1697
1563
1792
311
1320
856
700
1823
208
1972
1565
1000
274
1790
1673
859
1963
132
1603
783
1596
1525
1838
111
225
1733
996
391
257
1911
944
406
1771
943
40
1910
1772
705
1664
1596
1574
1657
312
1570
1484
164
677
640
1753
1647
1695
1541
285
1956
613
1096
1168
227
1406
553
712
1856
1816
175
1218
403
1800
1751
39
189
1787
1804
1385
1846
1894
1488
885
1853
1494
1574
1755
106
1894
1783
87
1816
1571
1762
1955
256
986
1696
1715
173
1836
110
92
222
1820
1800
1635
1810
1539
1949
1536
1644
67
1838
593
367
1535
236
130
1489
120
1632
1722
1687
1367
1908
82
1807
787
170
1601
1862
1666
1643
1380
585
1705
872
78
264
284
1953
1490
185
234
1667
1388
1664
1764
1771
1353
1646
1635
1476
1754
171
1629
1562
1820
303
999
682
1154
1637
1571
748
147
1644
1054
248
1784
1635
1599
585
1744
293
649
1478
116
430
1774
229
1635
940
1660
1734
1632
1686
1690
1949
1775
1557
1365
1500
1642
1761
72
285
1599
1832
1669
1499
1480
1907
1847
1699
1607
72
201
153
1490
1554
266
1807
1558
1701
1954
1809
204
1910
1577
1689
280
1505
1390
1704
822
1818
387
1790
290
1756
840
1622
744
299
801
1793
1551
1826
1704
1817
1554
982
1526
1478
783
300
1839
1773
991
1085
1708
334
1665
1476
312
162
1395
1648
799
1715
1759
1524
1631
1645
1824
124
301
1291
1670
320
1791
1602
1546
700
1674
1568
1733
316
223
1621
1099
1960
635
1782
1711
1554
1196
1531
1697
1791
1835
1638
1543
1837
1787
1475
28
1908
323
1488
1661
715
196
461
1590
1507
1721
1660
1818
1626
1263
1807
1607
564
1664
1642
1820
978
1855
270
879
512
1657
1806
298
1760
1682
1545
1509
1390
1737
1484
1799
34
1790
1837
1838
1596
704
1558
1715
1655
1841
526
107
1396
252
1641
258
184
1548
1592
1518
1569
1567
1478
1166
1503
1593
1975
1834
1496
113
200
1824
424
1946
815
1743
1373
1849
287
1606
387
1550
1676
1702
1608
714
196
1958
136
210
1478
138
130
1639
1738
1806
1928
238
1643
1825
1714
1637
1524
640
1521
1273
1035
1493
1481
1556
896
1692
1665
1126
1515
1753
1569
1392
1561
1816
1619
1573
1836
859
1383
377
1771
1848
1763
1824
1306
1198
1852
1566
1729
164
1162
1558
129
62
1767
1910
1697
705
1925
1749
1838
1762
1503
1543
895
1856
1825
1566
1493
1625
1002
1638
1906
1557
755
1835
1740
1495
1801
1532
649
1910
1652
494
1795
1815
80
1380
564
532
316
1942
1897
1782
129
678
792
546
1677
1978
1751
1621
231
1549
1678
129
442
1481
1626
1778
1959
294
316
1659
1696
1485
1750
1453
1013
1520
1581
1521
1395
1568
1661
1826
1268
513
88
298
1769
1762
303
312
782
1832
1774
1481
1582
1489
113
1658
1686
1792
1577
1775
1172
1508
1827
504
1751
1503
1513
1681
1871
1543
1678
1913
1726
241
1857
518
1838
233
116
1833
1579
1710
1785
1906
111
1653
1686
1855
1625
108
1642
263
1752
1812
1829
1533
1447
1577
1801
324
1273
253
504
1496
625
1513
217
1546
1487
150
230
1584
1847
1782
1939
1639
1777
1533
233
1767
1632
1846
255
1513
236
1733
118
1694
1828
1371
1750
1654
1355
302
1509
1713
270
559
1836
966
151
1908
1970
1751
121
1376
1815
1381
161
942
1575
1475
1723
1669
249
920
1707
1019
1593
1800
183
93
175
1502
1660
295
1824
1676
1629
850
1908
1506
65
82
1799
848
1582
1603
1842
1644
1555
1852
1826
199
555
572
91
255
1617
1606
1810
1607
132
163
1587
155
311
308
1769
713
1817
731
1562
1452
1537
243
1597
