260,1642,1668,1230,1819,635,1630,1269,1905,1836,1247,1708,84,1804,1967,1894
993,1051,161,1829,1796,1834,790,782,1701,1691,217,1605,1971,1486,205,1391
1835,1823,1832,1533,849,290,1956,1721,1842,1513,1745,1919,1565,994,1246,1742
1672,1170,1701,1843,1335,1716,1941,1559,1142,378,1884,1837,1789,319,1574,121
281,1727,237,1690,1524,1784,97,1506,20,249,196,1697,527,250,1488,1719
288,1516,250,1927,1694,1773,1787,499,1502,1480,1851,1218,1682,1793,1633,1906
1533,1705,1947,132,1380,871,51,231,791,1574,1568,1327,1633,1764,996,1714
276,1535,1741,1718,1971,1668,710,1828,1808,1751,1607,1609,110,1807,1694,1570
1492,1830,1910,766,1968,1685,1771,646,264,1802,1753,1818,819,1744,1750,1814
1198,1720,1354,1644,1907,1505,1805,1741,151,214,172,68,1710,257,301,1672
316,933,42,1790,1481,311,1803,1905,171,287,1527,1162,1913,1618,277,849
224,291,1842,1540,1770,1717,1624,202,250,1736,110,1567,1534,183,1830,164
1569,879,1972,1571,278,1642,1501,365,1947,287,689,1710,890,1843,1977,1296
1537,1535,400,1573,1672,167,1044,88,60,240,1751,1676,69,1519,1972,472
1354,109,1770,36,191,152,1775,185,1211,412,1803,1658,1834,781,309,205
1731,1712,1550,1732,195,1601,558,1830,1708,1503,377,840,1168,1649,151,481
1709,1354,1830,139,1895,1845,1320,1812,1816,1583,1672,987,1720,226,1751,1646
1706,1532,1636,92,232,1534,1478,1713,76,1522,1810,403,1907,1811,546,1775
1748,1382,1709,1825,1846,806,1747,1836,1669,1697,1690,1495,1611,260,1812,1775
1815,1743,920,1007,178,382,232,1180,209,120,1686,1641,1751,1581,1819,1689
244,1531,1490,1607,1871,235,945,1651,3,256,15,1513,1776,1975,1749,1544
1613,106,1824,115,635,173,1667,209,325,1954,641,1673,269,1796,1649,717
119,1751,1631,539,1534,1803,1511,1581,1811,1380,1912,71,1820,1479,1776,1721
1685,436,512,1737,1756,1558,1776,1832,1512,1673,222,1787,1793,433,1918,1333
1775,827,1746,1549,1824,1575,1977,1959,223,1476,1725,281,1711,760,1685,1497
1796,1595,1270,1662,1851,363,1551,1185,1939,1819,116,1836,342,1970,764,1340
1578,1745,1696,279,246,1626,1522,145,1824,106,582,1694,1535,1755,177,1764
1845,1838,1808,308,1591,1623,107,635,1769,944,1582,1806,1418,1778,272,1377
1735,1612,1659,99,1614,1741,1784,1691,1851,245,1662,172,1537,1600,1946,689
1390,1839,1577,1689,1730,1867,1808,893,1803,1568,1694,1693,1795,917,1758,1273
1833,216,994,896,1845,1826,26,1073,587,156,1699,1513,1640,1852,117,162
918,1762,35,1580,917,253,1765,1793,1489,188,1180,1836,1986,1037,1770,1774
1590,1279,1849,1618,1387,1484,200,1596,1674,1802,1946,1896,120,184,1536,1504
318,1763,1683,107,898,292,257,1605,1704,1770,1631,1551,119,1486,185,1549
1476,1521,62,185,981,320,1525,1609,1802,1750,1564,1839,1716,1569,1840,145
1819,1687,805,1658,1022,1841,1678,187,1737,266,1807,1624,1940,1951,1845,1705
124,1856,1506,1649,199,582,637,88,1642,1599,1759,1828,1960,1565,1975,1671
1609,1652,368,1760,469,1693,1733,1706,1511,1773,1853,425,1795,1576,226,204
1506,1641,1811,238,123,1644,180,1657,481,1813,100,997,655,1663,1684,1368
1314,1759,1833,1547,1627,1719,1756,1750,1721,1961,211,309,1821,1677,1556,881
1792,1962,268,1596,88,1548,161,1966,1523,888,1693,264,1971,285,1088,873
226,1795,1905,1733,117,1551,1489,1279,1557,1837,1564,1680,1565,1599,1606,589
1577,1636,1637,1642,1759,1643,313,1758,140,1955,1814,1665,1499,1521,1733,270
1741,1541,1609,76,907,1764,1693,1733,1749,1855,1632,1719,1499,1830,1660,623
205,1813,1848,1694,1084,1604,1868,1112,1128,291,1819,239,1748,1767,238,1655
1844,175,1038,1047,1552,882,1796,1519,147,1730,52,1763,1843,1777,291,212
1698,1522,1538,1673,1669,1759,981,1829,1498,168,794,1784,1636,1509,1844,123
600,226,512,1966,1699,1733,1575,1832,58,1503,802,1717,1618,1598,177,163
1753,1592,1523,288,1672,1497,1149,150,91,242,1953,1907,1618,1395,1832,1679
1573,1788,1603,380,147,900,1606,1542,1517,1911,163,1789,1639,1909,1030,1754
1727,237,1630,1373,1710,80,177,187,1696,1647,583,163,1260,300,1524,1625
35,880,57,1614,732,1819,1096,328,1507,1370,291,774,1020,1100,1906,1870
1571,43,251,1720,214,563,242,1113,1505,1582,1718,1846,1795,86,241,1622
1702,1936,333,1712,1707,1065,1374,1408,1526,235,1627,1650,1848,1634,97,1729
1451,1728,1710,1767,1504,1576,93,1754,1807,1231,201,1633,1549,274,809,533
1854,932,1508,1984,116,160,1927,1520,1544,1670,143,131,1511,300,1647,151
1515,978,1757,1706,1501,1734,1269,669,346,1117,1490,1774,837,81,1600,1615
1657,1561,1601,1716,1717,1949,1652,1644,544,1546,1129,1696,1691,1740,1698,802
1826,1813,953,579,212,1810,325,596,1827,1577,1562,1815,127,1274,607,1537
1479,832,1167,1567,1817,1683,1323,1684,1698,1770,1719,982,1654,1802,622,298
1824,140,1664,600,259,1380,200,1972,1393,1698,1907,1153,495,1650,1586,1687
1820,1817,1546,1580,1575,1679,1525,1734,1624,1819,1524,1942,1590,583,411,1804
1778,1592,1391,1685,920,1689,1174,1209,824,1488,1678,1558,225,750,1137,1486
163,1848,525,342,1367,1540,1730,1207,1708,1390,1605,1649,1748,1529,1570,1533
1475,1769,1520,1628,1695,1705,1827,1803,1665,1707,1579,1394,1843,1851,106,1577
1443,130,1942,1506,1831,1369,232,1493,1495,1718,1575,1651,1679,296,313,798
1825,1667,1824,1541,235,1791,788,691,1846,1713,1170,1856,1833,51,1837,1601
125,1871,1775,251,547,1776,227,970,1815,1792,1648,1395,1594,164,108,1664
1247,1732,1428,1765,1714,1645,188,1794,1747,77,1779,209,1754,1819,87,1602
1530,1639,1958,1722,260,705,99,171,37,89,200,1479,1574,1297,292,1844
324,1370,1722,1572,1792,306,1679,1589,1800,328,1506,1784,1523,1803,108,304
293,194,1209,129,190,1538,1047,1588,96,1570,1176,171,1762,1667,1755,857
1744,1526,1912,221,1008,105,1472,1670,1631,119,1559,1565,113,1616,1459,1414
1816,860,1613,1779,1535,1848,1554,450,1823,1291,1722,174,1475,175,1688,90
360,1546,197,1829,1848,1597,1547,334,1534,861,69,219,1819,104,1554,1501
1551,1910,314,843,1496,1785,1512,1563,88,116,874,308,840,590,1841,1507
1834,1774,1655,752,1626,1556,255,1112,1906,1100,1803,322,100,226,86,1679
1779,1674,289,1757,1747,669,1972,1661,1488,1792,91,1720,1162,1808,1296,1632
564,1500,93,1567,477,1786,1665,1835,1543,1684,156,1707,1017,696,630,1635
1717,1048,1485,1553,1805,188,775,1546,1905,1600,1651,1654,1536,183,1494,80
218,1537,1491,1972,1252,1743,1567,1636,1772,134,947,1828,1758,1057,1648,705
1808,1522,1785,208,205,1540,1782,1938,1593,1655,1512,1850,1536,1483,1625,820
1506,1745,189,231,1943,1897,1072,1729,1062,1209,120,1906,1545,42,1749,1786
1728,282,1391,1592,174,1677,28,1788,1642,1529,1910,284,1287,1573,1719,1630
326,1455,1792,623,105,1763,149,190,189,1336,223,1989,31,1674,1852,322
1722,1746,1843,1289,295,1562,1612,1491,473,1597,351,424,1733,21,1739,1651
1729,1614,1789,110,700,124,1662,1808,1047,1012,1783,1574,1502,1780,1689,1390
1707,1539,1822,1548,1392,202,1578,1491,1489,181,91,257,747,1475,1806,1759
1255,1853,837,997,1778,1659,1536,1828,306,1893,1882,1493,694,183,224,1390
1485,1984,1655,197,1487,1913,133,548,1223,624,1808,1764,1590,1683,101,1394
1836,1599,1497,1765,1516,1826,1721,1502,322,1613,1823,1816,110,1626,1571,1849
627,822,1668,282,526,966,1369,288,1491,1942,1815,178,1912,1665,1869,228
1566,1781,1932,1716,1641,239,1761,1480,1795,1782,1162,1823,339,1554,314,283
1558,1820,1478,1773,1719,1684,1944,252,1522,304,1974,60,260,1758,1556,1539
1763,1968,1215,1499,1713,1825,179,201,1964,873,1617,1762,1519,60,1386,925
1532,1271,1605,1724,1780,320,92,1658,1860,648,1632,258,1471,1754,1647,1513
1758,1751,1070,1623,135,728,1673,1477,1782,650,1683,1549,1544,1556,1954,1839
1797,1818,1708,202,1644,1145,81,1675,1264,239,1481,1642,1695,1709,169,1534
1653,1848,199,1913,1607,183,1665,1764,1562,1956,1640,1514,1568,969,1098,1786
1180,89,1366,1563,1500,726,74,1757,169,1495,1598,665,958,705,1801,1518
1806,324,1508,1852,1649,1635,1557,1539,311,1772,69,94,854,1513,1510,1664
655,1909,1727,1973,1562,1759,1398,1821,1599,258,271,1684,263,1368,166,587
1636,1702,259,1798,110,136,1509,1601,1840,1582,963,174,1658,55,1787,1566
1604,1174,222,1768,286,697,1319,1808,290,224,932,1588,269,1813,1503,1817
509,343,1727,189,1395,789,1958,217,1725,802,1913,1529,686,194,1647,257
1805,1614,116,284,649,1672,1822,1771,274,1424,124,97,1100,1677,126,1643
1680,812,1869,1479,824,222,1605,1445,363,1774,1622,1553,1744,1838,1507,1699
1908,1797,1239,1695,112,104,1642,818,1843,1523,811,1834,301,974,1945,1326
316,1209,1528,177,1365,267,196,117,438,1622,1732,1553,1817,1668,1366,1725
1956,1552,241,1562,284,1635,1661,372,813,1560,1665,103,1097,117,1738,279
1598,298,1721,147,1854,1500,1652,1639,1633,1230,1118,1650,1654,1640,1332,89
1247,801,1722,184,1602,1838,1908,1847,1717,1662,1792,1690,281,1684,1510,1597
1266,1598,1745,1546,807,1846,156,1629,302,764,1513,153,1521,1489,1749,1690
1761,1809,1640,1711,1556,1395,196,279,1387,1944,322,315,1477,1612,1563,1498
1810,1673,1805,734,1478,208,1785,552,1642,1607,216,1170,161,991,1835,112
82,1557,1563,95,800,1353,1476,1909,1617,680,285,309,272,1320,1954,1684
1759,1754,1690,232,1666,1556,1912,1314,413,1758,1091,1588,1640,696,238,1542
1384,1799,255,1216,1763,1910,1727,539,1701,276,1896,212,1654,1702,1828,1502
934,1790,1050,1602,1910,1594,1243,1617,1500,1340,1641,828,221,295,1507,1484
1762,187,1555,1743,1855,1961,235,1759,305,1607,400,116,101,1906,1802,1671
1965,1908,225,1551,652,1638,1739,1770,1772,1910,535,1711,272,156,1579,303
1838,1558,1682,1778,798,1692,1557,1620,1484,1910,1935,1664,1687,1085,1534,1800
1676,1823,1761,1316,1968,1668,1395,1490,1361,1517,733,269,602,202,96,1383
115,1976,1780,1789,542,167,71,1676,857,1524,1539,1632,1507,244,1748,1693
1375,1748,1721,1481,308,516,1520,1791,1684,321,1056,1897,1925,1663,1917,1523
1213,863,1521,1777,1364,470,1908,1487,26,1383,1506,1497,1943,1634,1695,91
1734,1580,1499,1665,1845,1742,1747,1495,1657,1618,316,349,218,1732,1913,87
1638,1786,1678,1796,1672,1545,1779,274,1577,1790,195,1562,1729,461,1769,1647
1700,1819,292,1909,1667,1809,49,1748,1760,1674,1771,100,608,1850,1832,1684
1705,252,1735,163,58,1729,1737,1073,1596,1835,237,1528,1378,1743,661,1574
1504,1221,1534,156,1676,195,147,1635,1494,1799,1552,1356,1781,1705,264,170
1651,1540,1696,374,1731,1330,214,1851,1837,1704,1892,502,1850,1758,1764,1585
1970,1744,1634,1847,1372,1745,527,1639,511,1771,1641,130,623,1075,1365,1821
1484,1808,486,1955,1786,1765,922,164,1596,1574,1037,458,214,1390,1660,296
81,1480,476,1812,323,1509,1731,1502,1821,154,800,1813,280,250,1627,1747
126,1880,1743,1709,1680,1505,1642,1476,1649,1721,1214,1731,258,1344,1848,143
872,193,1599,1510,1911,1504,1906,1549,1770,177,91,1558,1825,1759,764,679
1077,159,1694,268,1537,136,1798,1503,805,1596,1717,1743,253,1754,215,821
688,325,269,130,1559,1666,1806,117,411,499,1382,1777,344,1970,1793,1578
684,1814,1788,1830,1740,1539,218,1570,1715,1773,1569,1757,1498,1734,1485,159
1785,1610,1732,1627,1980,1684,1649,1611,1307,665,1824,209,320,1711,1691,1718
1970,1727,1614,1765,1845,101,1224,215,1605,1710,1644,1824,1745,1613,150,245
234,1637,1922,125,136,1847,1518,1813,1810,1825,1858,1674,1778,1614,1759,1850
1554,1920,225,1697,928,1850,1813,1319,598,913,1259,1712,400,1562,1623,1951
1597,1633,834,1855,107,1717,343,1834,1589,1594,1964,1367,1761,1605,1789,1538
79,1793,1911,1840,1735,437,1733,293,1810,168,1510,1676,1491,1737,1615,1622
1313,1627,1695,1826,1590,1500,1651,1543,1640,1782,1520,1646,1491,224,1611,98
1633,567,1347,1605,1672,1580,1661,279,1717,1974,111,1368,1551,217,1530,1608
1871,1106,137,1912,1849,1525,759,869,1376,1604,1659,786,1747,197,1693,219
657,1437,1086,1664,1373,1535,1638,1253,1722,204,176,1974,528,1844,1911,1335
1725,1048,1820,1684,1872,1580,1695,1847,1586,1597,1662,1718,1797,255,1683,1851
1620,1980,1750,1869,286,1559,1676,1856,1552,1482,142,1640,1489,1794,1778,1660
1577,821,1836,1477,1776,1592,798,1522,1801,1852,1485,1486,1725,1136,1490,248
1654,223,1950,915,1638,1746,1753,1819,200,1774,237,293,1152,149,1853,1690
626,1574,1839,205,1554,1611,1562,1498,219,155,1600,1589,288,37,84,239
766,1848,79,1802,803,164,1631,1947,1391,1675,1677,1612,783,137,156,1529
1605,596,255,280,716,1837,1587,1847,886,1716,1513,1580,1639,1815,587,1573
197,1571,1911,1531,1765,1656,209,1485,1699,1937,126,1495,1535,1755,1760,1556
1642,77,78,1592,1568,125,1636,1664,1819,1744,271,1847,1597,1741,1548,215
1596,433,706,1624,1629,1507,1745,1705,1750,53,1631,95,1849,758,1484,1726
1908,1728,1761,1476,930,1580,1801,1747,267,1547,1762,1507,1896,157,1522,1331
1839,1596,1830,1580,1394,1678,1124,251,1814,1797,268,246,1697,702,1846,1634
1599,1880,1725,1739,1964,556,88,1621,1567,105,243,1319,1287,1820,976,1696
1771,1657,1592,1687,1726,1699,135,1533,1209,1497,1779,175,1738,1629,124,1623
26,1569,1825,1951,761,1843,1911,951,1907,321,1670,275,1652,155,1862,348
321,1924,1488,1703,1738,1823,1499,1633,1745,1839,1760,1827,138,327,307,102
189,1672,485,1512,922,184,1689,1469,158,1815,903,1528,1777,42,327,1796
400,34,1598,1831,1711,325,1747,186,1779,1856,1481,1629,237,263,62,1528
1589,696,1910,35,511,1555,993,1761,1828,1631,1637,194,1780,1326,1762,277
1235,538,34,1331,1752,1638,1507,1846,1560,1783,1910,1619,1590,1559,1479,260
1154,1734,1731,1635,146,212,262,785,1765,1918,1478,1643,261,237,1608,1801
265,1839,193,1475,163,1765,625,1899,304,1532,260,1817,1063,313,1386,20
113,1782,705,1553,1956,1593,1514,218,169,399,1526,1934,1839,188,1823,1577
351,1644,1623,1637,1621,1530,165,1855,1655,1761,700,1152,633,1453,145,24
1726,181,1826,1096,100,247,1613,1612,1745,498,1495,1628,1709,1774,1400,111
1109,197,1728,211,1522,1907,1584,306,1575,297,1824,1524,140,1564,1177,179
1310,1932,1482,1480,1322,1792,1643,1509,1797,1769,1778,1827,1743,1811,1580,1115
1834,1662,1525,1672,1831,1620,1692,1608,1650,1804,686,248,1597,1526,1616,463
1477,1113,821,315,1646,110,533,998,1522,228,272,1830,1809,84,43,261
902,701,1761,1797,1805,1790,258,1567,1493,836,133,1069,261,1846,89,947
1673,1586,64,1840,849,1518,203,1268,1380,1537,1663,1588,1371,292,303,892
246,1769,527,1759,1807,1752,1514,1344,1487,186,1529,1406,1565,1723,1647,198
1571,117,892,1807,18,410,1520,786,553,1613,1509,1666,1953,1525,1692,1603
1160,1540,1064,624,1798,1555,1709,1490,1533,1549,1742,272,1749,307,193,151
1782,161,1809,1661,255,1654,1268,1842,1293,1855,1793,280,1819,171,24,1736
236,537,137,1477,1634,404,1515,1619,1678,1658,1568,1778,1677,1528,1664,1672
1127,1605,208,1683,1730,1684,1946,1751,1622,1517,170,1635,1922,1585,1163,1549
1700,1768,271,1816,1709,1792,24,220,1392,1481,1697,1621,1493,1944,354,298
860,190,1481,1570,1522,1767,1681,1970,1830,1513,200,1796,1966,1634,463,155
99,1710,1855,1856,1071,1952,264,1786,1815,229,1220,1800,1691,1725,1810,87
102,241,370,247,1671,1222,1615,1760,1824,1686,567,189,1539,1909,1613,1635
679,1629,1605,1069,150,1323,526,1737,1631,1642,902,1693,1852,1617,695,1920
257,1365,1218,1573,1411,290,1373,1725,1794,233,1503,266,189,853,435,1588
1689,107,1291,26,1628,166,55,1738,248,1383,173,1630,1609,1489,1897,1579
707,1755,172,1745,1791,1543,1722,1674,1732,1142,1482,1778,1591,1644,1538,1342
1831,1830,128,936,1614,1722,1735,1759,1169,290,70,1799,196,861,31,499
1737,789,1797,740,1716,1770,1530,1869,1793,756,1712,1808,1534,1358,1463,84
1699,1795,491,1488,1565,807,665,999,1629,1834,1684,1493,1963,1831,1527,1952
1748,1005,592,254,1758,1548,299,1723,14,1697,1819,1827,1673,845,171,1574
1827,1610,1501,1776,1666,33,1760,1753,1847,1940,1828,1574,291,1855,1836,1658
1800,42,1797,1615,1709,1971,939,74,812,1676,1828,1544,808,1870,536,1706
1769,1724,1654,216,773,1844,138,298,1847,1623,848,323,1508,1912,187,1492
1616,103,1767,1511,968,161,1678,1549,1673,1617,1690,1747,167,1640,116,1139
1592,1829,225,1760,1698,1261,265,167,1664,997,1223,1546,1512,1577,1532,1590
1517,1481,1808,1704,1706,200,1545,1768,1460,1888,1659,1809,1827,1586,231,1772
270,218,1816,1623,358,1490,1762,1845,1548,175,718,1725,143,1656,806,1825
1596,321,1071,1854,262,1966,1672,1488,1112,1953,1544,1585,207,1669,1696,1737
1736,254,1876,1974,1519,1159,1629,186,446,151,1764,704,1024,80,1677,1898
214,287,1785,1666,1557,1532,240,595,680,197,1827,1762,15,1680,1826,1700
277,533,1866,1112,808,1684,1655,1559,1673,1704,142,1727,785,1846,1738,1817
1505,1743,1779,1759,1574,1795,1606,1717,1376,1825,1789,893,1660,1647,1498,1784
1601,1753,632,1803,1667,1475,183,248,1551,1580,1696,1576,1760,1595,1639,572
1634,323,1528,1243,1794,1819,1844,260,263,815,1376,1857,1685,1146,1644,1830
1499,111,1302,1411,1475,1725,1646,1745,1630,153,898,106,1680,209,1340,1794
461,1814,1638,236,1717,1759,1415,697,125,215,309,449,1712,321,1597,1513
1517,260,1480,157,1825,1776,110,1722,1660,1748,1843,1180,1784,1659,1852,1749
233,1517,208,643,1828,1549,109,188,1802,1661,1681,1796,247,1678,80,1736
1635,973,1781,1204,1733,1846,1335,1878,127,1392,25,1628,284,1367,124,92
804,1497,1735,106,1573,1568,1578,1787,1797,1660,1628,1971,1675,1543,1697,1512
1505,204,1543,85,1779,99,1540,627,1550,1767,190,1037,1844,254,116,1651
163,1614,1939,520,580,1490,1827,1732,1563,1894,1654,153,150,1119,1665,597
488,162,316,269,696,892,1528,1661,1503,1735,1845,1801,1748,223,209,1839
1831,453,1545,298,1665,1817,1739,537,22,1490,1678,1765,1587,1365,1621,1849
1905,1665,1069,223,1514,1540,258,1916,1712,1681,1598,704,1379,1499,1763,102
1547,62,1787,1277,1652,1621,1849,1728,882,92,1064,1584,1725,800,1680,1656
1774,1684,1601,121,1685,1669,519,1505,596,1331,91,1672,1517,1606,1572,1644
381,1486,183,1759,1561,1703,1535,1379,1891,95,1958,1582,1697,326,659,1527
1806,1572,1535,1803,1623,1046,1616,497,705,1930,282,1822,1541,1684,1667,1728
1643,157,1655,1822,1293,139,1744,1812,1786,1531,1889,1720,1743,180,1837,1538
144,1738,64,1811,551,1516,1836,791,793,368,1646,1545,1792,1517,278,1719
1675,504,102,279,1637,1632,1627,420,128,1083,309,1566,101,1503,622,203
1814,983,1767,1392,869,1521,150,649,801,1618,1694,1729,453,1344,1813,270
1749,329,1677,875,1701,1809,1533,1508,1627,1571,1956,1494,87,691,206,1577
1772,886,1773,887,1554,66,1587,1530,1702,138,1850,1180,701,399,1366,1804
1833,1606,1518,1828,1769,1675,1782,542,1905,992,1839,1498,1503,102,671,1523
1709,1484,1532,1768,1391,319,192,125,891,1388,1774,362,1545,1711,1380,1558
502,1841,1279,139,1659,1622,1162,1752,1642,233,1831,144,270,1806,1393,24
1193,1060,164,1555,1372,244,753,1517,1500,606,261,1647,1779,1614,90,807
1813,1731,1775,1733,1495,1856,1548,1723,803,8,1168,1671,1740,1739,1576,1819
1824,265,1614,1735,1625,1621,1987,1580,1521,1622,1305,1737,767,143,1667,1911
1494,1520,1541,990,1741,645,1869,1732,1840,1035,1842,1515,111,1485,1768,1547
400,792,513,323,1591,1815,104,1655,339,1480,1776,1588,1019,1639,1582,249
1498,1680,1211,1478,1652,1524,855,1639,249,1840,1745,1183,128,1733,1496,1243
1117,223,1506,285,1595,1976,245,1532,131,475,543,1505,496,1801,732,1764
231,1757,450,448,1610,81,1500,1376,1830,1816,1479,1575,1695,787,135,184
1824,1716,1615,1654,1585,1013,1811,256,573,1046,1907,113,1798,260,303,214
1477,1056,107,1818,1727,1781,251,1555,298,1658,1772,161,183,1763,580,1695
1240,1906,214,552,14,1651,1965,253,177,1832,699,1590,950,108,1607,1805
1844,235,1774,1651,1514,1634,1748,1837,600,1623,1905,1670,162,1526,200,318
1765,1556,1514,1792,1481,1631,317,1911,1538,1797,1645,1842,190,254,275,1812
74,320,1351,1552,1821,1702,35,1608,1638,1169,442,1850,544,1092,408,132
1832,99,1702,956,1972,1715,1646,1579,1747,1622,1739,20,1527,1831,157,1592
1712,197,1594,916,1558,1655,1968,1173,1802,1682,1697,217,1486,1730,186,169
1701,175,245,138,1751,212,1658,7,1666,816,1946,1788,149,1908,1730,1485
1651,1782,1579,1570,1587,1365,281,521,1722,1004,86,104,1037,1670,866,1718
1585,1320,1550,1795,1717,1725,1783,1124,290,1949,106,1961,1671,1645,649,1781
171,1070,1319,1813,1374,1637,241,1577,1682,825,662,1665,14,1497,656,1829
1844,1207,1292,150,1905,1589,1907,138,1500,1843,1857,85,1632,1728,1702,746
1547,1308,132,1654,1728,1637,1038,1387,178,1662,287,803,792,1692,1975,204
1600,1601,1523,250,1693,1613,1759,1226,1809,92,259,1510,780,183,1368,40
99,335,1626,1574,279,1909,220,830,1645,175,1700,1552,1945,200,1904,1706
1561,1852,1521,283,1771,1331,714,1509,1822,1022,876,316,1658,155,1963,1789
1601,1794,1289,1542,1947,1638,1100,1712,1675,133,1637,1526,1800,1049,528,1750
1853,1692,1522,1908,1664,1222,1764,1782,1718,182,132,226,1493,1912,1549,1511
1741,210,1508,822,1657,1626,1631,1575,1837,969,1586,255,244,1850,1303,1532
91,1600,1848,1677,198,495,1585,1516,1831,1760,632,1510,1816,1717,1581,1669
1510,1537,1048,1479,153,1371,1070,1576,201,1736,1543,1775,1852,281,1684,107
1779,279,1602,1653,1600,1743,945,1588,1619,292,1848,1258,178,1826,1751,1559
1908,1728,1588,1025,1578,1757,1692,1621,200,326,1957,1702,1596,1972,1821,124
786,596,1647,1516,161,237,1822,1828,1209,1648,1950,1583,1851,325,1762,147
1819,1954,1913,1849,257,1492,262,1730,1111,498,208,1510,1591,1790,1806,1541
1714,1882,1687,1939,1947,1673,188,696,314,1495,1948,698,1527,1788,896,1817
1699,1677,1498,1785,1843,1799,112,1576,1545,1972,109,381,1735,1793,1538,446
126,1097,1175,1759,1769,107,1846,1710,71,1764,1794,236,1259,1625,226,1719
557,177,1720,1506,578,1396,1600,1724,576,1808,344,202,235,756,1795,222
116,1732,532,1349,236,1608,1598,1506,1478,1476,223,1631,185,1749,1838,1380
1308,738,1647,162,200,410,306,1850,1232,988,1702,1496,1712,1468,1489,133
1689,1069,1636,267,1753,1640,1805,1970,211,1829,223,544,1913,1769,1874,1499
108,1514,1763,1836,145,1481,1915,1189,1830,320,1575,1191,1969,310,1662,1842
1986,579,1598,1575,1606,432,1679,1808,1550,1616,1626,855,1787,1544,1534,1139
1728,622,1275,834,1699,1802,1793,1928,820,1853,1479,1488,1404,1389,1385,1366
1669,1513,1804,576,1527,221,1818,1531,1718,1636,1560,1698,245,1777,887,1664
1832,986,1112,1626,1569,300,1952,1597,128,1905,1855,107,1928,1573,1907,1908
1805,1615,1672,1549,1707,455,40,1834,1545,554,362,1027,822,613,1596,1626
1686,1671,1956,1323,301,1706,1976,1870,1119,224,112,1636,1630,286,128,1723
248,95,1517,1182,266,1689,295,1973,1334,1759,1104,46,1662,68,1357,1566
1623,1485,1756,261,103,1665,235,1798,1538,1814,1762,1765,1716,1723,1552,314
1565,1514,1749,130,1672,161,1625,626,1725,1794,1656,1527,1661,222,1968,457
13,1847,1646,1129,1590,1720,1747,1587,1574,1846,1712,258,1636,291,1709,198
132,297,1726,1390,1552,1905,1554,214,1734,1870,511,1549,1743,1657,319,1677
1344,1567,992,1666,1778,1577,573,1508,1500,1905,112,1831,251,1673,1483,1741
306,941,981,158,1538,1642,266,518,1937,1729,1504,1943,1691,833,1706,1570
1907,1595,862,154,1491,467,1838,803,547,1581,1658,322,1016,248,1644,1753
1672,1775,461,503,1563,1551,1433,1762,1709,400,935,1664,1767,1940,1498,1211
1645,863,82,1630,1700,306,249,1763,1541,1834,1807,1580,1649,442,119,1656
1788,1344,1288,1977,212,1524,1646,1593,837,1719,1168,248,1724,60,1310,1922
1755,1552,1782,1021,107,120,236,145,1744,317,349,762,198,260,1414,721
564,301,885,1366,1770,270,1625,24,1700,1708,1488,258,1820,1786,1355,1824
308,1261,1663,1611,278,28,118,1696,1761,144,1268,1791,466,1918,1718,1849
1618,1823,1986,1669,1835,1957,216,1845,1576,784,190,1847,1143,1634,1553,1759
1723,684,1696,1153,200,1685,1686,1720,83,1769,1589,198,266,13,1828,1473
1809,1589,123,636,1833,1020,1059,250,1738,1796,1803,1502,1545,1835,1222,1726
1119,318,1768,63,1783,1630,1785,1853,1729,1726,32,1644,1586,1787,800,845
1841,222,1850,1801,1907,1867,181,230,802,273,1557,537,877,1790,226,1836
1832,1879,1756,1985,317,1861,1027,805,302,144,222,243,1616,969,1677,1820
1799,1211,95,1699,939,1792,1894,823,1141,1639,1189,1049,587,1742,1708,1795
597,1092,234,1249,1644,1785,289,1510,1853,1815,135,1750,1545,1315,1404,155
1663,1853,1533,1491,298,1506,1141,1640,1423,140,1544,1488,1626,1493,304,120
1856,1577,1681,1531,1530,811,322,1929,574,1830,243,1624,1608,72,562,1541
86,1792,780,48,161,1625,1698,103,1515,251,292,258,1571,114,1628,1530
750,1376,1497,1837,1546,1813,899,1748,1651,1908,1547,1629,1590,1603,1541,1668
533,352,1911,1667,1828,1721,1666,1573,1733,1755,204,1563,1490,104,86,1837
1972,1544,1036,1486,1174,1663,226,181,802,1274,1151,194,1725,853,1820,1627
1696,1828,1987,1807,1787,1851,1557,1514,268,1584,1525,1376,34,196,1808,1798
1758,1894,288,1728,1574,873,233,1680,1704,1670,256,213,238,878,1635,263
1896,1682,1673,1588,1665,153,1731,237,1534,1328,898,1525,1950,1792,193,1831
1808,1891,75,1813,1984,516,1684,1484,815,105,1591,996,1548,1495,162,277
1520,1544,220,1569,735,1828,1551,1907,253,261,1543,88,1509,1675,1951,1497
136,1833,1375,122,879,1821,1477,1801,1490,363,121,208,1842,100,1893,1849
1763,77,1569,1800,19,1734,1281,894,1654,1753,1553,1820,1897,580,1955,1004
1529,1833,1714,268,429,1750,1375,145,1704,1639,1820,203,542,1778,310,320
226,1525,1635,844,164,189,1591,329,177,1830,999,350,1559,1723,1718,836
245,1632,1630,1629,294,1736,1784,1763,1793,1564,262,113,1787,1750,1567,1834
1716,209,1836,525,1622,195,1692,533,1577,1536,1554,1658,1701,262,1635,310
1761,1847,1488,1490,1909,969,1492,321,1825,1702,282,187,1641,1613,1520,1566
1674,1669,360,1843,1659,1822,1780,1487,1522,1496,1913,1070,150,771,28,1491
179,1517,1786,737,1294,129,629,193,155,1853,1708,417,1609,1691,1745,1793
1726,181,1360,1627,1657,277,1737,1086,1757,1738,1307,100,1613,875,1597,270
1469,146,1088,1813,1534,1236,157,1557,1733,1849,1668,1848,1639,1485,1710,1744
37,1976,1525,1247,1687,1003,1550,1761,1849,1512,1632,1482,1844,298,1509,1795
1845,259,1578,1522,1647,1497,27,1638,1826,1566,250,1972,1666,1833,1830,1813
451,1768,1848,1804,1525,1162,997,1739,1533,422,1551,231,1786,1814,881,1730
1396,480,1662,1577,179,146,1495,1781,598,1745,1846,1773,1660,1641,119,765
1475,1557,1756,1571,1806,1761,1747,1938,1840,794,1103,1509,1657,1047,680,1744
1937,1854,265,1032,244,1777,1581,286,1691,393,1568,1796,1746,1486,8,59
1734,1356,108,1807,1722,1810,245,1679,1855,1366,1767,196,1796,474,1771,189
567,1746,1587,89,298,260,172,1602,901,715,865,1479,1757,206,1549,1711
638,508,533,307,526,474,132,739,1598,1833,1831,1688,1395,1541,1674,1970
1093,1639,1253,981,1662,1516,551,1688,1479,723,1527,1710,147,937,1513,1540
119,165,1910,234,268,1620,1520,1701,114,1674,276,1036,1570,1669,207,1546
247,1492,1563,219,1774,84,1820,1670,1568,1348,1666,1600,1980,1554,1748,1090
916,1905,1806,1944,1573,1771,315,1762,1624,1394,1685,1750,122,1727,1391,113
1482,790,1531,218,1488,534,1908,1721,1632,126,1717,1829,1837,224,1559,549
1387,657,1904,1538,1905,1779,133,151,220,132,1604,934,329,1721,546,1522
1395,310,515,1601,295,1831,1786,790,1632,1585,574,150,1757,547,1667,873
1605,1971,1844,1667,1207,110,1674,1573,1749,882,1036,1631,1759,289,1706,1582
1579,248,1782,700,1071,1570,1670,86,1621,1484,489,1477,589,1703,258,982
1190,170,149,82,283,1251,1713,100,1621,193,211,1657,1672,1,1539,329
160,1586,872,1729,1707,117,1672,1753,186,1366,94,1781,205,1797,1770,1022
191,1684,201,1739,324,225,1515,1845,1500,1501,1215,1615,28,1954,1706,426
1726,1721,1524,1742,680,1532,183,1247,118,1692,1671,1938,1615,1672,1789,1971
1743,1044,1658,55,1823,1745,127,671,1622,1852,1827,1951,243,1825,75,1528
1669,1615,1664,1700,1539,1654,1705,380,1581,1475,1166,1702,1709,1392,1603,1526
1619,481,1513,1347,1090,1749,1517,1758,1889,1577,1910,996,1783,1762,959,1692
200,1681,1495,1570,160,1561,544,709,375,1781,1784,1181,1905,1488,1376,1871
1660,191,1451,182,1629,780,1483,93,1695,878,16,1763,1757,782,1587,1970
1715,792,1926,181,160,1688,1659,1714,1273,164,943,1856,1232,1834,1222,1371
694,1854,1712,1353,133,1276,1480,1509,112,1939,180,1623,271,1714,184,1653
1764,1477,257,1960,1702,90,1924,1728,1562,1805,1490,324,1570,1546,822,303
1854,1619,1828,1375,1566,1832,1595,984,94,1715,1646,1637,1512,160,274,1749
1489,1269,1803,1766,1624,1670,205,253,1748,1832,1677,794,82,1844,285,1666
1565,1517,68,1761,1893,1480,1731,1800,295,1623,1727,308,1786,273,1789,124
170,303,1542,1626,1281,1609,1646,1759,1662,292,1649,1565,1070,1515,1601,1550
1483,260,1693,1853,1449,727,1661,1479,158,117,700,28,930,1489,1954,195
1544,729,1858,1288,1756,126,284,1539,1698,1109,727,271,1850,1486,1829,197
1522,1479,1580,1985,1907,1771,272,1728,1500,1951,298,1803,1683,318,124,1848
1604,1553,1730,404,240,1029,1615,296,1841,1819,1722,1656,1818,1600,1888,1496
281,1846,308,1796,1713,1665,1553,1556,1784,228,1581,1540,122,1476,221,332
111,1747,1689,1624,1650,1556,1541,678,1654,291,215,1922,1659,763,1391,1536
1764,1686,1491,86,1668,1710,111,1806,1707,1843,141,1584,1482,957,125,1700
1755,1689,42,1365,1339,1942,1688,1583,1752,1770,706,1851,1646,1580,1476,302
1765,293,1536,1529,1698,1550,1839,1755,975,1584,1149,1672,981,1801,503,1546
1710,1794,1375,1600,1447,1965,1635,1904,1791,115,1726,1786,142,1532,1383,1485
1964,1702,1804,313,1666,469,1022,1823,1665,1521,1774,238,1833,242,235,195
1499,201,1708,1555,310,1338,476,1575,643,1745,1908,1764,1690,902,1705,1583
228,201,129,1795,1147,1622,1894,1717,1732,790,1643,113,1499,870,1528,1912
1586,634,1848,1055,626,1658,258,235,1162,1882,1673,1698,1521,1638,1666,1643
1497,1786,16,1656,838,1803,1836,1846,1741,1624,1700,1389,441,1574,1637,276
1668,605,218,1830,1704,1601,1603,1644,1104,1806,272,882,1769,1827,1773,1710
221,91,1754,1552,1740,451,107,1739,1805,1486,786,1781,1020,1625,1374,1535
1836,1851,1509,562,1967,62,81,1912,1523,1814,94,1506,1894,1596,974,1684
43,1507,332,289,319,1606,1942,1069,308,143,1785,1837,155,1496,1539,1747
183,1960,905,717,223,687,849,94,296,1625,1512,1365,839,1573,1537,1821
1704,1954,1617,1521,1935,125,149,1593,116,82,1706,1513,1671,1816,1587,234
284,1675,235,121,242,542,1262,1674,1758,1558,1839,1793,1575,1541,1809,1375
1711,216,1063,1843,1794,1755,1552,1495,15,1496,1596,1515,1704,470,1650,1871
1844,255,153,1636,791,1561,1857,1753,1530,1513,1659,273,321,1170,265,603
1670,1849,144,535,105,85,1892,212,1361,1343,80,1489,1671,504,1585,1633
568,1818,1502,245,1852,126,1606,301,1811,1061,1845,284,1808,1490,134,1528
210,1801,1960,298,1729,261,1553,292,1,1714,163,1396,172,1705,1845,996
1906,703,1891,634,995,322,1744,964,1844,1758,1589,1184,1140,338,1827,1802
1351,423,1665,1557,1592,1567,1578,241,245,1659,117,1523,1533,1859,266,1686
754,1782,700,250,1784,1520,1573,523,98,266,1794,136,1683,1493,1313,147
174,82,1645,1971,1828,1807,1899,324,1788,472,84,812,629,1624,934,1813
1536,1584,357,1695,1744,1343,1768,1888,1655,223,1633,111,1835,110,858,847
1497,1899,248,1829,1519,1851,67,1688,1734,1387,1639,1638,938,1607,219,147
1000,705,1111,1505,1486,1724,1034,1691,1780,1906,1191,1534,1218,140,114,793
1826,1681,709,1015,1963,1522,624,1913,1578,1957,1960,154,110,172,130,1520
1487,1532,608,1513,315,80,613,1739,770,1383,1498,1035,1071,1779,1547,1653
1504,1600,1672,1340,488,1502,1533,162,250,790,297,1508,1677,1487,47,1375
1789,1667,207,1722,1591,564,1619,1545,988,259,1497,502,1365,1627,829,1479
44,1747,1503,1591,1799,73,24,794,1759,1519,1792,1941,201,1263,1574,275
216,1165,1610,1686,328,1743,1623,1176,1544,1779,916,1730,1537,1802,1581,942
922,1851,215,1579,95,1770,1158,1549,1803,1842,1944,549,1641,343,322,1595
1467,1494,1828,1629,1830,1506,309,1508,1343,1913,1988,372,1908,1499,1524,40
1505,317,320,1762,1697,1197,1648,1516,19,211,1257,1700,1706,77,1714,1519
84,71,1642,1665,1512,1483,1762,1589,1784,1781,1830,1509,107,229,1613,275
91,104,81,990,1676,1729,1525,1669,1849,1688,192,1168,124,1728,1971,1720
246,1911,174,1842,1167,1944,1694,1557,318,1479,1786,1702,1856,141,82,4
1603,1686,1606,1500,298,1747,1688,1793,933,306,1547,1786,840,1802,160,289
1524,1494,1478,1857,1496,288,1846,1394,1763,1539,1906,1559,1848,90,1665,1038
1633,1909,1795,717,273,1757,1857,1637,1789,50,361,1383,1388,1571,1548,456
67,1646,1537,1632,1827,1612,1952,1796,1823,1591,1619,1676,354,418,596,82
1804,365,262,1823,1648,1817,118,1802,1668,1801,1643,1653,1488,1493,1750,1103
994,268,741,1395,621,107,1630,1834,1739,1788,1694,1535,143,269,704,121
1979,1555,94,205,1542,158,1716,91,1607,1851,1824,1909,1746,1664,196,1679
1729,121,1708,172,870,24,220,1647,1795,1900,1703,216,1790,1792,241,1053
1819,1984,1680,1624,1789,1516,1390,1688,198,1613,108,1972,246,887,177,1596
1576,1640,538,1836,1735,1572,1619,1788,255,1830,1374,1267,1494,105,1838,142
1678,1677,1637,401,124,283,1949,1274,1491,1892,1782,1701,184,1264,38,1350
1806,1742,1565,1728,179,1953,203,1661,1535,1599,1787,1588,1521,1506,443,1801
1623,1330,1459,1727,1744,296,11,1510,295,171,1630,1759,1669,1814,1835,1511
999,956,465,1170,206,1689,1811,1906,1303,98,1630,1668,1840,787,1793,171
1666,204,1504,1391,1696,1574,93,1605,956,1768,172,1643,95,451,705,995
523,1519,1768,797,1790,1772,94,1482,1850,828,1824,1579,1680,1031,1566,1777
1817,476,1567,1549,1840,108,146,1757,1841,927,1732,1821,257,1944,784,1634
1821,1705,1543,165,394,1533,1678,1416,1941,150,1764,1589,1960,1047,1517,1743
1669,164,1552,1645,1481,1497,1776,154,1619,1524,223,1861,50,1849,1484,293
933,1173,1667,330,1702,1741,1447,1742,1946,274,1529,459,249,131,1753,215
257,166,1596,1496,1180,1487,142,1064,1715,328,145,1588,117,98,1516,277
1819,1710,757,1703,1717,728,1614,248,1908,1840,1022,1484,785,1568,1804,104
295,282,393,1821,1672,1723,245,187,88,1819,671,1741,1945,1702,1714,1895
1824,1776,997,199,812,1949,118,1643,151,1489,185,875,1508,1047,1654,1761
1733,189,766,1535,879,111,198,1566,1607,932,1772,1481,1631,1671,1592,1299
1544,302,1517,1503,746,544,1489,1840,1622,1530,242,1631,926,96,1746,1617
1632,1685,148,1727,1543,164,1772,1799,281,1850,1535,1660,209,181,226,143
1892,244,311,1492,1685,215,1601,1592,1754,1914,1548,874,1643,1617,1596,520
601,21,565,1850,679,1807,1504,1953,104,176,194,73,42,1714,186,1662
1659,1869,1386,1619,123,1756,1651,1014,37,1527,1536,1766,1846,1922,1487,1431
1753,1797,265,1621,1757,1839,1697,1586,871,109,1451,198,126,100,1853,1595
121,1985,1348,166,1783,1792,1481,1618,503,1690,1610,1819,852,1960,1896,1209
1593,798,1608,934,1526,1482,99,300,1788,799,1693,1687,1585,1695,1595,1970
1684,1743,834,1500,1689,199,118,1854,1760,128,1909,1583,1169,1571,1487,171
1640,742,294,1585,152,996,300,1752,263,1748,399,1717,213,1790,1848,1805
1752,11,74,1633,952,1546,1811,703,1793,1088,606,1814,1843,1842,274,589
1618,1725,1730,284,1612,1620,1683,1824,1640,1184,1553,296,1705,1845,1595,1713
1251,1668,1649,1853,1803,131,244,1879,1517,1203,58,1682,1672,1598,1913,1570
1724,1639,677,1660,1905,1682,1653,1094,679,294,1109,1783,301,1609,1629,164
1502,1764,378,370,1693,1730,230,289,1739,1548,1791,1638,151,133,1668,313
1243,1638,1744,1561,728,1615,1479,234,1850,1203,1706,1612,42,1544,1794,1566
1803,451,282,523,1671,1774,355,1810,1822,1747,1669,1672,1826,1077,1894,284
116,1950,120,1669,1722,1555,1352,1566,1648,173,117,1811,613,134,201,1373
1523,1670,1754,1563,1844,1927,1653,1785,1652,1787,1803,1587,1938,1592,1717,196
794,294,1719,1800,180,1897,1820,1533,1015,1840,1901,108,183,247,1687,1712
711,1831,1020,1007,1832,1503,1702,495,1644,215,1054,1733,1527,1808,1827,1716
944,203,1762,114,695,1628,1801,362,1540,1962,1687,1563,1418,1524,1633,1013
199,1668,1757,1494,1490,1638,1685,824,1719,1765,139,1523,227,1747,925,1090
1656,847,1596,1535,263,893,1600,181,134,1025,1721,1552,1119,1898,179,1581
1502,218,1698,1492,213,314,535,286,903,1524,997,1562,1906,1743,1833,1580
289,1732,1722,1178,1752,892,1493,212,1725,1354,1513,312,1698,1570,1685,1716
1690,1672,1746,1650,1569,957,587,549,1608,1743,1439,1563,1476,1384,1599,118
1852,207,239,522,1719,1605,1551,249,1771,1844,1729,196,976,1836,1684,1629
1525,873,1483,1681,1487,1143,136,1645,249,1832,1378,1170,857,1607,310,1568
1667,1910,1495,1512,190,1758,1504,1899,1825,1040,761,1591,1735,1602,539,247
1839,153,1707,100,1562,189,224,1121,1681,1527,957,1706,197,1826,1959,838
1225,1799,1700,1833,1689,118,305,167,286,1501,1733,105,1819,1312,1672,92
1232,241,274,24,1385,1608,1846,1215,1734,262,333,1568,183,1561,1659,1777
1742,1656,1574,1383,1668,515,1178,1747,1634,150,1672,993,198,1554,1712,1563
393,1598,1754,104,1675,1490,1305,1574,320,799,1535,1707,1000,221,1930,999
183,418,1395,1843,1033,807,1849,1700,181,1934,1543,1067,1672,1793,1979,1541
1824,1932,1604,914,1378,990,1592,873,192,1525,1926,1729,1251,1963,1488,701
1548,356,1623,1374,1804,142,1495,1894,1779,1890,296,1682,969,1875,1192,1839
1774,1654,1650,177,712,1617,185,1527,1597,1629,1822,1670,42,1731,1563,1823
1953,238,1764,1662,1650,1909,317,1496,211,74,234,453,1629,1624,1696,1827
14,1408,1650,1505,1945,137,1714,228,57,282,1644,270,26,1573,1765,951
1814,1845,1687,1748,411,1645,147,128,514,1768,893,1821,1683,1086,955,203
912,1693,1528,1072,1610,1743,1476,1755,1614,319,1596,1908,1626,1674,1748,1379
1647,1673,1821,1468,1722,245,1797,1875,1728,1878,1789,116,1661,1831,1745,254
222,1753,1539,1752,1906,615,306,1661,1777,1698,1340,1656,1268,1958,46,1765
1250,1777,576,1503,1580,701,1486,1676,158,1638,1911,1588,1930,84,512,669
1488,1853,1896,724,1906,213,96,132,961,1574,1538,1937,1502,1545,1767,1827
1776,691,248,1647,205,1803,1828,121,1758,1705,295,1659,1561,1504,781,1682
1715,1354,1797,158,154,642,1785,164,1827,167,1782,1705,1702,181,1802,146
1648,571,1685,1558,761,1690,1822,1734,1642,1556,1708,146,1850,76,1757,1484
1606,1591,106,117,1117,902,1584,815,1552,1195,1843,1592,1697,1706,1396,1835
1522,1820,1488,993,1535,1889,322,158,723,125,1108,1850,1547,764,902,1831
1949,1716,1814,1710,1512,879,705,1064,1499,1722,147,1646,438,109,1539,214
1514,1566,1787,1716,716,1720,1706,1182,1912,1628,1940,512,323,1320,1290,1664
1605,792,1717,1541,1607,89,1554,1706,1765,1816,933,995,1178,1687,701,1733
1957,1961,1708,1515,1847,298,983,1780,1824,1567,1666,1828,26,1649,1719,1954
1884,326,1077,1788,1799,1637,196,294,1162,534,1850,291,1907,1622,42,1559
872,700,1691,497,798,222,881,1502,301,185,1808,1965,786,1647,690,1905
1972,114,1709,1833,117,474,1957,328,1372,744,525,1552,873,1648,1478,1776
164,1950,1823,1159,240,1567,94,1712,562,1853,1651,1827,99,1770,256,997
1628,1810,1726,1813,1684,1512,470,1834,1596,1686,1571,137,226,1580,1676,1600
1815,1840,149,1618,1657,1628,1732,109,1751,1673,1789,1644,1584,91,1550,1744
1657,73,1782,1681,1218,1705,1755,1677,1475,458,718,1542,1787,1980,1585,1771
258,1984,405,1799,1381,1576,1792,323,1663,566,191,1640,1364,1678,291,1499
1950,1484,1800,1251,1641,158,121,1822,1564,1771,103,194,1080,1538,39,267
1169,1035,309,122,1596,1662,1180,924,308,1488,1848,101,117,802,42,1538
232,1330,1435,1792,1645,166,769,960,179,1872,1711,1695,485,1911,1515,1596
1772,1746,700,1646,191,1848,1609,1634,166,1809,248,238,1908,1884,1840,1653
1745,1825,1521,1586,1779,1054,1554,1485,1667,1734,1804,109,1796,286,1845,934
1720,1616,1383,263,1365,1595,1724,1581,1622,1284,1488,1558,1688,1637,704,1481
203,1793,781,1941,116,1858,1851,1549,213,262,944,1395,782,1762,1592,1897
1540,1558,375,1766,182,1710,257,1396,1833,366,1734,1554,1606,797,1541,1538
209,200,1554,157,1730,1567,1747,1173,1547,1770,1808,1072,1674,486,1488,1532
1628,1907,1716,1535,161,1659,1719,326,1720,1602,1937,1730,1969,1180,1269,1732
1584,120,1657,198,1597,1906,1396,1797,1645,1535,1642,273,115,1491,1504,1746
158,501,1715,1538,1846,1476,1722,1667,1270,1587,1551,1610,474,869,1540,1664
1563,1540,799,1519,1699,1668,189,1752,308,1605,120,200,1065,143,1833,153
88,1354,1250,1599,286,1826,1917,1488,277,1714,1533,1756,452,1569,1820,89
1549,1574,1731,1494,1987,1743,1765,1587,232,102,1767,1795,1747,512,155,1789
1723,1850,217,691,74,1724,304,273,1732,243,1955,240,1908,285,1488,466
244,1592,1740,1960,1703,628,1715,647,322,817,1770,1406,1228,1663,1272,1611
1562,632,1947,1831,1838,1479,292,1815,1767,320,151,1600,1559,1741,1607,1712
1654,329,1539,175,1854,846,840,160,163,1742,1700,1843,1622,1635,1822,1535
1551,1515,866,1650,1638,1516,1823,1735,1605,1505,146,1533,596,1817,1672,1467
1844,1497,1492,1855,1472,1637,1583,97,1606,1835,705,1079,1612,1608,475,236
1686,154,300,1722,1824,1230,1649,259,993,284,1610,232,1382,88,248,436
1825,297,1634,183,1566,762,1887,1629,1970,1582,1159,1488,1669,1533,1802,1708
1493,280,298,226,1725,980,137,1730,1841,1800,1896,20,1939,501,624,94
1802,784,960,217,1025,1492,164,1002,145,1585,1899,1761,311,1941,159,1489
1501,244,1819,217,1477,1627,1585,1812,1453,96,1605,88,675,1521,197,1510
1639,1386,1616,1830,311,1544,1533,1702,1924,1517,1798,1608,1747,1970,222,261
1607,1651,1747,1636,1757,1591,1268,1654,1602,1814,1555,704,1559,96,1774,226
1591,193,939,314,1629,183,187,1781,1218,1532,1702,1657,1831,494,958,1738
1570,264,1795,1572,1828,1527,1853,706,1518,1580,1569,1846,1937,1723,172,1562
1547,1641,1622,192,513,268,1799,986,1603,241,1481,69,1566,945,1837,1491
1626,1544,1743,1705,1768,1477,1907,1539,1008,627,1840,959,1817,1234,1681,1828
1203,1664,1741,1824,1582,191,822,1806,1823,1530,1496,1658,249,1724,1619,64
151,1019,1308,1774,1821,1556,1571,1597,1663,1670,1315,245,1939,1488,1770,1755
1587,1601,103,1803,1583,1661,1759,1786,1690,1486,1579,1701,1825,920,87,185
1968,702,308,1741,1583,861,1503,1851,1495,1631,1480,518,176,1664,115,863
78,1959,641,1570,847,1682,1616,1563,1749,1552,1692,1545,144,1180,215,1728
1680,228,1477,1899,1610,1772,1837,31,211,1590,1602,457,73,579,1411,1806
1617,1759,987,527,1905,415,158,1596,1724,1543,1738,132,1807,1769,888,303
96,1688,1482,1704,1476,86,1518,284,1770,460,1733,1855,1810,1562,1600,158
266,14,1699,1614,1611,1624,1532,1800,1548,286,1553,216,82,782,1949,295
74,1538,932,1732,1826,1804,1478,1554,234,1182,1833,891,1392,1757,1069,1750
213,1603,1888,270,1913,1684,1849,430,297,1826,1582,1654,1480,1746,283,1720
1769,1681,219,1753,1541,1812,983,410,1952,1777,1869,1552,1704,165,956,1535
1252,1687,955,291,136,1514,1557,526,1593,1071,1764,1536,1108,1851,1572,1078
1599,1884,322,570,1888,1616,1683,1557,1759,281,315,1549,344,1826,1601,224
1574,1530,1781,228,1730,116,1564,36,1819,246,39,1680,1926,1477,305,1748
1893,1743,1821,1170,1788,569,1912,186,1939,1401,1834,1791,3,1717,1563,1948
874,1479,26,1773,1711,1667,628,1801,1604,1782,812,744,1770,1760,1684,138
681,311,1637,1591,126,1658,1516,143,1526,1822,1704,111,326,274,659,80
1537,1116,1701,1595,1640,1857,1855,1683,115,1799,1817,738,904,283,1486,1740
1537,710,1625,836,1833,1795,1799,1808,1761,1678,651,305,95,1690,1297,107
1791,1383,1986,521,141,1895,1851,1802,1692,790,102,1643,553,1714,328,784
76,179,976,1747,1674,1803,1239,1639,1751,147,1971,1499,1840,300,398,1544
1274,1379,1850,1803,994,1514,1854,1731,1946,1756,1536,270,51,1188,113,188
1447,254,1795,1701,1651,1752,832,376,941,1593,1897,784,681,1643,1697,1831
76,1539,46,983,525,1268,1408,1907,1659,139,1538,1128,1851,20,1839,1651
501,1134,1644,616,95,1502,694,1834,1598,124,663,1542,303,1725,1320,1945
671,1481,1211,1736,328,1735,1718,1624,1752,697,1479,13,1569,1589,1332,97
1917,1765,1823,1612,1831,1594,251,871,81,1707,809,1538,1236,1714,870,1307
1489,266,1790,1331,816,1780,242,191,1706,162,577,1809,1951,1376,1597,1796
1515,1650,69,939,1692,1569,1760,1726,1599,1532,1696,1555,172,1756,225,1587
1666,1552,1633,1690,1815,1503,110,1962,1321,1687,1846,1979,1725,409,1647,405
1734,875,1720,148,1478,1975,1909,1500,85,1563,1506,1231,151,1778,1172,1376
1640,1757,1774,226,1536,88,1786,1664,675,117,1597,1741,1631,526,1663,1622
1543,1489,1841,1908,273,1652,861,1664,1792,1764,303,615,1793,307,1842,195
170,129,1213,1596,1705,453,1619,1803,972,1125,484,1508,1583,1592,1675,1268
1751,1563,1648,167,1507,1836,336,1625,28,1746,198,1026,1812,234,1018,1955
796,1725,1648,1638,1769,1502,1825,1952,1768,1737,1791,1680,1676,1909,1555,1670
113,1709,568,1690,1700,1818,99,274,1612,1608,1614,1835,1652,1674,1819,95
1640,1506,171,1683,1655,1828,1759,1729,75,310,161,520,1572,1320,1666,116
208,1678,177,1558,1485,1721,735,1688,969,297,1371,1491,1673,1543,321,90
1539,1672,1223,1726,1644,110,1588,1602,225,1753,1701,1790,705,1375,1778,1736
792,1667,518,819,796,114,1370,283,1668,144,1081,1779,1855,1528,1502,462
1841,1777,63,1199,1597,1799,1524,123,1583,1537,1556,88,1628,1816,1848,253
134,1599,305,612,1492,1846,926,787,236,1792,1813,1772,1757,1524,128,1740
1545,1676,1939,1854,1848,1564,267,820,1497,1536,1597,1824,1736,1838,1730,1568
1616,1845,258,1711,1817,167,337,312,1985,228,173,1550,1859,1247,1394,1528
207,602,577,1174,1553,382,1550,266,1677,116,1501,1905,1585,1563,89,249
1822,299,1583,1746,1553,1533,1578,1554,969,1606,201,686,289,1599,197,1684
1628,1582,200,1106,141,1733,1774,695,1705,1681,1529,325,1695,1812,1518,1625
1792,670,1952,198,1727,1551,1762,146,329,1674,1798,1520,1527,799,1595,1582
1394,920,1970,328,1594,1596,1715,264,1212,209,187,608,1944,1825,1714,185
1762,1654,1390,1672,88,24,1026,1354,942,1565,1534,139,1059,1621,1599,1630
1539,437,169,1505,1382,1784,1368,1487,1410,1738,1624,1563,199,1739,1509,1025
1682,1594,1826,1731,1574,1709,1849,1806,1818,1906,932,1577,141,934,1809,128
914,1847,1733,1531,1618,179,74,842,1675,1912,1795,99,1784,206,1486,448
300,1631,1504,1597,1599,1491,546,213,163,1821,1847,1193,1389,1760,1677,1765
359,942,1509,94,1704,1749,97,1529,1665,38,1625,892,1696,1740,651,1572
1582,305,1841,270,1693,44,1688,1602,727,1873,1592,1751,460,1620,1612,1682
1610,175,1532,77,1391,1482,1621,1829,1755,155,302,116,1011,225,1590,234
1715,185,1603,1482,701,1531,1839,1676,1813,1745,1519,1694,1821,1747,1585,1752
384,179,1864,643,1641,1731,1750,1672,120,1724,221,1567,1573,409,1941,1754
1800,109,1565,1692,248,1391,1699,131,1965,1841,1539,1571,700,200,1170,1807
1810,1591,1383,223,1607,1612,1558,680,1842,1789,565,235,986,256,1571,1751
1790,160,1829,1494,1819,1826,1775,1857,1708,1505,176,252,1609,566,1002,1365
1716,276,1505,1536,1546,1742,1851,1722,1733,1371,1492,1548,1964,1551,1967,1874
1710,1973,1909,1595,1941,370,1320,215,1508,296,171,250,1636,136,446,1681
1651,1731,296,1739,1499,1177,1707,1049,146,1828,1780,1793,1586,303,298,1531
1353,266,1742,1907,209,1763,1501,1482,1971,1619,1658,1207,1503,1806,325,1731
1518,1494,1844,1735,1570,1599,250,1975,1476,16,1232,95,992,159,1620,1947
1622,1754,292,1681,1483,1584,1601,1819,1807,1653,1762,276,1774,1739,1683,160
1177,1567,1199,433,906,96,4,210,1782,838,204,1541,1614,1851,1746,1809
1795,1963,281,1778,888,109,1735,1513,1659,1825,1640,107,262,1837,3,1249
1935,1669,1729,1568,1728,1513,1793,1714,172,753,1794,1602,1777,638,1594,786
121,1672,1511,1480,1948,181,1823,1772,289,823,1748,308,1656,88,100,1643
170,1601,596,1741,1245,1681,1906,1634,1530,1850,1801,286,1984,76,863,1860
1587,1510,1667,1535,282,1680,1752,1035,1366,73,1392,140,1685,1770,617,1598
1190,1910,1628,1820,1567,222,1197,1763,1607,1750,41,35,1581,1780,264,309
1826,1482,1197,148,1632,487,1663,1687,253,1793,155,1488,1715,1557,104,229
1550,783,1841,1989,1974,287,249,1794,1857,1508,94,1785,1844,103,1634,892
1974,154,635,1985,1788,1943,165,1912,1673,1806,1575,129,1103,1649,1705,302
1852,705,1523,533,1396,1483,1805,1749,148,1637,1561,1286,1682,88,1598,1855
1719,662,1712,1627,1696,1732,1797,1827,1911,111,1497,1721,88,1125,1565,241
1885,623,1845,1665,239,1533,1589,1496,1812,1532,1565,1538,1832,1238,1931,1736
1755,1611,59,1730,121,854,323,142,1662,116,887,1778,1552,1883,1804,342
1771,1813,252,1710,1625,1651,705,1821,326,1491,1479,296,1158,133,563,1279
657,1681,1608,1776,1734,1720,1829,99,1248,1763,1802,100,1698,1587,308,1494
1524,1826,69,1504,1657,316,1835,850,520,258,1598,1668,1630,452,1619,1676
1708,1623,1765,1546,1971,209,1548,1651,1016,396,260,1516,220,1788,1656,622
1889,1392,34,1692,365,93,523,1914,1101,1484,1779,1649,665,1967,1978,282
1921,1972,1496,842,1842,309,1684,1753,1484,1558,1574,925,1581,1603,1601,1638
1767,223,1971,308,1611,1529,1415,1620,1727,1526,1896,1642,1543,1557,1691,110
1545,1526,168,81,1664,1841,1606,1613,111,1769,1767,1950,1660,108,1831,1596
1724,1854,1653,1071,1493,1655,1732,95,1567,424,310,1758,1643,1683,245,1506
285,177,1548,192,160,1051,1798,1523,1851,1695,95,1920,1313,31,1319,1477
1570,1774,1708,1970,1561,1098,1498,1000,1695,294,1484,1654,1482,1146,1825,1638
288,1660,255,1528,1864,102,225,1943,1747,1014,1809,1779,250,207,1303,1772
192,1374,181,1759,1662,91,92,1523,1512,1501,1738,1674,120,1625,370,1381
1788,1408,1499,1747,1854,63,130,1749,1686,1771,572,1850,1504,1571,1641,1866
255,1805,1823,1803,1758,1330,352,1880,1610,1848,1730,1789,1336,1540,225,1680
1669,1952,1528,1320,1583,1497,1711,217,1687,1667,1658,1523,1642,1241,1503,1705
1909,1619,1112,166,620,1512,99,63,114,1841,1098,1539,1685,1736,1538,1511
1857,1699,236,1601,915,1688,1940,956,149,258,293,1481,1132,1651,114,279
149,1600,1523,1717,254,1954,495,1559,308,1854,1519,232,1811,252,155,202
1910,1573,1291,932,481,176,1631,1586,1903,1783,1814,587,273,1641,1287,1503
1652,57,1905,365,1651,42,1968,1592,1440,1542,1721,318,1032,1765,155,1928
28,1961,1579,1533,246,1783,165,253,1586,1494,1510,1751,1660,1529,1922,1017
1951,1828,311,1634,1321,1787,277,1749,375,305,1671,1840,218,1500,388,790
1679,1659,1764,1376,171,1826,204,1818,262,298,1597,1797,1724,10,1744,1646
284,1699,1970,1493,1786,1529,1109,204,1535,1761,1771,1018,1729,1487,1805,164
563,1431,1478,1799,864,1088,1796,1955,1120,1528,1642,1477,1744,1787,1677,106
1478,1822,1672,794,290,1631,1024,187,181,96,660,1815,83,1691,222,1644
1092,335,173,1501,192,1784,287,1701,1538,342,42,133,1523,1687,1485,1373
1722,1514,59,1897,1075,1598,677,1927,154,847,1525,1500,1247,631,1373,1243
1551,1958,1562,102,1793,107,1508,232,1807,1777,1702,1540,1842,1850,1697,252
1794,80,1579,290,1494,277,1569,1591,130,1390,1481,1714,1622,1504,1791,1891
124,1204,190,235,1839,1595,1674,472,1822,1782,1954,1375,1957,1784,1645,518
1591,1516,1393,985,1746,1803,1896,1908,259,1772,1086,1820,1553,1616,241,1492
1963,1786,1671,100,1755,1508,331,945,524,136,103,175,1719,1763,1833,1726
1547,268,370,1701,1667,1824,1543,1699,525,1529,1911,1739,1831,1804,1679,1627
358,1510,139,1780,1840,1785,1949,1674,166,1685,1679,1917,760,256,729,1827
1379,1559,1394,105,1242,125,1478,1291,823,23,254,161,1564,1566,495,1562
229,1012,1554,267,62,1573,1548,800,74,1732,1764,651,1689,1629,1750,1841
1830,1502,1851,1793,1890,1776,1789,1749,276,1854,1744,1681,65,201,219,1732
137,1707,1173,301,1690,1765,1581,1603,1498,1606,504,1808,1665,1737,1144,1489
651,1690,1765,284,1591,188,710,289,1558,1788,1559,1810,1492,1783,1597,269
277,1615,1828,320,1701,168,1521,1815,1846,1505,285,1716,132,142,1747,271
83,1690,1130,1778,1678,1820,1870,1684,223,1620,1692,255,85,1727,1763,1625
119,194,1409,1476,166,1818,1682,213,89,254,97,1558,1845,1771,1493,1246
86,1669,289,1677,85,1481,1527,1182,717,1069,1538,308,806,858,1710,1802
126,1516,1720,812,1659,1773,83,1574,640,1857,183,99,1503,1505,1071,533
1782,1365,1759,1510,1518,1852,1582,1729,1522,1832,25,1561,77,673,1824,94
119,1804,1826,1714,1814,1751,796,1365,1772,1332,1555,142,1605,184,307,130
1107,1096,1687,1553,240,186,1711,1538,1888,182,1593,1779,1478,1642,1622,283
900,147,1639,199,1897,1686,1581,1722,359,1677,1774,1048,1212,1752,1498,1680
1632,1801,1818,1830,1381,145,1849,1618,1828,1582,1071,1691,1947,1809,227,223
1601,1816,122,126,1822,1756,1671,324,1505,410,170,1943,1748,1541,431,1547
1498,343,144,1705,1780,274,1802,1567,1179,735,1750,1534,233,161,1642,830
1895,1595,1717,756,1642,1746,1846,262,1736,1867,1515,1478,1790,1670,817,637
1212,1180,1580,97,327,82,227,1747,1721,1751,1600,1574,46,1486,1771,570
1491,176,90,1781,1693,1972,1725,630,1612,1582,1814,658,1798,1820,1905,1618
1845,1573,1900,1808,1653,1670,438,1681,1829,1698,1802,1794,1749,528,1659,794
1686,916,1816,1702,1573,1837,550,136,1618,1524,1727,1963,1649,1558,1722,542
1959,1697,1717,1671,1714,781,181,1813,129,205,1805,1491,1529,1575,1637,218
1524,1795,1552,411,306,974,1702,322,1907,90,1488,1789,208,1663,1671,165
1584,1518,1541,246,1706,1581,1107,320,722,1598,824,1778,250,1555,1640,1646
253,1852,1784,172,1507,1545,1775,1664,1670,1142,272,1574,1893,82,1069,1790
1696,322,1724,1581,1684,253,1309,1548,1756,1822,1566,1907,1788,1681,1621,1643
1722,1023,1801,1565,997,1562,1396,1667,1821,1775,533,1651,380,1657,1702,274
1496,1585,1636,1772,78,1783,254,1552,1647,317,1905,1719,1602,91,1485,1502
1610,894,939,705,587,691,1640,1816,1913,1742,1552,1168,1649,1253,1637,1758
1000,1666,1773,1668,619,1785,1841,1775,1699,98,1062,1756,1286,1488,859,1827
1502,155,1556,850,1764,1753,1617,168,1489,199,1826,117,1797,1545,469,1653
102,367,705,1716,1139,1388,1851,528,1493,1140,1686,1672,799,1589,1852,210
1678,1787,1481,1739,148,120,568,1507,140,1526,300,1489,1620,118,1752,1227
192,156,1724,1731,1896,1801,680,1545,523,1804,1564,1568,518,1479,1722,1769
1549,1841,142,1497,1771,980,1810,325,199,233,1693,1756,414,298,1857,1686
1813,860,1554,89,1683,1734,1747,786,1718,1758,1101,260,324,1070,1689,1591
1618,1849,1566,1600,1531,1568,1435,1747,1973,1822,1509,1984,1755,1975,1802,1517
173,1538,1492,1837,1640,1349,1710,1293,1750,702,1788,1480,1694,817,536,111
1173,1494,1545,290,1669,1581,1955,1538,1870,1536,161,214,1602,969,1550,530
107,84,1065,1620,1785,267,1704,1836,1512,1596,1493,1448,1700,237,1666,1605
763,142,986,141,1741,997,1737,1972,1768,1236,448,1529,287,209,1505,101
1491,1526,1672,982,1653,170,846,1740,1776,486,1396,1774,1572,1505,1704,669
1533,1732,1594,1557,1804,1765,1651,1730,1717,1677,283,1888,1629,317,115,1799
707,1690,1727,213,1536,1702,1231,1737,185,1211,1120,561,1712,521,200,333
1493,132,229,193,174,290,1835,1621,1566,787,1759,1564,159,1579,1871,1368
1590,1688,1646,1745,1674,1649,1763,122,1826,194,1571,156,1829,1367,129,1491
1833,1848,1771,207,1865,262,1574,1408,1665,1595,1518,186,728,1655,81,1701
1542,302,845,1605,1916,1247,1984,149,876,1946,203,827,61,292,1805,1800
1627,1814,141,1597,1840,308,576,306,1613,1516,251,199,465,1745,1665,1552
1711,693,1551,1828,299,129,1786,1975,886,265,1677,1695,1972,1465,433,1701
1634,1497,167,1519,642,1073,101,1778,201,1667,1597,87,1824,137,252,1825
134,1909,161,322,1604,1667,1645,1851,1857,1475,1809,1124,1872,1570,1589,1551
1670,259,1826,1689,204,1561,1764,903,192,1543,1594,120,1732,1782,1654,1846
1548,1610,1624,1675,1507,1547,1930,215,426,1503,1292,297,1734,1790,1806,303
1744,1730,26,1718,848,1560,1950,1481,1799,1649,590,1262,109,1540,36,1159
599,1566,1209,3,1726,248,1168,1834,105,936,1186,108,1709,1831,1801,1334
1730,1617,620,752,1586,500,11,1557,761,1611,1793,1681,252,1415,68,166
1685,1830,296,82,1871,1640,1284,648,1590,1550,1204,764,1737,1946,1767,1552
1820,220,306,1786,1621,179,240,1701,605,1768,358,287,130,1716,1929,1555
998,229,402,1643,1511,86,1600,136,1843,1617,1244,1737,1055,1264,1796,1371
1568,1373,189,1815,410,1830,1535,285,1532,1157,1277,77,1831,1855,1317,1907
281,1788,1529,1380,981,1535,1579,1910,1697,1363,1602,1872,88,695,1786,1026
159,324,1724,289,1844,837,1647,1512,1653,1785,141,1608,1361,701,874,282
1804,1708,1502,1751,1556,1971,784,124,1483,1516,1821,1791,1831,501,1754,1599
635,1611,1111,1368,1682,1553,1483,1811,773,1482,1370,1801,1658,1905,562,1703
161,992,1702,1808,1589,274,1777,1095,793,1560,1587,1265,1806,1530,1639,1792
796,1561,1918,1613,113,1415,1627,1533,627,1005,234,806,1636,1517,151,1153
1749,1237,151,188,1617,183,861,1363,501,214,1582,247,1,1512,1788,275
1485,1718,168,1666,1775,1005,1549,270,649,1371,1677,1681,1192,309,201,320
263,1639,1504,1778,1802,1545,179,1910,1638,1890,420,1171,1889,1201,54,90
1495,110,1488,1809,1618,1630,1592,1746,286,200,1847,284,1775,1475,1839,1818
1762,1838,481,952,1791,1744,1669,83,1773,1768,1796,1697,209,1636,146,297
1198,419,1854,1590,1480,1972,1689,882,1274,455,1798,676,1280,1755,1565,1779
1566,1496,1479,1805,1594,1520,252,191,1573,1730,1042,1491,1757,1563,1568,1857
1790,1477,1896,864,1502,1946,1813,1538,1638,1683,1907,121,174,1582,1553,103
1491,1829,1550,1811,475,1807,513,847,1742,112,438,1626,292,114,1805,763
1823,1647,1891,1729,1539,1819,1703,1593,1332,1793,1787,136,1618,261,1600,1586
1585,1530,692,1648,111,1556,1597,1614,803,1767,1979,1486,1817,1849,1502,150
1824,1176,372,244,252,1800,1818,1535,1827,1810,245,92,1601,1739,1778,165
1689,214,1700,96,1279,166,112,790,1170,1848,1771,1901,1754,1822,299,1525
1664,258,1653,1573,1675,1658,1912,489,1709,668,326,1526,206,213,1550,1323
1762,88,1490,1521,1796,1783,1866,1566,762,1538,1251,1750,1665,226,1963,97
1564,1862,229,1666,485,1921,1062,96,1696,1493,1711,270,1802,1318,1486,542
1523,1796,1506,1776,1829,84,969,904,438,1642,249,1772,1738,1548,1819,1795
1529,1382,1841,1612,1002,1519,1518,160,1523,1780,288,170,818,1185,1345,563
1401,1830,1702,1953,1623,221,1776,1606,1799,1692,1047,1099,227,1365,1565,1747
1768,1544,1498,1721,269,1815,1376,1698,1524,1530,846,1811,1958,1813,134,1846
1782,1565,1630,1483,1505,1625,177,1638,327,1618,1973,1123,1758,1604,1854,1559
1715,1570,1731,87,1668,55,1653,705,1986,244,253,170,1147,1807,171,1512
1593,327,786,315,1630,40,767,1774,1313,1595,1542,1605,82,132,1727,1566
986,77,218,1533,1680,1852,1551,225,257,1678,139,1496,1743,51,1668,1704
204,1830,1855,164,1513,195,1827,1344,170,298,977,1708,1557,1726,1826,373
1802,1602,1482,140,1628,897,1585,1659,1781,298,1598,1267,1826,1908,1660,546
1542,213,1811,797,1677,1769,1266,1612,1696,208,1707,1476,607,1562,1703,1578
1841,612,152,1466,1676,26,1616,290,1771,1753,1731,1670,1825,1054,732,1442
1829,1957,1637,1660,1520,1603,1617,1665,1625,61,155,1604,719,1661,1524,1491
1774,1788,1828,222,969,1566,214,1642,1849,1666,1678,1376,1937,1530,1846,1796
1821,112,1848,134,1735,1743,1783,90,256,1913,1809,1628,258,1965,1804,912
1586,832,1527,1905,1778,1595,233,192,210,1850,1847,1161,1517,201,1643,272
1203,1477,294,1845,738,1476,1764,791,1489,1680,806,834,1541,1506,1365,1771
271,1625,172,1711,1476,1589,781,1771,1175,1657,214,1714,228,205,84,154
649,526,1832,1800,378,160,1558,1273,1497,1827,80,1689,304,164,1685,1722
1073,180,1682,1839,1739,669,196,138,952,1319,163,1281,1523,13,188,1497
1693,1624,1176,1482,1442,1242,1566,74,1663,407,1816,1072,305,1621,1706,70
1588,1481,1485,1468,1948,1662,1731,309,1745,504,1518,1729,1674,607,1776,518
1792,1836,1530,200,1064,1823,349,1579,1675,1781,302,1772,148,1667,513,1651
157,1517,1765,1805,1489,1681,1127,1823,1493,1641,1853,1072,1786,799,271,1495
1985,1527,1426,1747,105,1810,1833,1780,1824,1069,1594,1330,1916,911,1922,187
277,1755,1805,1624,1595,255,607,1616,1535,1486,1841,1261,1569,289,1549,722
1977,1976,1533,1587,1708,1836,1854,1784,1602,1502,1064,1757,1565,329,1852,191
207,1658,1841,185,1897,1758,1670,1571,641,1733,864,146,467,1820,1815,1608
1893,517,1056,236,1542,1767,1753,42,518,1489,875,1506,1775,1616,178,1712
1582,1889,1557,1520,1798,1735,1591,1979,1789,1546,590,278,312,1504,1922,1688
1746,1695,1847,259,640,1891,119,1553,945,1856,237,299,1490,1073,1770,281
187,1857,1809,110,202,1765,323,137,221,1595,81,1485,1698,185,1763,1262
1383,1601,49,1836,74,1663,499,135,1700,1479,1562,1798,561,1805,1682,1902
1277,1786,1222,1485,1559,27,165,1587,378,1643,1762,238,1772,1709,1753,151
1670,1687,163,1497,1478,1666,139,229,1604,1688,1782,1848,995,166,1733,1469
1635,1841,1741,984,154,1815,1600,1825,1644,1530,1511,1822,1814,1387,480,1495
1909,971,203,1820,244,305,533,135,1567,1704,1811,1502,1627,394,775,1949
1345,1709,1535,1871,1810,309,1572,283,1107,1892,1978,1292,1374,1644,1579,1501
295,1508,1505,1355,1729,1854,507,1504,303,1682,1860,1818,993,305,1784,1497
1779,607,1819,1648,1475,1796,345,1654,251,1490,149,1838,1845,1979,1892,595
131,1819,683,1520,319,1583,320,1640,1623,1639,1544,1559,1183,1842,1519,177
1556,1774,969,287,1290,1659,1676,496,1379,158,717,75,1810,229,1613,1566
1030,328,1830,1958,1290,1799,1733,1959,1810,969,1853,1317,1612,1784,85,1585
1592,1804,1551,613,1646,1596,1543,1620,1906,314,1653,1507,1429,1828,123,1525
1495,1701,1616,1769,1785,1523,1575,1783,1648,735,1816,1598,278,1549,1667,1705
264,1541,1683,1687,1727,1821,177,94,1966,634,1804,1721,74,1793,1680,1648
182,51,166,923,1233,1837,1579,1710,1852,1567,1789,693,1812,1794,1963,1844
617,74,279,92,1954,1530,1793,1546,651,1772,1621,1487,1746,1105,1857,1754
1185,1839,1951,1828,1569,1753,1905,1506,1071,159,199,244,828,1622,1896,1790
1764,1379,306,1480,109,1831,248,231,155,1736,802,553,1758,1512,1606,1589
1630,1636,1621,216,230,1600,1676,1647,1598,283,1832,1476,1961,1586,170,1471
1656,1696,1651,1253,1681,309,1901,1567,1703,654,1937,1686,1575,1250,1745,1854
1827,63,1506,1677,1949,243,1717,1862,1724,1775,1653,1602,269,1635,1759,1785
1685,195,1972,1073,1841,633,1511,298,1653,1688,217,1575,1558,413,95,1542
1587,1545,289,232,203,1538,1645,184,1758,600,1117,1848,272,214,1664,1921
1479,1804,1657,1648,1782,1730,105,602,1476,243,1798,761,1601,97,1533,225
570,1729,1486,1591,1590,745,280,1708,1604,287,1651,1597,1209,1574,1907,1735
195,1694,168,74,211,1383,109,1764,1581,1519,1678,1490,792,231,1786,1736
448,1604,1478,66,1645,1868,1800,323,1711,991,701,1750,1552,1487,1483,1616
1555,235,1651,1947,858,300,1603,1592,1644,1744,784,1567,1717,1643,846,1805
1773,1897,1361,1688,1747,878,1583,1580,1598,1743,1852,1785,1828,1770,1117,1825
1519,652,1578,1720,1535,706,1770,1669,1634,298,1575,1493,1593,1830,1585,1739
1501,932,1528,987,1650,1705,708,1786,1673,1524,320,1215,1827,246,251,1696
88,1597,145,1947,169,1824,1795,1667,1325,218,1741,316,1586,1913,1624,1395
1818,106,268,782,1620,1332,1949,50,103,1704,1604,1721,847,1669,168,1636
1680,1828,591,1725,1821,1775,68,1545,1115,1814,1505,1642,1595,1906,1535,1537
1497,1537,1798,1760,682,1490,1549,1937,1942,1385,1726,1789,270,1680,1831,283
1751,1507,1231,200,1762,1741,213,1026,1706,1678,353,233,1785,1579,772,1354
212,190,1489,1800,1804,142,1708,1392,1380,1477,1526,1501,1532,625,1665,1048
1638,1805,1834,1592,1743,1689,788,1632,1839,1591,1585,1952,1715,1718,269,1563
1694,1930,1627,1505,210,1753,1638,289,1740,1839,209,1734,1035,60,1824,1818
1556,1637,1902,1804,1619,1560,1843,859,390,113,311,84,1437,1743,1866,1741
1645,1892,523,1597,154,1669,1595,657,1340,1149,234,1816,1096,1580,1569,235
1772,1546,257,1518,1640,1751,84,1820,1254,1493,1737,328,28,96,1370,246
321,1825,1906,989,1610,180,1857,1795,1950,86,1590,1508,76,1273,1565,319
1524,1751,1583,608,1531,1780,1498,294,1644,1606,1819,1605,100,1778,1961,1784
1479,1441,1644,1563,1729,1848,796,237,76,1552,1938,1672,1728,1746,1225,329
1518,1535,1652,119,1308,1822,281,1512,1670,16,1878,1568,1539,194,1862,1552
1663,1691,1638,1893,1640,1763,1667,271,109,261,1378,119,1719,146,1626,1717
1573,1771,1483,1666,618,1710,1759,1910,1719,141,1823,1681,1551,1687,1636,1697
1576,986,1564,1552,246,1764,1722,84,79,1560,1977,81,1736,1668,687,1959
32,1824,198,391,1945,1557,1274,1283,282,1650,277,204,495,1742,1912,1663
174,415,1602,223,1131,1090,1763,247,1478,288,1775,1553,1850,825,1711,1528
276,1483,1616,281,1767,1417,1679,1676,1379,1911,303,1668,162,641,177,1803
137,1490,530,1099,178,1631,231,1789,206,1586,126,121,322,1735,383,295
1615,1747,1723,309,1741,1819,1537,1600,1061,1591,609,1590,876,1846,792,1786
1767,1912,1536,1956,1677,1639,1913,618,172,65,187,1839,1395,1791,1910,1815
1504,1558,707,1675,1799,1906,1810,1567,1797,1573,284,1019,1668,1905,1972,1893
1771,243,1855,1673,1541,1840,1537,151,1299,300,667,192,1724,171,269,1867
1681,85,1959,1712,1587,1731,1095,131,1783,1532,1669,1671,1603,706,1841,1371
237,154,1576,1180,1535,221,1705,1517,1559,1739,1683,1722,1726,612,1685,1483
1692,233,1622,1597,1534,1346,192,1498,1651,123,313,1588,245,157,1214,1633
122,1825,1754,671,1834,1686,1594,1747,94,1506,279,134,1531,251,1054,212
1742,587,202,1724,1565,456,1556,1519,1627,270,1846,322,1754,1378,1804,1616
760,263,705,48,1736,89,101,1680,1745,1037,1527,1912,1836,646,1623,281
1642,1054,449,768,1637,1580,1792,893,475,274,17,1846,92,1385,1756,1777
1619,1484,1498,1521,286,1588,1706,1636,225,129,1800,1846,1733,1725,1502,1354
542,1533,1905,1517,166,1767,294,1982,1506,1518,941,1555,786,135,1545,311
1818,808,1683,1489,1114,560,1637,1798,78,1841,201,1959,1522,658,1633,1598
339,235,1679,1569,1526,1651,193,1586,1028,1769,1827,1705,174,831,190,1757
1588,93,103,1491,486,701,1070,74,260,1685,1536,1942,299,1523,795,681
1833,1651,1664,459,1495,1805,297,282,1789,1846,1818,1757,1880,1633,1184,206
1682,299,1696,1019,1477,258,1395,1333,1713,1779,1417,1896,1939,1517,1977,1647
296,1681,1596,834,1760,85,1545,1831,1576,1517,157,1593,43,1614,265,1654
1628,1833,1659,1516,1571,1562,1801,233,1643,1663,1580,1675,1503,206,1591,782
1857,302,1679,228,1587,1533,1969,1837,1727,1653,1635,140,1591,728,1092,198
235,1655,309,1716,163,1610,1538,28,1496,1723,1595,819,111,1661,1506,1764
1538,740,1354,1685,80,1831,853,399,1805,274,1732,1227,1835,1567,1374,111
1686,125,1783,1545,1603,546,1797,1845,1212,200,1779,1838,280,224,1626,1841
1652,218,1087,447,1776,1549,214,1746,1925,77,178,872,1702,1623,205,190
1746,1646,1814,589,181,1733,1672,526,1566,1687,1834,1601,1512,50,1579,217
1661,1578,227,1546,121,115,1834,1714,1715,324,1943,1852,1738,124,183,1558
1799,295,518,1606,55,1573,1616,1538,1737,1718,1846,929,1189,1830,256,1617
1939,1533,1562,292,1724,1705,1907,1070,1674,1819,250,1905,1476,1842,1259,1223
286,549,1365,229,95,1708,276,805,1852,1622,703,16,1256,1535,1541,1703
1669,1854,1188,1373,321,1733,154,1742,325,240,1660,670,1786,1653,1697,278
1661,1949,1561,56,1626,1668,1913,1385,1776,1327,1801,784,658,1715,1222,284
1548,1690,253,1783,890,1503,1558,1678,1623,1162,300,120,360,1797,1590,1526
1705,1684,1682,1810,663,1769,162,1856,1718,168,1711,1177,1909,1913,1637,1702
1615,253,1950,322,1732,1910,702,1512,1859,1782,1673,248,1551,1697,596,1483
125,1792,194,699,1950,1628,1604,1547,1901,1753,295,1961,1379,684,1610,112
1776,1576,1291,1718,1638,1828,1540,1979,1988,176,231,1966,1559,75,1523,1481
1611,144,1634,1522,1518,208,176,1485,649,1605,1349,204,781,1145,1799,1376
1662,1850,1649,295,81,1645,283,794,1826,1491,1563,1527,1560,312,1954,1083
1649,1622,1058,1536,70,1710,1856,1514,1599,157,1627,1501,1552,1973,322,1779
1584,141,162,934,1775,317,211,1534,1857,1532,1071,1947,434,1720,1549,1697
1723,1519,132,1479,1643,1523,1535,1677,383,1641,1856,1072,1467,173,115,825
1739,1049,790,1727,1845,1725,1668,109,169,1809,1104,1589,1818,1753,1486,1656
1612,1798,1489,326,1970,209,1708,748,1892,251,1778,1711,28,1602,1824,1580
623,202,1494,1632,1775,1528,189,1949,799,1673,1613,1396,1560,1160,250,1402
1813,1641,1741,666,41,1978,1909,1988,1540,1897,268,1585,1271,1809,1582,582
103,1891,1737,1682,1540,1629,1611,1773,546,1586,1106,1808,1979,134,1479,1619
1646,1844,1564,1758,1334,1587,986,107,93,104,142,283,1769,1945,1722,1500
494,1943,1538,292,1705,147,1759,1720,202,1699,1946,1826,1839,1815,184,1536
1633,48,1736,1954,1738,1671,1549,238,1257,1620,1653,229,78,1552,534,802
1566,1498,983,824,1864,1276,1711,1481,1625,1505,1497,1340,486,1525,1870,228
444,1553,1612,1797,1478,1396,266,585,1540,1685,1518,1718,1547,133,1849,1530
1854,1332,1624,1913,1643,574,1322,1609,315,1659,1661,1580,59,1501,1855,1924
717,1577,1778,1701,1821,167,1486,317,1650,1805,429,1587,1262,1981,1824,1525
130,611,1153,1612,28,1709,1691,1801,165,1468,1828,1632,758,1777,1713,135
1489,1832,1570,1720,141,1751,217,288,1500,1757,969,1018,1909,1798,547,1791
1190,1782,1908,179,1525,1134,1720,679,1699,1325,1561,1618,1972,615,141,1527
1600,1668,1591,1922,190,1495,1804,1496,1602,1822,1594,1690,1827,1836,263,1571
1777,1813,411,393,1376,384,1704,1850,1681,469,1639,1571,1752,295,1593,1568
67,1842,1667,1748,1831,1508,374,1590,279,1543,21,1467,1656,1825,1700,1752
154,215,897,1693,518,1787,1391,218,1112,1540,1820,1725,1623,83,1587,1656
1638,1657,1517,1601,117,1579,1571,1228,1813,1770,1650,887,1847,282,1617,1699
230,1721,1711,299,1482,495,1837,1737,1743,1610,598,1569,302,92,1621,1624
48,1557,1696,1238,1364,1775,942,1857,281,241,1783,1385,1826,1834,1639,1831
1744,141,1597,1648,1079,1847,1596,1844,1771,1573,1956,274,1510,1128,1480,162
1389,1645,445,235,1792,1387,1781,1699,1708,942,1693,1573,1500,1379,259,1973
1508,1515,1734,1711,1779,1939,120,1641,1536,982,131,1474,152,177,1790,1913
1517,1799,1680,555,231,787,1533,1584,553,1114,1586,155,689,1955,1728,147
1396,1718,1803,1571,1695,1708,160,871,781,1553,1763,1390,1177,1637,1835,1938
1738,165,1723,1756,1659,312,1841,303,1686,1842,1761,1824,1590,1955,1581,1566
1954,530,1689,141,1529,80,1481,1912,1798,1535,1597,1571,1534,246,932,1780
1517,1488,794,228,1897,1046,158,1848,249,1740,1537,1844,1645,1792,1625,1348
290,1617,1845,549,1855,1701,605,1632,282,322,1683,1580,44,292,215,597
1540,1718,1549,1615,1638,1595,1588,1476,1677,1700,1740,1766,1486,94,317,1661
1482,571,1560,1858,1786,1772,1611,135,1618,472,337,1534,493,133,1604,1596
1928,1844,1097,1668,1826,1807,465,72,1578,147,1828,872,1667,1633,300,836
113,1817,1820,43,790,1768,115,1794,1527,261,142,518,1369,1494,329,580
1327,813,924,1519,1785,1588,1794,121,150,1648,1839,176,1116,1712,108,1733
98,125,1193,184,1609,1739,1482,1837,232,249,1367,159,173,189,1793,1516
1824,1808,1803,126,1607,1545,1684,1591,1784,177,164,203,1542,1767,1794,1632
1798,1748,133,159,250,1670,1389,1612,1068,198,1531,228,1730,1805,1989,398
1824,133,255,1373,98,932,1506,312,1686,136,604,1540,1542,1503,1356,329
1078,1356,1614,1812,1000,1531,1621,1523,493,1899,1269,1565,122,1855,1314,1823
1910,916,497,1507,1791,1742,1844,1614,1705,1674,39,1717,1622,1547,1830,1892
307,1574,1908,287,130,1596,1711,1756,527,171,1612,159,1525,1521,1847,1671
76,1969,1714,270,1712,1538,1673,1753,1775,175,278,1351,1779,1907,209,115
1614,132,1757,1780,1577,1856,93,285,1641,1535,1498,315,664,1531,75,1373
1972,1576,932,1571,1597,1497,1647,745,1895,25,1813,141,1391,1604,1735,1352
1809,241,626,1396,1482,1222,303,233,1499,207,1002,289,1847,1311,1593,1603
1748,283,1098,1504,1771,1556,103,824,1720,87,1592,1447,1595,497,208,1634
1640,1841,1746,1550,1603,875,1855,806,1646,853,306,1319,1252,1599,1569,1776
707,1727,1551,1542,686,148,280,1803,1747,999,1255,1634,1534,1311,1742,1586
1855,1761,932,1910,1781,1273,218,1688,798,1705,1070,788,525,143,1675,570
1735,160,1823,1614,727,1698,120,1492,1495,1717,1638,1952,1752,217,1115,1482
1386,1670,1581,1835,1761,544,1788,1933,788,1549,1520,327,632,1793,1729,1695
893,1832,1615,993,911,1743,274,1915,701,1482,1017,1632,1392,857,1718,1483
1566,1543,1712,274,1807,1570,1909,705,1856,249,1721,1839,1768,1218,1488,202
773,1733,1655,301,1489,1691,1525,1519,631,1477,1552,1598,1759,941,513,1722
1720,340,1850,1518,1062,1635,1515,1548,235,527,1486,1731,1601,177,1501,1714
401,1809,1499,248,1803,175,1674,1635,1636,158,155,1841,1721,1830,1127,1905
1536,231,266,311,125,1601,1908,308,1779,1557,1800,1761,1849,1893,1808,1523
1491,1481,1620,1850,1166,226,1723,59,1542,1630,1375,1544,621,1827,1911,93
1788,1307,1735,505,298,151,1677,1855,1690,1615,243,1375,1642,1711,355,1582
1674,24,97,176,1673,280,130,1306,1913,105,1963,1741,1860,1895,1851,791
1793,1504,1955,484,1794,1493,258,297,782,1590,1735,170,1635,1668,1542,89
1538,1634,817,1769,1907,1363,1843,1785,1563,1703,986,307,1741,1770,783,1407
1586,1507,1750,1475,1767,1566,1530,1224,1791,1763,1749,252,1410,1746,108,1583
1597,1392,1755,699,39,1628,1321,99,1532,1499,1751,1090,206,1837,1802,153
1816,1580,1023,1762,1652,1642,1821,1231,244,309,1930,184,1588,319,1735,1774
1814,699,1503,1682,1120,257,119,164,1790,129,1703,1383,210,1373,1678,1500
1837,1354,1823,1865,183,1808,176,1211,596,1605,1579,199,1700,1336,1912,1686
215,1803,1383,196,683,1488,1796,1404,1386,1503,1684,159,28,1639,244,1788
187,1777,1788,1829,1510,295,1488,1598,903,1722,996,1796,133,1785,1315,1754
1869,807,1824,1482,1200,527,210,1499,451,1182,1525,1848,1527,783,1974,1789
1298,1609,1600,1521,184,1589,207,216,1875,1599,1669,183,1635,1605,1392,1770
1705,1522,1804,81,209,1482,1974,1654,1811,1641,248,1590,1829,1731,1586,1778
255,1684,1961,1483,1557,1676,1720,245,1641,1494,1703,207,1237,1811,1768,321
1478,183,1607,1726,1529,195,1114,1569,1721,1641,1328,1308,302,1493,1906,1163
1659,1880,52,1623,1713,1490,1807,1082,1702,1625,1786,107,1617,1853,1811,1599
1371,166,18,1721,1380,1544,1492,115,1539,1562,1525,1596,1802,587,1698,94
1745,1578,7,1743,698,1339,1620,1736,1844,1481,1807,818,1831,231,1514,1483
1190,1835,1514,846,1499,1552,665,1396,121,187,310,159,204,1535,1979,271
105,1824,1801,1730,1682,197,346,1689,1848,945,1810,1526,223,1845,493,1520
258,93,1505,1717,41,1667,142,1703,792,1758,1527,1318,1170,252,1819,1500
606,1686,1812,1095,1547,1391,1513,1766,1493,981,177,1976,1905,324,1624,1073
1568,1956,1231,1677,1611,28,1605,1631,1621,1911,1792,1526,1622,44,106,1562
1856,844,1538,154,1572,142,1667,157,1789,39,1739,1577,1837,1817,1638,1281
254,1558,318,1691,1113,225,1580,1224,1674,1631,367,1481,274,1696,1569,1967
282,1850,1723,1762,292,798,1567,1735,1497,236,1476,295,1564,793,1703,1609
114,1593,1767,1816,1963,1518,145,1702,1632,1804,1091,310,1567,1558,1851,1712
1777,1636,1538,132,1762,1511,757,1854,1722,1726,1787,1734,1007,104,1702,226
1818,234,1485,1937,1618,1762,1954,1505,119,1837,1626,1676,1384,272,281,1063
1030,1497,1666,1881,1537,1548,1338,1780,1804,122,120,1261,692,1744,1631,1788
1511,391,235,936,1572,1695,73,1971,119,81,1395,1811,650,246,1509,945
1566,1656,1548,276,1374,399,223,149,1659,1007,1598,1613,993,272,1495,1907
1734,433,279,1909,1716,1961,1598,1628,1581,1103,738,286,185,1023,1842,1686
1850,9,241,1639,259,1906,153,1533,159,1191,1505,1765,1269,1361,1522,1672
283,1515,1469,1486,1825,1552,1662,1948,1585,1645,1908,1784,624,1539,1571,83
220,1479,1515,223,189,1254,1803,1691,1244,1565,1692,296,1608,326,1073,497
293,1753,323,1143,1979,154,314,1705,1728,1770,943,1848,1702,1110,1074,806
1800,1596,1706,1789,1536,101,1664,1585,1392,787,1975,1696,1805,1835,245,651
117,244,1598,1791,305,1561,824,1644,1716,1371,1652,1676,142,98,1505,1668
106,1780,1559,1665,1841,227,162,301,46,1537,1694,131,1480,1770,1654,1671
1771,1534,297,720,1733,1802,1650,1843,1694,874,1810,1764,102,798,1585,174
1775,847,1720,478,1677,1837,1513,1587,1847,1127,251,207,1530,121,1622,1614
1020,1695,1703,1731,1661,194,1600,1513,233,1550,137,1391,204,44,720,550
1655,241,234,287,1625,408,1525,1174,945,1911,150,1384,144,117,1520,694
136,1748,748,1687,689,1385,1475,1941,1691,754,1581,1615,1601,149,1711,1545
1849,1689,1729,1975,1367,294,154,205,101,1659,1669,1598,58,1898,1605,210
1828,1734,1683,1847,186,1686,1620,1737,160,1834,155,1478,1618,274,1082,1592
1720,1557,1481,1758,1522,232,1762,1681,1632,1704,287,1092,1516,254,508,1714
247,1761,1756,730,1571,1550,238,1755,1154,1650,199,1526,1674,1912,237,793
1570,1572,286,1856,1559,310,1847,1586,237,1000,1638,1618,416,1959,209,1612
1639,189,91,1000,1761,1762,1716,1454,297,260,332,1705,1480,1679,1571,1685
51,1491,1773,1071,1603,330,1833,85,1319,1641,1844,1747,1657,1154,78,99
147,1743,1812,1589,1665,1611,1751,1000,1638,1662,1025,1726,165,319,962,205
1617,1841,1659,1318,1606,1787,1796,1583,1679,273,1978,1492,720,1843,1752,1483
1658,1857,956,294,1725,1730,155,1819,855,1907,1478,1803,140,271,170,648
300,298,180,1625,321,203,154,1192,1788,1190,158,263,1080,1650,1907,1794
1643,280,1704,254,1856,1741,631,1597,1819,1844,1743,1723,258,1642,1606,196
1968,1645,1820,315,1585,1883,1768,230,1727,1722,211,806,1826,1758,1542,944
1387,1791,1589,1781,1776,640,1767,1834,795,1216,1868,1698,1191,1674,1572,1840
649,1005,1826,1843,1795,1500,1532,303,194,1725,209,671,1572,1972,80,1738
1628,1750,1671,1500,1547,1607,187,1661,1805,1594,1877,1048,1707,1765,119,653
1808,1602,300,1688,1376,1975,1051,1332,1730,1588,442,1805,1513,1696,28,304
1843,1199,1656,849,1532,293,1625,1691,1795,86,1488,1479,1751,1684,1214,1856
1729,1734,1825,1175,1517,1701,608,254,1608,1615,1759,1848,1552,1830,385,1559
126,175,1615,262,1611,288,1930,1908,304,1650,1705,1802,632,150,1813,1801
1299,1639,188,235,298,762,1510,1376,1819,1561,1826,271,1613,1847,212,1690
269,1675,1768,1354,1720,1507,988,82,1849,1801,902,1907,1658,1737,1795,1832
1827,1079,264,259,173,316,311,1710,1829,310,1659,1678,634,1268,1834,1949
1565,1685,1475,1590,1841,786,174,1599,1070,104,1570,100,767,275,1902,131
1485,74,1168,1616,1389,1588,1684,1778,1831,422,1484,1638,1832,1555,1521,1132
1683,1847,320,1081,987,1611,299,1554,456,1745,140,285,1268,1532,1563,1476
1419,1481,1770,1553,180,1377,1627,1974,1674,1520,1913,1657,58,1636,1773,1836
350,1831,944,486,188,1778,1171,83,208,1481,1677,1233,273,1548,1643,1761
1703,1231,241,1685,1773,784,371,1743,1776,1670,1646,1705,1780,1699,1757,1848
1936,1750,1542,1774,1741,1188,1554,1662,1500,342,1072,1136,1793,1513,1783,1960
1942,1850,1792,1493,255,650,129,1804,1682,1598,781,1545,881,173,1597,1717
1323,165,1648,1013,201,1495,1503,1776,1587,190,1725,1774,932,1786,1817,1554
1495,100,1818,1677,1828,1795,197,1618,1069,1600,240,1496,1623,1803,1506,161
