1277,1703,1541,296,1729,1863,1547,1805,163,1543,1765,1692,201,1546,1800,1558,96,1768,1441,1616
1760,1849,1528,1487,1778,1818,1687,1754,1228,1922,824,1660,1784,119,1825,105,1781,1588,149,55
1848,1396,1739,1704,1519,1142,1964,1909,1725,959,83,1795,1691,100,1723,319,1572,1539,344,1479
913,1727,1821,1575,623,312,1852,1786,59,1577,556,198,92,1808,1522,1487,176,1732,1748,1749
113,1642,781,1937,1608,1059,431,1834,1794,320,1662,1607,95,1562,1835,1824,1350,1570,1696,312
823,780,1829,1788,288,1478,1631,1566,1780,159,1822,1768,458,174,1622,1640,715,1774,1760,1560
131,1678,1793,1808,374,1560,192,1843,1638,1368,208,311,1295,1732,93,1700,183,850,1353,969
1539,1555,1312,576,1608,889,1529,326,762,1515,1714,1913,1345,1414,1676,989,1897,1686,1660,595
1672,1535,1907,1666,1534,1564,1749,1847,1620,1043,1632,1844,1795,303,1088,281,259,1852,1677,1591
1556,1796,1583,103,1804,227,904,195,1262,68,1823,1475,58,1834,1635,1906,539,1741,1792,1694
784,219,1137,306,1734,1981,1645,1700,151,1704,671,1824,482,278,989,1685,1616,1806,1664,252
636,267,1585,282,1715,1860,1769,1734,1719,1595,1614,211,1706,1395,165,112,902,1477,1892,124
154,1502,1948,892,1698,1905,1793,1658,987,1761,1672,1953,1817,1562,290,1800,625,298,1550,1984
172,308,179,1489,431,263,227,1955,1121,135,1601,1687,1824,1676,1721,1526,1617,1959,93,1757
1839,1708,576,1893,1835,1707,1715,1381,1605,113,1762,1845,1606,322,239,1228,1761,1742,1623,133
698,1905,159,928,1240,111,1097,1674,1781,1830,1325,196,1835,1598,562,1757,1320,1745,1844,1341
1770,1380,1247,1797,1822,137,1664,1705,1480,1198,698,1817,1386,1855,1710,304,1947,1737,1845,283
1521,1555,1372,1731,1743,1976,1022,944,1493,1687,335,149,1806,1218,1845,62,1909,722,1236,1461
1365,116,1507,1482,586,469,1804,1549,285,1827,1639,1831,831,1773,236,314,717,1662,1842,1726
1769,1735,86,1375,1727,300,1634,633,1848,1623,1589,1693,1928,1655,1641,739,1760,895,1684,1613
1532,1396,1796,1669,248,1840,618,1523,42,1548,1699,1600,1504,1704,1632,1975,205,1521,88,1543
1746,1655,999,451,1642,302,1512,1706,1515,1729,483,854,1806,1365,287,279,613,1658,1679,1637
476,1579,647,1908,1564,792,1618,1581,1757,1570,1636,1604,1330,1971,1524,180,205,186,1622,1617
1502,1075,307,1537,1523,1563,1838,242,1483,1138,1201,312,729,1419,433,1763,1958,1551,45,1369
1645,183,1678,115,1968,1586,1781,260,1950,933,1805,1756,1519,1686,1906,1370,1724,1955,1549,1689
1503,1045,1630,1836,214,1355,1709,1581,894,539,1447,290,202,805,1757,1565,264,1813,1572,1504
361,259,90,1506,1545,1616,1575,1481,857,56,1966,67,219,1604,203,1372,1908,1796,856,1677
1610,692,1488,87,108,1833,1576,1780,1856,1409,1572,1620,1598,118,1317,1913,988,408,1829,32
1657,206,967,1756,1686,1609,135,1477,640,1509,1262,1674,1908,1524,1807,518,1520,1494,178,251
1514,1413,1701,1394,1559,63,515,1523,1193,1706,1566,1838,1894,62,214,294,1764,1641,1484,1534
446,1527,233,1546,151,1901,1510,1584,1963,939,1651,1716,218,169,1502,1573,1775,84,152,1636
1542,1526,155,1574,1697,179,78,1612,1639,103,1710,1545,1794,1503,1687,1809,400,1641,1827,1869
1696,892,1774,1973,1860,649,218,1693,1357,1222,1952,1947,1388,214,1819,1850,1438,1684,1491,1628
1831,1390,1808,205,1837,923,1691,1598,1720,1644,1560,1792,1646,1716,1620,1518,1908,895,241,992
1857,1732,1508,1484,1602,1829,1812,1692,1817,1604,1533,1573,1818,120,932,1523,1856,1643,1756,1541
1252,1491,313,126,1713,1393,1675,114,1841,934,24,1543,1756,144,180,157,1700,1622,1581,1833
1715,1808,1854,288,1579,1640,1857,1478,143,1537,101,1942,860,1545,317,1672,1702,1908,1567,1163
1525,1568,1078,1072,1552,1303,1587,1802,1575,1790,1579,1468,1594,1728,1797,882,218,1643,1583,1488
1802,1778,1905,328,1190,1793,813,1708,1556,1480,1757,665,1719,1662,209,1583,1965,1488,75,1857
1642,1707,269,1484,761,1755,1905,1627,1884,701,86,216,704,1975,1954,1663,1626,794,1857,102
1791,1699,1268,686,689,1839,711,1052,244,195,1790,1772,1769,1740,122,1524,1805,207,718,1546
274,1599,1645,1170,1774,1909,1813,1677,1797,1779,1311,1650,1204,1718,1493,1777,1558,1542,1016,1396
1795,1747,134,902,626,1769,1850,1575,1755,1581,127,301,822,1832,1735,1502,1683,1960,1944,1854
1790,1680,1315,1610,1490,782,1830,1541,1665,1545,1845,1912,103,869,1744,665,1521,1500,1959,1622
169,1811,1819,1798,1546,1799,90,1576,1625,1856,1478,102,1639,1737,1800,1695,1770,1716,788,1664
489,1729,327,483,1765,117,1831,326,1956,1686,140,1579,1815,210,1490,1575,1552,259,1488,439
167,1545,1669,191,1602,1036,1608,1583,637,185,691,1604,1683,1586,1499,1903,1722,1571,1672,816
1817,274,303,126,1961,1776,1973,798,1808,1114,1798,1511,1033,124,1642,1762,1311,849,1598,1621
1707,1582,619,1845,1836,1920,1823,429,1584,1504,1701,70,1328,303,775,1596,544,1367,1297,1608
1488,1558,1783,321,1734,1503,1822,1695,1850,1845,1779,1707,110,1578,1625,1682,1513,498,1829,1214
239,1576,68,1749,1789,1488,503,1637,1954,1831,1552,1788,1533,696,591,705,281,1806,1641,1658
1841,1535,1632,1698,1365,1583,1564,1625,146,1905,1641,226,224,1803,325,1766,1620,664,1745,1514
1738,1760,321,1309,175,1075,200,707,1581,1711,1833,1784,1855,1624,1765,1843,1792,1235,1490,1851
301,1678,1069,1834,792,138,1373,1673,1564,1802,1836,1743,1513,1831,1806,200,253,1796,1894,1692
111,1831,1725,1783,1539,1790,1840,1092,1502,126,1730,1804,1973,1613,1534,988,1681,1841,1591,310
1795,1673,1787,1784,1798,321,29,576,1176,238,1633,813,129,1804,1539,1644,1790,1770,512,1749
1520,1388,1854,1576,1113,1679,1849,1968,734,1882,733,1907,1898,1845,1633,1749,1227,1101,1786,1651
1555,1529,1545,251,1538,162,1819,641,1778,717,1633,1062,1582,1623,1537,608,231,1550,868,1795
96,1600,1579,488,1826,267,1567,1828,1645,1639,129,631,1505,84,1234,218,511,1527,1647,1809
1768,1584,1478,1762,249,1147,1221,626,1152,1535,1379,241,1964,180,1231,1778,1490,1497,92,1567
247,163,1648,1577,1818,1581,1760,1692,1493,1499,1802,969,1494,1776,939,109,1664,1589,1545,539
1983,586,1390,514,1547,112,1457,737,1541,1484,1822,1298,1847,1754,1648,1665,119,224,1162,1781
1755,1240,1658,229,292,1907,1804,1584,704,295,1687,1518,1487,1715,1851,1833,1775,77,1553,1696
1520,1578,1707,568,1941,1815,588,1695,198,1984,1386,105,365,1321,1850,31,1966,225,106,1957
1632,1475,1971,3,1822,1791,864,1635,1712,1543,1972,119,1676,984,812,180,1897,1033,1801,209
1572,1495,169,148,1655,1741,1478,372,1476,1657,1798,1952,1731,616,317,1552,810,1760,279,1659
850,1236,1381,1783,1817,1784,1798,295,1743,1355,1634,271,1533,605,1502,1825,1774,1563,1608,1496
1780,717,1671,192,1528,1613,1560,1552,1576,1490,1639,1768,1476,1382,1488,198,323,1234,269,874
1656,1654,753,1031,123,1873,1826,1685,1791,1833,1952,1822,1783,298,179,1218,1779,1693,1501,267
1794,1235,1071,948,1720,1705,262,1551,1913,1575,1833,1743,1673,1488,1824,1653,38,1636,996,1683
273,278,1380,122,207,1667,1613,1655,300,283,329,1753,1785,1656,298,1538,475,1906,1651,1988
1514,1476,1584,1744,1838,1743,308,1711,1053,134,700,1503,131,1499,1934,1774,1829,198,1589,207
1742,1715,1488,232,1593,1775,1768,1858,251,1483,681,1727,1907,274,1836,266,129,220,1644,320
1851,1833,1559,688,1173,1811,1640,1693,1711,897,1659,1299,1611,1810,26,279,1573,1846,1392,1543
242,1618,89,1095,1816,238,1477,1553,82,1498,1733,1543,542,225,1691,1824,209,1544,1496,1795
178,1810,1574,1529,268,1687,1823,1543,1805,1551,1738,1742,1989,1784,1643,1638,1694,1710,1776,80
105,1796,436,208,1769,1755,1602,1844,144,1910,216,220,469,1539,699,1818,141,701,218,1684
1546,1476,797,1562,1526,1918,273,1809,1679,1905,1672,1024,1550,1774,211,1912,1797,1733,1739,687
1376,1591,1664,1819,1774,580,932,204,678,1658,119,1657,1601,1855,129,442,1809,1792,848,1949
1506,1526,1640,261,1046,298,182,1651,277,1672,1835,1594,1905,121,1586,1570,1480,1178,147,1381
1636,298,1601,1602,282,1390,891,1490,1773,1825,910,868,1549,271,560,1574,610,1855,224,1695
1134,1686,1391,218,648,92,1847,1760,1155,1681,1620,277,1090,1533,1361,167,28,1719,1738,1816
1741,192,1483,197,1949,1702,1758,1591,1144,991,1754,196,450,199,1571,1036,1301,76,1521,1610
1646,138,1686,1763,195,100,197,1905,542,1635,1621,280,1197,1393,1672,1871,196,1703,1332,114
1403,1479,102,1541,1007,1908,1581,619,966,1816,615,1847,1478,1764,1683,235,988,255,1812,1723
1502,1512,1801,1764,1390,1698,1976,272,1836,1654,1911,96,1843,1678,1640,221,1857,1765,13,1332
1823,1287,1680,1988,1724,191,1795,1977,1499,316,1822,1764,1780,1528,1533,252,1475,1626,132,171
1111,1912,1515,1612,1688,852,1782,1365,1776,1483,843,503,1487,154,1180,1548,232,1378,1839,1593
1764,333,1019,1477,1643,1852,115,1490,1765,211,1095,1751,73,1524,1589,1818,1563,1373,1778,1607
1478,1908,1502,1722,1692,1561,674,1646,1522,228,1703,1764,1717,1531,1552,1724,526,1648,87,1535
1615,812,1695,1630,1642,1610,1692,255,1718,309,1741,1747,268,264,259,1957,301,1799,982,1069
78,1607,1815,106,1517,1525,1845,1391,1530,1051,122,806,1528,1491,846,1686,101,1191,1554,1759
1720,1554,1444,1834,1640,1700,1818,337,1679,1316,1642,1530,1742,1708,1115,1791,913,1624,1544,974
1488,311,171,1550,310,1631,1498,1731,1396,328,177,1714,1300,197,402,1674,1720,1189,1740,167
1764,1908,1608,180,1524,1163,228,100,1550,1641,1941,1564,1616,1634,1555,263,1628,1493,696,1092
1535,1579,1911,1626,1577,1835,1372,1615,1603,140,117,1570,1934,1587,1590,1777,1224,165,429,1677
1765,969,1476,1703,1718,297,1693,247,123,1742,1832,1663,1808,1551,1533,1538,199,1593,1492,1857
1713,1783,328,1797,139,1798,1546,1751,1070,1585,1601,1490,204,1782,1508,135,171,1584,1808,1750
1649,1798,1682,1585,1791,1813,1652,320,1643,1546,295,1816,1596,239,1709,1557,472,1622,314,201
1517,1712,1576,1688,1701,1319,1539,1669,1738,813,1817,717,1538,156,1381,1846,168,1682,186,1581
1715,1038,1803,1491,1718,1659,872,1640,168,1789,1626,1526,268,1551,1370,1704,1787,1544,1333,1573
279,704,1800,106,1118,542,1710,1913,707,701,1907,1765,1605,242,98,1842,1559,1846,1747,1644
1490,207,1944,1774,624,1725,1523,1757,1881,210,1696,1801,158,1763,1754,1487,1813,473,1559,1947
308,676,1514,170,464,1252,1752,1485,1693,1807,1505,414,192,1586,1544,1519,1379,91,1598,1509
1524,760,1598,1079,270,317,153,1638,1969,1560,1506,1617,1013,1477,1535,680,131,562,1540,1907
1551,1590,1578,999,1743,1149,1712,546,1802,1072,1718,1567,205,1695,1719,1558,1713,1790,1480,1610
1770,1482,1769,1699,1540,1806,87,1823,1012,1824,1775,1894,1754,291,205,1501,1582,1368,1825,1906
1320,1714,701,1572,306,1643,1701,190,111,1735,1070,201,497,1674,1501,1817,1696,1754,899,141
1792,1745,289,1889,1821,852,1643,1553,1507,1746,1641,666,1649,1498,291,132,1515,1700,1535,1564
310,657,263,1548,1671,1776,1192,26,1728,1516,276,1943,1899,199,1551,1589,1556,1689,623,1521
1789,1958,880,582,1826,1798,174,1805,1839,1788,1794,1674,1596,1500,205,1614,1641,1643,1043,973
88,1569,1759,391,1669,1843,1500,87,1563,1718,113,438,1903,1844,1829,1711,1028,1530,1605,1504
717,1811,1536,787,171,1837,1776,309,1707,1580,286,874,1595,1819,1839,321,1527,1606,328,207
1759,1555,1492,1758,1583,796,1723,260,816,1640,688,120,1782,1745,537,1941,15,87,1552,700
257,1477,1741,1162,1653,258,1910,196,1782,1826,1784,1686,658,1410,1370,1766,1485,1799,181,1508
1579,1970,1309,1550,204,227,205,1483,1698,771,870,235,143,241,1816,1535,1510,1525,197,1571
1543,1581,269,317,1721,1720,1728,1576,207,1663,146,96,136,127,1825,795,144,234,659,1715
744,1911,1820,1577,844,1627,1539,133,1790,1144,1628,1960,1553,1608,1504,275,1520,1565,1593,211
1938,1332,1617,1481,1602,1205,1625,1906,1648,1701,1950,1798,1489,1678,835,1513,1512,1669,1578,1886
1578,1845,1852,1824,1521,305,386,247,699,1762,1629,1504,73,1293,1770,1509,589,1482,1937,1802
1752,1837,285,1535,1775,1541,1489,1503,1725,85,1949,390,1819,1852,1645,321,1637,1741,320,99
969,1476,248,1724,284,1850,1843,197,1841,241,1867,1778,115,255,1947,1056,1802,1750,1086,1780
97,1525,1688,179,1796,198,454,1662,531,705,1718,1480,187,95,1495,266,282,1716,1748,1479
1939,406,291,1796,79,1506,1772,1835,279,1709,346,1659,1561,1920,1602,1734,1559,185,1828,312
942,1584,1523,642,787,1847,321,1849,1503,1775,1733,1525,597,1483,203,1983,1602,1674,1692,1270
1695,1726,1837,1842,1506,561,304,784,1448,1941,1968,160,1339,702,1753,543,272,902,1562,1615
157,1476,1518,1536,1492,1530,1153,1620,1543,306,99,1661,170,37,1266,1771,1494,278,1682,1624
1723,1802,416,1918,1762,1700,317,1830,1209,1111,600,257,752,1637,1571,1709,1759,1115,1838,223
1475,131,1656,1599,1573,1963,1756,1910,1432,106,1120,274,1065,1738,1705,1277,1395,1386,1507,1759
1467,1481,1477,1788,1825,1525,1370,1738,1218,1857,883,1548,1774,1839,1678,1641,1573,1794,1802,25
1517,1702,1162,1706,974,523,312,1718,1852,1911,186,95,1180,1568,1836,1767,1581,1582,1365,304
487,1629,1829,1813,1491,1613,92,129,1781,1330,684,1740,1803,1700,329,1115,1851,990,1607,1640
613,1639,1391,1675,104,1777,251,1950,232,1117,1040,1162,24,1478,193,864,58,1116,1783,1508
1673,155,972,1905,1417,1513,219,985,446,1907,179,1596,1727,1835,323,924,307,1647,1846,1780
26,1490,1560,505,1823,1819,1817,604,1795,110,1694,150,1526,1758,1229,1571,1842,1820,980,1653
327,1486,76,263,1797,1829,739,1681,1558,1795,1837,1821,1574,276,1708,1742,216,1840,511,1622
1809,1059,135,1789,1728,1519,255,1729,1671,1751,1514,194,202,1972,1545,533,1833,1475,1827,241
224,848,1730,1639,1839,86,1820,1039,1698,246,1756,1274,1771,217,24,1731,1614,1631,1673,1816
119,1683,1613,393,242,1570,219,25,420,1834,404,1846,1733,1592,1688,188,1848,216,1701,122
270,1592,1569,1654,888,1698,1747,1954,1493,1580,1789,575,1690,1809,139,345,62,1586,1815,1603
229,4,564,1556,1583,1846,1618,1794,1644,1066,1388,198,1847,1968,1731,1840,1636,1713,1651,1823
1832,1296,234,1556,1046,1558,1785,190,1559,884,1698,466,305,225,1501,1396,1664,269,1761,1905
1922,1823,999,209,1617,1634,1811,1673,1492,1729,1378,1907,1630,1910,1843,649,307,1524,774,1769
1490,1662,1720,1559,1663,1745,1897,1843,345,1743,1523,301,1484,160,1595,1851,1509,576,1606,1741
1583,1511,40,1508,1781,1731,315,1083,1471,1892,1622,1268,1831,1797,1483,94,1779,1526,1906,1763
1844,1614,150,1678,1731,914,1529,1750,1842,316,952,669,1375,1500,1975,129,1908,155,1494,1684
1678,1631,1788,635,1707,1703,752,1579,1595,1689,1099,1987,140,1524,1686,1593,1701,1649,142,1597
1569,197,1951,740,1779,1946,1803,125,1575,1778,1648,1517,1529,1698,808,1580,1046,172,1365,1823
191,1806,1527,1492,1476,1889,113,1646,795,1645,1677,735,1815,1765,1713,1780,176,271,108,1594
1632,1750,1289,1774,1805,316,1834,1671,1819,1059,1542,324,1526,1707,166,1634,1653,222,1752,1500
1531,1601,199,1509,1080,1132,631,1466,1691,1215,313,1539,1732,1843,1605,282,1833,1503,1622,1806
1787,1830,1612,1842,1593,1765,7,1528,1479,1706,1571,1482,274,124,1529,109,1381,1056,1503,228
1378,180,1945,1612,1809,1510,486,1833,382,1985,287,1775,1696,1637,518,1825,1753,1543,1837,1490
1561,1874,1629,1830,1487,1698,1623,1689,109,1274,1813,236,1497,252,1788,198,180,95,1800,1494
1797,89,1380,1939,789,1912,1245,938,1493,1818,1819,99,1659,597,1654,143,1752,1583,1714,719
273,1353,162,1112,1413,1743,1660,1722,171,279,1930,1492,733,277,1831,525,1099,1627,691,1704
75,1806,1720,1832,1522,423,679,1492,1786,720,1845,251,15,1295,1489,919,1279,1524,427,1615
1617,1721,236,398,1774,1523,1663,106,1720,1615,1028,1802,1475,180,1740,1893,830,64,1975,1546
1375,1734,1503,1639,215,1560,1912,1492,1153,145,887,1669,1575,1612,1070,1677,1838,1244,1643,1176
1749,176,1578,1579,1832,1538,1811,320,1782,1855,158,179,1543,1481,1501,1823,1499,1650,1575,1726
1774,1645,1831,1507,197,114,1589,1678,1578,1532,1733,198,210,200,1576,1838,1640,1485,1804,358
1601,1491,1621,1943,1744,1494,1539,1603,871,1771,128,1758,1534,1797,1679,131,1505,1767,1857,1747
1511,1790,210,1633,1667,1841,1725,554,1678,1737,557,277,1610,1798,761,1302,83,1753,1907,792
1856,1639,1565,1769,1526,148,1830,97,93,1643,1735,1669,1033,163,1612,1715,1771,1497,1633,717
1709,1760,1502,1146,295,1546,1739,649,1681,1827,1593,185,1609,1894,1767,1726,1741,1162,299,789
1718,131,1800,1665,216,1644,1791,302,1732,158,1530,555,1583,305,1908,1072,1705,1913,1574,1666
1717,187,1499,1286,515,238,215,305,1557,1808,830,735,219,254,309,807,481,382,1641,1854
1557,90,1493,1922,1586,1112,1511,1849,199,1913,1732,1726,161,1731,234,286,1582,107,1909,1679
1558,56,1636,1738,1709,1201,1833,1498,1172,1767,516,1739,97,1369,1699,40,116,1599,1707,1588
1691,1514,1765,1501,1597,137,1704,1391,1927,1843,1822,1604,120,1789,1833,126,1585,1671,1969,1747
1492,1653,42,101,1894,1877,1470,1802,1848,1710,1521,1477,1835,944,1533,1481,1047,166,1734,1669
1910,1947,115,1644,1579,1683,1586,1613,1676,1748,1542,1906,1573,133,1841,1849,1782,1908,1484,1553
1617,1604,1820,1652,1626,1891,1747,1629,1812,306,1675,290,1746,131,1913,1828,1740,1782,1301,1676
1507,1363,705,1727,975,1784,1641,1628,1368,488,1797,1490,458,1581,1821,1554,1476,1541,1367,997
1713,1521,1801,912,1857,119,1610,451,199,1733,1820,1785,1854,183,7,188,1345,1614,1534,1701
188,315,1379,1786,1983,1625,1846,1581,1544,94,1106,1153,1662,1801,1850,1597,1791,1660,1547,544
1172,1354,1560,253,1687,1842,185,198,796,577,1693,156,1875,16,1625,1803,1376,1634,1620,1379
491,548,1932,1585,1804,1610,1659,1707,1748,1611,1765,1227,1712,1830,261,1972,1501,1494,1762,1856
922,1604,1509,175,1808,1834,941,441,1790,1512,1630,1797,209,787,1555,1228,1663,96,1527,1516
1677,1749,1342,1492,1752,1849,1780,1525,900,984,1782,82,1943,530,1365,1853,879,1572,262,1581
1385,1475,146,1504,606,392,1884,1910,1525,1682,1693,116,1488,1968,1500,1671,1698,105,762,375
1754,832,1756,1493,1649,187,1842,1569,1692,1104,1338,1480,141,127,689,1698,1734,281,1760,95
1589,1642,1811,1552,1255,1809,1496,1859,1505,1744,254,1595,1679,1206,999,1734,701,179,85,473
176,514,1483,1804,1543,1311,1574,1830,1600,1538,1725,1896,1968,1058,1681,1071,1505,1768,89,1797
81,219,1620,1726,83,1071,1692,1723,416,1615,1531,1541,206,1960,1506,1544,1249,1499,1573,1675
83,324,1577,1276,1532,793,1531,1760,1656,1840,1177,1803,875,134,1525,1822,1846,1804,319,121
1658,1773,1482,1980,1930,1617,1431,1635,1629,1601,203,1522,1855,1808,640,1896,329,1563,245,1197
1657,1845,1975,1620,1581,1856,785,1507,1758,1803,1450,1649,1687,982,1658,1674,99,1552,1718,1568
1985,295,1857,300,1348,1631,1534,1762,1563,530,1608,1910,1740,1926,315,1742,204,1856,260,435
1748,1546,1617,1396,277,164,137,1690,1114,1855,1670,399,272,1809,806,1649,785,237,1582,1844
369,191,1761,214,1563,1810,216,1786,1887,1704,137,197,1829,1798,1689,1974,1825,275,1536,655
1737,40,1498,1718,1492,1512,1768,203,779,239,11,1546,1809,1157,1796,1843,1699,734,1910,1857
1580,1113,1718,1581,1612,1822,788,329,1063,1526,1601,1640,1975,1557,1860,1516,1634,1846,880,1476
145,718,1482,852,144,1763,311,1546,251,1627,1537,1570,1573,1698,1535,1655,1628,274,386,847
1720,1678,87,1507,1778,1786,1817,1715,1549,1702,1499,151,1498,218,1332,761,1606,1819,110,250
1770,1583,1735,1731,1626,1553,1741,1710,1557,210,1492,1375,307,1884,1855,1655,481,69,1957,1149
621,1004,1942,1751,1392,152,1767,226,1714,1625,1969,1657,1655,1888,1705,118,791,857,99,1483
191,142,1765,1712,850,277,158,1627,934,1529,1698,263,1823,1372,286,723,9,1588,1819,369
1630,125,1506,98,1621,1947,1361,1854,1190,696,1542,1857,1694,1328,1577,268,123,517,650,903
1519,1698,166,154,167,444,229,1578,1604,1649,1628,1020,270,1615,194,1788,969,1651,1697,1842
1793,702,1890,1604,792,1630,23,1635,1584,1636,688,1981,1593,515,1889,110,1774,1913,1690,1527
1604,1749,1587,1814,304,1825,1581,1752,194,1913,334,1342,1394,1571,1492,247,1705,1755,1636,1799
1243,793,242,382,227,39,1589,1638,1827,1738,1828,1546,138,1642,1717,206,1959,328,1741,533
1749,424,553,1441,1816,1982,1821,378,1502,80,1608,1672,440,475,146,1820,1731,1561,1632,1850
243,1780,1788,1670,255,1339,316,1938,1552,1782,1631,1936,1897,1530,206,1492,1970,140,1746,811
702,1517,220,1751,291,1627,1600,1507,1563,1547,95,1648,1510,1797,1733,1756,1392,66,802,1232
1289,1299,308,1966,1795,1441,870,1620,1637,107,1543,1589,353,1512,1653,1820,591,1696,1703,1607
1544,1608,299,1811,1794,1500,1830,1670,147,1530,1661,1488,376,1180,1620,390,1496,1309,752,1964
1693,1677,1709,1673,1576,1094,117,1683,1755,1802,221,570,620,739,553,1796,1953,1507,281,1670
1713,1848,319,1615,85,1666,1209,200,108,1134,1686,1843,119,1772,1778,93,1781,1518,1548,1942
1901,128,1761,1862,1417,168,55,1637,241,82,1890,1822,207,193,205,796,1655,100,1537,1828
1615,225,1321,1073,884,1802,1836,1593,264,607,1925,1739,1775,1520,519,835,1957,486,1649,100
102,1723,136,1564,1279,1836,1791,1635,1849,298,257,1905,248,1593,1382,1671,1429,1850,1545,1753
1802,143,1526,173,1752,1564,1683,1839,1707,759,108,490,1685,1849,411,1744,437,1656,1781,1642
871,169,1709,1552,1775,1777,216,585,1703,1793,1719,1474,1697,106,233,1595,1411,1687,1545,1373
1922,1137,1597,1686,1488,1641,178,158,24,1716,1579,1522,1544,1611,1652,1645,49,1770,1635,161
1819,1742,1800,1905,1571,1711,1408,1664,226,800,1013,1893,1821,1583,11,105,1638,628,1605,1153
1703,330,1754,1736,1868,1663,305,1394,180,1616,89,1507,1345,1671,1678,1513,1776,1477,272,1972
648,1693,1729,120,1552,1345,802,1785,84,1639,1818,1814,1410,875,1782,1557,252,1705,80,1725
783,582,1539,1725,1705,478,271,872,1382,1180,1647,1058,146,1878,264,1941,1531,265,1528,1491
1225,1215,1719,1633,179,817,74,1665,1846,185,1629,1645,1731,1912,1595,1146,1649,1657,1749,1892
1716,1857,807,1842,898,1614,1391,1720,241,207,1956,1784,1601,1761,1746,1736,1604,1780,722,1662
866,1910,1790,187,1508,1805,58,295,1000,1047,113,1654,278,731,1800,1789,577,1318,1724,1696
1828,1553,1704,1731,657,206,1590,1689,1366,1070,43,1268,1810,1717,1644,1561,1374,216,228,1528
60,1680,1521,136,1855,887,289,1715,1752,323,1542,1681,1631,198,1918,1382,1538,1794,1749,602
195,313,1479,1743,1639,693,1757,1542,872,1692,1665,1929,1686,623,1827,163,1787,1588,1541,1653
1894,1730,1818,1814,127,195,43,237,1941,1782,877,1768,100,514,1736,1927,1626,1961,1662,1659
1506,1840,1736,1129,1918,881,1671,1036,1543,1772,233,106,216,82,1850,1655,317,843,1988,1796
111,1117,120,1757,403,1546,320,312,1572,1830,1944,1612,1763,778,97,130,1574,514,1856,1850
838,1735,1826,1576,240,1627,1746,1570,1827,1732,1652,1592,13,1683,1287,1609,1704,1539,1586,1596
1640,1557,1641,1526,1538,1747,783,1497,1680,1824,1607,1522,1762,1629,1836,1570,1816,1585,1564,182
1756,1328,1886,1825,1831,1735,1063,1692,1560,905,197,1638,1780,1085,1644,1612,1914,1952,1711,1579
1942,1476,1789,1713,1717,240,1813,1588,1971,1546,1718,1811,755,1726,1560,598,1829,220,1849,205
1709,1770,1493,1739,1772,105,1550,1008,1520,589,536,1579,1811,1689,1644,84,1805,1545,1598,1693
266,1501,1435,68,1500,1935,81,1621,1843,1683,1675,1566,1791,243,1720,1186,1577,1557,383,1818
1467,1055,1699,315,997,538,1853,1493,1824,565,1701,1764,1563,1201,1606,1666,1741,1305,1711,196
1503,404,1557,1714,88,1621,1782,429,380,1808,1654,1737,1536,1620,1052,1591,1806,796,1910,1684
1771,324,1838,1485,1850,1516,1353,1660,262,191,1541,144,1505,1173,1816,1786,1602,1573,323,1603
1808,1483,1459,1380,141,997,1626,1805,1348,705,213,158,1621,1603,1141,1737,1840,187,1496,1823
1019,1545,1823,1852,178,1595,1122,1670,1841,1367,324,1738,1639,1850,423,899,1669,1908,1579,1365
1905,177,1532,272,74,1830,57,1605,1167,1561,1682,1827,1600,1621,1590,1675,81,583,648,1679
91,1497,1777,1755,302,239,150,1380,1585,1651,1938,1797,1713,1561,1692,1754,1251,116,1532,1387
1070,1723,1737,172,1571,1948,1663,1798,1517,1911,1713,368,137,1559,1727,1521,350,1869,237,1499
115,238,1651,1698,1546,1848,378,703,1679,96,224,211,789,159,105,175,1675,1723,25,1204
1718,1767,1584,1652,1738,137,372,1765,1644,1609,1643,99,968,1611,661,1686,1511,89,1784,1557
1567,1815,179,1635,356,1942,220,1921,1981,253,1218,1415,40,206,1687,1596,1731,1946,1723,318
672,1911,1374,1134,388,1502,1843,1759,1536,1506,1671,258,197,1810,1754,1745,1604,1481,1544,1666
1611,1589,1662,1784,1635,217,690,1821,118,905,1766,1937,166,1651,1808,1798,1185,1019,1643,268
171,1856,133,1598,1812,1689,1698,741,755,1799,152,1245,1536,1529,1767,303,1493,1637,1684,725
1542,692,1689,1724,175,1673,1707,212,1365,208,1718,1804,1710,1639,1286,1759,1788,24,1526,1191
1490,1664,754,1500,1820,1623,1665,448,973,194,1989,299,1826,403,250,376,1799,251,131,1206
1790,1910,142,1722,1631,1552,1827,215,1561,208,200,1689,224,1656,1604,1800,129,291,1501,1511
1662,1752,1620,1641,1785,1565,85,215,1774,262,506,1828,1166,1614,1674,1478,140,1617,200,1952
1544,1842,738,1838,1681,1562,163,1830,1546,1496,1109,735,885,1730,1773,240,1475,104,1482,291
1728,1726,315,116,1825,306,146,1493,1541,1377,870,1925,291,1588,1498,72,1797,105,1503,1805
124,1595,271,245,1907,1609,268,1942,1637,1707,1735,877,1989,241,1624,1679,705,1644,1479,1326
1541,324,173,1595,1622,277,1839,1206,1852,212,1547,176,1686,202,1961,1610,704,1492,871,1757
1677,1782,1963,100,1950,1669,1504,1823,1371,1979,136,221,1370,700,1791,1055,42,275,147,1817
1752,1701,795,294,1368,1318,1841,1825,105,128,1829,1741,1806,536,1706,1598,197,1172,1638,1499
701,1900,1242,1601,1366,1891,1810,96,1739,1667,254,1316,1828,1912,1526,560,193,1665,226,711
197,1687,1650,1768,1724,97,1838,1779,1922,1917,1242,275,318,1612,1801,1548,1750,129,236,1202
1633,1640,981,1653,1787,211,1524,1153,1739,1921,457,154,1706,1842,1547,453,1966,1487,329,1506
135,274,1513,1645,1104,992,1582,504,291,15,1480,1559,1564,1561,1742,193,320,1718,1492,1338
1601,138,1773,145,994,1576,1686,1269,389,1616,259,1818,1500,93,1487,633,69,189,1847,1748
270,219,1666,1489,1712,1794,1819,208,601,1812,426,1521,1610,421,224,1518,476,794,230,838
179,1551,1729,1514,822,871,1781,1807,1421,1716,1725,1378,272,1477,1564,242,1550,1557,63,1581
254,1814,1754,1705,1769,1644,1580,1523,290,1871,1679,1094,1739,1538,1773,1609,1225,322,208,1740
1784,220,1783,1446,244,1682,1753,611,1588,193,1851,1716,1744,753,1561,1528,1502,1737,125,427
280,1593,1487,238,144,1475,214,1391,1533,1586,1687,455,297,1570,1672,648,1258,1532,259,1938
1480,1629,72,1782,1553,308,1770,231,1633,1233,1599,83,883,149,185,94,641,1620,310,152
1483,1500,243,1073,1482,287,1816,794,967,181,1779,1531,1732,1581,1894,1711,1755,175,1526,313
1504,228,1965,1626,1069,1793,1492,55,1800,217,214,196,1909,1815,1616,1633,1578,1688,1569,1851
1224,1680,1666,1472,702,1562,1699,239,1796,226,271,717,1651,1543,1792,1627,1912,1721,1514,1345
1262,1749,1823,1735,1805,1172,1588,1818,1552,119,1717,1949,1776,216,1881,1686,1973,1825,1260,440
1714,1744,1481,1837,1311,1618,1847,1755,419,1707,1214,1767,1828,1855,981,1689,1498,67,136,1477
1759,1627,1475,982,1972,206,239,447,1660,46,306,1691,1638,859,1634,147,1971,1534,513,1807
1708,1810,98,843,62,1740,334,1588,1675,821,1633,241,315,1680,1603,1576,1378,170,1215,1951
1808,1947,1369,1796,1072,1527,1576,4,1666,1811,1669,1530,1245,1650,207,1648,1554,1398,1848,1657
1702,1617,1846,1826,1848,73,1856,216,240,1691,1539,1695,1054,604,212,1801,1611,1570,1587,1693
1684,1750,82,1675,1600,1661,1815,1777,801,128,1256,265,1503,4,1690,522,1571,411,1717,1587
1800,1736,16,1610,1819,1971,1732,1349,1489,1609,1557,1569,117,1482,128,1630,1795,274,1621,1576
1579,1839,1672,178,1706,875,1490,45,1487,1508,1572,1550,143,477,316,1560,1646,1736,1782,1737
1686,1498,1063,1036,211,1967,1631,1723,464,1731,260,1600,769,1856,1732,1744,1534,276,1860,1550
1769,1519,1909,1124,1489,1979,1511,1668,262,317,1774,1514,1763,1673,1836,1496,1958,1767,158,1395
1811,1122,699,184,1601,1791,1620,1725,1657,1821,386,1718,225,299,1783,193,1624,1965,1119,1487
319,1009,1939,1716,1534,141,158,853,296,172,1512,1706,256,1772,1491,198,1809,1817,1634,1699
1697,1194,1703,1623,1551,1654,1835,1828,1502,1848,1628,1809,1505,1642,1146,213,1800,1660,1655,1378
220,244,161,238,1656,258,1004,1748,1552,123,1757,1679,1354,1906,1547,1703,1771,1177,1912,139
1834,1818,176,1366,228,372,782,309,1650,104,1493,1807,715,1786,1476,1580,788,1745,1651,1692
1804,827,1559,1624,1628,1808,1528,534,1987,320,160,998,1170,290,248,1517,1824,1656,1844,1888
1678,1512,1509,155,1657,66,1749,10,1937,1719,1510,144,271,266,573,559,1850,1743,1941,1913
1845,1831,1098,25,449,1888,1703,148,1813,757,1782,988,1725,1697,544,1494,1652,1893,1484,1622
1201,1795,1564,1119,1711,1974,1841,1853,90,523,1683,1959,1842,1565,1814,1806,119,1615,1483,368
1497,1770,1809,1818,1552,1782,1773,161,175,1508,1765,1530,1510,1893,720,1531,1824,695,1576,1835
1633,1491,1828,1654,280,1524,208,1693,1390,1956,1801,1389,107,1750,1899,1492,1753,1590,947,762
1855,1504,1386,247,1368,1842,268,271,1729,212,1711,1605,1828,146,225,1673,1622,1434,704,1588
1739,213,1590,1973,1573,1738,142,194,240,1637,1780,461,1582,1646,1556,1768,1620,1482,1520,975
1372,929,880,235,1740,1663,1544,327,321,1933,1656,1801,1593,111,1706,507,764,238,236,1600
1856,1698,816,566,784,1517,1630,1824,996,207,1591,1604,677,1963,1629,1611,1754,1252,1541,1152
1788,1721,1845,87,1379,173,1345,179,176,1722,1723,1387,1438,1511,1693,183,1801,1829,1570,1735
1893,99,1794,286,1005,251,248,56,1593,1728,163,1855,1731,42,1911,1701,1962,550,1931,409
301,1801,53,967,1627,1537,1827,1847,1698,304,1479,1246,1622,766,713,1706,321,1240,1520,1531
1665,1485,1672,136,1626,1721,1096,1547,1845,1748,1534,1763,161,1732,1521,295,1609,1499,224,1599
1488,1098,1791,554,272,1699,1502,1694,1287,169,1384,1525,224,1758,564,889,1912,211,151,270
1838,877,1749,572,1771,1708,1713,1396,441,1145,1644,1777,1712,1516,1754,1706,1647,294,1846,124
1725,1705,1772,1785,1759,1353,1777,1676,223,1637,1821,1268,236,1070,1666,1685,1569,958,448,404
1810,1761,494,1738,1552,1819,1648,1852,1335,316,1685,175,1889,1522,677,1379,378,247,1906,1567
97,990,1841,1604,1476,1681,1665,1559,191,1557,136,149,254,1539,1879,1760,11,1383,758,181
703,163,167,1755,424,1544,356,298,1073,145,328,110,1905,845,324,1526,282,1756,1736,1592
302,88,1816,1374,1907,626,1218,1823,1894,1653,1804,149,1631,1682,144,746,1796,86,1338,1647
987,280,259,1518,1534,302,111,1512,1030,1553,1071,1901,1536,1733,1659,1520,1729,1555,1767,1821
244,324,1770,1482,124,1688,408,1713,200,1532,1718,873,720,1726,936,1109,444,1493,1573,1636
625,1721,1266,1700,1711,1669,62,1827,1973,1910,89,506,1794,700,1625,1823,1484,1528,1692,1585
1850,1484,1624,1800,1674,1664,265,724,270,1727,1590,1515,1837,1822,36,1798,677,1947,1568,1745
1057,1204,1773,859,1674,188,1522,1655,1897,1644,318,1575,1709,717,1319,292,241,1681,1618,87
1571,104,1769,927,716,1576,1500,1764,164,1604,1801,1525,120,85,1228,1843,28,1758,89,1380
1599,1968,1558,780,1874,1550,701,1551,1548,1586,1951,1844,127,1601,180,1562,1731,1482,178,1716
1538,1828,301,1439,1960,1308,1653,1559,1684,1611,1511,1907,1508,1249,1757,1987,1688,1855,250,1636
902,1847,1932,1498,1518,1346,1552,177,1800,691,1090,1897,1116,1949,202,158,1492,325,1916,1833
1396,780,1492,1592,192,1236,1617,747,138,124,148,203,195,155,1962,1788,1615,262,1704,794
1555,114,1501,1570,1244,1143,1346,1605,256,57,1579,1174,1853,286,1824,864,1667,1598,1753,1545
1828,1490,1614,1759,1401,1788,259,795,1528,1575,223,1847,1675,1957,1561,1530,509,1821,1602,1615
783,1728,1755,1670,241,1775,1634,1706,1488,1711,1673,1487,1946,1625,1332,1499,1745,351,114,1944
1587,1912,1732,1505,1538,1510,1688,298,1800,1652,1602,1382,1570,1369,1779,1642,1921,1954,1093,1801
94,195,1692,1545,1601,1774,775,1646,1659,1575,1612,544,42,1732,1847,1905,1591,208,1738,1848
712,1273,1590,1539,307,1287,1509,1538,1676,211,1494,1766,652,214,1823,1673,328,290,420,1701
1956,1349,1623,1797,83,745,295,49,1814,1592,1525,1537,1024,1032,294,1289,1383,1643,1086,1719
1792,1766,320,877,1696,1637,1624,1743,313,1944,1715,496,1822,129,626,1951,1591,1844,1568,209
89,1535,1742,1136,248,1641,126,1764,1930,1769,1553,1816,125,1908,1507,1754,1588,798,755,1824
1715,518,1629,784,1714,258,1007,1733,1411,1871,1486,79,1635,1720,1850,1852,1558,1607,1497,310
246,252,1952,1585,1692,1031,1516,1380,1962,1824,1748,1109,174,309,1744,1609,337,1502,1617,1491
122,703,1823,1570,249,44,292,1603,1572,1794,870,1642,1732,95,188,1839,286,255,1723,214
1779,1792,1812,302,390,1600,251,1906,1543,1757,700,1171,1673,1790,942,1656,848,1910,1630,1498
1714,1564,1853,1507,1484,1762,318,1520,1515,1306,1476,1365,130,281,1738,28,1638,324,1676,1505
1853,1502,1960,1688,1612,1708,1677,1668,244,1640,1734,1566,953,1643,1808,996,1554,1553,1524,1536
208,1753,101,122,1191,1782,1909,1552,653,282,1765,1640,634,494,294,1505,1795,1783,1007,1794
1649,238,369,510,1599,45,1843,1658,1597,1680,283,1745,1019,596,1380,1863,901,1787,296,1774
29,803,1829,228,1841,237,746,1665,704,204,309,1838,1654,1783,279,373,1719,1577,849,1388
1382,1656,847,1590,7,1931,135,1674,871,1516,802,1627,202,1487,179,240,256,1723,194,292
172,1375,1567,427,285,1819,481,1786,1694,1529,1911,566,1771,1930,1807,1783,1749,1353,1714,1634
1377,1601,1688,269,976,1483,157,108,146,1651,278,1781,1525,1699,1070,1783,1799,1540,1522,1698
287,1569,237,1052,257,1974,1593,1748,118,1684,1696,1703,1459,1631,187,1723,106,1716,1320,1908
267,299,1766,286,788,179,596,1487,1906,1100,311,1498,246,93,1743,1762,1820,481,90,329
218,1827,317,410,1910,1905,1704,1896,1747,1930,1592,1482,74,84,1246,97,1526,137,1602,1775
1835,299,1785,61,310,1893,1478,1556,1554,107,1906,1801,1564,1074,931,82,1681,1575,1847,1761
1580,101,1483,1496,1526,1067,1793,1747,175,1766,1735,139,1679,1700,156,1546,1578,1785,1509,1592
1557,1634,1684,318,1850,1320,1982,1740,1589,208,1777,1514,1388,1754,1676,202,1960,1540,1493,1262
1724,1564,1691,1754,255,1720,130,1523,1738,1820,1651,1375,1906,1693,626,1510,1493,1618,271,284
241,1893,1587,1740,1502,249,1646,136,1786,1641,1797,1612,1818,166,1814,38,293,1669,1733,201
1727,1557,879,1725,230,1802,1837,1905,1698,1813,746,1772,1773,645,1542,1688,1707,1543,1632,1831
1508,1697,1604,1840,176,1644,145,994,1809,1981,1561,1575,1908,1645,973,1895,1818,1600,799,1689
1122,764,423,1645,1662,704,1782,1572,1589,98,1721,1584,3,1767,1910,1641,1849,167,281,227
1692,1549,224,1821,1476,1847,697,1983,152,1825,1695,1632,296,208,1799,1790,1534,92,1483,115
1694,1544,1669,1710,1726,1487,1718,1696,1974,1626,1256,1742,1515,563,239,623,1482,1842,1552,1562
1391,1500,302,958,1482,1907,1030,1475,103,1409,1478,1536,1731,704,1767,1501,1394,304,1681,914
1732,1144,1812,54,98,1957,1656,1846,223,1793,1899,1526,1546,1507,495,1841,1922,1562,1725,1801
1558,271,1487,1843,58,1634,1850,245,1378,1672,240,1853,937,1137,1552,1637,1614,1608,1765,1712
812,230,61,1541,138,74,1654,1704,135,1595,1731,1080,1494,555,1645,798,1509,189,1892,1522
14,1619,1476,38,1800,885,1554,1701,1834,751,1485,1948,1415,1771,1703,1853,1533,1705,1909,1927
1575,1748,1744,1720,874,1315,857,141,1677,1843,1481,1675,89,969,1907,1908,1566,7,109,786
95,995,1671,1324,1773,1676,1485,1792,1983,1844,1529,1892,220,286,1521,1480,1484,1073,84,1764
191,1491,62,1555,489,306,1770,1677,1946,1828,1683,1844,875,1664,1621,1612,215,1641,1793,1344
1382,1842,1016,1566,471,1909,126,1762,1637,1632,1904,1621,1792,1706,1823,600,1796,1841,964,306
1768,692,1826,1882,1811,1890,1484,1487,445,1291,1545,261,1395,1705,254,1477,1662,1295,212,234
1159,1738,1707,665,1247,1486,1725,1763,279,1485,248,1589,222,254,1830,1568,1499,1378,1703,1483
297,1266,576,1095,1092,1737,1564,852,298,1186,1625,325,1983,36,1591,1738,1550,1787,1905,835
1562,323,1539,1364,1845,1492,1642,228,246,1559,1807,1751,1153,1493,145,1658,1686,1679,1969,1741
1797,1747,1526,1749,1598,128,1744,193,1725,1588,218,1678,1850,1651,141,1492,605,1604,1718,1650
1654,1514,1682,1716,1788,1533,1534,1246,207,1778,267,1608,316,1852,289,1521,1672,1837,1516,1552
1897,1639,1180,1850,55,1443,1500,549,134,834,548,1596,203,1795,620,1673,1570,258,1520,1629
1701,283,801,1523,1590,1750,1769,1813,1123,1881,1564,1516,1906,1592,1655,164,1629,1519,202,1674
1070,135,391,1632,518,1697,1910,27,1044,129,399,1776,133,245,1086,1658,902,537,273,1584
1976,1669,1307,225,1829,1812,89,517,1740,803,281,1958,1562,1328,1384,117,1815,1190,1971,1570
250,1498,292,899,1652,220,1337,1839,1617,236,1795,81,1268,1395,1945,1660,1753,1396,1101,897
705,1926,1558,649,1823,435,1797,1782,1522,1802,1568,1615,172,1800,203,1856,315,1441,1752,1570
1483,1109,1549,1656,165,1611,1753,1676,1660,1788,954,246,1800,1667,163,1475,1114,802,1484,1043
646,114,1051,1384,228,671,1565,1569,1496,191,1365,1716,1699,1558,1559,1811,275,1857,1839,1507
1902,1761,1737,1911,1637,1828,1905,1738,1028,1762,1618,433,1731,1709,1666,1824,573,1819,1688,1845
1942,1649,705,1679,1563,247,216,1691,93,162,1751,131,1403,1743,1752,1514,1829,149,1707,1573
1759,1537,1833,1784,1524,1675,1657,1104,1763,1190,1519,437,245,1277,1975,1478,1505,1355,1791,1565
307,1625,1840,1650,1826,1744,1653,1715,1615,315,1757,101,213,1507,1060,1860,219,626,317,264
457,1659,1966,1599,1504,1755,1853,147,1711,1729,1837,1088,1632,254,343,1535,1839,1797,272,1123
439,1599,1613,1833,180,1937,1513,241,1273,1495,1909,1567,1611,230,1206,465,1699,162,95,1737
1989,132,1572,1823,1070,581,1841,146,129,1697,1414,313,113,1679,1382,1607,1528,1562,1673,805
418,1765,1083,1076,1724,96,1800,109,1522,1968,85,1811,1785,932,1832,361,162,1491,1591,1850
1612,1599,1699,177,1629,202,1811,1245,237,1534,1596,1758,1816,1606,1832,1827,1506,784,1777,629
1795,349,1596,1523,1894,1680,1797,793,1487,1623,1678,1533,467,162,1836,1775,1827,794,317,1686
171,1641,1659,1523,1524,1459,538,297,1574,96,1727,319,1876,213,1776,119,167,477,1486,1973
1241,1797,1729,1896,1708,818,111,1607,87,1725,1557,1726,133,1821,420,107,1609,1804,190,1694
1854,1761,1957,1788,113,1778,872,1769,1627,256,1818,1913,1590,1721,1016,1644,1046,1855,1662,38
1541,235,154,1912,1806,263,1562,1785,1812,1612,1629,1480,1563,1617,1529,1824,1572,1237,1662,1963
1709,1835,1337,128,1797,1479,1785,1493,1611,132,1689,1514,1615,225,849,904,1704,1507,1491,1599
1589,234,1717,1653,356,1715,1621,1725,256,1484,1229,859,187,1719,252,852,332,1623,1340,407
1787,1956,1691,1485,1574,133,543,559,1523,104,1506,1842,160,1671,338,1527,398,82,1341,134
1794,1189,475,1746,1549,1084,1481,1603,119,704,1783,128,76,1874,1771,1506,1118,285,1542,587
1537,993,1568,1698,1739,1791,691,1835,1584,1667,1955,1767,1354,1521,1601,206,1060,316,1748,1620
1631,1852,1602,1326,282,1769,78,1773,1593,1699,1855,1960,1841,1664,1637,1621,1821,1533,1943,1941
1382,1515,872,1594,587,1510,1841,1372,1634,1669,1369,1625,1605,1829,1506,761,191,1642,1742,1620
1562,1788,45,1645,1776,288,1506,1492,1473,1560,135,1800,1828,1111,187,1385,1611,1758,207,1653
1704,1580,1639,174,329,290,1617,131,849,1809,1725,1808,1743,1113,1491,1625,1509,1563,1477,581
1663,1673,137,290,981,1507,1826,295,1563,185,1831,260,1603,1761,1912,1731,1907,890,665,1503
6,1804,1973,1778,1811,1942,575,310,1761,1809,1902,147,1567,786,265,829,1699,1488,1818,1843
1494,284,1659,39,101,1786,1172,1905,219,1181,1794,1706,1504,1587,1819,1769,700,1594,1486,322
1835,1788,1691,1452,140,710,1514,1498,234,1610,1648,222,298,1478,1484,1696,1493,1840,339,276
1723,997,308,272,712,1523,1825,202,1830,1659,1558,87,293,38,670,1354,1492,1691,934,1157
1638,80,1884,1748,1483,1622,1971,1788,1317,1799,847,303,1600,1500,1722,395,1030,1573,243,1050
1571,563,1826,234,278,1598,1721,1172,1514,1897,1767,1766,1591,276,1789,589,1484,668,1771,532
1523,223,610,1550,1532,1731,1610,312,1225,1565,1662,1726,77,1711,1531,385,1729,190,1749,142
1604,1575,239,144,1380,1818,1843,1545,1808,1723,1621,989,1359,641,1789,1769,1653,1305,1382,1734
965,214,844,1653,1503,1692,149,128,1337,464,1841,1721,1642,1583,1528,726,1634,1680,1775,1613
312,62,103,1512,157,875,1845,708,198,1830,311,1776,1812,1544,1781,1836,13,1828,246,253
1793,1730,459,1191,1678,548,1225,1796,1660,1720,1617,1757,1765,1635,1980,1782,1775,1106,1495,933
156,1587,236,1725,1691,1541,198,658,1614,1810,1764,1909,1783,1782,221,269,1675,1523,78,1577
1709,1566,76,1669,150,1853,1722,27,1345,279,1604,1365,1808,1841,241,1753,1723,1713,1644,1860
1752,1617,1768,1754,1847,1550,1910,1761,1843,1897,1732,103,112,1587,1913,1685,1589,1625,1537,1665
1974,1576,1790,1373,1822,1686,1530,1548,1772,428,1783,1674,1360,1844,1533,1663,1508,156,1801,1754
1800,176,1656,1788,993,1191,1645,1960,1839,1671,551,78,1797,175,727,1625,1588,1907,1753,187
59,1843,1533,1752,294,1523,1784,1646,1502,581,1801,181,103,1779,306,1724,1620,1386,1506,1849
1523,1545,231,147,1382,1133,1683,1653,1279,1782,1780,1687,1537,1776,764,1770,795,1787,492,1761
1546,1484,1420,1595,1685,108,1611,1109,1011,1752,1552,1663,894,1641,816,151,111,1630,382,1698
936,1027,1643,1635,1531,1944,1713,1853,142,1797,249,1432,1843,153,1777,1648,140,1592,1202,1002
67,1704,1475,1520,651,119,1940,1388,898,1777,1766,1366,319,1774,1811,149,1817,1977,1602,1769
1495,1824,1838,165,1593,1724,57,1697,110,1391,280,1958,1629,1560,718,1853,1129,1221,1739,402
1689,1629,1520,283,229,1775,1672,1753,272,1697,440,1531,1792,261,1418,1897,1693,1426,1857,210
1679,1702,305,232,1908,996,1844,1573,1755,1023,1483,822,135,122,1614,1684,1776,1628,210,1720
1591,1498,1645,1910,1531,307,1368,1637,1947,544,1724,189,1798,262,1141,1485,1632,857,1727,89
211,1557,1614,1579,1697,1505,1706,1376,1971,452,1629,96,1317,1356,1687,1539,1743,1694,14,1601
1833,1354,1838,1216,1846,40,1685,1761,1641,1672,687,718,1571,1543,1172,1777,1485,1503,235,222
1749,1910,1822,1732,1634,1720,1972,1441,1966,262,1546,107,416,1569,281,1533,75,568,1559,1814
1664,1506,13,1731,1596,1610,1745,1378,1148,348,1752,1822,1552,1500,1170,418,1236,334,135,1829
1489,1823,956,1710,1609,1207,375,1764,1575,398,1775,1854,684,188,1620,1593,162,1483,1646,1717
1848,1518,1637,1644,615,1665,1525,1516,1492,1553,290,91,140,1754,1657,1599,1716,941,1086,1648
1704,1469,1602,324,1816,1838,303,1646,223,280,173,1487,791,1732,1879,1666,1830,1162,919,1911
1773,314,1525,1562,1650,1847,320,1742,1714,288,1514,1872,216,1620,546,1906,617,171,1750,1605
128,87,221,228,1795,1792,213,1713,102,656,157,1851,324,210,1836,1520,179,1483,331,649
1492,1944,1520,1953,1114,1641,1843,1762,1616,1603,1847,886,136,1893,1512,1598,303,1684,1551,991
1825,311,737,1956,654,1832,164,52,1758,229,1719,1723,163,661,1627,1661,957,1538,166,1059
1528,866,309,1495,1220,1623,1614,14,1777,1547,1559,1714,1630,1913,1712,1564,1779,1807,183,1580
196,1906,1576,1545,1505,1664,1685,1937,1609,1496,1858,1613,262,1895,1909,1582,174,758,1549,175
104,162,1627,1799,1791,1558,1658,782,1499,1566,1618,1776,1763,1668,469,1773,986,1823,375,1838
1771,1566,1658,1780,1687,95,1643,1531,1510,1381,1623,15,1788,1644,1775,234,215,1704,1478,116
1497,1488,1626,1539,1279,1594,1831,1951,276,1370,1816,1568,1830,323,1713,1510,1638,728,1719,1494
230,1663,1671,40,129,1728,1592,1738,1667,113,1785,412,1501,1730,1783,1912,1699,1246,425,1795
1637,1910,1944,1032,1706,167,1708,255,1639,1717,927,1200,690,480,159,1961,1503,156,1481,546
1328,274,299,160,1621,469,1723,187,1710,1127,1941,1833,1640,1486,1561,1591,117,1193,211,1756
1675,1852,1556,842,204,1542,1856,273,1818,105,1569,1602,1526,1636,1583,1642,160,1646,1640,1922
1706,1689,1111,795,1801,1033,1530,1389,1832,1562,1542,303,180,1566,1672,1521,1910,324,1797,1694
1732,197,545,205,361,1642,737,864,855,1503,1684,1512,1533,1641,1709,1942,723,130,1527,996
142,1426,1614,1952,1062,1578,1659,1850,215,322,360,1598,1761,1110,1741,1814,1853,1760,1698,735
1686,1968,126,1680,1796,786,1523,92,235,1547,604,1718,164,247,811,146,1548,298,1793,213
167,1581,1699,1802,147,1630,1646,1605,780,1622,1649,1705,1119,1503,127,1531,1849,1540,1965,1837
1735,841,1911,1970,1673,255,1888,1656,502,277,1725,1785,1713,1386,1843,798,84,1700,1704,1687
1072,1482,1071,93,1724,1911,1680,1790,1573,1711,981,1704,1564,1719,100,255,820,1197,1733,1692
1678,1258,1696,1855,1438,82,1681,1766,1975,1088,1580,252,1596,169,1781,1025,125,1777,1739,152
1550,1572,27,1970,1922,1709,1946,213,112,1515,176,1747,1658,265,132,785,1393,1759,1637,1597
1722,1013,1697,1652,204,1599,916,1596,1973,292,158,1840,1562,1696,324,1325,1910,319,1911,1703
162,1742,1825,1823,1363,318,1586,219,802,1252,157,1648,284,1524,1961,1556,159,1476,701,787
1700,1687,1015,125,95,1372,1763,1517,472,1114,1491,1691,1504,1756,1796,225,941,1703,243,1768
1643,1850,1821,244,547,280,1907,303,1644,1136,169,99,1687,1494,1705,1838,1775,1831,484,210
1745,1808,92,218,1482,177,1677,1799,1491,272,1117,1123,88,1648,1909,209,153,113,1640,4
1844,1759,1678,1490,872,194,1492,525,165,240,542,1218,238,1578,1774,807,1485,1719,1906,1482
1946,1804,1650,1758,1703,1747,567,1825,80,920,1632,1752,1956,151,287,329,649,1512,232,115
1592,1711,985,1497,999,1775,1678,1504,1611,1686,1535,1528,1524,1755,1633,1679,1499,250,442,1585
1647,168,1638,206,110,552,1786,1596,1595,1793,1396,1321,245,1559,1686,1840,93,1489,1909,1908
165,1507,1487,1476,194,1452,1544,1506,1783,260,1671,1792,1106,1381,25,1291,93,1534,1831,1672
1090,1035,1629,259,1620,1745,783,1816,922,1765,237,1522,1698,1378,1598,1803,1736,1222,1951,180
1702,1833,1913,1657,1564,133,500,109,1557,244,1692,1595,135,1609,111,735,1696,1823,1109,1786
1907,1560,134,621,1812,1150,1697,1606,1588,1709,1642,1738,228,1591,1677,324,1576,276,1816,191
1747,1803,293,997,1664,1622,1563,1551,1687,990,1525,1265,1634,368,1741,1083,1641,1945,346,1480
234,298,162,1066,1778,320,540,1653,1633,201,115,702,459,1851,160,1544,1737,1590,1373,260
1516,1717,1707,1764,1806,1557,1635,1503,212,1694,96,221,1783,1677,1828,1559,295,1789,219,1679
1846,1391,1479,1748,1676,1924,1686,1832,218,244,618,1574,1744,1633,1104,1619,1677,807,1189,1701
1031,1071,1538,1610,631,1854,1641,1411,1185,1642,1963,1911,1655,1715,1597,1773,1789,1808,209,363
1650,1729,1538,1689,1905,1704,1773,1720,1575,147,90,1541,170,1751,1742,1762,951,140,128,1733
1063,1391,1691,1824,1964,1355,1381,173,1774,1893,1266,1727,225,182,1565,347,1559,1834,903,660
420,1769,252,1959,1839,150,1574,1686,1645,510,1806,1369,329,957,1534,1319,1170,1269,1551,1084
1740,857,1833,1703,202,254,1593,268,1776,1832,1600,1685,326,1673,295,110,1787,148,1763,1807
827,168,1224,967,411,1585,297,1372,1698,1535,1648,69,221,183,1966,108,1492,325,111,1391
945,1096,1827,545,1883,313,261,1622,1503,1911,322,183,1184,1487,1767,1571,376,1695,1534,209
874,1640,1608,1523,1724,186,132,1750,1760,1270,1959,1883,1533,1601,505,102,1746,1605,1794,1546
1718,1826,1781,1834,1854,1789,1225,1094,265,634,1332,1013,1596,202,91,138,1535,1123,1243,1687
570,1593,164,1769,1677,1559,1871,1612,527,231,1665,1554,1912,255,1803,563,1711,1820,272,532
1788,107,1836,1711,1761,1905,1602,24,982,1727,1819,1776,1823,1556,1605,1696,1732,1607,1693,1296
1541,1839,1549,1845,1588,1910,1820,42,1503,311,1694,1618,1325,1652,1832,1773,903,1789,714,1746
1658,1245,1091,111,1611,1301,1162,1313,1703,1671,1803,1913,1787,1773,1584,1909,1662,1493,1820,1619
537,38,124,190,244,1646,1218,231,143,1668,1736,798,1754,358,128,226,1778,490,782,628
1937,24,1622,220,1111,1798,1841,1834,368,1499,1465,1154,1553,1856,1511,805,1646,1678,184,1605
1530,1779,1724,1600,1036,47,1763,177,1604,1384,1834,257,1593,1559,254,187,1586,1672,1670,126
218,1802,1696,805,1792,1239,1626,783,414,1638,400,1946,1650,1668,1575,1484,163,81,1637,1551
107,240,1558,868,105,125,1780,1817,1708,1628,1580,1495,553,1782,1704,1565,151,1654,1834,1489
1779,1008,1383,1632,806,259,288,166,1986,1628,1517,1122,1832,1701,566,1398,1673,1813,218,123
1577,1740,89,1854,487,1775,1627,262,1988,1606,1877,540,1659,1172,1821,1501,589,1750,1791,1698
515,976,220,1771,96,1372,1623,115,714,1830,126,437,1612,1624,623,1162,1670,1650,1964,1791
1540,1522,1768,1751,1549,1773,1766,1739,1605,129,165,1979,144,828,1519,123,949,1637,1581,1744
526,1832,1700,226,311,187,1986,999,292,1824,1560,1733,1907,1813,319,969,1354,1744,1797,1623
1629,1574,909,1774,1501,992,262,1579,246,1671,1246,163,1716,151,1126,1567,307,709,1663,1612
1539,1489,1631,281,1501,1813,750,1910,1517,532,988,1798,150,1639,1377,699,808,1369,1827,1718
1538,1517,224,472,1809,1638,1706,1194,1777,117,1037,889,1954,1843,1626,1596,1491,1438,1653,629
1911,1964,1611,1853,1794,1577,1475,1238,1277,1629,1779,1365,1570,1840,1128,1598,1383,1564,1956,1568
1733,532,1056,1365,1595,1820,309,1961,1536,240,1857,1646,1941,1796,1640,1604,1745,78,302,1775
1701,1589,286,1753,1775,1562,1747,1906,93,189,872,1644,1727,1543,109,1573,1485,1519,111,1826
1730,339,1772,1957,1737,228,934,1907,1789,1490,1944,1814,624,1670,1856,1636,1710,91,1606,299
1772,110,1806,468,1856,984,367,1132,172,1832,1482,1654,212,227,1585,1774,1831,1447,1731,1478
1578,38,1799,1738,136,1844,215,238,1756,1539,1580,800,108,1857,1616,201,450,1605,1582,1769
627,1372,495,1577,114,1714,1922,1727,180,91,1619,273,1912,1354,1754,1796,42,858,1045,1846
1501,1345,173,1726,1756,210,1706,1945,1650,1377,1479,291,1242,140,184,168,996,362,313,122
257,1528,1579,1496,281,1629,324,439,1492,1614,454,157,1482,1660,1813,1830,488,1572,1681,1570
1607,1497,1973,1479,1695,1832,1909,77,631,1248,125,154,1095,160,1728,1699,1600,1757,1910,1541
1621,1853,1518,792,1084,1830,1692,1571,1520,1594,1722,1028,1632,789,182,1813,327,1525,857,199
1497,1961,1806,1788,208,1661,1798,1795,129,1759,1114,1733,1509,16,1775,1510,1745,1946,1796,676
1956,1475,177,1700,1547,1559,1582,694,134,1788,1277,1069,1634,1190,209,131,130,1850,1622,1723
1835,1503,1763,1506,164,270,213,1628,699,1806,123,1866,1588,1680,481,1562,1837,944,1626,1265
42,1837,1391,969,1262,87,1385,1842,262,1638,1162,1651,1516,123,1598,1807,514,1645,1672,164
1423,1789,144,687,1117,1562,1866,1595,1655,1643,1641,1256,103,16,884,1781,1385,273,336,1613
991,1832,141,807,1509,1092,1740,701,1941,219,222,253,1733,282,1774,1912,1702,11,1676,1827
1680,108,1839,1974,490,1770,243,395,682,1557,1906,1792,1677,1596,1564,1763,1599,1715,1143,1507
1570,262,1840,236,520,1391,1585,207,219,1635,305,1661,103,1383,1138,1655,283,312,1557,1677
1818,1682,1828,1391,1497,916,1273,244,86,1589,375,1338,189,1604,740,1544,177,1615,1685,1200
211,1723,1545,370,514,837,1679,350,512,1834,1832,1577,1837,295,1948,1969,1681,1760,1713,1204
319,1795,1536,1831,1845,1687,1740,1610,1680,1778,204,1574,1679,1640,472,315,1959,142,932,134
1070,1662,1493,299,1305,1793,1800,195,1395,1773,621,1751,1571,1628,165,701,1374,1022,140,1769
629,1733,1502,314,1594,274,1568,1510,1779,1514,1378,724,1519,1642,1555,1786,1320,1805,1530,250
1584,242,1979,1572,1249,1522,1646,1613,1689,1477,200,1521,1833,186,1839,1687,988,1783,1684,1052
1726,132,1814,1854,1774,1667,1508,165,345,1586,1593,1620,172,1478,152,178,118,831,1535,747
1550,1452,1222,152,1628,321,1701,1785,1068,1562,104,1638,641,968,280,1781,288,1556,162,992
1662,1810,1550,1531,1911,1753,1713,1665,1516,936,1551,1643,321,1549,1633,195,549,213,285,1770
16,1547,1908,1754,1574,1550,1704,1905,96,792,1521,229,1833,1570,1504,1969,87,1836,202,1598
221,1670,1708,309,1510,90,1541,281,1650,1478,1710,1808,1636,1657,1481,1637,1382,1549,1368,1844
1816,1824,1576,1594,224,1784,1660,801,208,1780,1612,298,1675,1602,1926,1922,1620,307,1477,257
1678,485,377,1912,212,74,1500,211,1574,248,1483,1852,840,221,655,220,1830,518,13,121
1850,422,205,78,1718,319,394,1553,1529,1567,137,198,1291,217,1846,327,301,1825,1844,99
1742,1179,884,499,1823,1808,1791,1825,1632,1756,1557,1842,1031,1831,1520,1641,1671,352,1011,1741
1777,1593,97,1395,1788,1187,203,1850,295,1851,1855,1823,1591,1555,163,1848,1716,192,138,90
199,1921,228,1357,1544,1553,645,1477,1763,1652,1816,94,267,1370,1785,290,1539,657,1729,1486
1606,1801,1747,1744,1548,306,1856,1106,1582,313,724,1543,1880,1611,711,930,1380,1600,673,1580
1905,174,1231,735,197,1711,1691,1040,1673,26,1685,160,782,1825,1789,1620,154,1509,1574,1643
1729,631,43,1919,1714,1748,1893,1723,1767,1581,1617,1568,1910,1844,40,157,1904,1610,1920,1128
1353,1657,1695,1582,1733,911,1768,1619,1957,183,1820,194,1392,1739,1764,100,1685,1754,1664,1642
262,1637,1367,1492,699,1369,1004,1650,1540,1911,1507,273,1522,1824,1720,1813,1958,120,1841,1219
1801,1368,1812,1727,1622,1856,27,1847,115,1922,1650,1848,1971,282,1714,1935,1072,1816,124,280
1613,266,1591,1809,1573,1729,1746,587,1816,1376,1100,1641,1709,1506,972,1699,1626,1548,1435,986
1654,636,1969,1568,479,1635,145,1895,156,162,1956,182,119,1647,1756,170,1183,160,500,1853
1815,973,1508,1818,1606,261,1857,1642,1824,1569,12,342,130,1842,1945,1672,1070,1646,240,1780
1660,403,1529,1818,1748,1626,275,1385,1787,596,233,843,1506,1633,1778,266,212,253,1279,1616
1650,1801,74,1812,1378,497,1515,1796,1685,1487,1719,267,226,1842,1718,324,289,1600,784,1561
113,1703,244,234,1454,104,1737,1516,1789,1771,1686,272,162,1839,491,583,1070,1565,77,1698
1642,1595,1722,1279,287,1792,886,1379,1707,133,1836,153,1907,1413,1968,1340,54,1963,136,155
156,1625,1844,1756,1715,1629,1822,1754,1786,222,1525,1643,1805,1745,1651,1668,228,74,453,1788
193,1495,1847,503,116,1661,305,1636,1766,1759,1484,1477,1768,1628,46,1178,1514,1763,1185,1849
1750,1693,14,1756,1840,1363,576,1034,1946,1499,1390,1814,1572,1803,1566,1742,1559,118,1343,1650
213,1637,255,1546,275,1128,254,225,253,1505,845,1678,312,1581,202,1696,317,1770,308,209
1527,264,1813,1464,1787,324,292,1641,1640,1697,650,1648,1667,1848,1644,1866,882,1537,28,192
1672,1034,1825,1391,1646,319,616,1195,1180,1828,83,1379,1805,109,1616,228,285,1642,1660,1896
1633,1811,1729,326,1538,1857,1762,122,1848,131,1613,1681,1896,694,1829,1801,1766,208,1608,1799
1589,1745,295,1657,111,1912,1609,1905,1842,1027,1655,701,1706,139,1668,1739,820,1598,1758,1540
721,1714,1146,130,1612,1820,1676,399,1691,703,1814,1534,790,1492,1838,1615,1183,1507,1953,1703
1570,1389,1847,1826,1512,1848,1748,1819,1637,1844,1651,1520,1371,1395,1384,1252,1840,1564,1665,1504
1842,1835,1702,1732,1836,1678,1185,1775,1733,1781,1548,1570,1841,784,1524,190,1717,932,1479,1579
1831,1523,1512,1121,1395,839,1412,568,115,1899,1728,1535,1953,1843,1489,208,1188,263,1641,1827
1452,1617,1643,1784,1172,1795,432,1498,1488,78,1277,1775,210,216,1495,282,1654,1561,1516,1943
1848,125,1267,1084,1484,1600,1677,1497,1674,1530,145,1577,1761,244,1834,1641,1394,1505,1629,1809
1204,1732,917,1739,1985,328,1618,1871,1616,224,1638,936,1748,600,1532,1697,1635,1716,1668,425
1740,1380,1478,1374,1641,286,100,1101,1734,1508,1604,1905,281,310,1486,213,203,1623,174,1525
171,1639,1835,206,1850,223,1769,1578,1086,217,1502,1372,35,1133,1637,105,763,1487,1503,1530
1006,1541,1542,1869,1632,1778,1570,1908,1807,1829,1170,1770,125,206,1774,1769,223,84,1848,1731
1716,1821,1653,1499,1815,1912,1365,1946,1451,1773,74,1840,1608,1547,129,1685,1565,1769,95,1782
110,1362,1708,1743,1677,1802,528,1776,112,1623,437,596,1803,902,1332,1290,1506,623,279,103
1832,1722,1754,1731,1324,1908,108,1546,1607,1911,1673,1770,262,1489,282,1737,1531,1589,325,1529
163,478,1735,1048,1598,1694,1757,1340,1579,1176,1575,140,1607,1730,313,1718,1715,1521,860,1826
178,176,1812,1368,1710,1790,1788,1603,1659,187,1700,1531,1615,1854,1669,1487,1071,898,1609,274
233,1716,297,1107,1669,1549,1678,1751,1703,1089,1758,1610,1332,1818,432,1772,1486,83,322,1390
1909,272,1476,1047,1628,1533,1647,1548,1618,922,513,320,1631,1820,1669,13,1772,1529,1986,1651
87,1724,1657,476,207,1763,1634,1128,429,1504,817,1735,1550,1733,236,1969,1496,1607,1782,1070
746,1071,585,320,1967,152,1634,188,788,170,1545,1733,1057,1795,1642,167,1909,144,89,1563
1799,251,1606,1114,1657,1503,1645,258,1664,422,516,407,237,1906,205,1556,1022,1183,226,798
17,187,200,1533,1365,1616,1700,1496,1783,1623,1557,1546,1485,684,1821,1531,939,64,1493,1596
1836,1588,1364,1771,1724,196,1535,1625,1833,1805,1703,1767,1524,1561,1795,235,1896,1745,1797,1757
1898,1919,224,159,194,1688,1588,718,1793,402,134,1633,1518,1064,578,1713,780,1578,1635,1511
1691,1704,1499,123,1776,1489,1581,1772,1484,1800,1540,197,874,326,1834,1638,1828,1664,1953,119
700,1592,1600,223,1856,24,1539,1123,1744,1132,1668,138,149,1772,1857,109,222,1619,1199,148
636,706,1540,1613,1744,1980,95,1305,1609,1676,1501,1812,1035,1907,942,1475,1509,115,281,1596
1530,977,1520,1905,1877,563,1772,1852,101,1714,786,242,277,1983,1654,234,246,1600,1649,1140
876,214,1572,1761,165,977,1013,192,1067,1775,1729,1635,417,540,1666,1366,131,1571,19,1747
159,1796,200,1638,1921,700,1846,1786,1681,1857,1642,1514,1494,206,147,1561,1604,1625,1782,840
1651,1754,1577,1073,259,1742,1707,1746,244,1720,1774,1583,1574,1793,806,1692,212,1516,1841,700
1513,1807,320,1761,1520,1812,1595,164,281,1669,203,1693,789,1908,1378,1972,595,169,1576,1511
1809,1071,1696,735,187,1692,1763,1835,1735,1506,1485,1907,1070,1590,1615,118,1436,127,1587,1387
1618,315,1943,1582,345,1807,1850,1664,1786,1769,503,288,1827,1512,507,146,719,262,237,894
1911,1926,1902,1494,1821,1342,1452,405,1899,1857,1963,1773,1568,175,1476,680,1599,1549,1029,1532
1587,1651,468,190,1644,768,1822,1753,1665,1549,1748,357,1847,1518,85,1695,1160,145,288,1941
1702,223,109,228,1791,1968,1746,207,1827,1870,1563,111,1548,847,1895,1571,169,553,1562,823
1934,1704,1615,1895,1981,1544,1477,1534,1775,1361,1908,1777,1586,1769,1073,308,1014,1567,1759,243
1077,1489,471,1757,92,275,53,1645,1316,1909,1637,197,1789,324,356,1786,1504,293,1711,1525
1959,495,1513,1099,1754,298,1781,1801,1827,1803,1583,426,271,1843,197,1507,1848,216,1505,1760
225,1106,699,201,148,676,1956,1722,1705,1753,1619,1908,658,1716,1749,1269,1613,896,1747,313
1514,1670,238,1908,788,1598,163,1538,1919,241,573,1633,719,1698,121,1769,1845,267,1357,122
1804,1761,1628,321,229,277,1481,1944,1905,1406,1578,1607,168,489,1870,824,1720,1826,1819,1799
1662,1557,1682,312,1705,783,1631,1612,258,158,862,1839,1801,1911,498,1730,243,1476,1530,514
1861,1833,1546,124,459,1572,1809,1835,1659,991,554,1754,1223,1563,1507,1735,1156,1534,1909,363
385,1509,317,1567,1550,1958,990,1793,16,104,1690,1497,1747,1795,695,296,171,1806,54,1391
1654,115,1520,465,1956,1799,74,245,1838,482,271,1717,623,1547,1705,1703,1335,1567,629,1524
1800,1612,1463,1825,142,376,1841,838,1892,1791,1643,855,1524,727,1787,171,1949,202,1888,1755
1821,223,1645,1736,1718,1678,439,8,1682,1660,1624,1846,1760,968,1556,90,287,1481,471,193
239,1643,292,1828,1659,1814,1484,1678,1690,1560,1656,1970,176,1812,208,1551,1939,133,1674,1810
1645,211,1549,1543,138,230,1623,251,1748,122,1637,1719,1669,1715,1536,1303,493,844,1832,1840
1479,1718,475,1860,1569,256,1629,694,1785,104,1642,1744,1268,1843,1698,76,237,1659,128,289
324,1725,122,1657,1808,197,180,1694,1622,11,98,1525,1597,1503,1889,374,529,1509,1846,1803
1595,1679,1541,209,1738,1905,1971,1895,1837,806,1497,223,1717,247,1647,205,1608,766,1845,268
1707,1604,1905,1653,1004,1636,1722,1788,241,1484,1734,1825,97,1677,1698,188,144,1649,1601,1655
1937,1789,1754,1908,1749,53,1488,128,1620,1638,1671,212,608,1981,1944,35,200,1788,1655,260
1571,1778,1763,1701,273,1754,1815,914,269,1365,1662,1580,1807,1491,1846,1247,1609,1614,1830,145
1094,1514,1513,1649,37,1760,651,1641,98,172,281,1070,1748,1708,85,1619,724,190,1385,169
1656,120,266,1542,166,1817,1746,1645,1751,1619,1793,1562,106,1261,141,1743,1215,212,116,1137
123,176,1787,95,1560,1848,832,1582,1679,1847,1856,1695,80,1512,287,1737,1804,255,1613,226
156,238,310,1318,298,472,1905,1704,1677,408,1804,1805,1714,1489,1594,242,1519,1840,858,1705
1639,1609,1854,985,1742,1248,538,69,1852,299,400,1168,1952,1058,1839,481,1584,1802,1227,1300
1704,1629,1487,1365,1600,875,1595,646,498,226,1678,281,1602,1393,896,1951,1799,1841,1834,1788
241,1779,1653,1619,1705,89,173,1377,1668,1908,1547,1388,1855,1554,1641,1568,1690,1916,1674,1009
1730,1522,1672,1818,1688,1644,1740,40,225,1706,87,1476,1786,723,1560,267,1902,529,1327,1523
730,1794,173,1338,1477,1504,1658,1852,191,162,1764,757,1646,1908,29,1763,328,1036,1703,638
1837,1526,146,1808,1556,1743,306,1653,1489,1537,1907,1768,1902,1578,1824,1851,1570,1709,1649,1309
439,1523,1520,20,46,985,621,1564,1152,1948,176,1224,249,1558,1958,1678,1579,1736,177,1493
1773,1971,1479,1696,1537,916,1008,1972,1675,730,1644,634,1734,1850,1504,88,1652,1792,96,1767
1676,1755,1627,1492,142,1588,1480,1237,1933,1829,1657,1818,1490,1896,1968,281,1577,223,1153,1547
1622,1833,1632,1370,853,1618,680,883,1722,1588,1528,273,1908,304,820,1744,1817,180,1768,1519
1709,1798,389,1847,778,1480,1924,144,28,1949,1252,146,1647,1617,1556,91,1795,1228,526,1914
488,1797,215,1583,1384,292,608,1612,216,1798,1628,1634,1905,1646,1754,1274,1709,1657,1713,219
239,1582,1779,1838,256,1574,1722,1494,902,1674,1536,1201,116,1485,93,1503,844,899,304,1497
245,1785,281,278,268,1598,642,505,1671,19,1085,1518,277,207,1254,1803,107,1295,1645,1814
1611,1209,1667,1322,1797,1064,1813,1700,1495,1791,262,1782,80,943,1518,125,1644,1602,1833,1603
1803,103,1906,1578,1660,1573,1612,1669,301,1811,745,1501,1524,1650,193,1744,1609,1630,535,1786
1745,1906,658,1853,1666,1714,1673,1855,201,1567,1708,1517,1754,767,1559,1538,1805,450,1850,1683
1713,1785,24,1532,87,1486,1547,1695,1848,163,269,1784,1751,279,1664,1701,1730,152,1711,285
1757,1911,1591,1556,349,1802,193,1687,255,1642,53,1674,1815,1515,1487,253,1784,1933,1630,1944
41,191,1381,213,1679,1746,1840,1589,1557,259,1524,25,288,1822,55,1667,187,1823,164,1592
1514,1855,1645,1646,1777,207,1736,138,1662,1634,1527,1665,1689,1743,244,848,1513,1852,1320,4
1500,1838,1542,1476,121,1573,1281,153,1732,282,1375,1687,1148,1625,1523,1562,1839,1426,1657,86
1498,222,997,1549,58,1441,112,137,1874,1817,1718,1941,1689,1711,1692,1919,1702,486,1606,1315
1663,1071,1657,1296,120,1744,1069,1737,205,1034,1499,1476,117,129,1632,1790,1775,1582,1513,1482
1364,698,1555,865,963,1698,1525,1502,143,127,1644,1535,1815,870,1074,671,1813,1584,1591,1507
1657,1550,267,1842,258,1501,1139,1690,1576,1647,1590,284,1682,298,305,1620,327,1837,212,1521
1501,1148,1630,1836,754,833,1848,1691,1811,1582,1732,1577,677,97,1268,1778,1789,1702,1324,1509
1281,239,1765,1553,1769,801,571,1740,1593,1685,1509,1583,1857,1601,1569,38,1624,1701,1578,218
1821,1844,1503,445,1583,307,1222,241,6,597,1829,1809,1599,857,1591,1787,969,1647,795,1643
801,860,1748,1493,1716,1792,252,180,1838,1471,1609,1712,1652,873,1804,1798,132,690,1810,1177
1848,1595,1679,1195,1608,365,261,1320,1168,310,1048,278,1580,313,1761,294,1550,183,1630,1671
283,308,196,182,1833,300,904,1381,1109,1124,1696,273,1625,152,96,1691,1803,1476,1660,610
1550,1755,1473,1481,150,1837,1962,1815,1413,1980,1597,1833,1528,1855,1836,257,200,1719,1828,1717
237,1396,114,197,406,340,784,1058,224,1684,1553,1841,99,437,1488,1800,807,1913,1589,450
1208,1376,806,1045,1780,262,1670,874,1753,1794,23,1576,1517,1568,172,1802,1614,300,661,1523
1423,1704,1410,698,1396,1696,242,226,1830,129,1922,1379,1762,1259,1863,1500,1743,1835,1363,1200
1169,1556,1663,1637,637,446,792,1648,200,1622,553,288,28,1509,178,1503,196,1480,1829,1533
1668,277,1368,1016,1669,801,1622,316,572,233,1832,686,1671,1617,1615,1812,1491,1511,177,1488
680,1861,1701,1624,1729,1000,244,103,259,1674,1387,1838,218,1968,186,934,1601,1665,1705,1671
701,150,1490,1775,1890,1501,1772,1966,227,1856,1676,1318,1588,1667,1605,1690,306,714,1622,1972
888,1973,1712,1681,338,1124,1679,1717,1519,142,1753,1983,1751,211,1613,1570,384,781,1670,341
1660,450,1577,84,687,78,217,1743,1725,1663,1475,234,40,1759,1847,1318,1716,320,226,1612
1907,1560,255,1442,1700,306,1710,1817,1633,1796,1757,879,1839,1819,1815,340,1673,1522,1640,159
1853,1810,1822,1547,1847,1573,1809,1846,1313,1526,1584,1516,129,1746,1832,1553,260,1157,159,1531
1512,1491,1494,1832,628,1678,1730,1564,1586,1322,1714,1539,1703,1707,840,92,1499,1746,1764,322
879,1483,1537,121,333,1822,1608,899,1877,1131,1648,1954,1971,566,1605,1020,1845,1725,483,1197
1806,1912,1872,209,1718,1512,1353,1390,1560,292,239,670,947,1781,1951,1597,1540,1647,307,1838
253,1789,1478,1569,1665,1580,1716,1623,1072,1706,1608,1601,1643,1508,1681,1568,1576,142,1841,1386
1614,1355,1825,169,503,1733,1643,1606,312,1684,134,1847,932,42,1732,1630,951,28,1716,1736
1328,1383,1517,1707,1496,119,321,676,1647,1593,1483,207,1629,1820,1641,1631,162,1822,1683,1837
46,552,1743,1894,1549,1528,1657,291,1715,1492,1812,1532,847,1589,1303,1841,229,1943,86,1675
1834,1630,170,89,1542,1746,172,1664,1761,1624,1495,1590,884,1905,1620,1604,1087,1727,1584,1563
1724,1644,262,1787,1816,1493,1651,1777,282,1824,1586,284,514,162,1697,1601,1645,1597,326,177
1744,1736,1834,1860,1668,1725,1810,794,205,705,1583,1739,1630,1514,1840,1564,1934,1724,322,1532
1595,255,226,1483,1389,1542,258,1652,1627,1679,653,1702,418,1237,183,231,1724,1734,919,1385
232,1566,1482,1838,1672,234,1728,1794,376,1580,1930,1833,146,236,1912,1637,1584,528,282,168
1575,1482,1908,1790,1514,1178,841,391,1781,320,1754,111,1563,166,1678,1501,1069,101,1621,1513
1562,1975,1715,13,1725,1709,1649,1287,1827,1529,1905,665,1794,1892,1911,1737,669,452,255,1806
1627,1046,149,1518,226,1936,109,1614,1697,1446,1641,283,1857,1656,292,1494,1983,1557,1116,1510
1573,621,1532,1526,1541,313,25,1743,226,1646,1528,161,1960,1279,1153,260,1535,141,1741,1584
213,1024,1168,531,168,1575,1915,1737,1598,1767,1937,626,1843,1722,1653,1623,1507,787,1633,1845
1735,292,1686,696,1110,1701,984,1842,1501,1573,1843,627,961,232,1789,1577,216,830,126,1612
1811,1849,1820,1807,833,865,318,1690,1634,249,680,95,317,1626,1671,1814,1825,248,1719,1563
1687,1682,1543,1930,1523,1679,1753,972,1758,1695,303,1159,1651,1828,224,1770,1665,1355,1755,1730
1721,1558,1512,1709,1740,1124,1822,1677,1523,107,1020,155,1797,1673,633,1073,1334,120,1789,1631
1756,1670,1907,1897,1596,1942,1158,1513,14,1780,1753,1855,1773,1828,265,1094,1015,204,1508,1817
130,1620,75,1591,1534,1705,1657,200,1781,612,1602,310,852,235,884,1841,1529,261,1487,904
152,103,1973,1793,1527,1674,605,691,1548,1519,1506,1824,127,1570,1940,1523,1303,1062,1490,1808
1475,1816,1768,1623,26,1563,1530,121,1522,296,1602,1519,222,1149,1476,1723,158,1609,1303,1974
274,932,1590,1736,270,1546,1372,201,249,80,371,1492,1781,1514,1557,1683,83,1809,1547,1813
1746,246,280,1853,1697,1841,1906,1443,924,1708,1544,568,1736,1790,1694,1659,1642,1583,174,1911
289,1628,1848,1632,1714,1615,117,1680,1699,1681,649,1875,1716,1512,1814,334,286,875,1736,1772
278,1390,1507,1643,1070,623,1618,1391,1591,177,1722,487,1617,1258,1811,1478,1834,1549,633,310
1070,1565,1820,1583,1802,68,1938,1715,434,1704,1664,1817,1685,1676,515,1607,1441,722,1946,204
1622,1775,1843,1032,1745,1502,146,1795,1517,308,1980,1918,1856,316,997,1589,1701,1851,1688,1834
1529,199,1912,1768,1843,1723,307,1803,168,1842,1906,132,295,1779,1677,565,1807,1182,1532,1852
1853,1846,1622,1689,1856,1573,62,1644,1793,308,1951,1772,1818,1698,1641,1804,278,140,109,1912
1504,1370,180,1603,1334,23,1690,1022,1764,1687,527,1512,1955,1029,1383,702,317,471,1621,1734
1813,1660,1611,1526,1812,782,1677,155,1157,873,1849,1826,1854,1479,1856,1486,892,1427,191,322
1758,1957,542,348,1628,1594,1699,167,247,1519,1713,1815,1857,1383,1734,1757,843,1367,1645,1751
1740,107,477,841,1383,1070,78,904,1756,1911,1913,143,1626,39,1613,1660,1779,1718,1748,1576
1545,1516,1767,1535,1701,138,565,1810,1709,1641,937,1493,1565,1723,727,622,942,796,1785,287
1854,679,57,279,955,1643,1174,119,843,1690,268,116,1641,258,1593,1544,934,1755,1682,1696
1708,1071,1687,667,1813,1591,1502,1698,1760,1597,1727,1587,1718,1812,1660,1374,1657,504,1603,1789
248,1620,1489,1616,102,1833,1757,1314,1598,28,1905,1732,1736,1649,325,1710,80,1660,1071,1568
1360,1571,1105,176,428,1022,1509,1097,273,1677,1561,1597,1446,1636,803,1563,1771,1338,1598,1070
1575,1563,1789,1722,1813,194,1625,1807,1830,160,1537,1685,1780,1088,1808,179,1944,847,159,1583
1787,804,1956,144,1613,1528,35,1672,1911,1848,1565,796,1637,1592,1659,806,73,1737,1072,302
764,1504,1581,1610,1559,1780,1850,1708,1622,277,1268,75,1565,871,792,1823,1499,310,845,1482
492,1759,1892,705,1855,1529,1751,1754,1799,864,1783,1499,1714,1668,945,100,222,886,1483,1598
228,1802,1481,1910,1709,1584,206,634,1525,1719,1758,152,1565,1625,320,263,1538,1738,1645,1973
1635,546,1960,285,1567,1712,1857,216,1555,222,80,1627,1617,1475,1614,1769,1797,1756,1932,1631
1811,1525,255,1693,1787,1556,80,626,1796,1498,1695,1792,1562,1972,1625,1806,1482,1501,1838,1654
262,1618,1785,1810,144,1628,1813,1660,1763,607,1967,292,1371,1098,1725,1606,1545,1585,183,1689
1958,1987,1631,113,1433,1304,1484,1494,1725,1726,70,1514,1799,1679,217,1372,1824,1871,157,1741
221,1617,1696,198,1842,1658,1308,1578,1789,1836,303,1538,1739,1543,1915,1678,193,1640,1706,168
1384,1523,1972,1674,1661,199,1760,1698,599,124,1618,737,1379,705,1026,1445,985,1940,201,1737
1839,1574,1568,1468,1912,1973,43,1604,1727,42,295,1383,1493,1684,1242,222,312,1099,1596,1913
1692,1765,73,1942,1613,264,100,549,115,1715,708,60,1681,144,208,1580,1846,1630,1569,1743
1512,604,1570,1509,1699,311,1825,590,1745,1691,1797,1675,161,293,1844,626,1596,1697,1907,1269
847,1478,1629,1654,1587,1738,273,1518,1725,1752,223,1553,1813,92,1487,1610,1523,854,119,240
1626,1759,1542,1570,1700,1603,1545,1622,1647,1766,1650,1741,1789,1619,1494,1894,1968,1392,110,253
1567,114,1737,1759,182,1694,1603,1225,287,194,1644,1657,89,1665,1796,212,309,216,1408,220
1699,179,1912,111,1304,80,1824,1573,1557,1583,1845,1571,1528,1843,1088,133,1714,1674,1388,1494
1795,1537,703,1754,238,1740,1820,80,247,1674,1099,256,1906,24,785,1798,751,1528,1969,1747
370,1128,1680,1857,1477,1398,1570,1839,1831,1589,1042,1725,231,296,288,1901,853,316,144,1806
1941,219,1733,1751,1577,1752,1653,1717,91,1553,278,987,1475,1781,1806,1696,1665,1849,1490,1528
260,1805,1696,430,1785,1714,1517,239,215,259,1689,1555,1678,686,198,120,1783,1726,664,1845
1858,1660,205,98,1610,1776,1780,1192,1957,993,157,1498,1863,980,1823,1037,1813,1615,65,1744
1622,1839,1863,1672,1806,256,1179,1947,710,1681,1687,81,1896,1717,112,1653,117,227,1815,1508
1945,285,258,1512,1072,1699,1799,97,1837,1521,1716,1509,268,1781,140,344,877,1831,455,1773
770,1842,1515,129,1787,1521,1446,1537,1779,1701,1608,1493,1985,1829,1747,1599,1795,1648,1532,1089
1847,1644,1489,1562,174,141,591,1660,1686,1633,1800,1662,231,283,1411,158,267,1595,1570,1574
830,203,1988,1581,1368,1894,445,257,1881,1354,1658,1781,1566,293,1589,136,87,1030,1521,1588
807,1742,766,271,1511,1909,1483,1603,1540,237,143,1499,1770,1801,1533,283,1696,6,107,1809
278,254,138,198,1383,1639,1619,1525,1694,166,1578,1551,1787,112,1668,1544,210,779,1541,322
1157,1695,207,292,1841,1670,195,118,902,169,1833,1746,1663,1505,1488,728,1829,1634,1363,898
1484,1842,274,1677,281,1665,452,1672,598,1769,318,1071,709,1388,1776,1593,1758,1963,314,384
585,1325,1481,1868,278,172,1319,1829,1543,1736,213,1100,1567,1853,971,1529,1645,260,626,308
964,1918,811,1729,1855,1777,126,868,1069,1500,1970,1651,1621,1832,1700,1586,1741,1683,664,1973
1831,1709,1672,197,1482,93,1715,1609,1579,1507,1806,1772,1537,1692,1686,191,1823,1784,1979,141
1823,980,986,1643,312,1841,315,1631,363,149,1879,1139,1559,1477,992,1833,1638,1758,624,1749
1254,1913,1835,1782,844,1630,1523,758,1678,1669,1688,1648,1391,976,591,435,376,1741,1208,706
1721,1628,1818,180,1763,183,326,276,1761,1974,1594,961,1802,1086,1775,1639,1510,1151,1725,298
1797,494,1535,1549,219,91,1516,1599,278,1647,1618,735,1009,192,851,588,1014,546,1480,307
1894,1798,1658,303,1835,1783,119,1493,40,1532,1892,739,1764,1818,700,1958,1950,1583,243,1141
1551,1683,1843,1758,1486,1588,1480,181,722,1430,1503,1507,1909,1501,1627,1553,1643,260,1942,1716
1685,1771,183,28,1101,1851,1502,1737,1496,206,1759,1749,189,1476,1573,1114,1630,1798,1825,288
1482,1749,1648,218,826,1714,1727,1757,883,1191,334,792,151,1704,1660,81,1567,1683,1513,1851
1603,1592,1501,1777,224,102,446,1723,1180,1774,255,329,1740,1830,1702,482,1579,1206,228,1778
1560,1782,1668,12,1732,1841,159,201,1644,1817,206,1962,1561,904,279,1819,1838,305,1752,1537
1599,262,159,1857,1004,1815,669,1855,1097,260,1924,1691,1582,1616,1716,267,1806,145,1580,1747
729,1540,161,1753,1730,475,1640,851,63,1855,1537,1804,1532,1562,1665,1822,164,797,1392,128
1386,1716,1567,1548,1731,1740,1718,1498,1557,1743,1596,1760,885,1732,241,1411,1493,1154,133,1501
1757,1838,1577,1512,1383,1730,1546,146,301,240,1320,1581,483,1664,288,1314,1697,1564,1486,1729
197,1479,1314,1652,1747,296,1785,1562,1126,1574,1717,1725,882,191,1740,1071,1149,1650,1898,1542
1737,248,123,118,1763,1745,1720,244,1552,1705,251,1813,385,1627,1463,1764,431,1782,1629,267
82,1832,162,349,1681,804,828,1731,709,1614,1580,1736,93,1670,1802,1589,1401,1583,1708,1702
312,727,699,1772,309,1643,1497,1534,1985,626,968,1660,1326,1484,1557,1702,1800,1477,1766,1710
129,128,150,1635,983,1094,233,1806,212,1597,1823,1854,1788,515,1797,66,1603,1905,1856,1704
1613,1684,1582,836,1643,1548,1781,130,300,1951,1604,447,1823,1482,1367,1516,1326,1804,1721,1479
1549,1211,1817,1281,1734,1680,1640,1792,1497,1708,1776,1573,1764,402,186,260,1518,126,1614,1676
1806,1712,1814,1025,553,1594,1757,1957,1783,219,1171,1593,1907,187,1690,119,1846,298,1833,120
1601,1785,1687,1633,1520,1240,627,221,1612,1564,1796,1503,313,1963,1801,950,262,1671,1753,681
1645,71,1480,1804,1022,1749,1780,1836,1675,677,1732,1652,1820,186,1623,1946,1632,1598,113,141
1565,1847,1723,4,1647,527,838,270,1478,296,1763,1543,1638,1098,1316,1644,116,1594,1810,1855
1588,1906,1624,1592,1700,1803,1516,1579,270,263,59,1687,1701,452,672,1877,642,624,1751,1811
1484,253,109,1756,1727,1665,1955,131,1239,230,1500,1092,1391,1894,299,1719,10,248,581,1643
1809,1052,1581,1820,1909,1815,83,1555,1656,1727,1482,1728,100,146,1144,1618,1713,1135,1510,1825
1664,269,1930,587,1655,1672,1882,1658,1199,1706,1616,163,47,1713,1836,128,1740,313,1816,1788
1240,140,1609,1677,222,1844,1830,744,1638,1674,301,685,1594,883,786,190,1966,1718,1474,1805
1822,1792,1649,1551,1738,1753,231,1576,139,1773,1912,1809,1639,1682,1853,1545,126,1379,1759,200
1747,1446,1626,1293,529,317,1772,1912,158,1797,1813,19,1359,784,1453,192,1428,1571,1822,1600
1665,1844,1807,1809,1509,1677,1804,1822,1806,293,1782,101,607,97,1960,176,1727,289,1676,969
246,1494,1794,1493,1382,1786,259,1639,1368,231,1955,353,1712,240,705,220,1567,1836,1588,1071
1762,791,1698,187,939,1615,1513,1592,1274,86,87,1518,1747,1384,355,1683,1664,329,168,941
1561,1685,249,1628,1805,254,100,1629,1772,1787,1559,1519,1811,1750,135,1718,1269,1836,1711,1956
325,16,167,235,1792,1589,1542,1508,1768,1644,105,1555,1254,61,1688,1828,1581,129,771,1528
1734,522,1714,1627,16,1760,1830,1939,1616,194,1736,1928,794,88,1516,1793,244,1545,1686,1521
1481,1757,1677,1453,469,165,1162,1679,1649,114,1837,1392,42,1583,1765,292,1748,1812,140,130
1723,1586,1786,1808,1467,621,1625,1763,1681,640,1719,1822,194,241,915,1565,1531,1718,1790,76
1782,1650,1716,1820,1576,1786,1377,1658,251,1613,1725,795,787,1952,1593,1849,1529,190,1845,180
682,1743,1715,140,1989,1829,1755,1908,278,1680,1599,1668,4,1731,1368,192,328,1971,114,1644
1647,224,1478,1605,239,969,1975,1770,223,1651,1854,1185,1699,137,78,1717,208,1635,1291,1800
1483,1778,1634,786,1240,210,1062,380,393,1588,1693,1694,435,1626,1563,326,993,1522,78,1812
1688,1631,1770,1005,101,208,1700,1149,1392,1673,96,792,1493,1744,806,1928,278,1645,1768,1789
1735,1792,1830,567,1597,1519,1852,1586,256,1582,1395,1674,1831,1811,1522,1768,1753,1514,470,178
1812,132,709,1680,513,133,218,254,262,1556,174,1577,440,1597,1722,1776,69,1637,1713,804
1834,1963,1531,1639,152,1965,382,1946,1382,1159,1683,1907,118,189,1862,143,816,1908,171,1900
672,1246,1650,225,179,84,191,230,354,506,1905,1690,1660,1351,137,1937,1571,1831,1837,1338
1713,145,1560,1646,127,1802,163,631,1006,98,312,1556,1498,785,1597,1842,1684,1757,204,1777
1959,121,1550,1698,119,1540,1566,1494,1542,131,1633,1803,107,1718,1662,239,1639,1970,106,108
1644,41,1525,92,201,1706,1853,1582,38,290,1714,328,1762,1584,1718,1551,1587,146,600,827
1818,855,162,126,1841,1477,1282,1912,1625,1672,1856,286,1728,1530,1544,1694,678,1686,1636,1538
236,1651,126,1925,1664,1849,265,1384,705,986,544,1747,50,179,1840,284,1649,389,27,1891
120,1830,1906,1667,1629,265,1734,1109,1758,1773,1527,638,1646,1748,1393,1551,1486,251,1384,1687
1498,793,1676,704,1658,132,86,1606,1895,1832,1948,1704,457,169,241,152,1260,1476,1970,1232
1787,1585,314,1565,1569,203,1348,1069,1768,1690,1573,1493,1657,1235,772,1526,1961,1637,1717,1882
1808,1961,1481,1774,1920,246,239,263,1688,1246,1707,1812,297,1574,1619,1829,1634,899,1854,1673
1566,1849,1792,346,1668,1524,1003,86,1622,128,1977,1700,1972,1812,1673,338,1773,1577,1615,1396
1651,1825,1609,1824,1387,182,46,1712,1854,173,1839,38,1987,219,1826,320,1842,475,540,636
1851,844,1607,1589,158,1618,1692,1913,1385,1854,271,1227,1379,832,1622,202,1540,142,1714,1507
148,1724,1730,94,1121,1817,1729,1718,150,1703,1606,1962,198,1270,1802,1869,1561,72,1639,107
1654,1842,1662,223,1484,1497,260,1811,121,186,75,320,1673,1556,523,99,1829,832,1618,271
265,168,1791,1587,1500,1871,1738,311,1745,1656,1714,1492,1843,1727,1604,768,642,1535,205,1067
1342,1787,807,1507,1587,187,1697,80,1650,1698,1642,1366,1855,298,1594,1776,587,1244,1844,1576
1804,173,1568,1641,1911,126,1726,1810,1816,1700,1659,1510,378,1790,320,155,168,1791,195,1569
1692,392,1638,1755,1557,1546,1344,129,274,1597,1689,1521,1786,1658,1751,1792,1599,796,1705,1624
1790,1501,128,552,324,1289,325,98,1621,1779,1965,1615,443,1607,1558,1719,1700,261,1587,1714
1034,1481,1577,297,1836,1503,1319,1928,432,74,1714,1766,1685,1751,551,1515,1932,45,138,114
135,1790,1779,1160,213,404,1723,1912,1817,141,151,250,806,1477,165,1787,1909,1579,1702,1951
1113,1107,1649,1568,522,261,1489,1534,1559,1663,118,283,1819,1729,1542,319,270,1483,1526,1850
114,231,1543,1619,772,147,1580,769,1486,1510,1793,1644,148,1761,481,1057,242,212,1170,1968
92,1507,797,1744,1483,1606,169,1970,1742,1833,1850,1848,1691,1853,304,1975,556,486,203,106
1735,1606,1823,1860,1584,1774,1559,1778,1856,678,1582,1954,308,1677,1804,171,1693,1593,807,1756
1739,1565,1836,1819,444,120,1910,121,497,1591,1602,1964,1731,302,545,1784,1621,315,1807,1974
1845,101,1616,1519,158,1970,1719,1172,1840,228,1702,1905,901,1758,1912,1783,1580,1800,1486,136
128,1852,299,701,1603,1773,1621,550,1687,1830,177,1746,1179,1409,1774,1597,1519,814,1732,1699
1583,1553,1809,167,1812,1733,509,1576,1509,578,1512,1635,1752,1490,1884,1734,1779,1528,266,1933
1816,1546,1978,286,1630,1736,1699,1809,317,1750,235,1834,1707,1782,668,1491,127,259,1646,1815
155,1856,799,323,1579,185,278,1797,1830,1958,1801,1750,228,1559,1913,1678,1808,174,372,1901
1645,85,152,1696,1527,1319,1831,13,328,131,894,1946,300,1724,1757,191,1623,319,223,1191
1495,263,1545,1565,194,191,1857,1840,18,1820,1379,233,1813,158,1879,1727,1602,857,220,235
1129,136,1805,328,1226,1476,1386,1575,201,1557,970,1828,111,1640,640,1559,1654,1565,1909,1764
1812,1814,842,118,1809,264,1552,1629,1868,521,1627,247,1550,1485,1771,1804,255,1691,420,795
1607,1710,1757,866,1569,1361,1910,1629,1778,1506,380,1592,162,1732,1847,1764,1748,211,1602,342
171,1531,1598,1249,514,1795,836,904,1578,118,1972,1716,1768,1737,1640,1794,1602,1729,1540,1551
1573,744,766,1583,1387,229,1709,1681,1345,190,1786,503,1508,1677,1846,1702,1334,1808,1818,1490
673,942,101,1577,1141,634,1000,257,907,1435,1855,1714,1736,1504,1667,1085,424,1889,1317,1735
504,262,506,1960,1598,1767,1637,1629,117,73,788,1827,1089,1015,102,1627,1708,956,200,1661
1573,1797,1699,225,1788,883,1543,1510,1046,1783,276,280,1190,1650,562,1527,184,220,252,1332
1642,237,1384,1589,1736,1802,1475,154,1760,1427,91,1700,1908,1523,1553,1547,1699,1687,1546,303
1612,1708,1143,1548,418,248,1162,1111,176,1375,96,1554,274,1650,63,1630,1699,1823,97,208
141,1696,85,1525,1720,1896,90,93,1554,663,203,1724,1728,1630,1732,1589,1714,1833,1955,195
1549,1070,18,644,1779,1691,263,230,578,1785,1737,1018,1771,184,1119,828,1776,1697,1794,1648
1696,266,1862,404,893,1686,1519,1710,1559,1761,262,280,1488,312,227,1632,249,1691,1563,1581
561,1512,763,1506,1600,1480,228,1724,158,15,1668,1642,1294,1573,1556,1617,1873,1607,1760,1587
80,291,1704,68,1809,1770,1621,1524,1937,1748,812,395,747,241,1682,1657,444,1851,120,1760
1805,1846,711,1781,1683,1524,1144,1960,1721,1757,1774,1648,1822,1626,1793,699,145,705,218,104
1630,1799,905,564,1683,1379,1850,1484,1570,1608,1648,1725,1831,1572,1654,1526,1847,1498,1818,1621
1494,1626,1769,1848,157,1913,1637,1676,1729,1947,1481,323,1506,203,1701,1839,619,587,518,1562
1394,1486,933,1491,1522,319,1795,1511,1623,1702,1851,1668,1396,1819,1585,119,1721,1833,1647,156
1845,1519,1769,1646,1532,1744,1833,1607,1772,275,217,571,1746,267,1588,1396,1679,1500,1807,1735
1676,1756,436,1475,1589,1779,523,1747,164,1812,1512,1644,270,1737,1666,1483,1591,315,121,1665
1842,1702,1505,1538,188,1249,1567,1843,1824,1834,164,1650,1465,1665,181,1678,405,1760,292,1534
158,1627,1333,1487,1282,1368,711,1579,1741,1705,1692,1252,1844,132,220,1576,1582,1827,1625,1781
1477,651,1208,1976,153,1231,786,1067,197,1480,280,1625,1001,1891,1527,1394,1479,1224,1843,1786
1829,1832,1681,1597,1689,318,696,1816,1787,1557,1776,1504,1506,1643,977,1486,37,1592,1691,1626
234,1851,1531,1643,1512,1953,171,1379,1585,1735,638,1780,1782,1747,1669,1663,1366,656,1529,1570
1372,1764,257,1836,1547,1814,1655,323,101,1738,1530,134,1822,1825,11,1724,1634,509,1211,1538
1632,573,1192,1531,75,239,1476,758,1372,1825,1687,979,1957,1582,294,1614,1379,1099,1736,1603
228,997,1274,1716,1370,15,58,1897,1816,1834,1743,1519,1703,575,264,1585,1381,267,1942,242
1794,1565,1838,1827,1572,1836,649,1666,1333,1802,1745,568,266,1895,1520,319,1837,903,206,41
1757,1522,608,618,188,176,1568,1348,1716,649,1754,1697,1491,1751,1665,836,45,538,1824,164
1585,1619,545,177,1838,32,746,249,1573,1628,222,744,1955,973,229,1568,204,640,713,1969
1775,1465,723,1604,1784,1779,1765,1730,1544,1553,1710,264,1699,1818,1522,1974,1494,1600,1356,602
1113,305,1605,205,1845,1664,376,1047,1543,1481,1583,1541,1519,1700,1391,111,1533,1812,1850,240
1821,563,173,262,1729,143,1391,1497,1849,1661,1092,130,636,175,1660,265,664,1738,1700,1816
1761,1662,134,1895,932,1569,1584,1847,1526,145,1375,1619,1719,1217,1959,1485,701,1606,1490,360
1804,1659,1546,1577,1678,475,824,1620,97,1227,1070,1665,455,1710,1478,1508,1550,1807,1701,1581
211,1664,583,1918,696,1618,914,1173,186,1833,1626,787,1912,266,1553,1742,1072,307,299,1770
291,1557,1661,1912,1307,1662,1597,522,197,309,447,1600,1589,1913,212,1691,1610,1521,1703,167
1733,660,1595,1639,1576,1656,116,148,1600,1317,1749,1719,1374,718,1523,80,1564,611,1686,1694
1784,291,118,1320,360,1747,1808,261,1749,1591,1809,314,99,88,1595,1566,204,1734,1897,1781
1268,1724,248,214,1957,1574,305,1822,1513,1510,1572,1069,1693,1856,1585,1564,1883,1556,202,93
1502,1590,1789,1847,207,1809,224,1647,476,1713,1517,1686,1807,1683,99,1779,428,211,1762,262
1629,1475,1911,1544,957,1537,1473,1680,932,982,1660,292,1762,926,245,1628,1709,297,1784,196
1579,1538,1778,207,176,1560,1853,1229,1643,1723,1476,1791,1753,1749,136,2,1750,1594,1519,1495
1658,303,1950,1899,107,1781,220,305,94,186,123,1539,1843,293,117,187,1838,1753,1647,1523
1698,1494,74,1506,268,1929,1658,1477,1776,1693,80,1969,73,1671,1233,945,213,1703,1701,1575
1713,1483,1687,109,152,135,1881,1693,244,93,74,313,206,1540,322,1750,1092,1544,175,367
1701,1621,1765,1697,1536,1517,1514,1777,1851,1625,1712,1848,1530,1476,1529,1731,1797,836,1964,1776
1606,993,218,203,1619,1723,1787,1808,1729,1563,1913,1836,1627,1307,1660,522,1493,1772,1645,187
1856,1571,1705,1709,1519,1532,1613,1658,1609,1493,1677,1828,463,1049,1747,1679,1734,403,1476,1563
963,1829,1613,15,112,1804,1901,1685,1338,1849,1271,244,1548,1583,312,1943,78,178,1209,232
1652,1569,249,1575,987,1499,79,1762,1582,1669,398,1553,1527,1833,1020,1506,1919,1453,1733,1909
1776,114,1672,1495,1475,1847,1319,1827,918,1695,249,1886,137,1964,1723,1639,1538,286,705,740
920,1954,1368,519,1659,194,1853,1835,450,1532,303,462,328,802,1726,1600,235,788,265,1633
1560,1705,1819,1829,1691,1548,278,1681,1632,1589,1849,1853,1815,1647,679,1857,1948,1587,1094,1840
1611,130,111,1816,121,541,217,1969,1743,1941,241,1680,1649,1839,1675,1769,271,1668,1733,1726
263,1712,1588,1741,1719,1937,237,1743,1947,1621,1674,77,1141,1410,1960,1912,168,1729,1823,1485
1523,1608,1552,1514,203,1555,1832,216,577,1846,1727,108,1546,1702,97,1069,1521,1782,196,1396
134,1600,1745,1528,1117,1654,1921,1985,1418,1549,208,1729,1920,435,1545,1280,328,26,1835,1702
1547,1850,1805,229,257,117,1512,1477,1756,1317,1573,263,1617,991,193,528,118,154,232,1634
1707,83,1683,1559,1939,649,134,1812,1536,1491,1854,1725,251,1746,1010,1572,1705,1668,1718,586
1759,1908,128,137,428,296,91,1614,229,1548,1698,1494,1845,1696,1530,279,235,1742,1730,1722
207,276,1096,60,1656,204,1955,778,1759,1547,1630,1756,1538,1637,1503,130,1508,1706,1810,1485
1664,1744,1620,173,1715,1705,1822,1492,782,1794,87,1549,1935,1749,112,1747,1852,1760,49,1601
1615,1895,515,1772,1659,663,1484,202,1818,74,1901,1857,1693,945,1683,1791,258,466,1396,1639
271,726,139,1713,1690,938,1760,1818,213,1533,1688,901,274,1491,176,1551,1798,1069,1790,1384
1610,91,1555,1617,203,607,1552,182,1671,1849,1691,329,1325,1955,113,421,170,1960,107,1526
1555,879,1753,319,1751,156,1787,1718,253,1593,1714,1628,167,1765,1804,1581,1549,1515,325,1479
1548,28,1801,1577,1660,1482,1591,1260,174,89,1288,1612,104,1814,981,1768,118,1855,1585,158
774,613,1177,198,1607,1892,169,1719,121,667,1670,1970,352,1730,1909,301,1782,228,269,1497
115,1530,1657,472,992,717,1390,1850,1694,201,1528,738,1699,178,1814,1575,1724,820,1705,1650
1669,1516,1821,1564,1812,262,1610,259,1839,1512,1691,1780,224,1800,1611,1598,1583,91,1267,1630
1590,160,253,1580,1539,1566,244,283,250,1648,1786,1698,1502,188,1589,1243,1514,1855,1734,1378
504,1493,291,1722,1497,1808,197,1692,189,1811,707,461,1762,1846,1796,1937,207,1798,134,1072
1688,208,1508,1546,87,793,1607,84,1836,1533,1785,314,1491,1748,1844,1277,1677,1983,1700,1495
1563,1689,1647,1712,1843,1913,1849,99,1698,1881,1896,1767,866,1813,1579,311,1803,1735,1745,1773
325,1512,1757,78,1812,161,1796,1713,1726,1651,1483,1223,1676,224,372,1911,128,1830,1482,1782
500,1672,1522,88,1733,1728,980,1575,1507,1201,166,1850,1565,1640,1638,1695,17,201,149,47
1937,1961,187,1394,1614,76,1516,1724,74,199,278,542,1282,1941,1680,1714,194,1597,1675,296
1788,577,1846,254,795,1592,1664,1695,1783,1162,195,1676,1719,296,127,202,78,1473,1410,1761
1517,1779,224,1558,1508,1831,1700,307,1138,9,1736,1485,628,1822,183,1662,904,1410,1326,1871
85,1649,1395,1911,1761,1795,1640,1710,1852,1617,1536,202,107,1653,1759,1666,180,1952,276,1535
1780,1704,1815,1800,1601,1624,1581,1849,283,1607,1588,1468,1553,1310,1554,274,1746,1574,1682,1813
1617,1733,1706,1849,644,216,199,100,254,1070,1788,1493,1529,1575,747,1631,1758,317,1634,227
1643,1657,1724,1619,122,1609,807,1517,1678,1807,507,1580,1842,1751,1770,1836,1925,844,1581,1370
272,1739,148,284,1220,1557,1705,1728,114,1737,1696,1595,79,1603,1907,225,1945,171,526,20
1735,208,218,1633,1588,1539,1799,1646,1612,981,206,1782,1068,1975,1764,159,1327,1548,1644,256
1322,1510,1536,1638,1537,1812,1652,1837,1525,1942,1621,1728,448,1118,1576,1535,1809,132,1756,1763
1590,775,1489,1659,1811,1912,1969,1670,1899,1510,1150,1546,1478,1047,197,318,1075,1759,1509,262
1786,1859,1379,1717,1524,101,1580,1679,26,1073,1752,1204,209,1715,1838,1722,1710,699,1896,1843
1375,1119,1636,1586,1811,1593,1783,1514,206,328,1722,1758,1640,1406,1695,259,50,1544,1776,288
1626,1795,1719,1913,1769,1383,124,941,1555,1784,1968,795,1709,1751,1911,1695,363,1646,260,1561
1812,1640,1385,892,1348,1748,1324,992,1496,885,1584,754,1679,276,1514,1724,1753,262,1593,1760
1676,1773,1546,1330,1542,1695,1525,1958,1969,1691,1580,1756,1780,1698,1338,1941,622,1684,1726,1555
1750,1855,375,138,85,755,1761,681,200,1773,1749,117,1793,1592,1669,110,1559,1624,910,314
1493,1728,1540,1958,834,1508,1378,476,1021,775,462,101,1630,625,1384,1741,1567,992,1772,1841
620,151,1528,1698,1703,323,1161,717,1491,1711,1716,200,1847,211,1857,1510,1277,50,84,1881
1650,1572,1804,1715,1498,145,1547,1508,1559,1504,390,1629,313,1485,1637,199,147,1567,1733,807
1478,1760,316,1638,1171,1756,1585,1909,1612,542,110,1584,1534,275,1740,1516,1674,232,1821,1616
206,118,311,140,1871,1552,1766,1729,390,1674,1815,1928,1710,227,1512,1589,1763,1576,116,176
422,1607,1893,1638,1538,1517,391,1757,1593,318,105,1850,1581,900,1678,328,1826,244,1701,1748
85,1521,1794,152,1840,1724,1634,1530,1667,304,1707,1689,183,172,1507,797,1562,1549,914,1383
1493,1773,1605,307,220,1909,528,1173,1687,1679,1758,1805,1662,1654,1884,1159,1900,147,1778,1798
304,1617,1488,156,664,529,1981,1318,1900,215,1684,1745,1834,1643,1976,1494,1850,279,198,1548
1793,1629,92,1699,1941,1535,1705,68,1507,1730,544,1843,1833,1084,146,972,279,1643,1633,1931
1764,16,1971,1174,1670,189,308,184,294,251,1300,1908,119,1800,1730,1775,1777,1630,1436,1615
154,127,1377,1739,120,1912,1573,1950,1631,1913,1684,1935,13,1856,677,1843,1521,1534,1806,1814
1097,784,1448,1784,1384,1592,1476,132,1638,1739,1354,1368,1629,1655,1198,1214,830,1768,297,520
754,1304,1479,1683,215,1511,80,84,1659,1497,1717,89,726,1639,997,127,1909,1569,1846,1896
1656,1759,1636,1735,1836,1504,1820,1497,1908,1668,114,1540,1615,295,1856,1802,1703,1060,1853,1506
239,1033,1913,284,1967,1498,1332,411,1675,1790,1777,166,1747,1827,1633,1795,1774,683,187,224
1688,1652,1483,1732,196,233,1598,1210,83,932,1741,1781,143,1933,304,1715,1821,1583,1502,1703
105,1646,368,1543,116,1566,1777,1860,1601,28,1591,1795,1556,1805,1630,1618,1738,81,1698,503
1853,1830,1553,1552,1835,933,809,1784,1554,1488,1856,1540,179,1623,1794,1703,1749,888,1513,1736
559,1827,1556,1379,1830,1722,806,1574,880,1856,858,835,1729,1520,1820,1661,1524,214,1693,1517
189,1745,1704,1787,1767,89,1655,1541,624,1651,1395,300,1678,1633,1354,1646,1595,1676,1980,886
180,1490,1717,1497,1521,1560,1678,571,1723,1895,1509,1712,1681,175,142,1670,1643,1950,200,1079
1822,1813,1840,1330,1392,1627,250,646,1740,246,66,1830,1984,282,1649,624,1683,494,795,580
1611,115,1808,1619,1732,1676,1711,1970,1584,1534,1802,1709,1773,1588,1852,73,313,1968,1025,198
1660,69,1692,1521,589,1846,1511,153,1808,39,899,321,325,1683,532,782,327,1726,59,217
1535,1678,207,809,1630,1903,1375,47,309,1784,1379,156,233,864,1721,79,1650,1506,260,226
1953,137,1831,1481,135,781,1810,1647,1645,287,284,199,812,105,780,169,1493,270,1972,1636
1148,1681,1244,721,1775,1488,78,1673,1781,1705,717,227,536,463,1645,1755,999,1960,1540,40
1842,152,1311,107,1485,1534,247,1614,1871,707,1385,1747,1616,1850,1725,1959,1807,1574,1819,293
467,309,145,1495,930,1620,1575,773,1670,160,472,1603,1848,1616,444,84,195,1411,979,108
109,1649,1686,195,246,1927,1725,1793,1829,1973,137,1590,767,1625,1748,222,87,1531,302,1117
1982,1612,1732,1608,1372,1539,168,1750,123,72,1535,277,1586,1679,90,1657,1201,1707,1487,1656
1693,1719,1141,1188,1652,1615,1760,1798,1761,1618,151,1509,1907,1825,90,192,1590,1560,1714,1490
138,1965,1522,1531,1390,1819,541,1845,1847,24,1580,153,148,135,1508,1378,1752,1485,83,1797
1172,1653,1488,295,1493,544,669,1796,1788,1619,1936,214,1976,123,1295,1737,1688,34,235,1739
1630,1544,243,1524,1695,994,239,291,1693,774,677,1749,268,1783,1627,1725,216,1638,1719,45
1742,1490,1849,1611,1906,1609,1652,1754,1088,1546,1559,1764,792,1547,110,1379,179,1501,1666,1825
26,1593,1574,1633,942,1748,34,1961,1823,373,1751,746,1691,1490,1596,1581,1515,1475,1766,597
1776,1691,269,1059,1119,1578,1599,1901,297,739,1523,1641,455,1844,1635,1922,294,164,1787,66
1909,134,1743,1911,205,1688,1645,1805,128,1977,106,1755,1754,1661,1487,1717,193,233,1712,1899
106,1836,275,1662,1525,250,1640,1745,1689,1908,1827,1320,1816,1744,202,1931,1490,1663,1767,1605
1728,1700,469,1752,1733,1099,650,1680,278,767,1796,797,372,1642,1670,251,1833,1725,1201,325
1681,1475,374,404,1595,684,1534,196,130,1477,1835,1482,1719,1368,258,1633,1382,781,1813,19
1138,313,1720,312,1521,1749,1121,1805,1638,1493,1763,269,755,1764,1536,1971,1836,1367,1484,985
1490,1800,1304,1546,1855,1707,539,701,311,213,1780,144,1649,791,289,1612,1851,497,1740,1582
299,1639,1855,1723,1084,1586,1684,1712,1892,1733,1935,1626,1396,73,159,1481,1530,1808,1825,1521
93,362,1666,300,1478,297,203,1273,1624,1741,1576,1899,1771,1124,1691,1574,1690,990,232,317
1785,1691,1686,1932,1365,1487,1739,1743,1689,280,1859,1753,1783,1534,285,138,1761,101,1579,1846
1151,602,1801,861,1778,1275,1727,1756,1952,1619,296,294,1342,998,1741,1728,1502,1576,503,392
720,1579,932,1411,433,278,1699,1850,1837,1557,1728,129,498,1198,523,1755,1677,1676,1974,108
1484,97,550,1725,1855,1569,1547,286,1651,1646,1776,1774,1685,1742,1607,1781,1712,1743,1973,1692
1230,1736,1737,816,293,1595,124,1710,1484,1726,529,1838,1772,1507,1395,1101,1774,962,920,188
1769,934,1510,1897,1589,751,1610,1591,1599,115,1622,1901,1956,305,1849,860,111,1749,1604,1773
276,249,1607,1539,185,4,897,1535,1555,1482,1793,124,1523,1776,230,1604,1825,1622,949,1531
230,1492,1749,1654,226,638,1639,1601,1563,1223,1795,1567,1652,411,1580,1822,427,1519,1475,195
250,1825,1675,1786,1617,177,1843,230,184,819,377,1725,313,1341,1763,1527,1844,1706,189,1610
1540,1507,173,1727,1913,680,700,1486,167,1396,193,1699,1760,1859,834,1648,326,1796,1657,412
1821,163,1518,540,1686,68,1494,1756,1479,1595,1776,127,1796,1590,1570,1975,1051,1542,317,1565
1371,1692,797,1815,1550,855,1706,331,1500,310,1854,94,1493,605,118,1532,769,1816,150,1746
1499,1617,1547,1855,1567,659,1524,1742,1382,163,1789,1514,1670,1850,645,1826,120,1636,1727,1681
1776,1973,550,1879,1067,1890,1674,1494,1481,1718,319,310,1860,1484,154,831,1700,1038,1410,1968
1737,149,1754,1572,1575,1449,1543,1668,655,1857,1851,1043,87,722,1720,1723,1549,1910,859,132
1663,163,981,1791,1847,1477,1676,223,1789,1268,266,1532,1581,401,1747,1744,1758,1533,856,606
127,1716,1531,1680,1253,1713,1493,1505,324,1783,231,1624,1912,1801,1693,1741,1689,1729,1839,1521
1639,1781,1663,382,1530,1550,322,1707,238,203,1481,1852,846,291,1774,1444,248,1910,1777,1602
1546,455,127,856,1700,1661,1547,258,14,164,642,1764,1708,1716,1812,244,1654,1698,1783,1071
1682,1506,135,866,1019,988,1770,1668,1814,1905,1772,1761,1857,1380,508,1518,1554,1624,1705,1507
1391,671,764,374,1712,1556,93,981,646,629,1844,1538,472,268,1913,185,1692,842,1490,1644
1691,1030,68,455,121,1624,1817,1569,310,1603,1307,1496,1482,576,1593,1613,1729,1275,114,1157
996,1655,1804,1639,1751,1609,20,1383,1554,785,1601,1545,1837,598,587,325,1857,1757,372,1346
1831,1365,1695,1892,1845,69,1494,717,1906,1395,100,1578,1657,1312,1774,1905,1677,656,1761,1752
897,1640,1777,1509,1793,1639,1779,1778,1530,284,1672,1495,457,1481,219,1853,1603,80,1799,1631
951,1907,1647,1963,1954,1732,1395,1523,202,1959,1796,1972,650,416,1667,1848,1697,196,1654,1953
1202,1477,1951,253,1321,1706,1798,1556,1672,99,1171,1698,1722,187,1837,1663,1169,1580,1682,1069
1674,1682,1688,1729,1882,1334,877,169,1492,1702,1690,1777,1523,76,1671,1826,1592,1783,180,239
158,1746,1771,166,210,1583,1643,1483,112,1573,761,1467,269,289,1815,174,222,789,1950,202
1489,184,1231,1784,1681,178,691,1749,253,1734,1787,1698,1655,162,1815,1112,1508,39,1791,1740
1484,226,302,1935,1396,1762,1540,1728,283,1824,1856,1574,166,1742,1798,50,1561,1796,147,1618
1772,1712,1136,920,1801,1590,1821,1952,1684,1905,51,1497,1728,1968,1489,1732,1851,1034,508,1777
1846,1908,1484,1505,1533,1619,198,1811,1968,251,117,132,152,1779,1749,1717,1571,1512,781,147
1965,1718,1482,1847,1583,1570,1637,329,1757,1770,1202,144,624,1748,1745,1555,1803,1947,1854,1446
208,708,1477,1857,149,1060,1732,1668,207,56,989,1688,1670,1851,1607,1251,1983,1501,1652,1660
1136,1819,1725,34,1862,208,1915,1722,1791,649,147,1811,1517,1965,1794,26,1720,669,1802,1548
1512,867,1843,1783,1516,555,1719,1569,1907,281,1920,1636,267,1730,1957,1969,1240,698,1814,1759
1656,792,475,313,1696,1527,273,1481,125,866,1310,1097,134,957,1619,860,1650,291,1585,1736
1735,1665,82,1906,222,1583,467,1647,1624,1558,1478,1716,1551,1795,1814,101,258,1648,312,1704
