80,966,438,1668
1744,162,1387,1805
1628,1762,230,1774
602,504,267,285
839,1813,141,1718
1694,1545,1581,1715
637,1782,1743,1838
1513,164,230,1630
1855,488,1822,98
1903,1395,1760,1605
1097,1837,1564,259
1852,1857,969,1478
162,1634,1989,1825
1734,1827,492,249
1513,1704,433,1578
1812,1594,1805,1601
1608,264,123,1780
999,1492,844,1496
1526,1616,1218,868
1905,1684,1347,825
1607,1699,591,1769
1981,1815,1850,1636
1594,142,526,375
792,1475,1715,39
1713,1524,969,1584
1575,1641,107,1485
1581,129,287,1054
159,858,407,980
1632,1827,1391,1590
1631,1511,1591,1636
1660,1720,1541,1361
1539,1654,1134,1842
1855,1759,1506,1807
1532,270,1352,1596
227,279,1527,1736
171,1730,1845,1341
1500,287,1838,1771
276,1744,1214,1548
1614,1056,1815,1579
639,1110,1823,1799
1911,227,1721,1832
1809,1766,1571,876
1810,1957,365,1643
1541,1124,1548,1985
1554,1477,1687,1715
1741,1111,881,1642
1814,1806,1625,1509
114,610,235,1783
301,1723,1566,1829
389,1707,413,95
1836,1929,1442,1697
1591,828,829,1813
869,1528,1543,1577
1543,300,1726,1224
1895,304,801,119
641,1910,1707,1582
698,1576,1972,254
1508,1268,1687,291
496,1680,892,127
1528,1484,508,1761
1646,1178,1658,1520
1832,54,1092,258
1508,174,1711,1495
554,1546,1664,1245
1612,1767,1581,1789
139,1944,76,1636
57,1941,297,192
1759,1855,967,735
1164,230,1803,1701
1785,1797,872,897
1681,1586,1732,1499
1630,276,1536,173
318,55,114,141
517,1800,1670,158
1566,1560,88,1763
1721,1380,289,91
1781,1533,1668,646
258,1787,1803,1911
1909,1719,187,1551
1939,678,1544,226
1481,614,1802,1691
1819,1611,1536,1744
803,1707,1605,127
1364,1487,1755,1497
1621,764,1018,1785
1749,1704,1968,1695
1565,854,1495,1761
1612,110,1610,1910
238,1354,1729,48
1688,588,215,1701
35,1503,1539,1569
1273,289,1438,1627
1322,1622,1646,1605
100,463,1569,219
306,1821,1770,1391
1417,1748,1652,1727
1485,1606,245,1874
1843,1607,1725,923
1693,1660,1839,1813
1793,1578,1834,1650
1844,1829,1842,1338
1690,1668,1708,592
1524,1311,1525,1693
1739,547,1013,1685
1375,1594,1787,1548
1722,1366,1765,621
422,922,1848,1683
249,1584,313,1556
1840,1807,257,1657
1834,1733,533,1761
228,1479,1839,146
123,1573,637,791
312,1735,1485,1147
119,406,1239,473
1352,1691,1750,1627
1576,1753,198,1687
1649,1573,313,1808
1797,729,1648,1693
1587,1523,1815,1588
1771,1794,1224,1735
1737,269,275,1658
303,1853,1646,1937
1339,883,1887,44
1830,1764,180,1566
1655,1535,1574,1756
77,212,1776,29
1945,1913,1583,1645
1480,1742,319,427
1856,199,1913,1791
1824,1748,1816,1569
1958,1740,324,1677
1082,1594,1806,1895
1540,233,1581,1822
85,890,172,725
1713,1703,1908,1950
488,1682,1560,1402
1249,1767,1725,1650
407,934,1501,738
1735,1493,198,1658
1717,1177,1947,1491
1615,869,1004,1584
1672,1793,1809,1497
125,1,1890,315
1615,1305,1492,1365
825,1870,1679,1633
263,224,181,580
1571,1647,1849,1749
384,1711,1678,1557
1792,1653,1188,1123
1912,15,148,1693
1645,1639,1714,1937
1753,1507,1922,1254
1814,452,1679,1734
1530,214,213,1841
1597,318,171,1690
1721,1328,177,334
1602,1794,1578,144
1577,675,1801,307
1564,1385,1384,1742
257,735,1847,1567
1649,1267,609,1643
142,783,1070,1401
1524,1831,1706,509
1647,825,1768,1200
121,1668,1257,1609
1003,1829,1767,1611
1795,1630,346,1567
260,1551,1882,278
1720,173,1749,1748
1680,1026,1813,1835
1133,1243,1751,1592
1611,652,1740,992
1549,1528,301,304
1551,1669,1618,1545
1756,1705,1746,1672
693,1708,1736,1532
1884,1394,1829,1523
99,1746,1809,1390
1835,1764,1616,27
1483,1807,1544,1291
325,1489,1611,1658
1800,612,1587,158
1826,1679,1839,1560
1550,1371,1070,158
1603,1922,1073,1533
1365,1805,1787,1274
1847,295,1677,1722
1476,212,1666,928
1643,623,92,1797
1780,1848,1813,1767
280,1642,1690,87
1559,1588,203,1791
210,1828,232,280
380,1821,1595,1079
1209,1788,1636,1843
1692,1524,1757,1811
1786,1922,1480,1500
1660,1702,1596,210
1688,307,1855,265
1794,1747,158,1522
235,1589,1801,1685
1482,1580,1781,1268
1845,118,1771,1507
1767,1849,1707,1668
297,1596,1579,631
1572,1534,1689,1764
294,711,1515,268
66,1643,1492,172
1727,1558,261,949
134,1518,890,1599
128,1511,165,924
285,413,265,1677
1802,1794,1354,1601
707,1431,1481,1391
1670,1418,1829,145
1370,747,1254,116
282,1654,1485,1776
155,1513,1938,102
1820,1509,1834,1568
1538,981,1772,124
216,200,1750,1855
1540,83,1832,1661
1753,212,1869,920
1733,1783,1700,1369
162,1904,790,677
244,1892,1968,230
120,1728,87,484
1080,1480,1502,621
1575,1385,870,1909
1828,1769,1530,798
1527,1047,1325,1806
1787,613,1687,174
1427,1547,1692,1675
1547,1708,1811,820
303,151,1912,1793
1548,1740,1956,1347
41,1611,1607,1508
1810,1838,1905,1558
1849,1542,164,1756
263,1894,1628,1758
1574,1710,1689,1640
1602,1501,1504,1693
1963,1560,1728,169
937,1218,101,141
1720,1597,1778,111
1668,1791,1958,273
1716,1512,1731,1974
1856,1576,1376,1688
1836,1707,251,473
1908,804,1785,1906
1094,202,141,79
1612,159,1563,1517
1836,1190,1514,1378
1541,993,1760,124
323,1551,1583,1634
1656,62,1191,1791
873,814,1636,1517
1825,1592,1283,1500
663,159,1298,1742
329,1553,1265,1207
1691,1568,1752,168
1786,1723,1567,934
976,78,1624,1515
1850,1647,1791,1790
1491,1563,1913,1409
1570,1529,1482,1908
1576,1885,1262,1843
530,1545,1519,1910
1046,1526,1809,1668
257,1773,1784,1659
1573,1706,1527,945
1797,1789,1954,1710
706,1612,325,984
1908,279,262,1179
1850,238,1750,236
552,1540,1773,1380
1880,287,124,1586
1764,216,1631,211
1722,1955,1674,1692
1835,151,1521,1314
341,1601,1660,1724
1734,1754,198,1673
1829,114,1737,1752
1733,1617,1828,1681
1786,1203,1372,1692
1969,1899,1627,300
1696,232,1734,1721
1534,75,1770,1657
626,1808,1562,141
1564,153,95,1499
817,239,1690,777
1768,322,890,1948
121,1173,1982,1484
1484,1319,1680,1494
1942,1510,560,1376
1618,1861,1520,1681
416,1681,408,1682
703,1912,28,1311
1495,198,1734,274
1646,1724,1327,1812
1261,784,1539,1000
1383,1591,239,591
1596,1246,1683,1656
1642,1815,770,1770
1709,14,1737,1395
1718,1496,1845,196
781,115,1597,162
1811,1802,232,1528
1633,704,1739,1588
1710,112,1601,1169
184,1751,1523,1585
262,1611,1795,1837
1521,1692,354,435
1653,512,1674,225
1527,1651,1814,1862
1622,1491,1644,533
287,1942,1957,1215
1884,1850,611,1723
1013,166,313,316
1697,889,1797,15
1090,1753,1539,1513
1770,1803,234,1637
1960,1722,1831,1784
99,170,1659,1683
1637,515,1742,1579
530,1500,278,1685
1626,522,849,1500
1788,1778,1828,869
1644,108,140,1742
254,122,1661,1534
1580,463,1821,1598
164,1494,289,252
636,233,1855,840
94,1702,307,1311
287,1740,843,1631
1551,88,121,253
280,1761,1627,1656
303,1619,1387,197
486,288,1629,198
823,177,454,1977
696,1628,1550,1688
117,94,1753,288
1940,1746,1527,1484
1575,1643,1912,197
148,1542,1703,168
81,1592,1558,150
1774,119,1660,1825
279,148,1500,157
186,1564,788,1706
1577,243,278,1383
1299,39,1328,1514
1668,1603,1780,1539
1482,260,1727,1613
1850,415,944,958
1546,1772,1617,1634
1231,289,1274,1088
187,1777,228,1789
1831,211,1659,1665
1501,1706,137,1222
1338,1621,1505,126
1815,1799,1484,1514
885,1811,1760,1950
1575,337,808,1760
1851,1623,1512,315
1738,1686,1801,1524
257,1557,1564,1579
248,1810,1826,1350
403,1633,1572,453
313,1791,1804,227
158,293,276,1469
1585,1562,1546,1666
1592,1841,798,1046
1332,1602,1832,148
1552,216,171,320
1700,196,1800,1845
1783,1941,121,1710
1665,1759,1752,1850
929,881,242,532
1650,1265,1977,127
229,1785,1696,1623
339,1513,1190,1485
152,137,1642,1860
1756,48,296,277
1942,1831,932,1787
1773,1640,1747,1723
1377,1642,1702,42
103,93,1654,714
1948,1780,1667,1621
1823,479,1563,635
1569,1712,1774,1678
1500,1801,1717,258
1759,161,1921,1273
1579,1735,1849,364
1874,1944,702,1721
1353,1552,1566,1398
1680,1575,1569,1764
1593,1782,1819,218
1646,1911,249,1511
1388,1675,966,1502
1682,1376,1782,1512
1541,177,1739,1697
1647,1501,536,385
1684,1660,1911,346
1031,1581,1685,1828
1913,191,1954,144
258,1823,898,1632
1653,1342,1516,1905
1637,1544,1225,1592
108,1576,512,1637
181,1674,1119,1475
1496,232,244,1511
1660,281,1837,233
194,1684,1643,1187
1375,1968,105,1503
1615,1689,723,1631
1394,1313,183,1514
1639,1658,1330,1380
1515,203,1742,1267
234,1744,1752,1776
1565,1697,1618,122
1596,1187,189,1722
428,1974,538,1844
1735,225,1623,1550
1911,1624,1570,258
227,1822,1500,1552
1740,74,1625,121
1711,1815,1695,1776
1767,1846,1070,300
252,1509,995,1550
1642,1852,1510,968
1613,1778,1968,123
1863,888,117,1689
1929,1494,1609,1588
407,1849,1784,1683
1602,217,1512,1541
1908,1270,1795,1779
1616,1542,1551,1665
1797,1767,208,743
1848,212,234,171
1522,1769,1730,958
1770,135,1678,1675
29,1613,1988,1070
761,783,187,1391
122,1825,208,1315
308,1554,1765,178
1838,1558,199,1773
1543,1675,244,1570
1589,1616,201,1699
215,233,155,1963
1757,1719,214,1561
1735,1753,395,99
202,283,1820,183
872,1372,1824,1057
1644,1587,1136,1722
255,187,1577,259
1551,357,88,1635
1501,1592,1838,1697
1618,1769,1750,160
1754,1676,1519,1725
1552,1478,915,1680
33,1682,283,1839
1908,1659,80,1743
1425,256,732,1677
200,235,300,1693
970,1690,125,1622
1612,1763,1671,1847
1865,1484,1507,1617
1911,197,105,170
1585,1251,1163,1746
35,1571,1937,141
400,176,177,264
1635,1162,1834,193
1788,1634,1742,324
196,1534,1685,1389
1627,546,1745,294
1726,1769,1837,1570
542,480,1659,1490
1143,924,945,1686
1354,1544,265,553
1824,1572,1688,1137
1209,705,143,1723
1770,204,1776,1536
958,190,1484,731
1598,1739,1626,1564
1496,1716,643,1879
1851,1673,168,1712
1823,1513,413,347
1701,1805,204,1479
40,1554,224,359
159,202,223,1253
1803,476,1904,107
1631,1847,795,1668
896,214,544,1671
996,665,1781,510
1713,1384,1226,117
142,1805,1550,495
727,1736,810,1748
1557,1573,159,125
1396,1684,129,1392
1587,1381,221,197
478,1945,1233,1895
106,1353,1604,919
1974,1540,1826,1945
1781,1383,1625,260
571,161,1565,1294
510,1831,105,1742
1671,1758,160,1618
1656,209,206,227
1539,1592,967,693
1376,1432,1929,1143
1523,1495,1780,1534
178,1522,1842,1927
248,1698,1799,1645
1111,1296,1740,766
444,1487,1907,986
245,1717,1705,1227
1760,1334,459,1762
1782,1755,1557,301
1940,1335,1763,169
329,328,1704,590
1608,1371,212,1636
1542,1636,1816,1842
1611,1377,1610,1909
150,174,1664,1417
141,1904,1762,1492
916,1711,156,215
305,1958,1579,125
1000,40,1520,1786
1732,997,1381,1483
197,235,1255,1502
1493,104,1938,1696
1976,705,1825,422
618,1599,990,790
1805,1719,1511,1731
1476,1671,1631,1741
199,1684,1488,1598
205,1666,1475,1548
1137,95,209,166
269,1628,1960,1538
4,1571,74,1023
224,1481,1377,182
1125,1623,277,138
1711,1816,1761,1712
1070,1639,1804,1757
225,1699,1102,1701
1523,761,1656,1588
1154,182,852,198
1850,1828,1220,1132
993,1857,1913,194
1790,200,1656,1674
1805,1777,220,1662
317,1667,1716,1480
1702,263,945,237
1849,196,1621,1678
503,1527,909,239
194,84,1604,1544
1726,1602,1618,176
101,1684,199,302
1550,1702,1734,196
1523,199,1832,262
1717,1674,631,1747
1714,325,1218,1620
1636,433,1055,1675
1567,1962,1620,221
231,1627,1845,1539
894,129,1579,1377
80,1680,1738,1907
493,93,1627,1668
1735,850,1127,1717
1548,336,1498,1528
1505,1597,1596,1041
1785,1790,272,271
1686,1506,1612,13
996,1671,1831,245
328,1910,1805,297
1508,1723,1385,1960
89,1563,367,1644
1973,275,1834,1676
322,160,1609,216
1755,72,1832,622
1736,46,1719,1810
961,302,1838,154
1847,1809,1504,636
1387,1975,199,281
1694,1608,1814,1525
1555,1152,1529,101
1558,699,230,1512
1633,85,1671,1835
1639,1754,290,793
1405,149,1522,1960
1796,1485,395,19
232,1523,619,154
1694,306,207,1549
1613,1662,149,1411
1492,1548,597,326
1019,95,1528,1810
177,1626,93,1595
1593,1381,1564,256
370,1644,1556,84
236,244,292,1552
1604,1637,1723,1838
203,1576,1574,1393
1294,1896,1228,306
1557,1678,1937,1480
1555,1597,371,1594
1779,185,118,1608
1722,1778,1495,1490
65,1764,1860,1761
1710,1368,1485,254
1741,1791,1836,1839
1952,521,1851,1457
1602,394,1004,206
848,1913,1769,1821
1137,322,317,1969
1893,751,1854,97
81,1498,1673,244
1542,1538,1601,1314
1759,1603,1712,570
1665,1563,260,245
1527,802,1695,1675
85,1802,86,1771
1787,1153,1786,1795
1344,1046,1723,764
1838,1173,980,1765
1689,1693,1708,996
453,640,1669,1746
1614,1858,1787,1855
1533,1473,304,1819
211,1505,1483,551
1532,1847,1370,171
951,41,1830,1728
1968,1840,1485,183
986,1754,1519,694
1618,1824,216,269
1540,1542,1599,197
1586,1556,1769,1558
1475,1708,1583,450
86,1778,1175,329
371,86,308,1711
1599,332,114,1483
274,1943,1834,1804
1749,151,301,1598
1834,1477,1758,1857
1745,260,1713,1717
1708,1502,381,590
1626,1620,1504,302
546,670,1688,238
1786,109,1718,1651
1616,146,1557,679
882,1542,1906,1695
1837,1973,1475,1818
1640,480,1676,1630
1642,1816,1679,1779
1791,1006,25,1813
28,1702,168,1795
1839,1383,325,235
1979,221,426,108
1980,1345,178,1575
1534,1056,156,173
1794,1789,1641,789
1777,231,177,1670
1716,1849,94,367
1536,1749,1672,531
1780,161,1508,1828
106,1524,269,1475
948,166,1779,1825
1654,400,1937,1681
1906,1721,1162,201
1478,109,1840,173
1928,1796,1566,73
1532,1791,518,1847
759,1496,1582,1600
229,1782,850,1909
1850,1538,1575,122
1634,1522,1493,1514
766,1812,1690,288
1307,1912,1743,1699
1719,736,319,1658
1910,1701,192,312
109,1822,233,1850
298,1650,264,182
1648,1848,1854,109
1821,1969,132,1835
1753,1710,1713,1724
1853,218,1697,247
170,1556,1714,1589
1531,180,1685,1502
1746,214,1294,327
115,1661,314,1670
1397,1716,1676,1621
293,1513,1523,1595
1721,1832,1573,1640
787,298,70,1806
124,1701,1579,223
1550,1771,1795,1840
1551,1595,1804,1767
1747,1817,181,1841
1477,1009,1509,527
1778,1818,202,1648
1485,314,430,875
1635,988,1525,1497
74,1698,1617,1671
304,246,1923,1660
141,1699,1512,701
1560,1505,233,1828
1495,1747,1518,1604
216,1522,1700,1035
1960,1705,724,1523
98,1647,1506,1787
1733,439,1609,1599
1553,1812,673,1566
254,1641,1596,1509
36,1508,860,1816
1720,270,1800,1562
1790,1623,1614,1682
1706,1767,1873,1693
1681,289,1651,1589
1673,1255,1835,1070
1773,252,1258,1840
1645,1072,1492,1801
1551,1538,1674,1637
1736,1626,1578,145
1856,1648,235,144
231,1564,1576,1656
1740,1543,1689,1813
1679,16,1975,1681
714,290,26,1608
1751,227,1738,1741
1681,1833,332,1776
1565,1660,1618,1426
1717,1506,1660,1838
1581,1649,1537,1731
236,1570,1481,1681
336,155,705,1684
97,156,1723,1810
1510,1472,1754,1826
1688,1767,1825,1729
1530,934,969,104
756,1835,1553,1774
60,983,1713,889
181,1669,1735,1639
1702,1803,292,288
216,172,735,131
1602,1680,253,1808
218,1114,1790,1658
228,1926,1781,1643
1784,1516,129,1372
1826,1680,1669,903
543,1579,1976,256
1795,1651,1682,1770
1602,1966,1158,853
1537,1846,1591,537
994,1560,1726,1853
293,1752,1761,323
1535,143,1487,709
1546,1725,1471,1747
1667,1808,1584,1792
1698,1615,1739,1778
702,1567,1585,1503
1895,197,1186,1086
1214,1091,398,1912
1840,119,1412,1430
1689,1531,481,1604
1567,1383,1685,1671
95,887,1538,1847
219,220,1665,1539
1607,1546,129,1526
1797,261,1486,1642
1548,1972,1908,1233
17,1421,1895,1392
1592,1971,133,1504
1704,282,1365,105
328,1392,1061,1586
472,66,1666,1688
1772,1630,1940,1564
1731,503,1534,1695
277,1522,1493,933
264,1526,1343,625
1705,15,1807,1532
297,1748,1516,1335
1375,1902,145,1667
1808,98,1572,1709
788,1805,1763,486
161,1670,208,1848
500,1314,764,1721
1609,1948,1479,319
307,1578,1976,1385
1822,1780,1648,1929
313,297,1490,95
1854,1594,236,1509
1819,1354,1581,1611
150,1560,1561,1839
1705,400,1713,311
1684,1752,180,631
1722,509,1577,1317
1232,73,264,1327
898,1846,1661,1645
304,1794,1778,795
1511,1737,819,893
1663,1792,1503,1685
1803,1660,106,85
136,1827,1631,205
822,62,1019,64
1631,1488,1726,80
1599,1633,1696,187
1797,1376,1545,1260
1708,74,1572,185
283,1490,168,167
225,235,253,1692
1939,1492,1715,1601
1826,203,1849,107
16,231,1948,168
202,156,223,114
1619,163,1255,1007
1725,1923,1507,1386
187,1226,1803,1661
999,127,339,958
1490,1751,1269,207
1177,285,243,1943
150,128,1684,1939
1489,1505,1906,1168
1812,1624,1703,1851
1640,1686,1659,1692
255,150,1848,290
782,1961,1676,1761
1729,1841,1834,1575
1565,201,293,1630
100,1523,847,1396
96,245,1633,881
1489,1582,1767,235
1697,1976,1735,1600
1830,1628,1833,74
495,314,1643,1400
1823,1800,311,1576
857,152,1060,1590
328,1498,1852,1622
1645,1761,1834,219
1549,1814,1600,1852
1636,194,1246,1815
1960,89,1572,307
1657,1223,1638,1682
299,316,1877,1971
1549,1766,1777,1633
1638,191,1500,1695
1549,1434,1772,1757
1838,1614,1204,1555
509,1675,1804,1023
780,1630,1497,1651
1262,189,1601,1675
263,1805,1481,1820
1568,231,1803,1000
1770,1897,1477,630
1696,1828,318,286
1517,1738,1569,1677
1069,1485,829,948
1537,1797,1224,1527
1792,1837,1938,1699
214,219,1813,1880
1961,1679,1833,97
1677,1493,1505,1382
1008,1524,1737,1073
1857,1756,26,231
1374,104,1482,291
1825,192,1838,1346
384,1711,76,1688
1709,1728,307,186
672,503,1875,1386
1682,1602,1585,508
236,86,1945,1602
1480,1812,1525,1813
1840,1826,1749,1490
1574,263,536,1775
1670,399,1849,1506
1711,1553,79,1783
1829,1591,1506,171
526,258,1693,161
1555,1695,315,1780
1854,1588,1696,1708
1942,282,1563,873
1476,249,267,1351
111,157,1396,1798
1603,1901,1521,1811
1807,1665,1494,1892
1486,1519,1293,1674
380,1912,1620,1909
1672,1383,1491,30
1673,450,1744,407
807,1744,235,1544
1555,1666,1501,575
1770,249,549,1524
107,1692,1764,275
1112,893,1485,130
1939,920,1687,1684
1632,1521,125,1801
1187,1816,1180,677
929,83,892,1955
1492,1679,1875,1552
984,1570,1490,1758
1813,321,1716,1765
1719,1829,1907,1279
1621,1844,1750,1695
1569,1754,1481,91
1498,1898,1621,222
1762,1465,1571,998
1905,1719,234,457
1536,1730,264,734
1777,26,1704,1104
1012,1590,1390,322
1490,1502,1729,1847
1536,1538,404,1817
54,213,1908,1769
321,1856,226,1535
1484,1908,1587,1486
1546,215,1378,1814
317,1906,1654,1807
1766,1768,1617,1849
1803,1482,1715,1752
1735,131,301,1622
1569,1437,1796,1648
203,1753,1575,1633
262,1373,160,1499
1670,1528,1755,301
1633,1669,1269,1854
1383,1806,1802,1262
1845,1635,1850,482
1611,1817,1631,289
42,109,1815,1655
1667,1952,283,1574
186,25,1712,1210
261,1744,1567,705
1768,1555,1710,50
1801,1907,158,1395
139,1922,1520,1377
203,299,1778,1203
236,1726,94,337
97,1507,1705,122
1633,1936,52,1566
1593,147,234,48
1480,198,1518,318
1376,407,1835,1741
1718,69,1560,1512
1556,1073,1963,324
306,1650,942,1653
153,685,1395,119
1703,1784,1606,1533
316,1659,866,1651
1564,1909,1591,1788
28,1551,1524,1581
1813,336,1555,1563
215,1638,1669,1830
994,285,1517,788
233,278,245,1491
1567,1713,1535,158
1545,1697,313,1678
1908,318,1856,1638
1612,1735,1361,981
489,997,1505,1547
1588,447,1636,1589
1790,1591,138,1391
610,1506,1666,1805
1911,288,1152,185
1874,270,1776,1699
1606,1910,215,1715
174,1708,1856,1842
1685,1820,764,184
297,282,217,1502
1359,1851,207,1390
252,1175,1739,675
1853,1961,1907,288
1824,1826,587,1417
264,765,1649,1829
1722,682,1650,1511
1947,1911,1729,1742
1676,1813,1794,1906
1576,1802,1618,1279
813,1574,152,1904
159,419,24,1496
1535,1743,186,1365
1637,601,1820,1580
1847,1799,1708,1757
1566,1851,1847,764
1836,1332,1844,1677
1633,1762,1498,1970
1913,402,1734,1746
1712,1632,1631,1911
1675,1623,1802,1824
220,1778,1712,1584
185,1805,124,549
1820,1665,783,116
154,26,1328,99
1633,1610,996,1543
1639,1497,1614,1366
1618,1749,1535,1271
1558,1814,399,69
1381,109,1518,1661
676,734,1604,1537
41,1834,116,1856
149,1863,1580,1477
1681,154,1752,1840
1808,1849,1604,1817
