1495,1564,284,1837,53,234,1576,1832,567
1645,1492,1680,1628,245,315,1602,1603,1553
1761,1821,274,1785,323,1512,1584,1695,609
482,1660,651,1643,1492,781,1600,1667,1719
66,112,187,1630,310,1555,131,1295,1746
310,1510,1752,1632,1560,1430,159,182,1845
1907,1760,1551,1488,1752,1182,226,1905,765
514,1718,986,1847,1539,1821,1567,940,1518
92,1546,602,1823,270,88,411,1054,1607
1799,1164,1778,1608,1638,1808,1942,1839,1636
1188,1725,1491,1937,1519,588,1503,1629,276
1530,264,1732,229,1629,453,1797,1697,326
1542,157,307,15,1744,1543,1708,1759,1249
1515,1646,1830,1141,1733,1650,216,884,1771
1507,1753,1559,1671,1522,212,1637,1809,1207
1772,895,315,1840,1793,1023,1693,307,142
1695,191,1809,1609,834,433,1796,1901,1589
1613,1510,1768,258,1624,610,72,56,1483
1497,554,446,1668,496,691,807,1071,1826
705,1556,1755,1888,1985,1170,1560,1660,69
1912,1594,1816,114,1057,1717,1688,1839,38
1726,140,887,1679,1779,1855,187,400,1823
1790,1904,1626,323,645,1649,1624,1557,327
1636,725,1365,1392,1618,1856,787,1638,1852
1045,127,1837,1628,493,199,205,161,1845
1749,1788,147,1525,1662,234,1689,1731,649
1819,1209,1851,1600,1635,1500,176,931,1637
1944,1913,282,55,1585,1660,1709,567,1574
1783,1839,1972,1442,1963,1626,797,1741,1487
1789,1735,1698,1611,324,1624,7,1752,1909
15,1800,1910,231,1909,1520,847,1952,142
280,195,1576,1828,1488,1685,219,1504,1661
1677,1671,621,596,173,1622,1234,1674,1719
1140,748,141,294,112,1207,156,1851,1754
1625,1968,1526,430,821,153,1810,1727,1663
1839,1406,1579,769,1033,1664,1791,1782,1640
289,923,1818,103,1691,1552,641,1828,1272
1831,205,1907,1743,816,98,224,457,677
323,1725,1544,1483,1771,1583,94,1905,300
126,1040,1798,279,1528,497,145,1662,626
1579,1500,1843,1571,1366,1473,1540,1515,1554
1754,969,1938,1818,743,1721,1799,120,1498
1756,1662,1486,322,1707,1626,1534,987,643
217,1852,259,1891,1734,1854,1847,1765,953
40,1605,621,1669,1680,1538,1356,1671,1148
1522,1207,1500,1751,1746,1912,1537,261,1674
111,685,1722,88,520,1725,144,159,247
321,243,1830,1805,1611,81,1723,1269,319
1801,1017,1850,1912,1792,520,1725,1648,86
140,1031,1380,123,131,90,142,993,1707
1524,1496,1582,464,1844,1847,1606,1797,292
312,1294,1311,153,1816,714,1182,1606,1530
1575,1783,155,1676,1498,81,1553,1567,1726
1583,1812,1549,888,1783,1222,1241,1709,1101
1747,1592,1712,1697,1574,1650,136,1908,1654
1770,138,1561,1623,1728,1714,1854,1630,238
1508,201,1069,1320,1570,1072,455,648,637
1627,1499,1489,1798,1725,109,121,1632,1743
735,797,1659,1501,240,1907,1392,101,1533
1731,1713,857,1649,1818,1963,613,1671,1516
1761,113,1633,1948,1951,92,1117,258,1714
292,1542,188,1662,1849,1861,1819,152,1638
613,1647,1761,560,1912,58,1617,1527,551
918,1583,705,24,1657,644,1912,1765,1251
792,1704,1808,1629,1802,1834,1631,1702,1746
1686,228,1505,1955,1721,1769,66,1624,1501
1303,1739,1570,1686,1605,242,1674,44,178
1669,144,1563,1739,312,1830,151,109,1014
516,892,1750,1636,1573,369,1771,573,1769
1608,1834,1653,1622,1679,1506,1542,1568,1550
1840,1520,1544,1721,1756,1745,83,142,1589
1813,596,1251,1384,1552,413,455,645,729
1705,118,1500,1884,908,73,96,1484,1515
1789,996,693,44,301,1639,1691,1725,1683
1396,1704,1850,1754,543,1860,1718,1390,1943
295,220,1228,91,1622,1544,836,584,226
1551,901,460,1830,1620,1508,781,1794,1480
1052,177,1744,1478,194,222,1524,1691,1322
262,278,1620,210,329,446,1667,1555,1970
1740,1669,1611,93,463,1743,128,312,1386
1627,1753,1522,222,1551,1630,300,1838,1505
1551,213,1714,1688,301,935,434,1697,1647
1954,784,361,259,1911,299,1591,1459,528
490,322,1691,106,1709,1711,303,1850,1604
1663,1835,1591,1526,1855,1774,1677,1778,292
1588,253,201,1718,203,1549,1602,1477,1569
16,1256,1697,1524,561,1838,1922,281,1692
1722,538,1510,74,1486,1768,1855,147,171
620,5,1476,986,1532,1807,228,1693,1681
242,100,654,1640,1950,1768,1850,1949,1508
1761,116,1558,1773,1850,1848,1703,1647,1806
1555,1298,1803,1874,1972,107,1823,1791,1754
1828,82,847,197,104,1395,181,1801,420
154,86,1579,460,1617,1673,272,1773,135
913,1714,1745,1645,1023,1506,202,1974,1493
1053,1962,1924,1136,1819,1370,773,1562,227
1791,999,1799,1541,1508,1512,1682,1746,1495
22,1611,1802,1603,501,1533,67,1976,1821
1125,1659,1309,1648,105,1722,1388,446,1942
1846,1883,1748,324,1687,1336,1738,1385,1801
1796,1551,253,1584,1541,1395,1562,1750,1896
1952,1103,1158,1648,1262,1909,1342,700,1597
1550,1594,281,1586,1778,446,178,401,1708
1837,1624,1794,257,694,167,1795,804,1910
1623,1546,165,1509,625,457,1817,226,1768
1530,112,1654,1812,1623,1559,1685,206,1785
583,1549,1976,1032,141,1546,202,1026,1910
1830,1639,1710,321,1590,1511,236,129,1726
1889,1756,1696,1679,945,1593,1656,1560,1812
296,1320,1484,1726,1807,1826,1746,1905,1683
1612,1720,1842,1391,669,280,827,1690,1670
579,1804,1525,1499,191,1767,176,1855,1454
1854,1724,1803,1448,225,1544,142,1821,1620
613,1483,156,119,1717,1663,125,1980,1350
1707,164,234,1834,1578,13,1769,40,1690
129,1815,1956,1615,1514,1742,1664,319,235
92,1647,1534,1722,1830,1674,18,1755,525
1677,303,1696,899,588,1664,1531,210,1153
197,167,1837,1940,1603,1978,1734,1521,133
141,516,1512,1962,1070,194,495,168,1831
207,1743,1805,1531,1110,316,1690,1747,126
1662,1578,1544,1842,185,1516,1534,315,748
1303,316,1009,826,1717,1848,1653,179,1479
1835,1822,876,1969,183,1566,1389,42,1682
1837,195,1748,1637,1836,1246,302,1655,291
1785,699,1567,313,795,1621,1842,1006,1326
877,1392,1378,447,1746,1527,1396,26,1764
1350,1505,1541,1873,328,1498,1561,1649,299
934,1481,1594,1479,665,1823,322,56,1192
1758,1839,1700,307,1814,177,1372,1796,226
1174,1827,1554,1568,1514,1443,1546,1697,174
1601,110,1897,1723,259,1704,1769,258,266
1659,1015,1700,1516,1569,298,1570,783,1888
1695,1663,1552,106,944,1847,1483,439,1521
1644,1543,1654,1798,1922,1611,119,1591,300
603,1035,1732,1723,1604,290,158,1752,1951
1755,246,1638,76,1605,1838,1750,982,81
671,1901,1574,118,212,160,1649,661,246
1771,239,1119,1573,1709,1848,1859,1740,1831
1604,273,1599,1747,1515,1823,1807,1755,150
259,212,1514,1522,1723,1739,326,804,599
264,1562,1181,1761,1649,1700,1702,1809,1852
1479,1831,1838,259,1556,1732,1734,8,1842
1761,1853,752,1629,96,1595,1804,1750,1480
1254,1513,1831,95,1526,1856,1048,1641,1850
95,1796,1698,309,1574,1697,1178,1536,1835
1695,209,205,1829,1724,1630,1850,1581,28
1609,1900,1748,1099,233,1960,128,1723,1626
573,54,83,1749,485,125,1809,1783,1694
1805,165,1675,1620,1639,316,282,1693,1215
1678,1796,1830,1507,1826,329,55,1716,287
1476,1492,1801,1699,1479,188,1820,1491,142
1697,1711,1492,239,1602,1570,1648,1576,15
1149,162,1811,1578,438,1544,85,1788,405
1909,1674,186,1729,399,1663,1759,1829,1856
152,1720,1200,234,1149,262,1735,149,924
1712,1614,1754,1693,279,1829,1774,377,343
1652,239,1645,110,791,1531,1654,103,1500
1570,282,1640,1021,982,1690,1526,185,1503
1831,1495,1584,321,836,1306,830,1845,989
1851,169,1556,1635,1645,176,1766,1514,295
1850,1553,623,1630,1713,1183,416,1666,1944
115,1318,95,321,1750,1509,1824,958,1799
248,1844,1813,1385,838,1833,109,1640,1695
161,1743,1815,291,1820,1631,1849,264,1803
1596,258,214,1780,1250,997,1749,1762,273
1711,1685,1960,1816,1624,1609,1968,362,173
1844,1950,81,1641,1824,1546,120,1113,1094
1692,1960,1625,107,1557,1688,788,1582,1784
176,1653,1547,278,1605,1499,1806,1894,578
1541,301,1535,210,1616,1126,1815,1671,120
1987,1556,1704,1679,1338,1815,679,1644,1373
197,1759,1525,1615,1526,878,546,15,293
1220,432,1760,420,1593,1657,717,1777,1725
1505,1906,1889,1199,1377,1787,1845,1684,1618
1535,194,1553,1622,1377,128,1821,164,1627
1672,1657,105,961,1478,1560,1502,132,323
194,1485,1392,1829,1536,256,942,530,1387
305,1564,1543,1953,1749,1775,1838,1956,86
113,362,315,1723,289,1776,271,1754,105
1480,102,747,1367,164,619,1504,319,1856
1639,1850,520,1672,1842,1683,1574,1798,1575
1705,1068,1531,1489,875,258,1085,1765,673
1764,1709,83,1732,284,1755,1376,1589,1786
231,280,1808,1491,1636,1776,1558,1749,1686
1682,1621,1532,1786,1509,268,1569,152,1781
1703,1299,1735,1778,90,297,1600,942,301
1484,700,1812,405,623,1511,255,1232,701
483,1319,1946,225,1951,750,1661,1005,316
113,206,1320,1842,1545,291,1635,1103,1496
191,1819,1146,295,623,1692,1723,1741,1793
1735,59,802,1806,319,188,758,1671,1771
1475,1906,1806,542,1607,1497,1523,1562,163
1387,1570,1653,1544,1623,1779,1642,202,1696
1682,1988,1703,1761,1557,1968,1724,1706,1845
898,1744,1893,1391,1511,186,1676,1682,1557
1642,440,193,1587,1813,1562,1679,1557,1675
1701,509,1001,1741,1821,1819,1853,1708,1496
1740,281,1557,1606,810,145,196,121,1819
1381,140,317,1891,1551,1547,1478,1570,237
1535,1855,1854,797,1610,1382,1906,1546,1581
126,1520,92,960,879,1813,328,700,1748
269,1619,244,1487,1761,1737,506,335,1484
1576,1972,1555,1537,212,1534,122,1755,1070
282,1550,284,309,1540,1478,1895,1836,1611
1792,1907,1939,1555,1803,1380,198,1573,1806
1535,1787,1479,219,1950,1503,1653,1706,999
1530,1810,99,191,199,1536,1575,1894,251
1533,1754,1699,204,1476,95,1738,1661,1787
1797,1803,1687,1694,1584,1840,658,1790,139
1524,1477,226,1947,1642,81,235,1707,1720
1441,1821,169,1799,529,1468,1334,1558,1572
1708,134,1113,1806,1825,1899,1810,1777,1619
1853,218,1519,1828,1973,1594,104,622,1954
550,1517,1053,1361,1638,176,1808,277,63
147,1842,1565,1768,90,317,476,1620,1492
1268,1811,1648,1665,1578,1661,231,670,16
1658,1850,24,1811,1758,1161,1806,1368,175
59,1963,1782,1549,1702,1577,1523,1080,212
1626,1664,1787,1751,188,1794,1394,1681,133
902,192,123,1529,115,1050,1720,1802,1676
323,541,1603,1612,1396,619,409,164,1668
74,1637,204,1820,1427,322,1590,1782,1701
946,1826,156,1538,1753,1897,1162,1107,1579
1016,1259,209,1905,1383,763,1839,223,1972
211,1560,524,305,95,1812,783,664,1704
1682,1721,1724,922,1770,1664,1560,1735,81
719,213,1517,1305,1539,65,238,392,801
138,1509,1838,977,1803,1834,352,1387,242
1683,1507,91,1701,898,1639,1909,1592,768
868,260,1723,1709,1318,1767,1507,1826,1577
94,1523,1519,1720,314,1715,1654,948,791
1855,214,610,913,1384,1494,1624,1394,1057
1508,128,1361,1851,1716,1061,608,1341,1537
1710,1586,1490,1558,1963,1584,1837,1489,1665
446,1805,1764,1628,472,1605,128,1692,134
1700,1663,37,196,1521,1693,1481,282,161
1837,24,1507,321,1722,1696,1827,110,671
1477,119,1544,1622,1851,1666,1631,1601,1375
1740,1847,1513,1745,339,1525,1912,1910,1009
1372,91,1958,1654,1818,1551,1511,1842,1837
54,1781,1072,1785,1672,1554,1906,193,281
1540,1794,1301,696,1375,1610,1485,726,1666
1805,1860,1853,1144,1667,1841,1850,264,1591
1659,1480,152,480,1509,1508,1052,1563,1497
1701,1843,1693,166,1948,1186,139,1572,1650
1629,1937,1805,1882,1822,1730,257,1885,305
1815,1849,1486,1653,1637,1890,1830,1589,1375
1507,1816,177,1673,319,1058,1893,1763,298
1277,1756,1660,520,1617,1685,1339,66,1950
1783,1760,1375,1726,1769,318,1603,1505,1651
1500,1627,1818,1618,161,1680,1823,1866,1509
186,1554,1573,1485,274,1497,1522,1541,126
1748,324,1566,1760,1797,1335,1718,1545,861
631,1369,1654,1982,1850,1517,1491,1545,1718
793,1775,1018,944,1607,121,1594,258,375
1223,78,1514,1520,1895,1777,457,1672,1816
211,1595,1513,1774,1912,1615,1544,1789,1930
1573,1824,292,208,1353,792,1396,932,1961
1837,1594,1490,1841,1896,97,355,1003,1756
1515,1896,287,1583,1512,1624,1218,284,1673
863,100,1765,1747,540,1607,1818,214,1180
263,1501,1622,1672,1577,195,13,1343,1034
1805,324,465,1565,1746,1732,12,1650,1850
227,1905,1821,1805,1752,1664,1694,111,1736
1913,813,1746,1544,1895,1237,82,1697,1549
109,1776,244,1373,1852,311,1753,1794,1635
1698,1681,1735,1825,1817,1487,206,1535,247
1689,1484,600,1844,1376,553,1708,141,1758
1478,150,1375,1597,1815,1710,1392,1691,1764
1593,1622,1498,209,1639,1565,1851,205,1779
183,1837,1846,1525,1819,49,1754,1331,1957
1503,1602,1763,1666,230,271,1782,1971,1725
1631,1548,804,1783,1587,1558,315,486,1520
1485,269,1578,1862,1481,1619,1821,1758,1857
1680,250,1774,1354,1590,1762,466,1842,1477
1781,1719,1517,854,1949,858,1754,651,158
1027,1493,1840,1745,679,1775,1670,1517,1340
1787,1629,1855,1814,1573,870,1935,80,1841
212,1564,1752,1706,1544,1713,1571,1972,1684
1070,1940,232,1663,1604,1561,898,302,1528
1853,442,315,1638,1679,1815,424,53,1696
1810,1907,1599,1792,1984,234,1817,174,1571
1830,113,437,1359,1599,1492,1536,1476,1857
1137,1704,1394,249,1196,1652,1856,995,250
1554,871,1509,40,1734,1591,1722,1215,48
1838,1159,1719,1638,1553,618,1667,335,1436
177,1502,1773,1746,1922,152,1972,481,717
1279,1803,1665,1775,1842,1478,862,1548,1944
1519,549,1581,241,1595,1546,1824,121,1162
231,1641,161,1586,1844,1833,607,106,174
1798,236,1689,1835,1976,273,1562,1525,1465
1760,1682,943,1945,1707,569,796,65,165
1802,1553,567,1790,1732,1778,933,129,791
1754,1331,295,1945,1622,110,806,1712,1823
1064,1913,1100,1499,1746,1078,1691,1582,1267
282,1234,1577,756,1564,230,1000,1247,1844
842,1641,1772,1781,1648,1415,144,1475,1790
1944,204,303,1686,235,1498,1854,1619,407
702,1268,1394,1630,199,1699,1546,1640,1558
1833,107,1810,1593,1908,34,1738,82,1849
1549,77,1721,202,1799,95,211,1745,1790
1978,99,1649,1527,1353,1821,1149,117,1825
1022,1582,922,143,336,1817,1685,1653,1804
1772,1850,1905,1633,1525,1668,763,1545,1795
83,1611,36,922,1811,199,1539,1013,176
1665,249,1808,1822,1561,1658,1331,1726,1776
1687,1688,1498,1909,1699,1711,180,1578,1592
805,1719,1743,242,972,1641,1211,984,1729
771,1940,1607,1741,582,1582,200,248,159
1610,298,1624,221,1719,1675,1732,1673,1701
1417,1600,1649,1753,1708,224,182,1485,1547
1963,1659,1733,268,207,633,1691,1609,1520
1937,1666,176,1501,1772,640,1575,1732,1587
1162,841,1717,1610,1758,1674,616,418,1803
134,1475,1638,1842,1627,201,1722,1749,1668
1670,1649,76,1064,654,1750,1525,1847,1488
178,1650,1699,1782,1592,1984,1950,40,1550
215,1487,205,1615,1709,1913,149,1210,165
106,1647,990,1750,1201,257,547,1850,1532
256,1848,536,1911,1623,1899,1791,1595,192
290,1352,1593,552,1855,1805,107,1477,1778
232,209,704,1718,1601,1669,670,1480,1569
278,1796,144,1775,1847,81,1829,1800,1407
1548,1602,219,745,77,329,1518,136,1569
1824,1963,1598,1638,188,1830,1331,752,682
1649,1733,1847,239,1518,287,156,1754,1577
473,1568,1823,1191,1451,1839,1807,1620,1132
1705,289,1598,1716,1493,1824,277,1675,382
1057,277,199,917,257,384,1772,138,1847
215,1804,81,1793,1518,356,1630,1183,96
1857,1827,1751,1696,334,1849,315,1541,203
1839,1628,1573,871,1648,799,1570,158,1780
501,203,1090,1788,158,1620,1627,1939,1603
1541,1546,1714,1035,1797,1813,161,738,1816
112,1693,426,192,1844,1672,1238,287,1906
1771,1851,1815,897,834,1547,1748,1742,1567
1861,1656,1720,1492,1609,1369,1599,1571,1480
159,1637,1892,1545,1730,1778,1620,1638,1835
664,1165,1772,1660,596,1541,1712,164,1330
1689,1519,219,1611,1802,208,1760,450,1743
973,1657,229,912,1909,1532,102,1369,1342
1852,1786,301,1818,1177,40,1949,415,1477
1070,1704,1833,1719,1523,47,1644,1600,1592
1612,1653,107,1436,1703,1856,1370,151,1099
1004,1837,1822,1557,1737,274,1314,1792,1720
1612,1637,610,1648,308,1635,1591,1625,103
143,168,1940,1556,1676,1844,1675,40,933
1660,1772,1658,1664,1069,538,1769,1485,137
1209,1308,286,476,215,1815,1821,787,1517
995,1772,1635,1191,229,1735,1741,1715,547
717,1755,1691,192,1518,1742,1589,1722,1309
1719,1525,1565,1952,209,1816,1495,791,1365
1854,1740,1373,1730,1802,1215,1605,1845,1531
1764,1774,984,1641,1984,1656,618,1819,1540
1508,136,1730,1498,1957,128,1567,1911,1426
336,1820,1528,1959,582,1649,1494,1502,1819
969,235,1582,1759,86,1608,1326,1546,92
1758,1784,1839,560,187,1345,1596,1679,1540
1898,1247,1038,142,1940,1693,1646,1581,1911
284,1520,1539,991,1322,1537,126,1836,542
1142,130,86,274,1785,829,1650,1600,1483
1532,595,1561,1905,1293,905,1620,1133,1277
1513,1482,315,264,1817,1683,1673,1665,1776
1893,100,87,1715,1599,1329,1806,1797,328
1480,1709,1621,1686,449,1310,1690,1821,1602
1573,1544,604,393,1677,1751,1519,1265,1943
785,1799,574,1757,1070,1768,25,1797,169
1602,239,1550,1496,1486,1039,1363,1816,1634
1269,325,889,1482,313,145,1752,213,78
1504,1631,1655,780,1638,988,1725,1557,1527
207,951,517,785,273,1755,1551,1743,1505
577,1708,1749,1111,1643,1669,1710,1773,1741
1793,1444,1833,513,1647,1721,1571,1235,843
102,1598,1618,1048,1694,108,1859,1162,1652
680,1550,268,1656,1736,1511,1825,1545,1646
1777,1515,1592,1647,1649,83,1516,1504,1762
1826,1673,76,788,128,1689,1772,1700,1568
1879,1500,308,1366,944,1780,1501,1910,1819
1845,717,1764,934,898,705,1131,1522,1839
1952,1537,1822,1590,564,1808,1377,1522,295
1830,1735,1190,1758,278,613,1944,95,654
1591,1953,251,1560,1633,1569,1723,1665,1749
1658,1688,1635,1492,1803,383,1163,1701,1849
1519,1778,1626,1742,1861,1511,1697,310,1801
1873,85,1688,1980,1583,1843,1645,1765,231
1827,1896,1585,1503,107,1817,1812,1714,1675
1809,1712,1614,926,1544,1615,1907,1562,1851
1912,1559,84,1882,1783,1771,654,1820,1383
1817,1790,865,188,1850,114,1557,1848,1696
1834,1601,296,98,166,1488,1725,1565,1521
983,1913,695,1753,1672,1851,206,229,510
1521,1943,1122,1705,1492,177,1828,1773,259
1416,1691,1909,1712,1538,1899,1781,207,1785
1646,1495,1796,1487,1741,1905,1742,155,182
329,1738,375,72,251,1809,1727,1805,310
1603,1752,993,1449,1547,1853,299,1836,1906
1689,1639,1676,198,1407,1730,1122,986,72
1750,1493,1791,309,661,275,1244,1700,183
1575,1549,1760,317,1952,1592,1836,1478,1634
78,780,1666,114,1827,1530,28,1539,1906
1510,1683,1811,1836,1278,1584,1910,1827,1616
1551,1518,221,1787,199,1742,1956,1953,1834
1559,319,274,1831,59,1909,1515,1691,1840
1748,650,1103,1751,1642,1650,1525,1524,1648
174,294,1502,1721,1646,1513,1749,224,1776
1970,1786,1789,1724,1911,1505,1665,1587,1856
1774,1838,1672,780,1046,1517,931,1905,1102
1608,1827,224,1768,1808,86,1602,292,10
24,1654,171,1533,393,1503,1827,118,303
635,1754,195,1650,966,1743,1225,1501,407
1644,1770,1562,249,1504,1599,1162,1838,1911
1736,702,1531,1704,1956,1642,1758,1365,111
1675,1614,1561,158,319,1339,279,217,1793
1679,1504,1486,1657,1027,1794,1869,1638,82
321,1585,1787,1584,1645,203,1614,1734,95
1486,231,1756,171,275,1811,442,1744,227
486,224,1753,1717,1383,1535,1759,1517,184
1766,239,1601,1507,173,1605,97,1493,799
705,1606,1836,142,1571,1750,1830,791,1344
1616,1282,235,1490,1410,1855,1785,369,107
303,1325,1825,1940,1545,1479,1788,1526,282
1550,202,1698,1790,220,249,1733,1396,1551
1499,246,119,164,702,1386,1738,680,1815
1034,1679,1968,280,262,1479,81,1650,1612
592,1751,1694,1538,294,222,1540,1539,165
236,684,249,1865,169,1843,1071,1268,130
1504,1479,1592,86,1809,1760,1777,1529,1710
187,1829,1573,1564,1554,228,1530,222,1808
1668,1761,1699,747,1245,1325,1773,1525,1767
1775,1673,1615,1799,1836,1547,220,1646,1833
1370,1870,1763,1836,1486,1568,1806,1907,1517
1032,1487,1814,427,1783,1712,1367,1768,1558
1565,181,1546,1586,1514,1942,109,1802,1692
1758,1844,1624,126,1835,1899,1839,1621,302
1912,275,1639,1493,1114,277,1814,1586,1666
1785,1374,1714,1720,958,1623,1766,116,1907
154,590,1838,1896,489,620,1832,1845,220
1611,1762,1761,1759,1930,1608,654,1590,1564
1170,1366,281,1586,1557,1319,1608,338,1814
1638,178,1492,1705,1601,595,1704,1644,1164
737,1485,1723,1714,1575,1661,1664,938,1696
1546,470,1849,1672,847,1729,1498,58,1940
1798,786,1589,1650,964,1780,1559,1339,898
314,1977,620,144,1679,1496,288,1653,1494
1759,1527,1804,1847,1774,147,1846,1616,1533
1846,1750,298,130,1570,133,1796,1488,1274
1697,1954,1559,1655,1484,1670,1553,1509,105
1665,23,117,1758,236,592,1736,1486,1835
420,222,1813,152,1136,1475,1831,1766,481
1840,1488,1911,1717,121,1401,1845,1568,1073
815,1865,1724,1505,178,1746,1546,252,1659
394,326,1243,1486,706,1283,1838,1444,1975
255,1668,58,1634,669,260,134,1971,1558
1726,208,1657,74,294,651,969,1757,1765
810,1517,1821,1806,1737,1859,1289,156,1642
1496,159,1392,1783,276,1803,1972,1705,1800
1279,1304,1368,320,1370,1752,1066,1603,1218
1859,997,218,1660,42,1506,1586,1096,147
1579,1253,215,1353,1481,1656,1773,24,224
1693,1600,1529,1658,277,295,288,1647,1483
1722,1476,1760,300,1777,129,1607,1633,1802
1595,1564,214,114,1814,1389,1913,438,1391
1669,931,1820,117,751,1892,1905,1851,1620
1642,1911,1619,1957,151,1734,1689,1380,1665
1318,1321,1533,118,1503,280,663,501,1577
1838,1759,224,265,552,1560,154,667,312
1523,781,260,1546,78,1738,180,1608,1930
549,1676,1441,1939,1606,1685,1643,187,1521
1072,1711,621,1852,123,1853,224,1696,1749
1627,1509,1504,1187,1593,205,319,1805,1702
1470,1665,515,1839,1940,1791,1497,728,1479
1671,1562,1702,44,97,222,1819,1781,1479
1696,1910,1627,998,109,1648,291,1588,913
467,132,1514,1725,1552,1691,1653,1849,1860
1678,1616,1251,1646,1662,1805,101,283,717
334,1646,1603,259,1673,1783,1672,1735,1163
223,1579,640,1852,993,1065,1684,1714,1794
1543,1825,1728,1557,708,1349,1740,118,1975
1548,1750,266,1767,324,1663,131,157,264
1814,1723,84,1590,90,1857,287,1644,1728
21,1957,178,960,1844,1740,1817,1575,1536
89,1521,1622,123,1916,1840,1744,1675,199
26,1180,1579,1705,1677,272,234,1834,748
1600,1674,1718,1740,1595,1547,1612,898,1519
1117,1545,74,1920,316,39,1521,1478,1989
1956,1072,278,1647,73,1338,1667,1915,236
1740,1764,1636,1560,1584,724,1739,161,1491
1703,246,157,1610,1845,221,202,450,28
1478,1765,1921,1911,1912,1059,1778,1429,1759
1761,1629,1653,986,1124,1311,1729,1986,1480
1475,1686,1477,1797,61,1833,214,191,1384
1638,1132,475,1596,1683,1686,1653,1660,866
892,312,300,1591,1507,1828,1521,157,1940
1429,1616,1615,1697,58,1592,866,1712,61
613,1768,676,203,1947,1667,1258,791,1639
1551,1435,1657,1911,1651,1787,180,1712,799
1551,1479,1500,204,1793,1637,1165,1679,1497
1803,137,62,1745,1907,1148,206,1988,1788
1770,64,1806,1745,291,1328,1773,1542,1679
214,364,1490,1544,639,1677,1759,478,1848
1629,1293,1722,1806,1752,1962,855,1795,1616
1043,1734,1566,1736,281,1729,1655,166,1524
1724,1693,1063,188,1599,996,1577,1774,225
1709,1945,1490,1811,1707,257,942,673,1751
1690,1561,1908,1659,1856,1549,1610,1758,59
1576,143,1563,1579,1906,1532,210,1575,706
195,1788,1846,1498,1812,1713,509,324,391
592,286,273,1790,1373,1651,132,748,206
480,1838,1391,1849,230,1571,198,1390,1755
1518,1514,259,268,192,1478,1675,1953,1563
1760,201,1517,1741,76,210,105,1795,1378
1967,1524,1586,1654,1844,1696,1738,544,1739
1565,732,1491,1494,1849,171,1722,1947,1550
1274,1695,1714,1649,1072,201,1806,1832,1830
210,75,942,932,1621,272,1639,232,1660
1716,1576,1793,1834,1741,142,1367,1726,1950
1906,1272,1580,232,1557,1812,1842,1684,1670
1972,131,1860,1740,221,1646,1746,347,792
88,1775,1674,1511,1675,1641,193,294,1487
1945,1281,1052,143,1488,282,1524,255,1558
445,1652,1969,1825,1963,1809,1612,1828,1831
1711,13,228,1714,326,1577,263,950,156
1738,683,1588,230,1800,1748,199,831,1776
1803,231,210,225,934,93,1822,1557,1709
1568,1583,289,1525,1572,1522,1855,296,1557
1610,1603,260,1490,303,1788,1853,1308,1852
1857,197,25,318,1718,750,238,268,1551
1844,1732,734,1540,200,1659,1707,1770,959
721,1906,1738,1832,1600,1693,1682,197,1483
1812,1365,1523,1476,300,42,1527,1581,1826
797,214,1706,113,101,1583,1827,1533,1922
1909,1634,1701,1560,131,1734,1708,1717,1806
1651,134,243,1631,85,1748,172,916,1671
1191,1790,1569,1558,600,1654,266,83,1843
1029,590,1973,1514,1490,135,1814,1827,147
1662,566,1705,1764,1231,1825,420,109,191
1137,53,1515,195,1768,1554,115,213,467
1673,1492,210,1654,1517,155,1467,1804,1736
1795,1538,1391,799,177,1928,1613,837,1855
1816,1644,1894,1846,1724,712,1630,1774,1715
380,1571,1534,1556,1749,533,1656,1715,186
1670,200,1495,1578,1847,1972,322,1597,1551
191,1484,1715,1614,1030,1670,1934,16,1501
35,1631,1559,1966,1742,1724,1907,1846,1692
1564,335,1308,795,413,1057,1518,1799,1849
188,1797,1947,1546,649,273,1838,584,99
1696,1715,1394,291,1600,1298,136,301,325
1801,1644,1284,974,1577,1854,286,1841,1688
1675,170,1913,1709,649,1674,758,180,183
1763,335,1560,1677,1666,1907,1805,935,1589
1487,1475,1714,1601,239,1517,1679,1626,305
1232,1689,1586,1843,192,1519,1789,300,619
271,311,1280,751,222,1518,500,1773,109
250,671,1482,1411,253,669,879,1479,1672
268,1862,325,1760,1614,1475,1628,1579,894
1611,204,1849,1735,1487,1743,315,1655,780
1989,1499,101,1621,1678,1558,1660,1393,1584
1371,1724,285,1831,324,1897,437,1531,1548
1759,1503,325,1946,1660,585,1556,1746,1325
1850,1942,1574,1098,742,1611,1640,1846,1604
1547,113,1616,247,1220,1070,272,665,1665
1597,185,1633,933,1636,1712,1516,1109,1755
700,1146,1806,1738,182,1556,1533,1540,1519
1807,179,1621,1822,1764,903,1581,1630,628
1073,1484,1807,1606,1690,1688,1620,1790,142
1616,1910,918,1501,310,1563,1648,1482,1562
1650,1316,649,908,629,1510,1311,1791,1373
290,485,953,188,1206,1479,1659,119,1543
196,200,1723,87,1491,1680,1527,1801,274
1895,1804,1308,1741,1802,632,1845,1568,1572
440,555,1585,1733,1663,1837,1909,262,1343
183,1493,973,1641,996,1178,325,1798,1598
1644,1595,1828,1675,1566,866,1493,1598,1477
1830,1206,954,294,1567,1484,88,1697,1699
590,775,1385,1713,254,1500,1726,1582,372
241,155,1837,1679,1740,185,1505,1587,1610
131,194,352,1674,1647,1842,1091,515,215
1907,213,1595,74,1779,1822,1579,788,1713
1641,234,1562,1808,1627,1814,126,1848,1746
1824,1707,1753,1648,1505,411,783,1619,679
1554,803,1598,852,1647,613,203,401,879
1941,243,233,1652,405,354,1582,1072,1627
1789,1118,1320,1759,1468,658,1622,518,1757
1725,77,1529,1488,1071,78,1698,1729,787
245,1909,326,230,1829,958,1795,1568,83
121,1615,1754,1728,1226,1583,1856,986,1852
1595,1616,223,1661,1490,1837,706,158,1642
177,884,133,1837,1671,1707,1720,1803,1637
1776,1841,1635,1708,1543,261,1548,140,1750
1744,1586,1635,66,1333,299,1605,673,1807
1770,134,320,1911,140,1645,1711,135,1807
750,1909,1792,1272,1662,1745,1913,278,1627
649,1509,1540,1604,63,1240,1588,94,126
1697,1020,1696,1844,1261,1814,791,1890,1688
1579,1750,1694,46,319,179,1907,189,1628
177,149,1486,175,1551,603,1597,1733,1063
1760,1751,165,106,1000,260,1500,1642,1615
1650,202,226,1591,1812,16,15,1528,174
1217,1652,1762,1309,74,749,47,1571,1964
568,853,1650,170,526,836,1364,1946,1660
1581,1750,209,1577,135,1700,280,207,1478
1633,1753,1114,1712,1617,1469,1970,1387,1650
122,1378,1628,98,989,72,120,1838,1573
1651,221,130,1127,1597,80,1508,1952,1583
992,1581,1526,1752,1829,1815,1842,288,1333
1373,1579,1532,1583,1331,114,1696,84,317
1712,1641,401,1601,1543,1686,241,1570,1650
274,328,210,1676,1602,1818,1621,1536,1574
1778,1611,741,292,1524,1636,1930,1514,1804
1520,1508,1668,1579,1620,1551,684,310,705
1807,1741,1615,1599,1790,299,1851,1655,189
1381,1675,1592,1560,1727,302,1738,86,1656
1790,169,1741,1558,274,121,244,1549,1728
1750,1680,1548,1444,152,280,1562,1583,1379
298,1693,222,1041,1820,1806,1179,1582,246
1560,462,982,1699,1545,1639,1865,1972,1801
1797,689,1834,1621,1642,1613,5,1546,1965
1678,1832,85,1807,1552,103,1740,1746,1794
324,1435,1704,1763,1795,1800,1948,31,267
180,282,828,301,1677,1845,1284,1682,422
1700,1751,223,1547,651,552,183,63,1723
1364,1681,1689,1508,1800,1380,1596,1693,787
1912,1605,1750,1383,1972,1759,26,108,1800
1841,1515,1014,1733,1535,1781,1545,1022,653
1570,592,1503,879,1090,391,125,1227,1642
566,288,1533,91,1734,1683,1559,1691,1192
1663,1767,278,1376,1089,626,897,216,1634
1641,1776,1518,1954,1961,189,1496,1652,1521
285,314,1580,1534,1816,1492,1589,1740,796
1498,200,1705,254,1475,1379,1842,1644,588
1679,1846,732,1767,1983,1734,1323,1685,1626
1835,873,146,1837,1794,1534,1795,1094,1950
1639,1501,1540,366,1563,1762,1662,1579,1617
887,165,1488,427,1818,1591,1157,1371,49
1738,1567,1975,1797,1895,225,1593,113,329
244,1511,1615,944,1489,1587,1657,1095,1172
96,1610,1495,1955,1482,1769,1305,1669,1703
1545,1561,1663,526,218,950,1114,1817,299
1723,209,1673,1668,1744,187,1899,1771,1756
1896,1738,454,1534,1715,565,1745,1260,175
823,1591,1679,168,321,1941,1646,1711,1816
876,1616,1584,180,1506,559,1421,766,1578
1589,1685,219,248,216,259,1812,141,1621
1593,984,1757,1771,1567,1476,1927,1493,1633
1551,466,1323,324,1347,1316,1513,1894,272
481,1824,751,1942,211,308,1894,1192,1730
1714,762,297,172,222,1663,283,1520,1497
172,1591,197,318,1603,1761,144,1231,1506
752,248,1674,152,1009,1582,1753,1647,316
198,1910,1503,1508,1698,900,1500,228,1805
903,1482,982,1672,1547,202,1728,890,1485
1793,1769,1754,1251,241,1776,1738,223,1650
1523,1707,1381,1369,326,1741,1619,1712,1609
1764,1768,1825,1169,1231,1530,1392,173,1770
1799,1396,1800,690,105,1513,875,1506,1673
648,1718,1977,1913,202,1489,1496,82,262
1101,1614,1842,1348,1507,1947,1833,1580,1537
1104,1754,1699,1571,1687,224,1100,1190,1378
792,1704,1908,1391,1989,1830,1672,228,1601
142,24,1626,1526,604,1595,74,202,1787
1737,1532,1553,1119,1516,1798,1781,1033,1663
1626,1833,1787,1871,277,1731,1478,1705,113
1822,1944,1812,1913,1783,289,1860,1206,1584
1384,1503,705,343,1516,1544,1232,1640,1689
1392,1830,1809,1718,1639,1571,26,184,1344
1546,185,281,1753,1792,1808,286,1796,1527
1539,1661,250,1849,547,1666,1668,1682,1696
1799,1682,171,1613,523,1908,1227,1821,1681
1539,1023,1755,133,1593,1113,232,1679,1721
1913,1776,153,1949,655,661,1806,1682,1718
289,1657,1030,1663,791,1678,301,1642,1788
274,728,1469,1633,945,1604,1613,1507,596
177,1568,650,1592,733,156,1831,1551,249
1481,1731,367,1849,1975,112,145,172,1706
248,1357,789,77,1525,1852,1583,1655,1616
786,248,1693,466,1099,1820,449,1597,1829
1547,1545,184,196,163,1676,1821,450,1905
1644,1632,1973,272,1833,1073,1611,157,1721
1757,1529,215,1864,1612,1659,201,1543,1277
238,1905,1542,983,1826,1688,192,1802,1848
1618,837,295,1579,144,1370,239,1816,1551
1476,1769,1890,1596,1644,1760,1158,305,1553
451,1486,1897,1679,1645,1620,1528,1602,527
1710,1707,893,232,1816,1825,1003,820,532
1728,1571,1617,1747,1678,190,1475,1647,295
1819,1598,1549,1846,1799,1775,1518,276,798
1537,374,1586,1793,1906,1644,1842,368,903
1396,1270,103,1497,1557,1971,1697,1492,115
1789,1834,180,429,1419,1704,1708,1739,1696
1834,1526,1987,1723,305,1706,1945,1492,1844
1605,1913,560,1828,1616,1730,1114,1690,1739
308,1520,1850,232,1711,1800,62,201,1549
1805,1541,1947,1842,1828,139,1564,904,200
1822,1596,1515,1158,1577,113,1588,858,1711
1843,318,1581,512,1675,1852,1394,180,1636
1634,340,919,138,1756,110,191,1824,1441
228,1591,300,310,1710,1308,87,1721,1905
158,1559,1568,572,1745,226,1640,71,1484
1909,1232,1758,1682,153,1941,1481,1531,126
143,1846,1808,1729,1578,201,1836,136,171
1537,1380,1818,1518,1796,220,1784,1684,1743
1693,1514,1941,1813,1796,1649,1161,567,1676
1795,1380,111,1541,593,1839,1603,1732,1906
1694,1541,1366,1908,705,504,595,1821,1677
1371,1056,1562,1501,304,1571,123,299,1744
695,88,1577,1521,1783,1392,1800,1644,1944
1763,1442,53,1759,1101,1846,1544,1371,1900
1369,159,56,677,244,1576,1797,1642,1682
1541,1819,1757,558,10,1642,89,1686,283
200,1655,1230,1586,123,1621,1625,691,231
1694,1765,218,1712,1622,196,294,1840,199
177,1551,36,1384,197,1748,835,1320,997
88,1768,24,227,1838,638,1907,188,108
1629,1848,1627,210,1578,1721,1616,1386,1623
84,1729,362,1353,1531,162,286,1830,944
166,1497,1773,1792,1566,583,855,764,1823
847,793,1521,1598,1368,1173,1856,146,1720
1780,1610,165,253,52,1693,1715,265,644
1486,1696,1579,1643,1616,1556,345,1668,629
1818,1800,1704,118,1803,129,304,1776,1572
1617,1853,1806,1267,1584,533,1822,1777,1646
1919,1662,1391,1382,77,1980,294,1098,1617
1843,308,1736,1396,1735,1490,1842,1509,105
253,81,797,1585,1623,1725,932,1637,1329
1505,120,1709,1516,1335,438,1659,1089,1683
1483,803,1905,1817,217,1633,99,109,179
248,216,1605,1742,1837,1817,1789,1586,934
1918,1645,315,292,1492,1750,1679,1824,1516
1670,447,382,1681,1890,1945,1590,1759,1775
1496,259,540,488,1698,137,1669,1783,1549
335,1849,266,132,169,1390,496,842,788
254,1851,1293,884,1491,581,1631,1494,1596
1274,1797,175,235,1378,97,1557,1299,1813
773,311,197,1711,1662,1611,1680,1681,1836
1912,1698,201,1378,232,246,1830,1643,1799
1580,1779,1740,92,1721,705,129,1471,1691
1972,289,871,77,1872,1561,1797,510,1660
1505,1751,1610,1773,1540,66,359,1612,1693
1374,123,1895,1364,118,1386,1634,1666,1668
1839,1526,1572,1624,1549,1734,1652,1499,1721
1756,1528,1844,1964,674,1839,1743,1858,1973
1644,1810,1355,440,1909,1376,1677,708,1510
1803,1344,1641,1662,1841,1076,513,1734,1826
1662,1390,1585,1540,630,1533,1044,1747,1392
1352,141,302,1555,1758,1720,1804,1567,1553
1564,142,1819,1604,1971,83,1814,1542,763
1740,1506,1767,1481,717,1565,1577,21,1735
164,798,262,247,157,277,1090,1849,515
1518,1492,69,1776,1636,1825,224,1642,1540
1917,1501,1477,144,1753,131,93,286,1119
96,1149,1842,27,1552,1604,1988,1715,1737
134,1723,1506,271,1604,1980,1664,1492,933
1757,1866,1710,1611,1768,1738,1763,1549,1645
1494,1583,1913,270,1775,1739,1394,1756,1381
1625,1848,332,422,1574,1820,1755,1636,232
1487,1391,1493,1351,1697,1575,1495,168,1827
399,1839,1807,1255,121,1804,1748,1610,651
83,1551,494,130,72,1612,743,1139,1525
1613,1508,1832,1651,1493,988,1660,1543,1755
1642,1588,1188,1944,750,1831,187,1559,1925
1035,1743,1711,1624,1815,1582,1779,1799,1495
285,1748,1820,1547,1725,1327,1910,1533,1613
486,1853,415,238,1644,1609,1791,1577,1833
361,1574,1610,1588,909,1763,294,1549,1375
1540,225,537,772,1495,1612,577,111,547
1014,1853,1541,600,1849,1095,199,1595,1535
783,187,1800,180,1669,1659,1486,854,1145
86,1700,104,209,1756,90,867,1634,1486
1692,219,945,1507,302,1513,229,247,1621
171,1481,1568,255,1548,1571,1123,1513,1710
181,1957,731,1800,1744,633,1677,1963,1643
613,762,139,1790,1791,1641,800,1789,1385
1726,1775,969,1611,1720,1493,289,1783,1503
268,1600,1544,195,1680,553,150,1648,1522
1844,1819,1695,1339,165,1263,1637,1600,162
543,281,1370,1384,1762,1153,1842,1898,165
1692,1603,1256,1830,1798,669,717,1752,1381
1911,151,1616,1688,1348,1555,1818,1820,470
1489,162,1375,306,1778,1595,1395,1585,1947
1971,1732,1801,1725,1959,1759,1615,998,496
234,1691,1559,971,261,1037,1602,1573,1816
1907,1557,853,1759,1517,1728,939,1663,1479
211,203,1590,1566,1231,1725,1506,1844,1733
835,1506,438,1211,1720,1749,1711,1779,903
1660,44,1556,1684,115,1692,1384,1538,667
1827,1937,1787,1730,1762,1718,233,992,1644
1590,1617,1566,1776,219,1576,1768,1812,205
720,1912,205,245,1873,1611,318,1831,1638
1782,1822,301,1807,1311,1486,1652,201,1661
507,1743,1080,1570,1691,1722,1160,1661,183
989,1532,1113,1849,1453,531,1774,1838,1527
293,1525,1207,1846,1775,228,1563,1492,1476
1610,1651,1716,952,1909,198,1587,1493,1842
1433,1531,1073,1578,1752,1685,198,1634,722
511,1967,288,300,1219,118,1252,1700,1365
800,1894,230,1689,1850,1731,237,149,1475
512,1503,227,299,1770,1380,91,1370,1950
1848,166,1505,1507,1493,1975,1739,1803,1382
1758,30,1627,1490,1723,1713,1856,723,1589
651,1981,1368,182,1739,1689,145,1632,50
1639,155,1227,210,1799,1703,263,1779,313
1715,218,1055,785,1593,1607,1631,222,1083
1005,69,1588,178,1586,245,1684,1687,268
1802,221,1673,139,1832,1922,854,1509,602
610,92,1818,1725,1907,1854,1806,259,1484
89,219,1667,437,1364,238,133,1800,1501
804,191,1793,1807,1804,1549,1836,1754,1963
1861,1791,1514,1389,1719,1545,759,1640,780
1801,1936,1831,1005,147,1688,1056,222,1639
1653,1712,764,1649,1782,1528,1726,261,185
1648,1618,1870,1523,1738,526,116,1780,1691
890,417,1668,1635,310,139,173,1739,1529
291,1723,1658,1534,1660,191,1599,1396,1824
1535,163,1779,466,1480,1667,1509,1627,77
1549,1817,1688,1071,1724,1732,1908,1233,1515
273,1824,106,1675,796,1741,1030,1641,1551
1555,1739,163,1476,466,1654,1395,1381,1648
219,297,1677,1661,1963,1669,1654,1717,1749
1864,1651,1678,1480,1726,216,1179,1640,1800
1551,1945,1747,1975,297,1383,1694,1537,167
1475,226,1813,1697,1939,1954,1845,1913,1704
1554,1534,1505,1772,939,248,761,1641,1541
649,1622,110,175,1506,1530,147,1565,800
94,1566,143,1760,1763,1651,1549,14,156
1715,1829,1821,1376,1942,1162,1609,1636,644
283,1898,1819,1596,362,1541,1576,1593,1969
264,1624,1582,828,535,1598,530,1689,1565
87,1560,1781,1798,263,1966,134,1494,184
1279,1803,262,1030,1683,1894,1902,22,1762
314,1806,1850,446,114,619,1746,609,1729
748,997,1509,97,1704,237,1819,806,1553
1812,165,1538,1901,1939,1391,1636,1651,1657
1185,1032,319,1722,1550,932,1827,987,1801
1725,1778,42,1676,1831,1841,226,85,186
1506,675,91,1495,327,266,1960,1970,1574
1576,1571,1636,1719,80,1814,1562,1281,1570
1620,271,1543,1626,1659,1575,1924,758,304
1737,903,1705,280,170,1320,1486,1370,1670
1503,784,1526,1946,695,1632,1651,1549,161
237,1824,1232,308,118,1820,1910,184,508
587,891,1674,1911,814,688,1747,1783,1735
1392,230,1551,1723,264,219,1172,643,1913
1776,1651,1485,1598,1851,1699,1761,1847,1809
1553,1704,1910,137,697,1923,1807,1493,1695
1909,1569,1665,1174,1335,1081,1577,1562,1805
99,1733,1664,1894,1754,1539,127,1562,1526
1795,1606,1856,1136,1972,896,1372,1071,211
1528,1693,396,113,1820,1821,150,1786,579
1511,176,1570,1637,825,1823,1575,248,203
1852,1086,1783,1586,588,838,126,1708,188
1796,867,1850,1625,1489,1755,1811,1193,986
36,1708,1477,59,1975,93,1648,1793,1754
1497,1697,1822,1583,1655,1586,1551,282,1312
164,535,1663,1654,207,805,1725,1843,237
1573,1734,102,596,1101,1795,155,601,124
1745,1847,1502,1766,149,1714,1493,1683,169
1123,184,1812,1756,1716,1830,1595,122,1721
1501,1190,38,1673,1629,1598,1483,1584,1580
1718,1945,1675,1839,863,1764,1520,1665,1646
1730,1499,1502,1693,1800,1549,1627,1696,1809
1367,1826,329,1072,41,1648,1726,1804,206
1697,1514,1548,1634,1172,1586,626,805,514
1789,1564,1630,1847,196,1819,902,1715,181
1803,1656,750,1589,1682,1618,1508,1734,1493
19,1056,1713,1844,962,1534,97,306,1831
1956,863,1510,1745,1072,267,708,1519,1524
1594,1792,1907,1846,1723,204,480,1730,166
739,1903,1624,252,1643,383,1685,315,125
1773,1850,1690,1760,1567,181,1687,651,132
1799,1781,257,1596,1518,1896,1788,1805,1748
200,67,1807,1945,1507,1525,1599,526,1520
1651,1693,1369,1518,750,1559,211,426,1808
99,1945,1205,1676,1603,1855,250,1815,1574
1571,1662,106,1925,1639,1839,939,234,1909
285,1091,1739,624,942,110,1499,365,1789
112,1855,250,284,1546,1895,1576,1557,1675
1710,33,119,164,1192,1557,1137,107,1778
192,1135,209,1825,1514,1601,246,1496,234
1625,1972,1550,1842,892,1492,1856,1629,219
1895,1910,1721,315,1812,258,1526,1775,1780
1769,1749,1547,1741,1935,692,1668,1589,1094
1891,1694,138,1192,115,1813,264,1626,1608
124,1837,1566,1921,1778,362,1611,119,1735
1926,1637,1072,388,1564,1629,1620,63,269
900,1818,1895,1036,1524,1701,1715,1827,1627
155,1547,1687,182,316,1040,1663,824,217
1206,1692,1682,1803,1338,1693,1530,1681,1184
1614,1576,1832,380,190,126,1578,310,1615
24,1672,1615,1737,1608,1773,741,1811,1802
832,1857,1792,1610,1834,1564,199,312,879
1835,1536,1972,118,1969,789,1712,40,236
1790,1634,1691,415,1553,1501,1569,1704,1792
1766,1370,1571,1757,322,1492,285,1481,1854
1084,1607,1763,1781,1202,1659,269,1751,136
1487,828,1510,1153,1655,1484,1899,1489,1547
173,1603,1555,1617,1697,1830,1558,1640,1714
1757,1557,1717,1095,99,1819,314,26,1735
523,1627,1768,1803,648,82,1570,1727,1685
1850,974,1841,1620,1778,1832,1392,1836,1855
1556,29,1602,1672,1597,1844,1598,1754,1845
144,794,1905,1798,896,1680,824,784,1641
152,1692,1497,1854,702,1977,1487,1700,1845
1575,322,920,211,1529,1773,1570,1785,945
1799,323,1526,226,1638,169,1613,1381,1721
142,1287,1978,239,45,1645,1971,1660,1771
219,1652,631,62,309,1741,1516,1530,1562
1530,1357,1414,950,236,1504,90,1722,1579
649,1685,1709,1853,1200,1601,513,1516,1688
221,1603,459,1767,1595,1695,1642,255,80
183,15,1616,1727,198,197,1613,1466,1575
855,85,1718,1803,307,1182,1180,28,879
865,201,1555,1710,1593,103,1846,1690,1385
1844,1376,327,982,1508,1819,995,1479,1697
279,1874,1535,199,1501,1497,1783,1896,1951
319,146,769,1658,1776,193,1525,981,1906
1681,1694,782,1690,1239,257,1843,1982,1529
132,48,1733,1798,1790,1019,1385,68,1507
382,1783,1532,1836,1500,1827,1673,1636,1804
174,1788,1554,1827,1768,1589,110,1908,159
1775,1264,1537,150,1724,1198,142,56,1893
1851,1556,1499,1722,1777,1521,1746,1600,1596
1907,1506,1548,612,1951,1806,1766,1812,278
1542,1762,717,1548,78,1798,1521,1342,1575
1752,1852,143,1547,1684,1550,986,1644,1768
157,1659,1560,35,1896,1591,1507,1485,1985
157,1534,1953,1505,487,568,518,1532,1603
1749,808,1831,1540,1562,1922,691,992,90
1907,1764,1503,1576,86,253,984,1796,1156
1949,1588,1514,1820,1888,1744,1799,232,1690
214,1545,1848,1672,1717,1803,1705,79,480
212,1337,217,327,243,533,313,1495,1487
1544,1004,325,1433,1699,1279,1773,1502,166
105,1772,407,55,1907,1658,1624,516,1852
1538,991,291,1849,224,1893,1688,267,1826
1686,1953,1947,506,1700,1655,1541,172,1643
1620,1609,1840,189,535,1279,1714,1857,1690
1512,129,1825,1808,1598,1510,1391,1589,192
34,1521,1575,1588,1715,1952,1485,1571,136
1506,1162,1571,156,216,150,1849,1905,1485
1834,1547,1718,1926,151,1704,1482,1827,24
1835,1262,1836,1852,1693,1514,1553,1689,1558
99,420,1691,1086,1650,1795,149,1824,1069
1774,212,1345,1581,523,1849,1346,1852,1913
1764,1844,240,1970,178,1486,1607,1501,858
187,1771,1556,1896,1972,1611,257,1641,1493
1755,1763,183,199,1805,1708,232,598,101
700,1648,1845,1475,1539,248,186,1702,1340
1945,1713,1584,1687,1762,1064,1492,1581,1721
1719,1781,527,1482,135,1486,883,1546,159
1759,229,213,1671,1667,1830,111,336,1582
1595,291,1840,1757,1931,1666,259,1548,1645
219,321,1473,1980,122,1717,1072,152,1873
1668,1507,1479,507,261,1375,1633,1046,1636
1708,1582,1838,1516,649,807,1737,1570,1819
1594,1518,321,1620,1555,1791,1484,1912,892
1036,408,222,1764,1591,1672,221,1523,1721
1537,1622,302,154,1339,1502,276,1900,1812
312,1249,1156,728,1615,180,1804,1498,1829
1009,1772,1489,66,1241,1379,1661,1615,1547
1729,152,35,74,1605,127,1514,1759,1635
1529,1797,954,1659,1279,1517,1773,166,1965
1643,1300,1430,1641,1850,1702,1687,1776,1070
1099,16,1390,1786,1383,1680,1801,1678,1491
1682,1366,1736,1795,80,88,54,1494,98
1741,1788,1899,199,1620,590,1930,1492,118
1832,471,1719,1657,369,1090,1782,225,1639
1731,1822,641,1543,207,1453,1940,1908,1590
287,533,477,1814,1693,213,1569,69,1040
587,1607,277,1486,1684,635,661,698,1657
220,1072,180,106,1181,143,1534,1160,1621
151,302,206,1597,1372,954,1729,1757,1652
935,1746,1569,1831,80,317,297,1747,1748
1715,200,1593,785,1690,1645,1684,211,409
1759,1661,463,1489,224,1841,318,1848,851
1543,1547,855,1763,1929,1753,1492,1946,1519
1082,1784,1496,1856,1735,1493,1805,1717,1043
1769,141,1269,448,1746,1844,1791,1911,1489
1483,1539,1628,1849,1794,1555,1956,179,1561
1512,1418,125,298,1590,1567,1664,1209,1730
299,1608,1778,1615,1674,1390,827,1770,248
1874,1543,147,1046,1552,1481,1820,1491,1609
1690,1833,1856,984,1770,1578,1547,1913,1482
476,1725,1927,1577,1729,1834,1939,197,1713
303,1639,1556,1754,814,1853,1959,1335,1589
1829,278,1718,324,1731,1862,1677,163,1658
1479,224,134,1600,1737,221,287,844,218
1494,1558,1956,1768,1855,1693,398,1680,296
1854,1681,1502,425,530,359,1350,1910,1749
1531,1841,1710,1913,823,127,1624,197,1639
1759,1683,232,1722,1559,1694,249,1910,1491
1491,1268,1772,1561,1691,1733,174,492,1736
1601,1918,1948,784,1637,1385,1869,1546,1836
1367,1763,1960,311,90,1778,848,1380,1965
1536,1652,1702,1850,650,321,1479,1670,1653
1079,1607,1852,1069,1482,103,1481,155,1583
1741,1960,1527,1408,1583,328,255,24,1740
452,1675,89,371,256,591,1600,1829,1137
1593,1609,806,1785,561,1688,1956,145,1259
1837,1693,1639,1555,1593,163,131,1493,1969
