306,1741,1692,1066,393,138,103,1145,123,252,1711,1839,520
98,279,1262,1829,1280,1449,194,647,108,1162,759,266,71
1356,1303,521,417,745,1341,269,194,890,1183,1165,1013,137
135,187,1554,1671,293,1839,1032,296,976,845,1307,254,1305
321,359,865,1030,918,112,1764,885,1103,490,441,276,1732
1553,1248,290,259,583,315,856,1555,1276,188,374,279,966
645,1302,170,254,194,656,1732,1024,400,272,1778,1436,104
507,1495,739,27,1314,722,1296,927,373,1299,644,1372,1012
1030,299,1242,466,1280,668,1352,1342,148,46,797,1304,1307
621,310,1469,1830,1426,415,308,1195,690,1280,1516,1845,1237
415,1811,1819,1827,1265,1687,1298,254,913,1845,1285,1139,354
1432,1691,1112,973,990,1302,233,456,1613,4,723,894,1512
189,84,995,176,954,1183,1293,408,1778,288,776,1024,992
1306,1677,1637,946,133,1358,297,279,383,471,1805,1228,1840
913,63,1016,570,1783,1288,649,1605,1752,1426,1291,585,686
80,1839,1307,941,1304,245,1276,1534,1133,540,1648,125,332
267,1189,1285,1802,1280,23,1236,245,164,1378,1598,540,990
683,309,1279,489,1727,194,1344,531,998,499,1093,286,137
1731,1160,1214,559,1280,1306,1250,1846,139,122,3,1199,265
1181,1295,1302,914,1304,789,253,1305,552,284,1028,259,1712
644,1243,1777,596,440,104,1294,930,1160,1778,121,46,197
199,117,1047,1190,153,511,262,699,1356,1839,1075,728,1372
587,1291,646,1354,246,387,277,342,76,1523,1415,447,254
106,1540,1301,1804,1306,128,1780,1066,327,621,979,414,1778
1166,133,770,26,294,1191,58,1830,1780,855,227,772,1278
87,1411,277,1223,807,872,772,129,376,223,1041,630,59
669,996,1669,684,1596,665,1201,913,1292,1509,914,380,219
1354,1552,257,358,478,20,1099,192,328,1289,1088,1294,875
1783,863,963,1301,1250,1836,717,150,1648,790,258,1614,1155
1756,1765,1286,754,1322,126,1050,566,289,914,124,475,980
170,1132,132,849,312,1712,1546,285,1552,573,359,1292,1084
397,997,1847,1732,152,1290,1142,269,74,1113,1844,1707,1564
949,1585,25,1681,353,794,1625,1291,1190,190,908,531,257
1732,1086,955,1270,958,1809,914,1084,1255,644,1289,877,1705
133,370,181,875,220,121,1747,531,1298,151,1084,112,75
246,1269,279,752,1777,1181,105,1563,1174,51,1430,515,1251
1804,736,1365,1811,120,1297,411,1426,772,90,491,202,891
1183,602,1302,57,475,1542,818,1007,245,1289,1299,1290,20
325,235,1679,233,116,1165,1285,1128,59,95,1305,581,1819
16,1174,466,540,1013,1294,859,966,310,1263,1249,1574,1285
79,1288,1215,271,1500,142,1249,1298,307,128,989,903,1853
1280,470,966,1807,1288,1099,1629,152,290,1673,1787,1659,849
664,495,215,469,373,1669,1472,919,88,1175,1732,1245,581
1856,547,1851,376,859,1249,774,683,1585,1525,275,1266,80
280,872,1732,76,1150,1648,1805,1217,1585,201,1432,932,207
1472,1289,1187,221,531,1120,305,1293,203,847,1146,79,1783
1229,1303,1028,1330,1741,1306,494,1230,85,269,1224,617,303
165,368,465,223,1290,1291,1470,1847,1349,859,177,1146,1265
256,753,1847,590,1291,95,1837,1296,165,252,922,461,267
990,1115,669,374,1307,924,1000,184,499,322,1685,46,63
478,1293,103,74,1307,1472,1191,348,953,1449,1399,709,1281
1777,1712,1524,118,1493,1585,1276,278,733,1012,1306,25,1286
987,354,1374,859,1291,642,383,898,669,1276,93,478,1125
179,644,532,1811,46,100,646,1280,85,1191,1854,965,1819
23,1279,1702,310,120,1387,101,784,1176,363,1439,382,1752
1640,1173,366,1311,1296,1278,201,267,1752,74,594,993,1176
1259,221,1116,1569,1708,581,917,640,87,1373,1111,708,279
1776,514,58,178,1301,1839,1240,1307,152,1562,1266,943,128
1279,167,1472,1097,89,93,1677,243,864,1295,645,1183,204
1168,771,1564,70,197,275,305,1680,62,1290,12,1712,898
1191,131,1388,901,714,645,120,682,963,1215,1164,1540,188
1366,771,1752,1183,238,1154,1141,1087,484,1553,596,170,1648
1566,1512,1532,1266,1039,238,74,1013,1195,75,282,1307,466
1302,81,291,25,725,1157,185,134,1547,1301,1594,909,693
815,95,24,1595,1223,1295,1839,80,352,809,1433,1279,918
1275,1328,1206,1861,27,1357,1537,1737,776,581,1303,562,1255
1670,1292,266,1299,189,645,333,993,281,1805,1302,596,1054
1759,1780,303,499,1295,1346,152,742,273,690,423,1297,1129
1686,148,193,1266,93,1249,1368,1280,713,1063,1333,1083,1295
154,1302,1200,1119,1564,969,1711,623,722,374,1300,94,165
1574,858,103,1307,507,223,231,1275,238,282,1824,1711,270
855,126,246,1543,458,212,151,440,898,666,422,4,204
260,231,815,1084,478,1470,1284,1200,1752,1278,275,636,1218
953,197,1759,100,1029,1691,334,955,127,1583,1339,1335,890
402,714,74,779,677,1298,284,1314,1658,238,1585,554,1153
715,74,1296,284,217,581,303,1811,1016,749,1321,399,1307
900,182,169,1020,1036,645,1722,1266,1581,1780,1320,1624,1693
589,116,690,188,499,177,1648,1264,1763,621,147,728,1136
1080,644,296,1752,76,1472,91,1298,1695,1778,1279,1845,1058
1024,978,922,177,297,952,1228,98,947,1373,291,175,550
106,700,1182,1491,1128,1307,1660,1851,429,861,123,1237,139
1288,845,25,1028,1216,1635,953,1731,857,1591,1270,263,644
150,307,548,917,640,292,263,121,1805,1305,132,915,42
188,1546,1176,713,1781,1689,1653,201,1266,1804,563,286,103
190,1637,1068,1768,1472,1647,135,1161,93,1639,324,1584,740
1176,890,74,913,581,1032,917,1230,1041,133,94,1240,1292
1817,1180,56,397,645,1688,1719,828,1276,146,1288,1580,1529
845,228,1589,1708,1323,643,971,302,621,1303,1226,869,1564
95,1290,1298,106,1725,1499,363,1247,1040,1277,478,1617,1301
1425,1417,583,1658,284,1296,48,93,1735,978,856,447,213
1024,781,292,1204,291,74,1544,279,661,1125,1240,243,1566
1182,133,1475,315,1683,1688,1328,1128,1327,1712,675,1176,1633
1828,1441,1263,699,1781,986,1776,1294,284,1807,1024,220,25
1533,1126,1555,669,955,1599,246,700,1164,642,641,120,268
1819,1566,1721,139,1150,1278,504,1418,855,1097,1129,59,1547
1290,223,1276,1430,563,1369,294,1752,1298,511,1555,1280,1279
1068,1432,234,1263,27,1279,1607,697,60,1721,98,990,1301
1651,421,139,271,1343,1521,1804,65,172,1780,440,1233,925
1333,772,1625,146,1277,1470,1256,1045,681,980,1741,1269,242
1270,356,445,1550,456,918,1305,1250,1117,586,412,7,1819
857,716,1138,1539,1802,1152,1741,469,1467,1498,29,1357,832
637,1847,680,1352,1034,1093,1470,589,824,1333,1712,1294,1295
1292,1740,1564,181,1236,1547,254,64,112,852,31,1648,1839
265,1566,1120,77,1041,989,172,1021,1291,403,114,1303,1083
94,1640,503,1110,1657,12,1273,1302,253,635,1585,531,1537
1132,680,740,981,643,544,259,454,302,203,839,1306,150
152,645,609,566,216,1282,1108,1276,1557,186,274,1056,1346
629,1030,1208,320,369,374,536,644,269,1018,1440,1132,1246
1051,152,1851,445,270,987,642,244,293,776,1648,1290,1094
1689,134,1566,953,890,1516,909,395,1108,305,27,268,1470
1722,1839,427,174,1246,635,259,166,1444,801,917,100,178
115,1366,876,1034,1751,980,220,852,1186,1475,1256,1741,570
226,542,1071,1335,285,767,990,1306,1426,1374,1243,1569,1028
1271,1084,963,1291,1235,220,1842,731,455,812,153,1184,18
950,60,1276,86,100,1290,118,234,259,74,1309,302,1220
669,1621,1112,410,1209,759,707,1178,579,297,989,834,499
1011,104,1510,137,1781,1279,1372,1496,955,1807,459,1305,1226
1086,1298,1676,1187,741,478,145,690,462,63,1826,656,1673
272,245,307,512,266,49,834,244,1699,548,540,1713,194
70,377,478,201,1182,402,1279,806,475,1554,1529,144,1374
1691,1093,181,1220,811,535,640,1298,1685,1706,440,826,137
1028,1076,811,84,457,315,924,1502,908,284,582,624,1276
1302,1841,681,103,854,108,760,334,994,1088,921,1276,62
642,1197,144,1566,931,1230,1842,1307,1311,1800,104,1741,906
1307,148,1020,101,890,1700,1290,590,1423,808,456,181,1564
980,1738,294,51,1366,1076,937,1293,1344,271,1166,123,1242
1011,1711,1018,166,603,1348,1294,569,1118,1125,996,1194,1280
104,1088,105,508,1776,629,216,411,1138,953,177,239,123
70,1150,139,1756,568,920,943,1192,1305,1693,289,176,857
1176,1249,1207,1501,1290,1122,1306,1216,1555,1219,178,754,588
1807,1059,1279,14,1659,1277,76,1296,1595,271,27,170,636
136,120,1415,20,1216,713,956,62,296,1579,641,526,1018
1227,676,207,226,798,1265,1781,1266,269,1778,856,1199,1640
263,808,219,1353,1267,999,1415,78,545,37,185,691,1234
1158,1251,1276,202,1842,27,197,89,70,995,1237,1333,772
121,197,872,1492,950,1290,1783,1094,1066,1605,610,1068,220
1223,1778,1811,1295,1737,178,1432,1711,1839,589,147,302,137
80,1040,268,1302,625,1182,1260,1289,450,1305,339,223,568
1585,173,144,1266,1045,258,1056,1169,1051,1654,1411,1054,459
284,303,1680,991,245,202,1302,442,142,1224,146,1555,113
1176,1839,356,269,70,295,937,1497,151,80,1372,464,1465
1184,1841,1811,561,1208,1267,1290,102,432,100,806,292,1215
1851,1839,1403,1711,78,1669,69,1701,125,247,129,797,1850
1262,572,309,1040,1555,509,257,244,1847,766,281,1757,1099
1534,1257,51,1311,296,1657,1546,285,511,76,487,1028,1116
89,1697,540,1021,637,937,1112,1128,1583,921,463,914,1197
714,844,1564,1256,1776,233,918,1224,1234,4,1620,623,1220
287,229,1161,1041,92,278,163,1303,283,320,749,126,1030
915,1830,465,549,295,624,145,215,1680,1811,269,164,1167
138,1074,1536,530,1176,121,1197,1445,740,1811,1218,1084,1168
1285,955,616,146,688,463,780,85,1668,643,1303,301,1156
1778,934,1122,1829,1289,770,1808,310,1167,1290,1585,167,745
257,1290,1058,12,793,1074,1637,1339,1085,1220,169,1256,1182
1339,1188,494,114,907,1304,138,65,1292,1223,1198,1777,62
288,1361,65,691,1087,1840,1005,383,353,903,1732,900,1295
306,178,315,1741,35,252,74,152,1631,163,1302,104,261
1728,1125,1021,1366,538,1105,1224,238,90,1421,1470,1269,1489
563,1303,969,74,339,1757,1145,1739,1472,1072,950,796,1290
1085,913,1031,822,114,132,807,1088,1278,104,1228,1461,296
1555,745,920,943,644,1256,1769,126,823,568,199,623,25
1150,295,1566,261,1306,140,14,1284,1014,1167,1003,71,101
354,1415,636,1280,404,647,139,639,25,552,1305,1745,535
606,1265,1547,588,990,714,529,666,664,1699,220,186,956
510,966,233,1741,41,249,1563,949,268,1160,1851,1109,1019
940,49,727,291,1366,138,1299,430,1340,1303,914,968,1745
936,306,665,459,1216,1271,1276,1105,108,940,259,600,645
1068,589,1291,1064,890,1829,254,545,469,1294,149,724,1584
256,302,1547,1029,1798,1839,150,845,1844,1454,1418,1566,1697
280,997,643,1141,566,835,1360,847,723,915,165,700,1096
113,713,712,1182,270,829,1585,26,1343,411,100,1374,1781
934,51,1083,1613,470,1783,1294,1839,1290,133,265,907,540
777,1106,91,406,956,1056,1038,1295,417,1804,177,271,1290
65,93,641,113,1140,862,1671,1732,1304,860,1669,576,963
1558,1560,122,1550,1686,1789,234,877,286,400,674,282,1670
1086,741,1004,261,1015,13,1780,1223,1018,1009,1016,267,246
1680,84,166,842,478,729,139,1318,23,770,901,845,1710
263,1029,312,67,434,1534,1768,1257,1585,1088,588,1295,939
237,298,1287,1034,1302,1839,908,94,142,598,1281,221,21
91,1512,1090,1621,1750,78,1304,1330,1374,294,621,495,1307
645,910,1307,1078,188,533,1305,179,1276,286,644,1724,1657
1305,451,185,83,235,1807,640,273,1277,1752,574,650,1294
1296,95,60,1472,1836,1759,420,126,185,909,1741,1094,1251
1292,147,1101,1307,1298,151,1285,1804,295,1697,65,1744,1225
340,263,1343,1091,1078,223,1305,571,1547,1445,280,143,307
1648,492,102,1264,901,266,1030,1177,1073,1326,1161,1583,1332
472,862,409,1348,1058,1686,946,1362,1288,270,1547,917,1278
840,1068,1374,1274,1466,806,1712,494,294,444,1267,1235,428
266,185,669,1230,1447,451,192,70,1056,1513,1279,1280,1841
636,855,1224,587,987,1188,1305,70,829,1033,478,175,286
73,978,915,27,1148,1470,1530,510,1566,103,1327,1441,271
989,256,245,1306,1502,146,717,785,1294,713,184,1498,818
1287,1314,1164,986,740,1285,1076,253,581,1366,707,1165,132
1067,1585,1589,1680,636,1187,25,220,1242,9,1391,1648,1345
395,1057,859,1302,643,1739,269,1279,1294,100,124,361,62
917,785,1858,385,503,651,744,908,684,1307,1049,1817,1279
1732,1296,147,512,898,976,1712,1165,309,1272,175,402,1300
592,1755,402,971,1836,1144,1323,1472,287,206,312,555,1158
412,253,1007,255,386,779,1578,1584,1842,128,147,1207,1055
555,689,117,267,71,33,1182,285,1074,76,948,1294,1564
1348,491,310,337,808,1807,1550,466,1296,1182,1579,217,309
58,254,924,420,916,580,1295,1164,1275,1367,751,1276,70
5,1107,1349,1566,1307,1585,768,636,1731,897,139,1459,4
1125,638,648,395,1108,1300,1097,1058,973,1199,1139,306,1242
126,37,490,1783,1293,416,1119,1430,378,1553,1551,1040,1009
944,1811,1741,688,24,568,167,1206,1685,1288,1345,470,328
1373,188,286,1289,1714,1791,598,1015,73,1424,101,1798,1112
1438,908,1546,162,1191,271,1289,1429,847,1770,1014,1293,1855
1132,488,1191,1138,1282,1485,1158,1715,213,1714,189,1175,404
1844,823,1276,370,267,271,80,1432,615,490,1811,1069,1566
133,1191,911,243,727,1834,1223,483,253,1294,1752,1188,1659
95,260,581,1311,152,1245,1818,1296,1216,1669,1819,245,1058
1302,1721,570,920,248,119,697,1529,1188,642,1301,1350,133
1447,1285,1188,1184,197,1505,1307,1182,917,983,1426,978,845
142,957,143,181,297,117,1848,1098,1290,220,234,1073,1273
958,1051,1343,752,104,1104,997,462,640,644,520,1156,202
151,800,495,1611,579,1700,1321,906,1744,1819,1555,87,641
83,1220,319,478,844,855,992,1741,268,604,167,967,1648
1689,941,1297,772,990,1280,1374,309,1290,1752,1754,206,27
1029,1697,1292,164,262,637,1141,251,1314,920,1524,639,78
392,1266,169,547,1569,1666,1142,49,1732,124,722,1304,123
953,1304,98,1591,1296,1550,1088,402,127,1301,658,296,674
1276,1275,1712,697,219,193,82,1415,101,1835,1585,914,629
305,1088,1386,1045,1279,18,981,1284,1067,1245,572,606,117
1104,71,70,167,379,1289,308,733,956,183,907,1009,119
957,548,1374,1769,1292,989,1426,1447,1780,700,1430,1293,1181
189,79,690,1566,713,902,827,159,1511,722,506,504,739
1215,1247,1188,24,1250,1282,806,295,1305,1585,1284,88,113
548,802,202,821,991,417,1126,264,1085,212,1286,1639,1236
1459,1568,91,1306,1676,1094,784,1333,1347,1296,1282,1017,1426
316,1581,1555,1372,293,122,92,220,341,292,530,1104,890
689,1712,1267,733,312,1250,845,612,112,983,1628,151,1301
1253,985,179,828,1276,148,94,570,1290,1218,325,1640,95
1745,270,135,640,1306,1804,1538,1104,166,487,138,1564,91
24,1613,1682,1461,1296,332,1402,1237,978,478,1708,256,1306
1811,1807,766,116,1284,49,101,901,1542,1564,27,1307,1294
779,137,1041,1747,1005,26,837,1087,1675,913,1173,483,1497
645,1563,139,724,1476,1288,1034,608,1330,234,18,141,1706
266,1780,562,656,1417,126,271,159,1248,1285,1297,518,152
1269,770,1374,451,424,78,776,100,136,1305,76,353,1300
134,975,792,540,574,1181,1741,1028,1125,264,930,204,145
1461,271,1299,95,1292,74,1844,587,243,525,1183,1220,953
259,137,1085,1267,1112,1293,1553,1264,93,1296,357,1613,184
1107,228,917,1798,151,136,1298,454,414,857,98,1470,170
121,1330,1798,1073,251,520,1781,235,958,698,1030,823,279
1804,1294,135,956,69,1175,155,46,497,439,993,165,1677
1715,1580,574,843,181,1106,1853,1564,780,1178,990,1828,617
1289,399,269,581,296,557,1676,1636,1307,1633,574,89,989
1279,785,775,1432,297,1841,217,825,862,572,1372,630,424
1482,1839,1472,435,1182,1304,194,93,446,1794,821,1341,295
147,309,740,489,1057,219,1427,1840,264,1746,111,1677,62
918,1298,964,27,481,155,598,1065,180,1166,1231,1811,996
1852,134,203,966,1064,290,1533,1758,823,1028,1840,748,1244
860,22,1426,1660,492,993,645,306,268,218,285,1432,71
335,294,900,794,1278,1161,121,728,1167,267,685,1566,1073
1293,96,1180,995,652,1432,596,908,285,1353,1851,256,1528
1754,828,374,61,1184,259,593,182,1293,1811,260,1296,320
1145,151,1125,1006,1591,82,309,1489,404,147,78,459,512
70,1824,139,100,4,1844,328,1534,1178,1829,1498,94,992
1278,1683,1648,1303,1613,649,221,598,701,713,1781,122,1285
108,1552,1237,161,1128,167,1454,217,1343,1646,1230,243,307
1285,1781,1632,411,120,58,658,234,1281,20,922,274,294
990,1760,1817,995,150,1482,60,1564,253,1207,1016,1296,43
462,194,1843,1112,174,1545,1123,290,168,113,1224,243,119
186,1307,1103,1277,1102,70,150,1125,1190,1093,590,1413,805
77,372,1306,784,1084,671,656,35,1282,1434,25,1732,126
580,328,1102,139,1179,739,1403,451,289,307,753,1752,779
1434,261,1549,90,1167,1620,766,83,1288,190,1242,932,1068
1005,1183,182,101,845,723,1741,1783,1282,889,267,189,282
1374,645,927,279,1327,990,1839,1552,221,166,1337,914,1160
1783,1120,1092,145,1773,169,931,433,377,989,1752,1155,482
425,1778,640,254,1710,930,1229,989,89,1257,1068,65,261
290,433,1173,540,1012,640,1029,545,190,185,26,1293,1490
1161,852,1722,1804,1843,731,553,204,1307,1085,1595,265,855
1294,1306,59,130,1780,186,656,1092,789,1397,491,305,644
572,989,1752,1052,124,1182,605,1572,1301,966,1265,1305,1298
63,91,248,1174,166,1018,1300,190,722,1090,53,1547,829
1284,169,1560,235,1756,855,181,645,49,1804,1076,165,1235
452,984,1220,1778,1160,88,177,1615,272,417,265,1771,458
707,71,914,53,65,780,283,1353,1550,168,1211,731,1289
175,181,1298,1304,481,407,1307,1289,862,1442,643,123,877
85,150,1281,1846,1289,1278,490,855,1191,857,1088,908,1095
1062,714,809,148,223,713,435,1501,1297,1759,540,962,1589
903,180,1113,1666,1291,1074,764,1290,889,1297,1372,177,1110
1426,101,1850,228,1280,1402,970,1454,1303,287,23,74,1229
1182,768,656,1648,84,892,133,499,1307,1183,1128,1374,23
1615,658,47,1338,1301,813,645,1585,918,1274,1311,1297,1279
104,1091,95,1501,344,1228,60,855,1276,1094,194,1290,419
1302,114,1226,200,194,1292,619,1071,1347,1009,1284,1278,1778
123,282,221,1175,1563,1271,424,1306,1134,1470,1778,439,992
1059,1111,1844,1295,197,1305,935,1222,1076,1711,1266,1093,132
1491,1648,253,1123,101,1232,133,459,1229,1228,1265,1647,694
1851,1247,1130,1658,1283,643,272,1292,1306,1533,1067,442,1824
147,1463,1512,145,171,112,167,223,137,1035,181,77,298
1566,1106,1228,187,1118,1307,1260,410,139,1550,1245,1049,1278
1704,128,274,1171,1372,656,1292,653,135,802,224,307,260
1629,424,1296,1289,395,1843,1306,177,1336,1566,70,471,1281
1585,641,129,713,990,989,1187,173,295,1273,1466,1722,493
1640,74,478,1146,1752,146,1447,983,1314,1088,149,17,31
199,138,426,248,1752,889,1837,713,1455,150,220,768,1732
744,1303,1260,23,305,1182,127,410,1776,107,1138,917,1096
1598,989,1621,1535,9,683,356,1811,529,1585,1460,1783,1776
185,1125,613,1510,231,1769,450,287,1160,1840,1022,272,1278
245,1446,937,1378,1295,46,324,138,2,247,1732,126,1855
1228,1783,1295,1306,568,1246,519,1028,1276,74,193,1648,1076
514,1696,1551,1233,1277,1211,531,1297,154,27,744,1389,252
1017,1292,308,357,1486,1291,399,1741,107,918,335,1276,640
1281,291,186,1296,74,402,12,1304,1783,166,474,360,462
136,694,867,1566,1741,1168,80,1276,87,292,1289,1819,1088
1515,1456,1291,1564,535,165,103,904,600,919,185,1490,645
694,303,410,962,890,1462,121,1316,855,1691,1461,1712,591
98,134,478,494,1800,1566,952,1243,1303,948,1292,1648,1232
105,1426,95,1059,1083,1213,1195,581,149,243,1148,343,1275
501,1846,1752,1557,11,1374,852,1230,1277,1544,1546,251,1021
1441,3,767,1295,270,1332,1780,671,378,1289,179,1278,1175
1281,1280,1290,74,1808,1298,1552,76,36,1156,242,922,1601
1059,1222,273,1141,1182,20,1505,1276,535,503,909,1813,1839
1741,857,302,1306,1712,458,1011,100,136,684,993,148,976
1030,146,1844,155,648,908,495,1855,1295,939,1279,716,1772
1320,1326,253,1686,166,1138,1188,1662,1550,1104,1216,308,559
139,1240,1076,1303,291,1654,1307,321,478,702,547,1780,179
1819,1145,98,907,177,902,1599,1470,1260,821,99,713,1547
1014,509,1285,27,1372,1737,1284,24,1291,523,1305,1208,1267
155,1840,512,219,1279,1338,1676,733,672,1284,374,1293,80
985,1153,123,1295,265,1246,1457,152,933,862,1137,1571,285
1418,1013,862,427,1566,1374,1804,487,1303,350,1280,1444,1267
1532,187,942,1182,1588,1350,200,950,358,12,511,1225,1009
220,166,1084,1266,369,1106,1773,1336,677,333,806,1722,1142
1676,175,1798,875,252,656,170,2,1250,644,1011,1128,1274
20,901,964,937,766,1741,19,664,598,934,74,1067,623
890,1689,1276,889,1064,105,1457,253,1753,492,1534,368,603
26,1418,356,221,1307,1280,1343,1287,1705,133,845,104,1288
1162,1301,1210,139,1416,927,1201,137,1804,664,1068,14,1198
1564,193,1816,967,937,1374,170,1694,1217,1824,1199,1712,1841
917,1030,1501,1781,834,935,1835,179,822,1223,1161,184,1303
945,1839,493,1360,912,104,1556,279,1275,1712,1160,1711,288
1645,650,430,1752,857,1006,490,756,721,12,1566,861,510
151,596,282,70,1388,1217,1605,890,501,128,62,268,139
855,1155,523,952,656,305,1290,917,1097,1756,1294,1128,1546
383,1265,1488,1610,1187,278,131,1226,1208,973,1485,285,280
165,848,126,1192,23,545,1307,1290,70,1248,1014,305,1271
466,588,1658,304,1262,148,312,204,632,1761,1285,23,195
443,578,731,1169,1555,1276,1013,903,1182,303,1432,169,641
1441,1303,1198,1778,745,302,1590,1278,471,845,103,635,1346
1288,166,203,871,1041,167,656,1142,491,1298,1136,267,866
716,669,358,1056,747,495,484,139,376,918,293,1605,148
1390,1831,1299,699,1095,1237,1745,1585,1847,1699,374,194,219
739,1470,989,658,1555,717,1087,1156,909,385,1498,134,1676
930,1804,1303,296,689,94,855,164,740,74,645,934,140
1286,845,287,1741,86,604,262,1305,1203,520,137,680,641
290,1297,284,1541,93,279,151,640,1672,1769,863,142,772
953,1796,141,1501,1555,1811,570,69,363,203,84,307,656
242,994,12,1235,700,1251,881,640,806,36,644,320,1289
1808,772,1041,27,63,301,273,1648,1720,824,1167,950,157
1372,1052,179,1150,671,71,907,343,1155,95,1191,90,727
1707,113,1121,46,122,285,1192,1290,1668,1128,476,170,903
1854,1491,621,1404,1688,923,911,392,1248,1298,185,501,133
232,1089,1343,1566,1256,1303,705,1021,1789,197,169,913,785
1702,1352,291,1372,1153,96,1177,1778,722,262,699,106,967
1648,291,139,703,1732,938,752,748,764,956,961,907,305
958,1178,1175,1045,1361,822,412,1585,1300,1008,1472,92,893
1472,990,1158,1088,11,411,1435,1029,686,1223,1413,926,60
1555,569,1242,1817,950,1797,268,80,256,956,1301,1279,540
93,193,1712,255,1647,766,1445,902,1811,114,996,679,148
1648,1021,645,306,1769,955,1472,1290,146,80,1027,680,1333
1190,1426,1277,1415,950,390,1247,85,838,1697,1693,1271,669
1188,506,1617,1745,1524,1285,112,274,1772,1672,179,108,733
325,198,1303,1115,768,244,1266,60,1819,126,1565,1242,589
113,76,1168,550,1175,943,1048,1327,1295,840,950,123,1536
265,1684,998,943,1591,126,1456,656,1451,1294,1776,640,727
1840,1804,105,967,1564,342,545,151,1306,278,303,1294,424
1240,106,176,153,84,69,1296,406,1847,467,1230,51,1566
1775,297,1804,885,1780,1817,339,1534,23,1684,975,1701,1272
1160,1374,77,268,188,427,931,1473,245,743,438,1221,1487
645,1082,294,106,639,1279,1016,1284,690,1600,122,1185,126
747,945,1248,1294,1127,956,990,1320,1290,614,991,1536,1279
1385,1291,138,412,212,1728,1296,1121,579,363,1245,639,1829
139,294,725,660,1367,669,1432,67,136,1021,1690,906,402
1032,1018,1695,150,457,740,226,177,189,1076,224,1560,531
1202,1192,1802,705,436,716,198,1011,1279,36,1293,915,158
284,1595,232,1296,1158,1761,792,147,51,1018,699,1294,190
902,1298,1475,1809,290,936,1293,1683,174,1191,114,1435,374
1759,1596,12,1073,74,223,989,970,744,525,1680,38,939
1253,1129,1172,595,1279,966,1307,11,440,1241,1712,1015,1805
138,488,761,729,306,571,1372,1748,1294,1406,1260,772,1253
77,1282,1285,292,1689,648,279,951,1132,117,529,1030,1161
74,85,1555,144,1276,1426,1374,128,1468,1279,183,709,1781
1284,823,1188,918,1712,1290,1595,1783,113,253,941,936,1845
55,181,251,956,898,1564,103,1787,517,908,853,1585,1106
862,531,1548,924,648,1113,777,1028,1554,315,1276,1040,1037
1294,233,1306,991,203,1278,1290,855,1279,489,759,1188,1855
1585,190,1842,252,1055,1094,717,1255,1539,670,1182,490,1230
281,1842,644,197,1246,1380,18,1124,169,409,275,101,1289
1117,1210,260,591,1760,200,69,1040,745,1155,1118,1718,23
968,758,548,254,781,229,1060,1613,147,277,1302,285,1732
293,1338,1256,1288,1328,91,307,139,141,1776,26,1552,644
990,1754,164,958,1230,234,327,890,16,1591,1140,49,1862
673,157,457,588,1199,855,137,100,1181,395,1752,953,1366
1689,466,164,49,1452,1305,290,1232,1287,568,1225,166,146
990,312,1291,1426,91,1302,180,970,1639,1278,1744,921,1272
136,1529,1550,1079,1841,1372,1247,294,232,188,1469,1783,41
1801,489,1296,1223,327,606,256,157,1085,236,1170,165,1096
1116,581,1295,1470,1732,1374,492,1290,261,442,1648,122,1151
126,953,866,1062,1036,1694,1217,1682,806,582,645,989,1179
1333,281,1839,270,1841,1199,1823,1257,1316,1276,1575,724,1660
80,266,853,1257,1306,29,1433,305,1150,265,1047,1182,1819
1007,890,221,1134,246,950,198,1016,780,1741,1277,392,124
598,320,244,1332,287,1494,1033,1192,277,12,1583,69,1292
1545,1842,1618,506,902,282,89,1086,1819,1564,1187,402,565
25,337,855,1463,1637,438,116,1852,1154,141,447,1293,1426
120,205,575,94,1852,904,139,233,807,170,1188,1817,1174
968,1780,295,1759,1098,1118,296,955,1792,833,252,1303,316
23,126,245,58,152,1074,1554,161,1091,1244,212,258,47
1280,1049,1424,1836,108,1245,8,760,417,1648,17,141,1817
1467,27,1819,918,903,1555,1307,1668,1839,308,1183,302,1841
1696,1142,129,254,190,457,888,992,902,600,263,1296,1128
1389,1290,164,540,94,1303,1149,1811,691,1247,1093,1033,53
79,1086,1,93,486,108,268,1374,645,318,960,35,128
1451,1688,183,78,1840,274,85,1490,598,1128,1326,1285,989
1152,90,88,1230,128,1123,613,845,501,91,1294,1276,246
1592,1073,1619,1445,158,778,1491,1348,1279,1030,708,1525,1432
1811,684,1533,1821,181,1199,709,745,1294,740,1305,150,546
1108,1270,274,1227,475,989,939,829,474,197,1783,855,465
637,165,264,1776,20,1307,231,1804,59,1294,990,1115,984
635,66,1105,1299,1587,1741,644,75,939,45,1783,97,669
1305,1293,1752,1554,100,14,819,1783,939,669,1123,1460,1856
780,548,27,724,1592,640,519,1754,428,125,323,946,549
135,1115,1840,80,1679,137,1238,121,993,1151,1184,70,511
1834,219,114,389,1083,354,1544,1741,1798,102,253,1300,1076
820,1201,1291,65,1564,347,641,1018,1010,299,320,138,1277
1648,1766,1277,1199,175,656,177,459,1653,94,746,1301,1774
1791,1306,478,363,1432,400,1819,808,1071,1344,530,943,1105
921,1769,644,99,1243,1030,1720,303,246,1660,1299,140,1282
531,46,936,641,1306,1858,270,545,607,1748,947,363,1834
855,857,1741,1007,1128,105,290,1482,1602,1838,137,1748,259
219,1231,828,1282,610,74,693,1783,60,1028,1076,405,606
1328,1623,1182,1569,1566,1311,867,1243,610,325,1849,137,1648
284,1068,1132,146,870,27,188,1094,857,1307,123,106,139
235,1564,285,556,1819,282,1305,1306,188,1234,123,95,478
621,1056,269,194,1406,1712,597,70,100,1353,1317,1563,1319
254,1296,1819,309,25,1725,1073,986,1695,1316,591,970,741
907,570,1388,286,1703,978,136,105,1108,99,1157,1468,1100
25,1299,1039,83,1094,1307,253,502,1018,745,1014,100,792
202,1776,1289,127,856,1489,450,1007,1074,658,90,93,1459
923,1108,1777,39,1432,95,868,1297,188,1278,151,1238,1711
1040,164,1274,1534,1361,160,641,12,1468,723,856,103,1277
1386,956,219,274,1770,1282,181,568,1321,85,1401,1291,25
1208,1333,1550,27,1297,1181,98,1601,256,972,1189,398,320
894,1757,123,132,1512,781,220,732,1752,1234,990,384,1453
1216,1306,1832,688,1446,951,87,1808,752,192,1257,1175,70
779,727,1727,1293,1097,645,1756,1076,88,1182,1298,1207,636
1613,88,1035,1374,1804,526,784,907,177,198,131,515,1628
25,914,1819,308,75,74,123,294,246,1302,802,293,22
1430,779,310,1311,1585,1334,697,1466,1067,1247,103,1294,1578
1752,303,1276,1836,1448,1058,1299,598,1182,113,1602,87,74
146,70,656,246,1782,1303,220,123,185,76,1761,1247,262
1352,1312,1298,1783,1819,1041,190,65,1780,865,1281,1244,1228
511,1141,900,598,977,959,1262,1289,754,1245,137,306,1314
1325,1307,74,680,499,1279,633,139,1148,1266,465,1385,1247
326,901,1007,123,112,1852,268,1766,636,952,138,1276,928
1801,1853,1741,1290,1295,1245,1712,167,1843,768,256,1500,1014
764,1754,140,950,63,1272,929,1476,23,1321,902,1128,1432
1547,25,648,483,1181,1290,572,1591,1301,745,1082,290,942
1629,1618,592,402,263,1293,753,346,1056,25,1232,1282,1291
1233,74,1291,642,297,602,688,40,622,1276,1731,86,936
1573,418,375,509,104,444,649,289,770,265,1326,1849,913
100,996,1306,1578,363,1836,566,714,816,989,1076,402,223
1563,256,1791,923,152,535,1840,19,443,1085,292,1640,1226
1138,362,23,768,356,79,1303,21,989,1547,490,1472,570
504,1199,1319,1819,361,414,1265,1029,474,71,642,766,881
136,522,1145,1546,1034,907,308,755,696,1293,25,370,23
21,12,1279,89,1756,1653,694,1224,263,254,980,963,1295
1770,1265,415,110,1264,260,58,1712,1294,890,293,1671,505
290,1426,785,1495,638,126,184,1277,1489,856,985,1689,425
1350,640,1137,561,1215,508,305,1286,89,133,1265,1846,1648
220,143,908,1210,37,1305,272,1755,1752,459,521,537,689
239,119,1654,643,1277,1068,975,1784,85,1021,882,484,1513
1442,990,170,266,143,1230,80,1007,411,1497,1783,1123,25
1085,1555,556,496,1277,1742,690,255,1299,640,1529,686,54
422,20,1270,1245,934,186,670,1566,444,293,639,745,268
194,99,1374,204,103,656,987,1805,1546,294,1048,1671,1296
836,9,257,204,1387,1544,151,100,1060,1160,750,992,1710
1445,1056,202,645,200,1596,170,572,1690,1280,1290,1709,1307
1117,1432,1128,1661,449,704,335,1106,1296,879,927,38,1428
588,1648,1711,1151,51,163,1180,1023,68,297,1756,1296,246
195,1272,875,1342,1770,612,1278,887,816,1156,1552,801,1078
1788,688,1835,639,1564,1541,852,627,1592,1087,478,544,574
1300,287,1332,203,384,1653,1290,598,946,120,1289,87,575
812,965,1005,1213,1708,4,574,269,1838,27,950,1294,865
307,1547,133,1281,1344,275,1266,1292,910,112,855,444,1657
1744,451,610,1304,74,188,548,647,374,990,644,1277,1498
281,1227,1549,1546,1336,36,189,156,1295,816,1166,474,1770
1088,435,1595,488,79,509,149,16,1291,1176,1399,831,630
908,163,1306,1534,972,785,656,1352,1548,1374,1849,942,289
74,254,1692,583,1304,990,166,1573,1291,1289,1227,261,132
399,1278,574,811,1432,292,1024,1839,1741,1296,74,1555,73
639,262,1136,1483,220,983,1774,1676,1511,1110,1824,1685,282
1421,1780,1555,9,1701,763,725,1817,228,885,117,990,1374
139,445,535,1426,957,1732,1276,178,990,588,1288,1157,1322
286,1787,100,150,181,1278,1669,185,550,308,1272,1112,1104
876,908,760,686,93,1743,27,966,1566,1141,1300,1338,23
389,1711,1067,695,1078,1278,145,70,93,123,1273,177,1191
277,1555,989,1290,1162,577,252,1653,1359,69,1278,562,1733
672,147,990,1681,1589,536,1284,958,295,491,498,70,175
92,656,1752,28,103,1356,1655,1757,530,739,626,1175,25
134,879,274,748,100,9,396,166,478,1274,1685,1299,1207
1199,1290,1564,1174,833,993,1566,1307,123,74,1153,1303,567
707,1030,1145,645,1739,1464,1561,1564,1022,103,84,235,60
292,150,1301,1225,1537,244,320,611,1140,202,1216,1555,1279
1445,813,748,1284,948,1222,645,1297,290,64,1270,577,806
644,645,1752,140,309,845,890,1640,1400,163,292,1182,534
1295,503,1230,1137,192,1353,1565,232,1294,1048,1787,1334,296
180,1732,1270,76,132,267,1295,1285,432,1275,1289,1557,146
255,935,890,1547,1295,47,435,1524,1733,221,1123,267,1294
1488,1774,1741,998,1432,327,879,1566,681,278,1298,511,525
1017,984,310,1250,433,1245,1409,104,1058,656,1216,415,1741
20,1429,1099,1782,1297,256,950,1710,202,1294,1614,94,1585
451,1173,845,907,261,1116,426,540,1679,920,1293,297,1468
643,1301,26,1721,87,148,1472,1142,1824,1309,116,583,855
1167,1306,1757,806,156,913,1292,639,669,1716,808,1692,167
145,152,1621,669,26,491,1566,1550,1270,1177,1717,531,478
1851,1840,1314,197,1278,99,1704,644,656,306,1140,859,9
845,1161,1564,294,1783,596,1078,1117,74,1776,478,1208,70
1299,1839,1164,909,1134,1741,971,201,71,1082,341,897,956
1697,1842,1839,349,1683,1417,1426,669,202,688,445,1094,494
807,1204,1242,1307,274,1168,352,1052,108,101,278,219,76
509,598,917,1778,84,108,121,393,197,990,968,280,855
86,159,1190,24,990,1763,1071,140,596,147,1295,564,478
1818,374,1216,1074,93,954,112,1142,1534,753,189,1278,1740
616,1061,714,1371,1230,1259,44,451,1741,640,849,902,3
1348,1147,1289,71,1304,970,1199,312,973,1028,918,1542,1535
1297,1564,1417,745,297,484,442,258,592,890,465,24,208
951,641,955,907,1305,590,1084,598,1648,694,579,506,655
1276,1256,1095,1773,1432,618,294,484,1267,1754,1555,1076,149
1648,914,266,213,1248,1460,249,1752,1005,1306,26,139,220
1282,1677,1492,1469,864,1491,1242,1017,1228,1804,837,645,1281
280,175,264,1804,1296,94,1293,581,1815,1267,481,1302,1518
1222,132,451,295,1549,157,103,748,302,775,1432,990,845
25,1150,748,112,665,1712,918,287,285,1301,1026,475,273
487,954,985,1281,1575,1294,176,1001,1781,114,1612,490,731
1176,747,529,164,293,737,1855,1564,278,1009,1218,953,632
1305,1857,1808,1824,1286,152,1147,148,32,973,1056,1294,1207
1181,1608,1516,1372,1544,204,80,1445,1016,1173,1116,22,134
1297,1372,1696,219,857,1404,450,1627,1565,100,1303,918,1374
272,934,70,1744,1291,1539,1080,881,1297,83,104,1529,1843
863,1688,479,407,419,70,1266,3,522,997,1732,545,13
1201,672,104,151,1021,1062,78,1798,87,472,1090,1784,79
257,574,917,373,745,1032,1123,1584,380,1741,1228,140,615
309,213,1305,87,780,1307,948,1851,1613,494,1819,584,1712
1700,277,596,1016,152,1272,553,849,1804,1687,198,1403,23
309,878,87,1811,1025,989,586,1441,914,856,645,1837,1566
530,862,1328,1472,1176,1257,450,1566,1280,519,838,548,1711
187,1443,1552,83,152,1572,39,908,1839,1529,971,1304,1426
163,675,1217,1376,432,57,1225,501,993,596,128,1819,178
992,149,135,265,274,1839,862,1530,283,1844,1752,121,1313
68,1807,656,1290,219,1009,1277,95,1305,100,166,1161,176
93,284,1338,1761,1293,1278,1704,54,1307,1769,219,1103,246
1278,1353,129,641,1444,243,1534,1165,577,658,1290,1296,1188
1294,1846,902,879,863,411,252,572,185,1220,695,914,266
171,1088,695,418,1804,27,187,1568,1634,908,95,112,1263
190,325,290,568,945,1365,1132,1740,1203,1691,294,1330,269
350,1121,448,136,1696,1293,135,190,1306,123,1279,503,922
1038,24,1279,165,289,271,302,1829,285,1125,1840,989,1585
760,606,691,1076,918,1566,1607,71,156,1267,185,1426,1294
674,1406,1555,121,1305,90,776,1161,1608,263,658,931,23
238,954,1086,1306,370,1247,1818,966,1489,51,146,1534,306
859,1220,392,1116,1280,1279,996,1226,243,23,1780,641,1406
1120,181,1839,1123,204,190,65,851,1711,1103,1151,25,1595
1648,88,1108,306,100,1617,1304,146,138,827,845,308,1564
1147,544,1111,1382,1236,290,193,74,1465,1266,1205,169,236
1165,1741,1846,440,1677,949,74,1136,1073,1009,1835,1697,540
918,1206,212,588,1225,1100,1551,1291,1585,223,1696,1744,1781
1432,1374,289,848,312,1780,1542,1840,1188,972,1673,1276,335
1048,1600,1811,91,1289,1284,260,767,374,1304,294,1182,1197
1617,1432,957,1225,955,189,1279,1339,1052,148,826,523,1293
1167,1400,1029,478,114,73,1297,1490,471,1176,1289,1508,645
1290,1174,58,1838,1727,717,965,84,133,1329,1168,1776,1473
1132,1027,1734,1467,907,1136,1821,1372,1237,1280,856,1577,133
1154,190,894,1580,669,980,286,198,134,1060,1805,1303,923
342,1207,296,95,1313,112,1490,624,135,1585,990,155,1305
1175,23,70,1748,1783,1561,1300,1145,1809,284,1566,878,580
279,1290,1204,1294,910,1648,1801,958,1291,141,1284,1276,1134
1233,1819,70,277,1182,1066,1298,530,517,317,18,1303,1028
15,1611,163,201,272,1563,422,103,1217,908,193,141,165
1819,1225,1306,268,259,247,1280,1692,1836,222,591,757,1094
645,1153,956,1018,1146,934,877,244,202,911,1050,1513,429
114,62,1294,934,269,399,1076,867,704,190,373,645,1279
148,1277,95,312,254,1071,1297,1247,1811,596,990,221,235
285,1046,1303,1752,642,1096,266,345,1290,669,1648,804,177
562,1280,1329,152,1293,137,1038,857,1564,243,320,1650,1243
1286,1711,923,1853,621,83,412,1474,99,957,1770,374,1534
1238,229,190,307,290,79,1374,235,1295,1150,487,1285,1605
283,890,1694,750,1819,1277,644,179,1304,948,696,1039,1366
281,509,1711,907,273,499,1426,1534,1811,1002,369,1488,1030
882,268,1154,732,1295,1017,447,91,1790,347,645,1565,1286
863,833,325,92,1157,959,47,450,642,255,1112,265,1158
1838,729,120,306,1269,1142,1215,1522,108,544,185,1000,267
263,1374,574,1559,1102,84,875,72,446,316,266,68,1825
968,69,1064,267,1824,882,16,695,554,1550,1732,1160,1838
1305,572,568,520,235,254,1317,1784,1640,1123,1840,1589,1472
74,1166,1294,1058,1061,151,157,23,450,1184,913,273,1208
1335,1302,402,990,1256,717,598,62,1338,308,50,1640,1470
459,1522,1781,292,1181,1523,1534,1301,929,31,1776,740,197
1088,127,717,1087,70,1017,1145,640,492,134,346,1030,179
1585,603,1373,1294,114,220,297,267,645,1741,876,1298,205
1266,1524,1287,303,189,140,361,1339,1829,509,137,1025,835
394,1712,772,1569,768,713,1164,1349,1305,1285,1202,896,1304
989,1076,977,548,1257,1804,1306,1857,937,1518,1298,843,907
956,178,571,1294,1811,1287,1156,1279,185,146,91,1265,128
862,1585,1306,133,1022,520,1793,180,1521,1191,307,645,295
1291,738,1289,1423,801,1266,1413,78,418,1034,1280,70,1486
1555,74,100,140,1712,622,176,1284,1056,234,1741,1200,1791
598,909,1839,855,103,1037,632,1306,760,645,473,64,1780
859,1239,1711,1128,910,821,1076,430,664,1289,1839,149,745
1277,1804,1051,116,1213,692,1702,1687,290,193,1306,1266,82
270,1381,1249,1374,264,791,656,577,568,1830,177,140,26
1585,27,1195,1595,1119,1739,940,168,690,436,855,644,1625
899,1426,181,1236,321,1844,1756,277,257,1113,1550,882,1307
1759,1172,192,1303,287,1268,74,1339,1297,696,1280,1294,306
165,594,930,910,155,288,1303,193,315,1741,221,475,136
549,85,278,415,1293,856,427,1183,175,845,264,58,1803
1125,598,1030,1426,863,1295,76,1546,1123,1297,1276,754,1791
307,645,1669,1420,280,257,669,296,290,929,811,103,1566
252,1195,1232,1642,1704,79,1332,656,1359,1697,545,1763,1796
731,716,244,770,1695,203,854,1780,75,199,1084,1161,80
1302,68,1049,913,25,1173,23,597,156,1164,402,968,188
288,335,497,1436,1720,277,1306,1056,629,859,253,768,1741
1543,997,943,1663,1293,89,1301,482,234,122,478,291,1287
1332,1309,273,1278,228,265,1711,1618,27,985,1123,394,302
83,1712,654,309,535,1621,193,145,157,1798,369,1005,1778
914,1776,691,916,25,722,636,1836,1113,1160,1861,900,65
489,812,978,585,133,1291,1678,1114,598,506,1040,821,985
784,1513,1275,739,478,1603,988,399,1034,270,241,144,128
221,184,1679,163,890,1579,288,1525,1741,99,250,1178,921
1287,1019,573,656,1324,1263,1798,1741,936,1251,175,1776,572
1470,913,794,1533,176,256,1145,873,1656,1263,540,1546,1269
1285,200,1328,1430,166,1275,645,374,1110,855,1720,1276,1174
1689,1188,245,845,133,1296,1246,55,1710,587,977,1207,549
265,901,1844,917,204,246,1236,890,1547,510,1595,1778,506
605,846,1534,382,1029,238,234,788,1585,1228,1267,1842,1332
1851,1660,1781,22,1467,1546,1085,1690,199,659,1076,842,980
1432,151,1076,1338,530,128,960,913,645,1491,1300,1532,980
1288,444,87,1733,645,914,287,985,165,1410,1464,1643,227
1307,1853,1564,1538,1791,1343,1555,544,1265,148,1852,1500,1585
293,99,100,513,117,1277,1147,444,263,1094,1417,1163,1776
1778,998,913,924,1158,1291,60,137,289,540,253,139,1422
864,990,1147,832,290,440,1182,1783,1294,1752,1123,74,614
1732,1564,404,1276,105,1669,36,502,1788,1612,1177,772,1708
316,1036,451,253,602,444,1840,1680,257,688,659,1732,696
273,640,1281,890,1772,1719,1836,1776,1174,1447,1032,1056,176
1657,309,186,132,90,1135,585,175,641,1840,1281,74,767
1805,854,926,1387,1127,1837,1389,1128,1062,992,506,261,1319
1783,509,1804,1104,1585,1124,213,725,1627,1534,1759,480,1240
727,1585,1276,157,434,265,1337,1307,1041,568,1778,1432,1274
152,315,984,322,1732,1417,359,741,1677,195,621,1145,990
1555,1110,1282,855,1093,532,791,136,571,1225,123,1613,965
459,640,614,39,1250,1034,151,445,1315,700,478,280,1749
1349,1727,1296,950,399,1168,1172,383,1297,1799,24,568,530
343,1547,1647,242,294,1491,1784,1161,561,1582,90,1174,876
1013,145,586,641,645,112,1303,69,1226,1302,1354,235,381
1188,1285,299,1677,102,1556,104,769,1302,621,1074,897,92
219,293,506,1106,478,1049,1220,417,206,1163,1288,1242,1158
890,1013,67,1257,1181,90,1294,1030,1847,1344,535,1151,1426
995,1194,1374,767,675,703,1748,581,287,1243,842,1307,259
25,1566,1426,1220,1532,273,220,695,1299,88,522,55,1706
357,1159,1167,835,1136,195,385,1265,867,1276,1278,639,1217
1773,652,1029,1284,1467,147,1150,1158,1165,1300,1288,1265,288
1741,666,1585,1764,1843,93,939,276,1192,425,913,246,325
1125,671,1836,1498,1182,27,117,283,1014,108,914,1228,934
1630,1807,990,1804,1426,70,1284,855,1794,476,596,1585,1842
823,316,454,112,1852,1258,701,78,1371,1819,697,273,4
1279,1309,1469,1031,57,157,27,588,596,113,221,570,156
671,503,1844,1584,1722,1156,1488,1305,1169,1648,12,312,27
1320,1776,1277,1288,1616,1726,1490,84,1263,1322,1760,1740,889
1175,287,1222,466,89,24,285,259,248,220,268,63,1302
474,70,1827,1282,1759,795,272,1082,1276,914,1268,1289,226
917,1805,588,1752,87,621,291,1296,1347,1294,466,1287,1284
79,212,865,1122,939,194,1183,286,1076,919,1279,265,1426
113,285,928,1256,1543,244,1267,1225,1700,1804,1614,268,523
1648,554,1584,970,1247,294,577,193,1574,163,747,989,1696
568,114,94,308,433,1838,150,54,640,1595,1093,99,411
337,1585,778,1303,356,497,585,1472,987,1182,1350,1551,280
1056,448,1744,1841,1280,1173,1774,1105,1369,1783,1741,597,686
1036,1565,1843,779,989,833,564,1086,481,465,1182,12,598
193,302,275,1565,402,1666,712,74,70,1523,116,356,1802
1165,679,1780,1234,1708,1585,1250,478,91,531,256,669,1662
1281,1277,383,1197,1150,176,1307,1343,106,133,534,1738,1093
1345,872,1266,435,70,166,982,245,459,275,1545,1190,61
574,1009,1798,266,1186,256,1123,1243,1301,1213,1246,243,589
203,1748,1566,108,22,244,596,262,116,245,1279,494,136
1279,457,656,193,138,233,555,1155,875,160,1537,1563,1307
989,1406,1533,829,598,895,561,233,1296,1237,1547,529,255
574,1462,62,253,1445,1180,1613,179,1432,843,1145,1276,1745
1106,1191,98,733,1041,1354,947,1781,1128,732,990,274,1143
945,897,262,219,1269,645,92,357,1811,522,277,1735,1711
915,1778,176,319,1712,1701,349,855,254,412,1373,1278,1265
554,1184,1160,133,1844,182,722,1470,995,78,1564,781,1248
775,1673,1286,1627,1680,192,1307,1842,1145,1306,1839,683,1658
1469,1780,98,101,1104,685,1490,1070,27,1838,947,123,1024
488,1566,588,733,1013,1276,1573,996,1534,1448,1403,966,1780
491,504,883,182,1122,831,1145,45,411,1306,186,1348,303
1136,733,1564,1805,983,1022,1267,276,1596,1407,1426,1374,347
988,1204,75,399,1384,1280,65,1830,373,1319,244,531,882
104,1063,722,164,1136,1026,1502,244,245,1585,574,88,1152
1677,695,645,1291,1761,278,106,286,598,1502,150,1660,678
1260,786,1306,823,275,65,1512,1182,543,996,1828,1783,260
318,1310,133,1301,1770,623,1307,641,97,160,1261,1088,260
79,1280,1848,74,200,988,1850,942,1694,1237,990,189,114
1804,1688,641,1389,1294,820,1305,113,268,1276,441,826,175
282,1144,1146,1426,1851,32,397,1234,1237,617,657,1145,328
1132,1260,1011,907,75,1330,1360,484,1534,903,279,77,122
829,1548,1034,1188,292,1698,1301,914,1524,997,1851,686,621
764,24,1075,537,57,1254,268,1585,1770,1555,80,538,1426
1552,163,1583,70,1819,126,524,881,1188,1676,885,895,596
1670,294,374,1087,835,91,59,936,1275,563,827,474,1388
1360,700,1304,1342,1247,399,865,1068,1840,415,895,1732,1580
254,176,1204,945,74,1713,1045,1139,1002,1301,348,954,129
1141,121,290,913,1413,131,695,776,1094,167,506,1741,1426
1598,290,285,1009,55,1449,1550,1580,857,315,1367,697,25
136,1292,1840,660,1289,175,146,1197,1276,1182,1226,1472,492
1566,26,1306,1265,1276,272,171,1431,1679,289,772,14,1182
499,1545,1726,127,512,1361,299,1281,1757,771,1531,1783,1266
1604,723,1306,78,1781,1126,1276,1222,845,151,256,274,691
1256,1348,287,219,74,1219,419,1021,1547,234,1839,587,978
930,291,1091,1778,712,795,437,106,1145,1092,1285,149,1279
284,1555,147,835,1382,1088,197,587,283,244,21,185,995
601,1318,1472,1287,343,596,1028,1122,149,1590,1413,1585,11
1417,87,833,1288,80,1518,264,290,139,1267,380,74,621
1144,1851,67,1712,1416,1280,1282,405,1799,334,1256,939,1761
290,1236,1213,4,770,1192,91,283,787,1021,93,1792,308
740,1778,309,1296,1281,636,476,592,1805,1618,1305,1095,24
782,1312,1266,512,1160,995,1397,990,392,1591,855,1281,134
25,671,1280,955,285,1266,1088,1092,39,1388,30,261,1222
1686,100,1083,913,88,1566,645,573,261,25,1306,90,283
1307,271,274,658,1290,1426,1778,1555,802,1783,739,1128,640
1306,1286,1592,451,86,1074,1230,795,499,76,1419,823,1555
1157,1041,1280,1676,466,1177,49,280,212,1675,570,1298,623
154,1021,260,1015,1647,705,133,144,1307,666,325,478,1430
449,1276,561,216,1549,382,596,221,272,325,1290,343,1783
1091,64,1130,1821,859,1485,509,178,1837,656,1804,1372,126
1239,909,1028,265,1056,1292,1374,1112,176,1154,1329,151,132
1568,1326,1280,955,989,1426,942,253,1041,1084,214,1353,1585
418,1521,201,280,37,1235,138,972,370,806,1226,1289,656
1574,177,4,176,260,1267,1156,1238,65,1243,1055,1811,978
1776,570,320,1506,524,341,1278,1544,388,1659,212,1852,884
572,1586,1230,954,862,1398,233,1407,1853,1130,927,1241,27
1566,894,495,536,1280,1467,74,927,1279,1340,295,113,1291
135,217,1853,1409,494,1120,984,1009,1754,1299,496,126,882
191,1733,1112,579,700,842,553,1807,1472,90,1288,1205,1581
1189,1247,746,23,1064,1470,1655,809,1741,1041,990,167,1550
253,1145,65,304,1229,1103,87,1397,862,152,720,914,574
1207,1741,937,374,1712,133,847,1748,1263,1636,775,1290,1299
785,807,77,1845,278,469,1858,890,1064,950,615,1291,302
785,1041,129,747,1121,845,525,84,436,1555,1306,1307,1849
1412,62,89,1026,1584,1061,990,1626,1735,876,129,1532,484
695,1307,305,1279,1529,1269,1732,656,773,303,997,142,1305
24,291,1741,990,1259,297,74,1545,189,1374,177,725,1449
231,1223,1088,267,68,1741,1307,1306,118,939,102,1111,707
1436,1302,548,760,96,640,928,1374,27,340,983,908,89
1282,359,296,165,101,1855,335,945,1306,758,1387,1318,644
1306,1302,1502,157,755,1778,1152,1841,1776,1704,644,1138,1216
1593,1149,253,1108,784,270,1712,21,1113,1617,849,1265,377
1116,292,27,233,76,903,112,527,1032,684,1778,540,902
383,263,1011,8,231,1299,510,143,1230,1068,1266,413,1062
1340,343,76,293,533,411,1510,278,1168,88,1250,1292,1305
223,1152,1300,890,123,286,1257,186,885,544,934,1093,320
269,1507,264,1511,1238,478,937,1256,245,83,1855,1638,1277
1036,1365,1165,1263,263,1817,806,607,1445,1328,128,1536,1320
626,1352,1777,946,863,1257,1416,137,1518,357,163,1243,989
1306,1267,509,1266,176,710,1311,68,574,1058,279,1182,140
138,1780,854,1280,131,223,989,1741,1306,1559,1036,902,1682
1077,198,1301,392,681,158,1548,411,189,877,605,966,87
1084,544,1702,133,1525,1085,956,70,1069,1265,1752,108,1407
149,256,1564,1304,872,1165,863,1256,1225,990,325,108,74
112,228,132,1285,1307,1157,645,1671,1053,465,1778,1534,911
942,1018,1752,859,407,1595,507,700,1289,1534,1836,264,32
302,507,509,1024,139,80,906,1347,72,1798,579,856,1585
503,632,1006,297,1741,1277,1084,1343,857,903,1595,1712,1302
1138,566,953,1712,1566,1305,1786,177,1432,543,165,1539,1439
1417,1376,1406,1374,1077,1585,1348,27,645,1213,901,494,99
1230,1807,461,259,760,126,531,239,1116,640,407,178,918
993,129,202,1769,106,186,562,1267,908,716,1681,771,996
18,104,1029,499,1819,112,460,975,296,775,1279,749,773
1009,640,666,1198,918,1533,1546,669,1330,1173,779,1302,1574
872,561,479,112,74,284,1307,118,27,86,1034,708,1083
1266,1644,1235,924,656,883,1566,1343,1102,402,764,1184,1542
266,376,1308,1280,1045,1105,1281,222,775,1296,935,112,743
133,1689,1752,1105,300,512,1374,1164,49,140,583,120,1282
1279,302,150,1297,1288,1470,1534,294,222,914,178,1083,681
684,1747,269,581,298,1293,1534,1040,1055,694,921,914,1294
1826,3,642,257,1741,133,18,1120,598,30,1304,1774,1160
1516,1703,23,1092,1612,1207,18,100,1076,1036,926,1257,1271
294,382,1836,1012,273,1737,299,1106,1366,825,1778,1291,256
906,1307,893,39,1229,949,308,686,1708,812,412,309,1130
212,271,24,1546,990,998,1818,971,890,1569,248,577,139
877,522,415,1184,103,598,1296,98,1285,55,35,1773,1249
658,1347,78,531,942,1765,1237,811,990,691,89,290,961
150,1082,1051,84,1290,1009,1310,93,1780,757,1020,1777,1030
23,319,1808,429,167,1533,219,320,1041,185,466,990,1847
1513,1191,93,1076,1182,1282,1555,1547,1276,475,1087,835,1355
137,1294,1727,1277,1837,1292,162,1011,1301,938,223,1282,417
25,1445,145,490,1184,1310,1776,152,641,683,1859,238,1257
1456,1432,145,312,1291,1275,760,192,1280,241,568,1841,1472
131,1781,1264,181,1443,824,1279,268,1780,648,202,136,1648
1136,1011,1322,1280,738,1850,982,272,649,768,784,579,806
1725,768,882,163,918,1160,14,273,71,291,1680,1235,1426
1019,1710,425,1426,1207,935,562,1558,811,1179,151,1076,1782
638,189,954,290,1134,1252,1278,76,974,466,1118,165,1183
290,1444,914,424,544,1007,264,1024,1160,148,1191,950,176
1051,1426,1005,201,74,1329,1183,575,1064,917,639,223,1228
1764,1771,1844,1778,1285,1119,1673,1182,823,133,1818,1158,1387
472,1277,1298,1564,408,1566,347,1103,1189,1015,1404,1340,581
1215,433,1781,1806,1128,1150,1294,1324,780,465,142,952,858
513,1700,1595,1280,417,1777,1770,1732,484,303,642,1292,1799
1336,106,1305,596,1333,478,292,12,202,900,963,186,279
1426,244,1289,1044,1241,1140,1811,188,504,157,325,1155,129
221,69,684,133,1498,689,694,148,75,981,176,615,91
1300,67,324,1062,142,1238,1787,1527,57,268,1084,70,1269
1141,993,687,180,1524,188,1038,1225,902,1741,1058,1646,853
1279,307,1821,1289,1804,585,562,1276,286,511,416,1532,1284
1675,1302,1021,63,588,1181,245,1627,1347,1566,610,1280,1297
953,714,1669,1710,176,737,325,694,245,1372,691,1277,1702
1566,1857,1716,129,1176,136,284,1759,1302,269,748,1801,1157
79,749,1666,1267,700,1166,194,1169,1294,1176,971,1291,1102
907,999,1700,773,146,764,150,272,948,1656,1295,1679,183
1300,271,228,142,1819,1776,989,1257,1426,74,288,808,1266
1600,681,1266,1270,545,277,1739,1167,91,574,1294,92,273
939,990,1305,913,1215,162,1776,1550,1162,1245,855,752,1108
1221,981,1757,1747,467,192,1467,197,257,1839,284,1783,131
114,1279,1748,1365,167,190,1161,178,1191,935,1051,1307,1811
1125,278,636,1299,1243,1566,295,1780,1275,1805,1714,744,1071
692,253,8,1418,793,1289,1279,1472,1040,1809,1836,823,1227
768,74,148,1632,1299,282,401,491,1007,273,517,264,387
65,766,199,1712,1099,360,1217,296,1778,220,1705,767,1802
1676,1285,124,392,1843,779,581,1839,204,223,1341,1564,88
1027,1454,224,1300,1501,890,1292,1073,193,282,885,961,1182
1099,1752,1300,256,1176,827,890,663,277,1585,1088,1549,1489
1224,775,953,1725,1147,1489,233,1162,1247,949,1015,1279,1752
967,1366,1167,1768,1780,462,254,297,16,931,642,1578,1553
1123,1469,234,685,928,453,1296,1278,293,1737,193,1234,1566
1585,640,1811,76,137,1048,639,287,1858,1566,253,1274,21
370,597,1741,913,288,953,1715,1348,1815,69,1250,312,1269
1780,1092,289,724,1754,1293,219,1311,1565,1836,855,94,1695
228,989,1613,415,1566,1378,1300,1341,156,157,1016,621,630
531,123,1296,53,62,1811,131,966,1778,1158,1840,926,321
1581,890,1534,1038,552,1811,917,207,415,193,436,1749,350
631,829,500,285,1541,17,1817,288,1811,1409,1774,1789,1290
185,1155,661,1242,1566,889,102,69,1216,87,1759,845,1807
1218,1282,623,374,147,1680,70,175,859,1314,1065,1284,1245
1303,647,1780,1064,220,583,127,1251,1343,1276,830,1456,1465
692,291,25,1299,275,536,772,66,1795,419,1276,1689,1119
1027,179,1574,740,142,1804,1280,1284,681,1705,1228,272,340
1294,1301,459,1276,277,1099,1109,1076,185,598,1090,1828,1752
1657,1289,1225,1712,645,1266,656,1280,1679,1282,1736,403,1453
204,949,175,133,1138,1566,1231,259,536,137,58,1776,1469
923,1472,457,1076,1841,253,918,1306,312,1697,1024,1354,1850
990,1258,1303,978,548,264,295,1645,554,325,964,1279,1374
1093,256,65,1596,1108,623,302,71,951,960,621,863,890
219,1687,1830,150,585,1285,147,983,234,180,157,1840,955
82,1861,146,592,732,747,45,485,308,270,245,1073,1093
458,624,890,141,827,738,1266,1391,1234,1805,936,1563,1291
519,1228,914,1160,293,1777,129,1485,126,970,722,220,1290
993,1538,1658,1161,1472,1053,306,179,70,1307,656,1036,1355
1710,148,1534,996,1280,921,1470,1223,1018,1132,1295,1116,973
901,867,1374,590,1181,1490,641,730,166,563,615,1536,1301
1297,1004,283,997,221,1032,1686,1741,152,1181,1264,1547,907
253,989,76,1284,776,1564,1555,1282,1105,181,1010,1415,1169
1117,754,1125,367,452,1093,1781,1731,101,1840,779,1172,94
1741,1295,4,1361,273,1307,825,63,77,984,279,645,1292
795,1783,219,140,1007,1780,1290,903,796,959,170,926,1547
1298,1741,1266,1303,1084,1285,890,1029,200,586,1761,1278,126
979,705,1297,233,495,312,1468,402,1586,1426,839,1472,677
150,1251,27,1076,189,279,1821,1282,548,28,291,1741,1768
691,989,531,1095,177,1812,1091,83,1284,1289,866,1036,1074
178,1566,1030,1075,1353,181,1852,1028,1036,1653,1542,1093,274
1028,531,1088,1741,278,1105,1307,1294,62,697,1276,490,1633
254,1191,582,1339,504,562,1298,1216,1285,74,1242,459,1357
993,1798,1861,367,1648,624,1631,175,4,1297,999,1087,527
1182,1839,1076,1303,411,1123,73,686,1851,1804,1440,1278,1026
288,1566,1780,23,1713,240,39,1290,1680,546,175,1073,1036
890,1155,596,828,189,138,402,1778,452,1097,1249,1285,1847
1680,1611,727,80,1174,1570,1062,268,835,1534,221,259,1275
1278,9,1296,1287,77,779,1052,746,1422,229,1311,621,308
1129,1278,132,289,907,1647,89,93,1164,75,929,1289,1094
440,253,212,1307,217,1365,1305,51,1306,1276,1216,1101,555
59,952,1795,1295,766,1297,303,1307,1839,1288,203,1804,1192
1854,48,86,478,1569,1306,114,1302,129,645,1811,1384,944
413,1788,990,603,1613,255,225,1657,102,79,722,906,1720
828,97,215,1730,184,260,1550,1648,853,1295,589,1288,1306
1305,1279,1809,1460,194,466,1555,1231,63,1307,845,32,596
283,577,545,74,655,716,1850,1093,1082,1225,76,641,1418
1372,1688,0,833,713,1305,134,1272,1085,290,1613,1295,792
623,922,294,918,1836,285,1223,523,1306,1747,243,503,1563
990,499,632,490,392,1378,1855,1741,1305,478,1821,78,1752
1136,43,1291,588,687,1137,1111,1070,179,540,78,1292,1598
1019,1286,1347,1186,1600,1295,647,1297,754,1250,1373,1281,526
1145,1680,1282,1432,855,893,133,1129,845,923,577,648,246
1293,623,123,414,221,1366,487,1263,1803,1179,1811,1132,1839
1832,499,1691,1281,307,103,434,1305,1302,1289,1075,1319,87
1115,253,1566,1169,1300,272,857,369,307,164,374,321,470
1778,412,193,1280,1285,174,166,849,640,1566,261,27,1129
981,1305,1493,1290,1781,1566,1276,1257,1269,1727,1374,1164,1289
1616,297,648,270,135,1303,146,74,1300,1251,934,596,101
1692,1712,1015,141,1101,1801,946,1572,1426,1839,1034,48,1019
278,1128,550,499,319,554,136,1230,353,1778,1799,1276,1625
747,1430,1276,784,1019,1247,1549,171,1274,1338,640,194,402
827,1305,1738,1566,270,821,742,1307,467,294,136,1238,1306
1307,494,1819,1795,823,87,132,152,614,1095,1300,663,70
1545,151,833,688,1837,23,234,990,1240,553,892,1363,309
700,508,1230,1813,1291,1214,1563,1648,103,469,1720,374,259
598,1811,1299,1029,1684,1393,83,1303,1260,321,1680,1005,431
994,105,1748,71,1280,1841,1648,1686,1566,835,911,1561,834
1058,254,1300,132,1266,667,1261,165,1566,182,1019,724,1246
1741,1042,254,1291,873,1290,265,1243,63,378,603,1274,1296
608,1217,1414,1378,1353,1566,1859,1294,1565,163,1607,277,1349
458,1146,1201,12,1307,1234,1686,800,295,1036,697,1752,90
23,968,433,597,934,1279,920,185,162,1439,1303,978,143
219,1051,1279,1268,112,95,1780,394,1314,700,937,890,1291
1282,243,664,1265,1213,1337,918,610,1305,1109,265,460,776
281,285,955,1165,1175,1488,1305,1817,640,335,1841,6,1759
1794,902,478,694,1274,89,1305,1302,363,156,1277,1257,1193
819,323,93,1263,768,1470,279,1256,661,566,1177,1168,450
833,743,1702,1497,1076,1455,887,855,867,86,534,1280,1260
623,828,429,312,1585,94,645,17,1492,374,948,1302,935
228,1270,178,23,596,751,1851,1847,242,1092,262,1568,1188
979,1207,562,100,274,220,713,491,158,1230,411,1614,273
916,89,531,117,1191,958,1840,292,61,1759,1098,1616,1804
751,1722,245,49,1292,990,291,981,1491,607,280,1526,1141
588,679,1752,1564,1637,490,1348,913,49,1292,293,79,57
1662,271,1055,301,1730,348,1741,1536,504,1738,1018,656,223
1026,356,989,549,203,184,8,1116,196,1861,1754,1296,440
790,164,1811,484,519,1305,1235,1319,941,359,571,1858,930
1426,1000,553,1215,304,1176,258,1711,1172,954,1374,905,590
911,24,656,1778,156,471,1071,1093,23,1272,417,1291,806
302,1028,1315,639,270,1764,1808,152,1705,70,1521,965,1498
691,1261,1289,640,707,219,1789,751,136,1295,671,1839,1818
1209,1026,993,1036,219,908,13,1146,1778,268,1250,192,78
273,282,1347,144,1695,1040,645,1819,150,1256,1441,4,1294
1789,1132,1189,623,1424,132,264,123,569,306,560,1844,1743
1266,1605,1759,1076,691,1185,1441,715,415,1201,1152,983,1299
1014,645,1778,928,25,141,1369,885,1741,1074,1049,989,265
381,1168,1040,175,1457,65,57,69,890,983,264,190,554
1846,47,153,569,1501,510,199,1648,1041,915,1249,1197,644
1226,1040,505,146,1294,1781,80,1256,1686,1035,1119,1422,1374
1843,647,233,217,470,894,1278,140,193,1625,937,245,1648
1502,664,88,27,1026,998,1550,7,1129,564,1182,1836,1783
1218,308,1298,890,1303,909,263,1215,688,1540,1051,499,177
857,863,1277,862,943,1029,126,568,1830,30,1798,139,138
1783,389,136,147,111,912,1295,1644,1501,1182,845,251,1290
1579,1711,24,669,1789,73,1423,362,1294,452,1145,935,492
1783,1303,1233,930,76,713,948,1555,454,1216,298,1289,607
1246,1493,448,274,1756,1303,1182,1076,728,853,681,901,1777
41,700,1083,1299,981,1841,197,1300,1626,596,1174,1271,1138
568,459,740,1754,1181,1491,1294,642,74,1289,1076,1563,191
358,377,148,1366,1211,478,1780,1294,126,99,1620,100,92
403,1660,71,775,1678,297,1012,179,1268,263,1282,376,274
113,146,727,1660,1021,273,381,268,1688,596,1099,174,1659
1300,1807,21,577,953,478,1761,80,1236,1709,1032,1718,1651
923,855,952,1182,1064,268,1276,890,1248,1696,150,440,1566
1294,46,641,1240,965,1338,1110,1598,103,1031,1223,1306,1855
163,1075,1296,12,982,1583,98,1648,983,1279,95,717,1783
1225,708,1847,285,133,990,1036,1234,1273,773,70,1166,1741
1718,520,70,958,1250,966,302,507,334,171,1776,1318,1303
1291,1018,1114,1012,1271,696,390,88,577,119,1007,1804,667
568,166,1542,271,1778,1759,27,4,1349,307,1274,133,1716
103,139,1045,1776,533,260,221,302,70,1234,25,1129,57
1796,253,1800,651,112,1840,1708,1291,1660,699,975,1279,212
61,1793,870,1568,560,1458,1150,133,144,1073,1280,1220,206
1505,1176,1183,294,1426,1137,1090,1073,1093,1804,1595,589,1029
136,304,1297,1690,571,1811,285,1262,563,904,1284,1109,494
887,506,917,220,80,1432,1320,40,1296,1463,244,1294,147
1305,1164,1759,262,1094,1056,828,1374,1787,1301,1288,1266,1051
257,307,1457,1555,1847,921,450,255,420,1277,1305,287,1276
61,129,120,597,1060,1829,306,694,158,1294,24,281,928
606,436,1432,860,1774,1128,1737,403,1329,1807,1836,1164,1450
1013,25,917,1174,316,177,1243,1182,1052,588,1074,652,264
147,281,541,1306,1278,1690,1547,1088,411,928,1539,280,1256
640,1653,574,1484,776,1217,1032,713,1279,686,1508,859,662
220,1711,305,59,262,1824,1454,640,1303,989,280,138,60
1589,1249,1297,1337,906,574,1239,572,294,757,1387,1225,153
1732,217,135,1152,133,278,189,302,1183,1188,27,1380,479
1817,1015,307,266,178,1589,1307,137,1294,1296,1607,1276,1118
1476,477,185,1132,982,1092,598,92,454,1564,357,76,581
105,1432,152,108,908,383,1051,1289,598,955,1298,1297,660
1771,883,296,1660,1002,1297,313,1366,214,93,1703,290,252
1435,1266,1296,304,1352,1829,267,264,1280,1843,784,315,1301
1727,142,1339,310,1546,1049,540,1091,1176,640,1811,312,724
1150,235,1529,148,101,602,980,1294,1096,1809,1243,221,303
1279,400,1472,885,946,131,1824,129,145,219,1651,1280,574
445,383,146,1233,121,206,1174,423,229,81,151,265,264
1361,1303,10,188,235,816,1780,795,877,1769,1711,990,1250
509,547,1518,1620,1665,681,83,1299,907,258,1469,274,1294
898,1360,1302,1602,1014,1091,592,1711,12,1076,749,931,1180
1034,779,1291,193,837,1432,1433,1182,1278,1295,90,219,1808
176,275,695,913,1266,287,18,54,1597,100,1288,1490,1534
1778,993,103,685,857,309,175,958,950,1566,1104,117,1277
459,1777,1298,206,1003,1272,506,1778,253,1648,1580,1819,1296
552,305,1279,144,294,1045,1619,107,252,308,648,920,1302
98,941,668,217,466,772,681,1374,246,978,1297,1266,1169
69,1052,1292,274,1011,1374,1306,588,889,583,278,478,114
152,259,1297,195,1303,811,181,1841,990,1187,998,27,984
