1202,1774,1101,1433,138,291,452,1188,1585,475,490
265,1372,289,644,1724,1340,100,1201,354,1026,139
1807,395,984,123,548,951,598,292,1157,1274,298
1191,1401,185,700,261,1256,466,890,1621,1659,1154
1091,176,1585,235,1601,784,877,1759,1223,91,133
41,363,1828,1018,1678,188,1302,1852,87,1289,1279
693,1279,1108,907,94,1780,1555,350,436,1566,930
1552,50,72,126,243,1278,804,952,1254,1041,1301
1267,1560,190,216,1072,1063,179,1262,116,270,293
90,223,1094,675,1426,219,1084,1853,478,1277,549
1199,655,1853,584,693,373,120,452,1805,1136,605
1176,94,1276,1303,732,157,190,203,1799,1307,1837
1297,85,1036,146,136,1192,1445,1333,124,1282,812
282,157,1163,1281,6,1566,671,1215,1034,1817,1296
606,725,1136,430,952,1316,114,1752,1232,1511,839
186,1086,221,990,1314,1067,1285,520,1434,648,811
325,1579,377,268,1279,1301,274,645,259,959,264
1311,277,1094,93,55,588,1345,1604,673,666,989
1291,890,1544,772,834,88,1279,1819,148,1761,589
291,1761,1818,271,325,1518,101,1555,1277,1752,925
814,203,451,70,445,1276,1182,1564,921,640,151
1291,1296,80,1839,582,1791,177,1501,1490,1098,299
571,220,1017,1615,1115,1076,1293,4,188,463,83
1625,95,766,166,1792,1585,151,299,1824,203,294
1278,186,243,261,1774,1747,1640,999,383,1098,1472
1454,549,85,1094,1284,1192,693,383,867,126,956
266,1009,503,256,1132,1676,21,1763,556,279,1543
953,1439,1279,1179,754,254,312,902,496,1585,945
1213,1296,1583,416,1092,550,1290,431,1003,1119,193
74,1669,305,117,292,1842,1294,219,1145,156,1052
644,1176,934,475,243,136,1808,287,25,1213,1655
282,1288,1847,62,151,165,25,1263,1276,856,1153
1284,669,1805,25,167,1192,17,329,262,277,1297
1306,790,487,186,1522,867,484,1555,165,557,87
26,1019,845,931,695,833,39,1851,989,1266,952
1503,1851,121,831,1386,247,316,750,1176,640,907
918,494,1555,1490,1603,257,1161,165,503,912,1295
77,1307,282,88,123,1086,245,1566,1282,71,1123
1298,1343,436,1648,1720,913,1817,272,1371,70,1741
1288,27,961,1292,1278,695,1728,461,1648,1337,1740
140,902,108,864,1241,1469,1757,1306,724,1787,246
812,909,945,93,1013,1740,23,1139,394,295,1165
126,1852,128,1157,632,584,337,1099,1306,958,370
768,60,1145,1666,1388,303,1680,918,1225,1282,1333
1123,916,531,1138,89,975,1134,688,87,1475,1507
494,976,246,983,1291,1226,1750,7,1282,1211,1752
1206,1042,1284,1780,1770,1009,1052,1182,144,967,1841
1174,1846,1418,1585,902,1165,1325,324,1296,937,1776
1247,1563,1142,126,1290,119,1225,687,855,1806,671
181,1498,1266,1304,178,277,1307,913,807,1844,1536
1202,872,1243,1285,474,1272,1265,1097,1295,1016,1290
1277,1680,438,554,1136,1238,87,950,776,155,1282
292,1543,233,1657,1781,1235,181,198,1302,285,1295
1296,1158,1654,244,451,1299,411,753,50,128,268
1374,179,244,292,504,890,159,493,341,928,120
1128,913,1445,1299,1710,1298,1808,1784,999,914,1691
80,1669,741,888,819,1677,1859,536,74,1430,1326
598,1565,1564,74,98,311,1339,253,1108,753,965
1572,1147,93,112,1005,1764,436,740,1279,234,1267
374,12,1741,907,635,186,239,294,1585,315,1548
131,862,132,1489,1187,1294,1273,1036,531,290,1419
61,1299,265,321,1123,126,173,966,1555,639,57
23,664,911,1776,489,503,1845,1654,1276,1296,286
1472,1132,509,738,129,1741,1073,588,1040,320,325
1247,890,1844,1472,1817,170,222,1743,945,1845,1188
1198,197,860,80,1625,113,1658,1290,1285,287,1155
494,686,94,1306,97,1798,1378,274,1439,531,1555
1382,1844,1240,284,78,876,1828,307,233,924,622
266,1007,25,1258,253,1680,245,668,269,138,1734
785,1278,1780,1805,623,1298,1280,150,120,246,1024
128,296,1257,1808,69,220,1089,1230,1811,1073,1434
220,1804,660,1522,245,359,1305,1749,1342,906,975
102,309,259,532,568,1374,1808,1277,835,146,1292
570,1752,1230,1574,1491,1839,854,641,1741,215,741
177,841,1294,479,122,1633,1280,296,1182,1374,1776
35,1082,262,548,1432,1228,303,1732,269,103,104
243,1426,1777,1305,1610,1248,533,1555,1076,356,1105
1564,1055,483,1303,1449,725,1290,248,1026,1177,1605
188,1058,1780,1305,1300,1299,665,341,729,1336,1149
1715,1498,89,1338,1013,1566,105,1625,1129,643,167
1375,872,1217,693,1424,807,143,520,640,18,1222
69,1086,1829,889,772,1007,1128,186,1555,176,1118
139,1348,61,861,1094,1281,862,583,294,990,1062
485,90,1278,1839,1766,1802,1329,1702,1305,68,176
219,1777,359,1726,1305,71,1278,1451,1293,833,879
1239,65,229,1274,641,194,1280,832,583,859,865
296,1086,1298,950,645,1174,1099,1438,627,174,1801
986,1240,1432,1804,1564,103,145,1849,233,1292,1316
27,1279,1398,1729,621,1515,24,1426,823,270,283
1120,867,1060,465,1147,1565,768,1166,1667,1285,690
1290,1183,1182,1274,1303,146,1093,123,307,1287,542
176,387,1163,1838,370,1389,179,295,1220,253,1783
1272,1237,1482,1012,287,272,758,1715,1774,1146,323
100,584,1274,1555,1658,821,1289,1673,273,1260,246
433,951,159,1737,1741,89,1243,201,1416,536,1349
389,1305,1287,1267,263,177,1007,785,1284,1564,399
202,1535,837,244,949,289,1132,1169,1190,320,194
1078,1426,1756,220,1289,1555,1279,474,199,1011,224
1712,1088,177,955,1297,1298,1265,656,1280,1152,308
452,137,164,847,313,76,1041,1302,932,531,297
175,12,1817,1778,1285,1148,62,129,1123,243,289
1806,629,27,1094,402,415,1712,190,694,96,1041
243,1819,1082,51,1600,1002,908,575,348,1403,623
490,70,1095,374,1266,966,1284,950,1250,74,1843
992,1181,106,1287,1307,1276,138,1121,1423,681,579
1278,907,651,1276,1374,743,135,531,1065,55,294
1657,1285,14,671,1648,962,54,349,943,674,1304
821,720,123,1564,244,634,867,478,268,369,1145
128,802,1226,325,199,137,1129,838,148,1160,766
574,983,1289,1280,639,1389,1175,1180,186,138,970
1304,377,1838,1839,1284,4,1835,271,65,1032,1305
235,572,1639,1223,616,1217,1312,1247,1549,264,219
811,1711,24,72,1294,1630,1278,1094,76,914,632
848,1840,150,855,943,352,1260,1104,1142,1413,916
1488,1266,1011,1141,295,96,1485,37,1373,580,67
877,281,1841,329,1240,75,996,523,78,25,1279
1016,151,272,1279,1299,1660,60,88,63,632,200
773,1677,977,1547,194,201,148,136,1821,1268,692
89,275,118,407,1587,1366,1493,1005,1455,306,509
1096,998,1307,105,129,978,494,290,1741,1224,345
538,175,1840,643,267,1013,1339,199,1095,889,1282
406,1292,27,93,1168,939,656,307,1290,1525,1280
424,1265,1276,415,558,1485,1183,157,270,199,1297
1565,1136,244,1491,1547,103,1298,1459,1257,116,193
66,1095,1280,1451,1712,1299,1407,695,279,1278,219
537,459,306,909,341,1509,1297,1086,443,1732,395
328,1348,439,1585,1289,212,154,282,771,1141,921
986,914,1229,994,1405,1306,1732,1591,1574,1585,1184
1101,1617,934,716,989,1085,1099,278,110,1061,936
333,27,1014,1257,1306,1109,1168,1783,1455,1811,1651
298,1225,1844,104,1111,450,1145,1776,128,490,1009
284,692,270,865,1417,1126,294,1490,820,641,1816
1836,410,498,514,1548,479,1285,1,288,903,1789
51,1006,1413,659,181,1134,1182,1187,1741,478,855
516,108,1793,1294,1291,490,579,1846,598,1705,1149
1595,606,254,1781,1088,1552,1585,374,156,277,46
1224,1282,325,1266,1836,966,141,1802,595,71,1472
508,910,1595,140,559,188,407,325,295,1741,1302
1580,352,503,937,823,1518,288,273,629,303,1525
1195,112,89,294,282,918,1138,1276,288,1552,473
1036,275,110,995,170,818,128,1761,1332,509,872
1285,54,259,1182,1840,18,462,181,1019,254,1809
160,1749,919,644,1290,1295,253,1840,1090,890,983
581,1284,845,1085,329,548,503,1173,618,641,1806
159,197,890,151,103,1667,105,1211,1744,862,466
785,62,307,271,1824,1291,185,947,69,1776,1208
983,250,1778,921,1304,319,1248,1147,1781,350,170
95,1842,1729,75,375,1307,92,292,1819,1732,1352
1247,4,275,484,1011,278,217,898,603,1108,74
1563,306,115,531,914,907,857,1449,1084,917,151
1829,767,1076,294,1676,141,104,1244,1712,101,192
165,684,674,203,1648,1052,1007,567,708,1423,1065
861,1064,603,189,1007,1545,1108,1307,695,639,92
1586,1374,136,975,772,58,170,449,312,377,1043
1817,190,1509,1023,917,1034,1680,1320,533,1220,184
201,222,80,1365,1276,1289,647,967,1275,417,855
25,1534,147,141,50,1741,1372,1472,1273,254,808
755,992,1014,69,983,1312,1278,1432,749,501,79
484,1270,1164,335,34,293,1279,1331,1613,1053,531
268,1181,1591,1294,1799,477,1278,1554,249,1284,1475
507,685,1804,1374,967,1302,1292,1459,1819,1432,25
128,174,966,789,475,1704,74,948,1781,694,1478
1328,309,139,1817,81,1648,1191,1148,920,989,1282
531,129,598,136,1550,1842,291,1514,258,926,623
695,282,1648,699,1319,157,1303,501,1197,1294,1089
312,616,91,1468,451,605,1294,1348,246,908,1819
1752,90,1031,174,749,288,1712,253,151,1518,1684
1781,1712,1239,1279,185,897,104,1227,1303,271,1230
1534,1852,708,221,63,722,1658,1216,1118,1276,1013
137,1595,1288,952,1306,1451,1276,1618,5,78,243
1306,89,1277,1208,1297,189,141,1008,878,284,1085
640,62,634,1126,1817,214,1306,1303,103,148,1694
645,1343,1479,596,917,995,1546,686,1417,285,1565
482,1311,1818,1280,244,856,268,58,1164,1354,27
23,916,619,1839,1279,928,1464,1245,1708,421,1742
407,1003,101,1467,150,319,1157,264,274,1701,1557
312,1488,531,99,1784,1278,769,77,104,165,691
1379,1315,151,1278,784,1263,1752,76,89,166,1292
1374,483,1058,886,487,1264,87,240,192,1014,245
940,785,103,1679,909,481,1009,217,663,1520,911
1784,273,391,1183,87,621,1156,1225,931,1092,294
66,1083,1761,1778,1829,277,1712,1804,656,1754,357
1374,1207,863,1008,94,1307,645,1529,1247,1678,942
1129,639,995,1173,1291,194,751,1145,890,1728,272
1013,1249,1303,50,1192,150,1089,220,1613,1717,1490
312,1588,829,1293,559,951,87,570,82,1287,1830
25,885,763,1278,998,121,303,1101,943,157,1732
1354,425,529,291,1585,101,562,1179,1470,915,1125
273,1227,374,1859,249,1604,140,101,401,166,1140
1604,151,1602,1248,177,284,953,1112,651,27,1302
1828,1388,1071,180,38,1277,1808,1230,480,638,1839
80,293,1225,603,1304,1016,1039,785,72,1775,1041
990,1502,1804,643,914,220,1182,1281,910,178,1177
1067,284,46,93,760,1235,292,25,890,1649,276
85,1301,606,104,349,1152,1691,284,859,1353,100
770,727,264,1305,929,640,581,62,203,1616,117
214,151,645,1091,980,1160,1740,1824,380,1419,399
624,509,1302,885,1289,335,1199,1295,176,893,55
68,697,1851,1295,950,1234,86,752,917,1546,1472
1780,1198,133,285,416,943,1338,959,252,1472,740
402,1204,723,194,220,1296,879,852,1448,184,878
725,1012,284,639,511,681,890,60,1297,968,1600
1180,1306,1314,235,354,1842,1274,1693,1277,1302,942
911,995,870,1018,1585,1024,936,43,294,243,1853
1247,1302,292,670,139,32,501,914,1403,778,76
1091,1618,1265,1824,1073,1060,1280,301,103,1564,89
1552,427,1423,640,1585,1397,452,1279,1293,166,1774
636,1009,313,1320,458,1294,465,1259,1669,914,845
807,1290,1265,1426,116,1773,925,856,1539,1076,1130
1233,938,681,985,1122,104,1783,1323,855,1818,1432
1246,383,275,253,489,932,470,1339,1125,576,157
1285,121,178,1817,1102,1091,1566,1550,984,1303,1307
784,615,26,1301,748,1284,990,1051,277,1596,1395
150,440,1188,1534,1289,877,1808,1853,588,1432,1699
1276,1799,1741,990,193,1278,356,1234,1811,1290,1266
1189,1169,1845,1303,243,1621,1426,755,1152,144,272
666,593,303,112,427,579,883,1,74,189,296
1225,1811,1295,1301,133,1165,1147,445,1752,1007,217
133,623,1040,1323,1113,90,272,907,1585,1026,656
1301,589,1467,644,527,953,431,745,1414,1501,804
93,1303,1780,978,274,1238,1150,1637,1034,369,478
729,484,1318,1045,1224,1093,19,1291,1225,1741,142
263,1615,53,1002,83,956,907,612,739,190,128
271,128,1019,723,129,1511,80,641,1125,89,1229
1278,284,262,1104,330,701,1630,1284,139,1177,279
639,982,601,136,1542,1188,679,267,1583,1240,376
1692,1712,1279,785,713,166,1237,1427,1780,66,80
1068,51,1257,918,149,1819,915,479,1566,146,1040
1291,1296,79,866,181,81,1295,1145,1810,1755,312
135,548,1725,621,27,1691,1034,1228,855,1333,223
1664,665,1501,857,132,1069,83,1093,100,669,489
151,1760,178,1276,1564,170,122,335,1082,990,1290
243,524,890,1076,1842,1165,261,1281,1108,1286,306
1703,185,1026,1094,915,123,1291,126,955,836,1648
55,186,558,1543,167,133,1348,646,1353,1256,1489
1566,1352,90,303,724,890,1229,523,77,1648,27
1041,760,902,655,1555,1855,1644,1152,263,1302,1744
1305,90,645,463,290,68,1389,1302,995,129,1087
374,1759,258,813,1141,1041,462,1158,223,1291,1290
1229,1266,1277,1856,1032,148,686,1305,1565,1580,1516
165,990,300,1087,1278,1280,87,256,493,1066,955
1098,639,645,1691,279,510,148,1225,337,113,1279
1042,914,1732,291,625,1028,64,51,1756,1091,234
179,176,717,1341,1731,27,1078,1426,841,1306,1276
1585,1778,1488,1339,530,1011,358,1085,100,1305,645
646,691,1701,869,1261,190,1201,504,1242,1147,553
1851,1294,1291,856,989,158,885,818,1372,1368,890
98,1470,86,399,1455,584,411,87,1744,1016,1106
750,1426,1294,220,1306,1694,307,1036,1424,51,531
1076,287,960,139,1074,1555,1731,1306,219,1293,204
1546,1277,187,1074,1786,1552,1145,550,190,1388,1547
1096,1187,478,948,1555,27,644,1279,94,624,436
1163,1432,1074,321,1515,1281,292,1115,1306,1545,1076
106,147,451,1830,975,640,1101,314,1298,133,179
1819,1194,1302,192,265,194,1290,285,16,1807,1201
361,1182,1216,990,86,1518,656,1150,1292,504,640
1134,936,176,1290,219,1235,1547,1111,1533,1108,957
87,976,1426,305,1257,1215,1732,1812,144,82,1820
1847,772,1285,279,340,1134,509,89,1176,1284,295
1472,1566,92,1160,1424,1175,1260,1247,20,740,1289
659,212,1818,186,1443,1279,1052,1034,46,1299,1785
289,323,1307,62,1372,1804,692,1757,1247,281,1267
134,591,144,1283,653,1303,694,993,875,1092,1374
689,173,476,617,1281,1374,570,188,1278,1412,1841
1648,596,670,1182,138,463,1415,1695,980,82,730
1093,1617,1861,92,1303,1266,1805,262,155,147,1509
1453,1399,1188,454,1426,1811,591,134,1712,1545,1770
194,425,197,270,1174,1121,890,852,754,640,293
178,74,535,893,694,76,179,857,62,1285,50
1469,796,1732,636,553,110,1658,294,56,418,1141
1843,272,684,93,1763,179,925,1704,1210,1276,129
139,598,1281,1374,177,883,279,1224,1226,885,284
1155,87,145,25,1191,1804,1326,1851,255,299,296
1223,857,1648,639,918,1306,575,76,913,890,1841
1304,1334,1851,1291,1721,1093,112,253,598,265,595
395,838,1353,1401,1388,25,94,1165,904,163,16
1338,1152,1817,923,870,531,336,1279,1128,181,1013
712,12,1654,993,540,1752,35,193,190,694,1175
335,90,581,1676,1029,177,282,89,192,879,1215
129,335,296,1532,1294,1320,964,290,415,1648,1426
482,1303,324,94,1285,1780,405,1005,1251,942,621
1129,291,596,1113,1574,605,1602,1304,598,1277,918
1007,274,126,559,100,658,1638,306,990,93,615
1372,1265,98,1094,145,1183,1472,1440,1127,142,671
443,1230,588,989,1280,985,1474,23,997,1799,1752
1700,1534,1255,1169,1839,303,83,645,1729,1229,1207
1267,1248,190,99,779,1012,302,132,264,103,292
956,1852,1294,949,958,27,410,914,286,951,290
863,1276,715,1129,88,216,287,24,1085,72,450
156,1302,1566,258,466,496,743,1432,832,1528,1258
645,560,1410,1741,1008,610,1812,245,1305,588,1062
1457,1839,1034,1289,1296,1182,178,1340,651,252,1181
312,964,1085,1274,1182,37,1573,1162,1323,150,683
1160,1307,74,143,1513,100,1851,315,1682,25,316
585,284,70,302,1277,126,1741,818,112,1621,98
457,292,1279,1238,1618,169,797,1306,1224,1283,838
1263,1472,1822,1230,1199,1163,1748,756,1289,90,270
583,64,1251,1374,1734,53,924,1780,1183,1266,1396
1296,1626,1332,1585,1298,668,1312,135,656,1719,407
1325,973,23,823,1781,1853,1369,1033,795,1293,1052
1126,1289,141,303,62,641,912,1643,1306,1266,1239
1654,1128,1579,645,1289,1093,799,906,1752,1712,1529
140,392,606,296,302,137,78,1365,1648,589,424
561,663,1305,445,1658,1552,994,1193,1780,1296,27
1000,753,277,273,119,1174,1305,1161,1716,1302,1693
1298,1776,1034,1570,370,615,1235,1038,108,579,647
1741,1122,87,1635,570,1276,578,856,557,151,1426
640,1306,1024,95,867,1142,179,68,80,1380,488
1279,1305,1243,610,112,598,1374,1851,258,1070,1434
1290,1236,725,233,466,619,1333,587,1082,1181,264
376,1233,1849,1291,292,1432,159,1819,639,568,478
766,1808,377,174,220,1616,374,1752,1259,171,1276
619,1585,58,1653,235,1171,1347,69,937,1859,907
1589,1792,293,478,809,624,1342,1227,559,890,1284
312,1490,193,83,1519,1282,1819,166,140,1284,700
181,198,233,234,983,39,139,129,1131,272,417
153,572,1593,645,911,1232,624,108,70,1700,802
245,779,59,1338,989,287,644,1555,1165,1285,1422
478,1840,903,166,1852,573,1806,1074,1555,1108,1299
1338,1669,1781,538,416,1653,1661,990,1252,1018,643
262,700,149,1294,539,1841,423,1780,259,152,1518
1211,104,1828,1616,1296,1052,768,199,249,114,1415
261,1759,651,54,134,1780,23,1304,123,1776,1122
259,253,1781,1297,1752,921,1778,1093,979,307,136
175,146,412,199,163,1617,1017,1301,246,1174,1076
1294,305,855,177,57,151,1297,1059,220,1339,1662
1145,568,1333,1073,1741,995,542,502,1282,1320,819
410,1151,1852,540,584,989,1818,1776,186,445,1585
1749,280,1082,588,139,183,292,1013,929,1091,207
1388,999,156,1275,76,856,1307,1386,761,723,269
1279,1657,190,278,1298,966,516,302,548,399,1190
256,1830,1303,121,1566,1836,16,917,356,948,1851
536,1233,262,1307,1283,11,1279,478,1229,1747,1291
1164,100,1610,484,133,1292,1290,176,135,927,1804
222,1249,172,1076,1304,1752,175,1112,253,26,1008
260,138,1150,1307,767,1540,1759,952,829,1166,687
1307,1292,258,1537,952,856,1562,1276,1807,914,63
1847,121,645,69,4,1282,811,1216,885,160,330
648,38,960,1284,122,586,1136,297,1812,108,1268
1288,946,1222,1099,627,112,182,292,1170,807,1808
178,1677,914,1018,357,188,1318,1104,307,1527,97
1741,1260,1426,1768,1721,535,1298,752,257,293,1735
1256,1783,1711,1230,1762,1307,723,1585,1642,27,691
805,95,133,87,148,298,1104,149,1076,1534,220
445,99,1660,1207,862,1556,1284,1093,386,254,1036
1555,1276,1659,144,23,1225,1324,669,1495,1074,1778
1198,483,1648,907,1585,299,1305,27,1756,1279,166
430,1465,1089,984,899,313,747,1120,407,504,1759
383,999,951,146,1292,1341,1240,451,1157,859,1146
26,281,1840,1217,1247,425,1028,402,1793,1839,1148
222,682,880,1243,1100,1013,821,490,1557,321,1040
1292,1728,351,532,1245,1410,1472,1542,573,274,1851
1278,1330,1274,530,917,1807,1046,890,923,1010,307
1621,1278,1277,90,1335,494,1292,773,1041,17,1679
1276,1297,1146,1329,220,1285,1503,1277,1752,374,1306
1780,170,76,166,1314,438,1163,1164,709,220,461
961,1254,151,303,275,1082,257,1102,1302,170,264
1752,282,193,1249,1305,1155,1245,1273,1278,1564,829
472,219,1444,254,1298,1279,1158,577,640,223,855
1599,1638,252,1498,1492,188,1167,1737,92,990,877
1270,729,1277,245,1350,855,645,478,505,1776,376
1498,1648,148,328,855,1470,1562,627,455,963,1298
253,94,1689,279,1591,1741,1279,27,62,1329,1768
1811,1094,907,213,1350,743,1389,98,996,1304,634
1193,1821,790,514,1691,571,1390,490,640,847,656
294,235,1711,719,151,1132,902,1303,889,747,1669
223,1304,331,1169,320,275,1388,920,1780,1778,1293
1583,370,707,1266,1307,1120,1280,306,101,295,1094
1669,96,306,89,754,757,200,73,1060,23,881
157,1554,1551,1781,942,536,80,764,136,71,792
984,1294,953,68,571,1239,860,296,1176,27,617
1146,18,1247,1591,621,177,1812,1728,456,1142,1119
807,1851,91,27,1732,920,79,972,1117,1235,129
1218,1034,272,284,1470,786,1547,49,1155,275,1419
1689,1691,27,281,55,222,835,1830,1555,133,1426
296,853,1148,494,1490,111,407,1216,41,478,65
549,133,1444,1421,955,1277,1028,513,294,88,1280
1741,249,293,655,1547,244,56,51,1257,54,128
545,1426,1238,553,1843,946,1007,1555,1502,94,1316
186,1770,1534,1015,1303,1751,1296,632,74,950,574
1105,692,491,953,488,1690,1280,1297,70,246,140
1278,1276,1668,1290,171,1156,1825,768,580,669,304
286,1298,568,1421,681,1776,1018,670,848,1204,117
246,908,595,510,890,71,1845,963,1191,1138,1336
1271,1682,166,455,1041,640,1307,295,1529,1111,1819
874,104,86,126,857,222,669,1118,1838,1356,1240
320,1276,79,1141,172,270,1332,1577,1274,1314,621
1123,683,88,1296,1778,1270,1280,1841,350,1169,1279
1333,1383,1267,367,1300,1241,245,18,718,1742,128
333,263,1510,596,979,1591,1160,1293,1088,1378,1307
1092,1136,470,75,165,1276,1819,1486,1311,290,186
1082,272,928,417,1804,1498,148,1319,185,950,262
365,656,1776,1787,1847,1294,179,1307,741,275,96
335,1117,87,309,589,297,1111,363,1300,624,978
235,1302,694,1291,1226,327,889,449,526,297,678
402,280,1026,129,1277,767,73,1658,1521,1291,592
1566,1426,1290,399,1198,722,315,268,685,640,1472
955,701,1078,399,144,166,1305,1182,1293,1511,779
1279,1120,296,148,106,98,967,1307,890,1221,1280
1246,1216,259,89,74,1292,862,26,1836,813,278
1530,100,772,105,257,778,1641,1633,1181,756,176
1256,1741,98,1627,1681,1303,1004,918,466,1294,1178
1082,610,811,1297,952,1172,1839,930,1207,716,749
1374,245,1291,738,1741,1624,1207,1118,149,440,674
700,92,488,1195,289,1105,182,1276,466,1111,1160
1842,918,80,1806,1850,171,1226,1441,729,1689,1293
61,39,1049,449,1547,1293,914,1052,598,1036,1636
808,1274,164,1277,912,64,596,257,466,878,890
1421,1757,1089,1541,1813,475,3,254,497,1426,1098
1681,802,1016,294,1122,1363,803,1677,1129,1337,1292
67,1088,1018,907,51,1114,1076,509,993,177,234
919,863,722,1726,1761,1364,486,1583,669,1668,1732
568,481,176,784,911,1752,1357,1118,379,1266,926
918,669,1840,1076,641,955,1472,1176,1299,1284,1824
1332,308,244,1278,1488,1653,156,606,281,1088,320
1278,716,1298,1279,1242,385,1426,1704,1291,70,257
1294,139,425,1728,1677,1279,639,1844,1585,86,1534
1811,364,1032,1188,1242,596,284,583,25,938,1280
74,945,1132,856,147,1780,1306,1830,936,1218,92
1288,281,1266,1302,420,1811,1655,1851,746,1294,780
1093,1706,39,201,867,492,1648,76,290,1488,1112
1564,1374,855,275,212,1432,928,1305,606,1286,1411
1112,1426,1282,551,1675,683,1050,1811,587,1585,1144
23,348,1767,186,1469,1290,468,1839,1164,1068,1799
273,564,1036,167,914,1821,114,596,1120,749,1804
51,1732,1302,138,632,994,39,928,1307,581,1547
645,1604,175,1301,438,185,69,137,203,1297,256
1028,478,1819,1800,639,1030,1183,440,55,27,237
554,1711,890,219,915,1744,289,1216,882,74,1508
1224,147,823,79,1132,287,189,1305,163,1208,1152
267,909,900,913,588,190,1511,872,76,776,1783
356,973,955,1678,1276,233,286,1440,405,1263,1702
1188,1249,176,657,1662,856,250,820,597,1289,1818
1417,1296,201,1836,1461,1291,572,1780,138,821,452
1257,1563,1798,1295,1575,522,1183,1265,918,1778,934
1808,112,190,39,185,1303,305,1444,1409,248,1251
984,136,1099,142,383,458,531,133,84,399,1585
363,1293,79,1034,1169,1149,1096,1488,1222,517,81
691,156,642,856,1284,1734,1547,531,1268,106,636
1585,605,1279,879,1154,1845,1188,1426,1747,847,1298
1113,163,1279,1566,1268,1418,1732,1751,1292,1758,1035
277,937,1179,1570,1288,1459,130,1720,273,1722,722
1472,1306,1447,1580,141,301,1752,1280,1188,588,262
84,250,166,1278,251,1805,167,1777,1191,1155,132
1426,464,1303,926,833,903,1366,137,288,1508,136
1373,292,98,1861,1566,596,259,716,645,1191,861
16,1158,51,1276,315,458,1436,295,412,12,277
229,1409,247,321,1518,282,990,244,1777,1555,474
274,917,292,956,219,1084,1238,1352,768,123,185
306,263,1458,1448,291,821,76,645,438,176,879
407,1752,389,70,1648,722,512,18,1534,178,1304
1082,1686,1098,1091,1500,640,596,86,1294,1655,1224
490,1593,979,74,645,514,521,116,147,989,478
873,1851,1257,544,531,1711,562,1589,1005,1242,63
768,171,639,978,1256,694,140,1724,254,1566,870
1284,1776,1480,885,1193,55,1289,256,366,1754,552
1302,1776,351,979,605,106,374,1082,1216,855,947
1068,1472,1296,1088,598,1271,693,1160,1018,722,1012
499,1550,265,553,879,868,1674,278,1211,1777,1491
669,264,1757,1233,150,636,1425,1113,37,112,1232
1751,1686,1810,274,1683,1303,1851,907,18,284,277
1780,515,1028,1804,302,8,317,762,1808,151,725
952,70,1517,1525,1007,1846,381,1306,249,1756,459
717,1038,725,320,271,669,491,70,570,1089,1297
1155,918,1074,129,641,1132,1467,1305,1376,1343,1150
436,135,1520,636,108,72,1238,913,1450,1091,1718
1118,309,774,1564,95,856,127,1303,156,475,1249
1552,335,243,1076,1406,969,836,790,1538,1288,357
1234,1554,598,478,1146,1241,1566,1274,1842,588,602
1120,161,493,645,270,773,558,913,146,65,87
89,275,949,253,1401,245,314,930,122,37,43
764,677,980,150,245,1426,1489,1303,1711,823,318
689,294,91,1714,345,88,94,1766,103,1298,1659
1383,1807,1275,1092,548,157,179,23,185,224,731
116,1230,1250,1607,947,169,1829,1821,1742,309,648
1086,91,1277,1280,83,890,185,1354,1426,1729,1485
952,1306,21,115,320,1097,886,181,1285,1498,572
1374,1298,1418,1158,1055,748,1011,70,821,1741,1161
1301,1472,235,360,1563,246,1783,1432,89,1741,25
1544,697,194,1296,270,1279,1526,1781,1372,623,243
1564,74,1242,1263,640,812,106,909,440,374,1549
1551,192,988,1783,499,1303,65,1108,1272,1208,1290
147,1068,1075,1712,533,1307,1129,23,968,1780,740
1277,1741,1356,1246,27,1780,1839,1843,494,1121,1824
1281,1462,1780,269,285,1279,101,23,410,358,170
1230,114,93,1022,1237,1372,1307,1144,128,148,779
645,1309,136,89,140,940,1129,898,77,1353,976
451,1291,573,79,88,234,1026,1276,1117,462,859
69,1150,234,949,898,1279,351,1041,1852,1841,292
306,412,584,1104,1245,180,254,1228,1265,903,849
265,101,1282,1773,1585,1303,269,1264,1260,834,1225
1268,1426,294,1741,1034,152,664,1285,1542,576,20
1436,1518,178,1245,1222,1305,1290,451,195,1776,1344
1052,99,423,599,121,907,1847,246,22,1479,1585
1374,1286,705,806,254,585,683,291,136,1566,87
62,1508,68,1167,1237,1247,1265,936,658,1621,1565
88,1137,1266,223,1294,1679,1564,1212,613,290,108
1301,677,1366,176,219,1278,540,857,783,1159,1064
70,165,823,341,1817,752,1102,1827,1001,1056,18
1690,156,274,1838,996,947,813,646,128,618,1223
1263,202,93,1226,1536,133,1490,877,1555,1784,1036
1232,892,1660,1034,1300,1306,1472,1533,460,61,832
862,1187,1777,1034,1306,181,1652,561,1552,1053,1321
1773,136,1305,1759,195,1220,190,338,990,556,223
750,1294,888,503,1807,545,1669,646,18,271,1307
62,220,645,1266,753,126,267,1291,1276,1851,1335
615,975,349,96,302,989,1275,1349,1581,1339,13
403,86,725,295,716,1121,977,197,1751,572,618
179,288,527,188,11,138,1058,1776,1198,363,1801
1068,1160,1293,1498,1132,1041,1284,644,1337,1368,1566
1097,990,621,1741,1077,1298,1459,1857,748,1141,1321
907,462,970,1228,1555,1484,1397,636,89,1177,1193
1566,57,170,122,1561,1537,132,435,228,949,16
1205,644,29,1136,1285,960,1585,1290,1034,1712,951
914,877,838,433,1325,27,197,1007,1549,1303,1780
978,1804,124,80,201,25,1298,478,289,134,253
1339,238,4,627,65,1265,694,1689,1711,1306,1294
1024,639,74,583,983,460,1288,484,1008,1666,1305
1781,1215,74,1340,1612,1303,235,27,177,694,1341
715,1378,819,1123,1006,196,548,1029,876,1426,1564
1293,994,1327,307,920,1231,1024,1274,181,1599,92
121,1294,499,927,1265,333,1680,128,12,820,1793
990,297,1303,681,1853,1275,1068,1293,1087,202,262
770,1240,1088,494,1090,1145,259,1722,287,973,101
768,1289,1837,579,1322,1233,292,244,760,288,686
779,197,729,3,1036,926,279,337,1668,1307,811
1139,46,1760,1064,768,990,24,286,1401,1781,1014
950,1778,716,402,1161,491,914,598,572,133,736
1291,1282,319,915,1748,169,55,1114,1306,1265,163
1232,951,1365,1374,1579,588,989,1704,264,1307,466
1053,699,233,586,22,147,1778,1802,616,1173,1297
1194,671,1719,1132,69,1413,486,184,556,953,893
492,1040,222,684,129,858,928,234,70,74,1292
1290,355,1104,243,483,1307,1602,302,1640,262,1266
1824,790,149,1851,906,642,1154,1036,1841,6,465
425,1440,581,1708,1188,1651,1278,779,1774,309,1306
1041,717,149,1807,238,1076,1699,332,289,552,661
913,1712,545,76,181,1724,29,1305,1188,1284,1268
1296,1164,194,89,1443,1564,844,1778,1075,294,1138
117,1229,136,433,1214,144,1022,1256,1804,459,644
888,70,1862,1303,176,1489,1392,340,307,646,627
739,138,92,1732,1802,877,565,1249,527,919,289
315,1543,684,977,436,379,1464,1457,1386,583,990
1529,1361,524,274,1264,103,1789,1256,270,197,244
185,1288,1648,25,5,447,1817,1682,811,1292,197
430,94,1622,134,129,598,126,10,949,1154,123
1677,1302,1304,1103,185,1257,1172,558,62,700,440
771,632,1231,736,1780,1711,1530,684,1585,1245,1034
595,69,970,1299,1249,1401,1821,1708,540,973,312
185,1278,1038,1544,140,694,1240,155,478,1100,120
1741,95,669,1279,1727,1204,1305,269,290,23,1537
735,1432,721,144,1552,1280,1232,861,911,1247,635
1290,699,598,1350,1835,1850,1306,989,1016,118,288
159,1182,106,1192,1612,1276,1062,457,1066,1472,972
1191,1064,1330,1285,1136,285,100,925,376,1277,24
129,1169,100,278,1538,1121,990,126,1263,485,894
186,223,748,321,561,1713,399,138,105,1001,947
503,1240,1638,486,760,1427,1552,305,1293,175,137
146,1113,1819,1374,140,262,223,533,1245,1563,1855
1343,635,152,748,881,94,1761,501,1648,1034,1754
1040,606,936,1648,1266,1798,25,415,129,772,1226
49,1788,1319,478,955,768,1669,996,691,277,101
691,30,133,1533,128,1295,857,84,1595,695,1294
286,1360,714,820,1005,83,291,1123,1302,149,136
1320,962,102,806,1285,467,289,282,410,440,363
936,889,1221,1564,546,459,70,1817,1042,1653,303
147,1642,1682,1052,86,809,1452,779,610,1128,947
943,1420,1125,689,1128,282,957,1026,195,1291,552
554,86,833,613,1669,910,258,383,304,1557,689
1188,826,1294,1779,1843,833,1545,697,1425,1412,112
62,12,1263,1267,244,660,889,1719,70,1108,733
25,176,1470,1547,92,1331,373,296,1536,1779,933
1284,1533,166,541,1303,1472,288,890,1374,334,206
1294,141,78,1811,1844,223,57,621,1347,1555,392
219,1657,262,1228,1284,602,1197,1763,685,1305,65
51,1101,1497,1585,1182,64,1566,132,1280,1276,1108
1424,96,419,1442,689,552,1132,1595,1741,1283,62
1288,383,1038,1648,1794,327,1301,219,847,1309,665
1030,716,1069,1017,1294,309,863,1045,731,1776,1761
1506,1554,1148,415,1802,62,136,621,90,1343,745
470,308,69,1752,166,1132,1824,947,1205,722,195
805,1188,1105,944,1036,936,1349,1210,1251,1701,1552
139,1155,783,1750,1555,548,170,1592,1199,1305,348
1374,1372,811,685,1331,1627,1293,989,1034,1232,221
911,1292,1216,994,909,251,221,1564,1716,921,1015
781,1734,1290,1817,1281,645,984,1509,1303,440,48
1289,1094,1132,1607,280,383,269,1302,471,257,268
1811,125,456,1303,1776,274,1430,1680,1754,1150,1302
294,1294,1,1121,626,561,1307,192,1332,1542,649
1160,684,460,1776,1013,1763,1307,503,499,1223,1777
219,104,1384,234,100,1533,1267,663,1305,1330,1012
1540,1147,1558,1711,1678,1625,54,290,981,254,1009
1343,75,86,536,1165,294,1806,656,139,1198,132
855,1759,1197,1067,893,1510,134,1247,947,1519,315
1012,1175,222,189,1374,1303,79,1266,981,1503,1296
1374,1417,1809,599,1388,1322,871,923,1343,1733,950
1741,1064,1084,435,496,179,1763,1068,211,1759,128
1266,561,259,478,914,1103,137,724,302,656,185
294,1206,855,1683,1012,157,1199,257,1294,1811,863
739,23,1595,1558,1674,663,934,235,70,93,512
708,223,497,642,1432,1043,1265,1741,1272,907,170
1028,1064,1550,382,1018,936,585,1288,1116,63,280
308,1692,79,163,1808,1382,1198,1819,1804,948,633
290,779,950,445,1274,1266,1258,1529,700,1346,103
957,1562,365,306,894,145,289,1018,664,1783,930
764,181,292,954,599,129,399,739,382,1575,1733
270,224,1147,496,847,958,965,1223,374,598,686
190,1585,997,371,1705,1846,606,967,178,321,144
425,118,274,74,258,79,326,1301,1071,806,523
127,1302,1274,1585,1300,290,563,1566,1169,955,1294
1684,16,1528,103,1759,766,176,1741,1298,1482,989
272,1295,1819,176,341,745,62,1396,1290,193,156
1280,1361,506,1129,433,1247,1786,1305,245,914,1831
1303,26,1804,1053,1751,1150,320,1383,1116,924,561
259,284,8,640,62,1074,654,1281,99,627,1284
985,1305,176,1014,189,1280,128,1009,150,1769,1028
1038,1161,1781,286,307,88,1234,1297,679,278,105
250,458,745,1669,1242,92,1225,1855,1284,1636,1580
192,1743,990,296,17,1282,1692,233,142,1278,1359
100,1137,785,175,192,1415,872,1289,1272,141,329
1314,914,694,135,1093,1260,1166,779,1356,123,433
85,956,1123,27,785,1727,128,223,1812,1734,106
257,223,1290,1776,1445,27,1223,844,185,422,70
53,577,226,1552,766,1834,1287,12,263,1198,875
1056,1613,155,279,46,217,1217,1309,113,54,832
1648,1034,65,167,627,62,220,133,856,1132,1208
995,260,1034,290,1305,1741,220,833,1406,744,588
244,281,386,1093,1585,1335,138,1769,306,1595,1488
1077,1294,1242,1539,223,1195,1251,1674,376,26,860
144,788,1303,1804,106,996,1017,1230,1231,966,1295
1791,171,288,74,27,273,272,1303,1042,1122,1184
1303,1341,920,570,1555,1236,1082,557,259,937,1105
1763,89,137,1549,464,65,1298,306,1172,1632,1173
451,902,1468,259,1183,1092,1169,1276,1704,903,858
1293,253,181,190,497,1125,977,1736,1745,559,861
79,178,75,768,918,290,1016,160,174,958,1111
1814,128,1592,1191,18,1033,1298,296,363,1299,1307
158,288,1493,1710,782,1784,1235,917,167,740,1024
1296,1276,31,1811,1691,76,1142,529,371,1287,1839
490,173,1276,1216,126,863,1459,1853,1076,1738,1417
1852,550,138,69,1307,221,244,1294,128,806,677
1839,1222,1307,1776,112,99,1302,70,1074,1128,74
872,1302,1564,1160,106,623,1166,1022,1655,797,606
1594,1294,105,1603,1222,59,1301,772,1211,282,1290
1052,821,46,126,733,1657,163,596,915,1294,1041
856,1279,751,505,1807,487,830,691,1374,1093,484
296,308,989,1297,574,508,974,1353,1692,219,695
510,411,1068,862,1748,1752,1009,770,953,492,307
643,1307,247,1170,220,133,224,176,346,1237,101
192,294,850,1426,128,501,819,943,1305,186,1301
293,1279,989,1357,914,1712,165,982,273,680,1285
1426,1704,1201,275,893,1697,152,374,848,1285,1424
1005,1366,1095,305,1152,641,1818,459,1585,234,1656
669,106,295,1305,1847,262,1675,58,1849,1145,170
1307,817,999,179,147,1062,1152,374,1290,1288,499
1289,152,1269,313,1852,69,583,265,121,183,1180
295,290,1651,971,568,222,273,1840,303,570,259
1254,1542,98,112,547,27,1017,445,908,937,1097
296,1338,1289,1830,1108,312,1421,1162,155,1272,1616
1859,1343,181,70,295,928,126,960,1305,1007,1019
640,990,1009,1432,1295,645,125,1792,1780,1468,150
669,1552,656,1268,255,58,1492,256,811,1697,1093
982,194,302,1102,1365,238,1708,1842,1628,1275,752
69,642,298,648,1842,915,1405,581,439,1711,1836
1232,966,979,1787,1308,111,452,445,889,503,281
1735,1289,27,100,181,1712,1295,1202,490,1111,645
1804,1297,1824,256,819,1707,788,866,1655,181,1186
163,492,1210,219,1306,22,465,74,189,1579,479
829,1199,1547,292,1427,237,1284,1842,296,79,150
1730,730,1301,1411,1099,1307,1306,925,1274,1591,245
1545,1207,1436,1230,1242,540,1294,187,1658,974,1233
1095,1780,290,725,1293,214,780,1417,1772,1166,95
1166,1143,1521,1138,1268,1778,645,1426,823,1277,753
1224,973,1281,512,141,1661,645,572,408,1005,294
165,273,918,114,1276,1236,150,1076,265,263,1174
818,939,989,1804,1566,1432,370,1772,117,136,1382
1853,1280,342,973,820,22,1804,1555,1711,835,1508
999,1861,1780,772,1128,1302,1547,917,507,299,1476
273,1847,1182,210,1097,516,1265,74,1566,1145,1721
1359,1681,960,827,264,207,644,692,1279,902,78
290,1752,1819,1692,318,1169,303,1290,165,598,404
459,97,1585,849,1246,1146,956,1191,833,886,1231
1297,1319,1772,305,770,769,1063,74,1188,1314,1564
1757,1517,588,736,669,1264,873,1105,1648,1839,90
1611,1585,956,1298,911,862,87,1305,725,1090,245
1781,1263,1005,272,165,1076,399,559,97,623,1804
122,227,614,1069,792,257,1287,1375,264,1093,1566
330,509,1409,1467,312,83,1183,1242,901,1366,425
1830,418,1168,570,1285,1374,121,1272,1734,796,919
1564,376,45,640,512,532,871,1023,410,811,549
950,1278,93,271,435,1837,713,1301,323,79,293
912,677,70,549,235,1,1374,1139,281,91,1802
1246,1534,242,1292,1830,114,1839,410,1681,285,222
1746,1830,335,197,220,1052,1304,1074,12,507,509
1282,193,253,990,678,86,128,1674,1238,1504,154
1272,1148,1067,186,1294,160,948,353,71,1177,287
1285,382,657,1778,139,1290,1090,902,279,147,1305
855,101,751,466,1641,323,278,357,1012,1778,147
1117,1137,636,128,1303,27,1373,228,185,1470,1776
1250,645,167,968,166,1544,917,1399,79,147,237
972,1234,1151,197,648,687,1811,1155,1193,1276,1103
267,62,800,914,129,88,592,233,907,256,684
1409,1278,75,1719,874,468,1143,373,315,250,1216
956,1344,1817,1296,1569,714,924,1278,926,85,1585
1357,1143,1285,693,1139,303,642,247,1165,863,1711
750,89,23,1113,950,1559,544,1184,490,1853,1298
1464,286,1773,1819,1294,1011,1297,640,253,1270,1256
341,1278,67,49,1839,1239,589,1280,902,695,223
890,133,1251,265,509,1449,1832,18,1553,56,1677
324,829,1611,1015,664,1067,592,1821,134,53,172
1734,1039,1249,1682,1034,589,25,1450,114,478,75
1843,1706,679,1314,1250,1062,906,1736,324,1279,1118
775,1777,1564,1444,1731,973,1335,1100,1811,825,1607
438,993,58,180,1804,101,285,119,1704,1182,644
1472,909,147,28,121,572,665,129,1137,12,1457
922,1821,1265,121,382,1684,1542,1280,122,439,1165
219,1295,137,1176,269,1121,1280,289,424,369,17
1277,1073,407,978,1294,588,855,1851,502,1389,494
12,273,291,1399,321,758,1056,1169,1540,983,697
945,1730,167,1113,1307,1305,133,59,295,911,1152
548,283,1374,410,1534,1230,1372,1275,175,1471,1844
277,425,1807,956,278,186,579,1423,1128,77,967
244,70,1690,1538,11,503,1596,1199,118,1633,151
1598,368,63,321,1402,1094,1518,1565,141,522,745
980,1585,302,193,1485,1457,335,682,310,235,181
1551,938,1010,1088,1319,363,65,1269,1276,84,930
1811,58,1026,1296,1533,1086,234,179,343,1509,185
1611,1545,919,545,92,1249,972,433,292,1128,1235
971,79,592,177,193,1116,24,1732,1264,191,900
859,148,940,953,862,639,488,1085,475,722,101
178,74,954,1030,280,570,1542,1722,1682,217,855
1138,14,59,67,253,889,557,1334,1285,667,61
623,651,364,234,1301,1471,151,1270,823,1076,155
645,1251,267,129,1235,740,685,965,1139,1193,967
1769,478,223,1168,721,1298,1236,123,937,950,1034
88,1361,1093,214,981,1163,1116,1378,307,1608,308
1371,133,1088,1223,190,235,1125,452,1250,1294,721
138,917,272,1778,1844,266,78,801,752,1182,1168
105,27,511,862,275,13,1811,610,1289,1271,1736
306,148,201,171,1115,1026,1276,51,1498,983,1846
687,460,1307,1150,854,1275,640,171,1296,713,734
83,1776,25,1399,1032,1303,112,192,1534,23,1343
1398,1781,1093,1304,77,69,1005,1166,702,807,101
1289,91,468,234,1424,473,721,478,1278,1281,1798
146,598,150,303,1362,460,289,1307,1578,588,1555
1781,1851,739,462,1327,293,1804,1706,1564,1100,181
69,1660,37,1270,643,425,451,645,776,108,1819
126,773,1157,1120,624,195,608,1569,1165,644,1115
1782,1035,769,842,108,219,293,289,586,1088,483
1301,691,1846,1276,70,1483,999,1021,570,1099,181
125,1279,60,1028,971,94,1648,1119,1315,287,1169
484,1284,185,1472,309,639,1280,280,181,274,1282
523,1556,280,1166,233,775,1298,1092,475,1117,927
833,369,1519,495,1228,359,1038,1246,1299,821,419
206,74,1812,1184,1708,1113,731,640,75,87,1276
199,1105,1644,1761,490,520,1836,1417,1819,269,1160
1226,1648,1464,921,1783,479,1224,1276,1178,1815,1417
1289,512,1356,132,298,126,934,924,923,545,598
1260,180,914,433,856,1280,193,1292,1783,169,411
1492,1732,257,1076,1832,1039,772,1303,1756,1270,1225
1292,1307,1233,1356,55,1188,155,142,246,469,1566
1472,1195,277,380,581,319,262,1691,27,926,302
74,723,1804,100,1298,535,1805,1761,105,1756,1307
986,478,409,466,494,145,972,292,1245,940,1157
1558,146,827,1564,1679,740,700,151,1017,1798,556
1120,926,1282,1076,94,1374,155,1247,1125,1677,773
1718,708,245,1485,140,1307,1839,806,12,811,1280
1011,1042,95,381,1517,329,1593,135,1564,1648,1456
636,294,259,1565,1850,595,245,219,1204,1501,427
1298,1415,1309,242,834,690,1555,614,872,1052,588
1132,59,745,921,108,548,1280,993,148,936,223
1804,1239,151,87,1182,1566,133,886,1752,270,392
279,163,636,116,1547,1306,1417,98,1581,1291,643
1811,302,941,529,119,1173,766,1249,739,1529,152
1279,244,1613,1830,40,272,1307,1566,1571,1191,1573
785,1752,1302,103,188,142,1152,1011,77,1299,908
144,1677,113,644,385,1841,1128,1652,1040,37,1637
893,1225,316,1712,1038,980,959,90,1842,374,126
926,1292,1021,478,954,1233,1458,1182,1099,1540,284
1297,1276,255,1284,1083,1334,1604,1307,91,126,484
989,1566,1275,1296,284,1585,370,122,685,246,1361
654,1835,1319,1311,1542,1306,890,1030,258,1659,1130
641,27,99,821,133,1095,1847,231,950,263,645
151,895,186,1859,753,1216,902,363,245,960,407
1203,570,789,1525,872,1204,1741,1106,918,1330,1290
99,222,686,406,1847,918,156,1290,1548,80,158
1304,1540,1198,1347,1739,1291,148,281,999,1277,219
585,1339,725,1366,995,1303,294,1285,717,643,292
223,434,1838,1279,700,417,18,255,656,27,1799
1793,1182,1294,1303,120,262,444,406,1778,591,1302
1290,348,751,275,1599,70,1222,1026,24,417,1292
495,1256,541,1282,183,694,1251,65,889,919,112
1648,1387,1093,1290,181,1164,1537,1836,498,579,1102
476,1276,27,1076,592,754,243,1752,1041,1198,23
1711,1716,762,1537,1732,1226,1811,978,877,1197,275
1469,537,625,309,945,1426,1764,1302,990,609,1585
1007,1583,169,285,157,171,1183,722,1224,1392,415
490,333,26,437,1566,1720,1024,620,629,1350,855
1204,176,1741,430,492,167,132,1811,1022,907,204
92,594,247,784,1551,1291,307,1288,840,233,1306
1294,285,1295,1017,1343,294,1542,648,1432,1224,1457
645,915,140,1555,1181,423,148,746,909,104,1700
196,280,708,258,569,267,1014,583,1304,1687,1680
900,1642,813,126,1674,1773,855,1266,1804,1115,723
256,1485,285,1513,589,890,1547,1052,1068,1769,181
478,488,1289,1303,51,170,1302,596,1839,854,138
1238,1225,128,235,1857,71,1295,268,72,1527,1095
1257,169,1737,74,1500,665,1188,1109,220,1279,693
1485,847,297,583,246,117,915,720,1117,1268,49
381,1704,94,1182,254,1051,1040,407,100,1824,966
190,285,1070,180,1403,197,1296,1615,1115,1247,1696
65,1689,1034,1307,1655,856,114,680,1403,1279,1284
859,1547,1781,1094,220,890,1324,113,1243,900,151
1280,59,1432,1409,84,891,166,847,990,754,1243
108,977,1068,1842,325,1819,1599,272,1076,1799,1739
907,669,417,459,1781,1145,1542,1188,531,1034,1426
1192,1228,1515,1093,18,167,3,382,1798,1132,308
686,419,179,1289,3,611,122,27,937,1843,1278
1739,1033,1294,989,648,1328,1824,1299,476,1277,924
469,629,259,779,294,77,1572,1089,1348,35,1586
1757,1294,1406,279,1798,78,1777,1132,656,597,645
661,1804,666,305,201,790,1018,893,900,990,1860
411,1017,303,801,1819,920,1282,1774,645,644,86
1374,312,863,391,1818,90,1055,1409,478,1175,636
875,151,1089,178,280,975,842,1166,299,392,892
823,890,1688,400,1320,112,1160,1592,945,1307,264
1492,1016,23,27,1267,65,1650,204,290,867,272
779,907,1565,1278,639,220,1388,596,312,1756,697
1306,972,989,1669,439,636,1290,1283,1699,1181,1757
307,897,1730,1191,583,1842,1160,1036,1265,739,203
1534,1295,890,310,989,136,221,814,1292,856,29
178,754,1293,246,1601,108,1153,1844,285,1609,1317
1306,1145,990,993,721,645,945,1307,128,325,781
1415,645,1732,776,229,1314,120,1349,259,871,1289
1094,1373,243,68,79,1092,157,255,920,598,389
265,749,1569,27,1479,1243,1249,1621,563,911,460
76,692,1817,1513,108,169,104,963,271,406,128
478,1142,911,1805,1840,1298,1145,1213,645,919,25
1280,1769,504,1254,930,1005,242,249,1418,178,656
1163,946,1547,635,312,1285,260,1288,132,713,918
12,811,1721,103,1752,169,1018,1585,1794,854,1049
782,1440,883,584,249,1555,306,1462,1105,1591,1409
1811,1148,1432,133,165,138,178,979,1846,97,1783
273,1007,264,1249,1279,276,1585,1415,1256,1754,398
75,294,1145,613,394,623,260,911,1707,890,822
1481,447,956,1167,1280,1290,484,503,1016,114,993
1004,664,1024,1299,1741,1068,1265,536,135,1585,12
1595,127,478,98,1316,159,800,856,74,1106,1491
669,1611,79,1163,718,857,1393,1426,713,1830,1744
966,457,284,720,166,238,1552,906,234,442,645
1783,1258,568,1009,507,1285,125,1017,119,1120,1058
1829,686,12,936,1839,249,1279,351,1320,890,826
152,65,220,1648,1610,132,305,1761,267,1839,603
1657,370,162,1290,138,263,645,175,647,644,1156
694,1590,1799,235,1569,1541,1042,201,93,568,480
279,1208,596,98,863,1013,1717,475,995,220,523
1759,951,1749,1282,1174,506,1284,1171,1223,459,645
1232,1213,306,1564,593,656,1839,1274,893,1302,914
656,92,74,1150,1585,1029,494,1318,961,337,1472
76,994,773,89,536,1014,1285,620,1245,1113,1264
286,1039,68,1841,908,960,180,1191,103,950,255
134,451,642,1207,1441,309,536,1658,1737,1838,1456
1280,113,1275,89,1704,185,1298,1088,1469,1432,965
855,126,1852,990,141,857,574,1228,154,1271,635
424,1380,1718,997,1182,1206,1552,1158,1281,1801,108
1232,483,640,1498,125,1698,478,1231,1182,1068,1278
1201,780,1419,123,220,255,1038,817,639,313,279
450,1088,553,499,93,1855,55,1260,238,632,1257
377,1566,127,954,1808,274,1030,603,276,1302,1280
834,1434,100,1163,1293,1741,1294,1757,1009,289,148
126,172,19,568,543,1141,245,1781,292,603,89
1178,713,918,645,1290,133,876,272,192,12,890
1034,1681,990,1040,41,1289,1278,85,1727,1200,12
1208,596,1733,208,983,332,1616,361,1488,69,1161
467,778,1183,1648,461,1280,1341,671,157,262,505
75,687,669,915,645,438,510,640,1233,140,275
1800,1055,971,1284,1564,1467,192,319,556,1155,1288
1841,1148,644,1626,927,935,1125,1082,65,893,430
268,1267,256,647,1565,1221,103,1293,1247,161,568
1350,903,1191,823,1538,1711,1306,931,1644,990,108
982,1479,101,1752,1317,632,739,144,1295,644,1005
1266,1113,1160,255,1432,1754,1504,645,129,1780,245
1733,296,460,1720,1108,137,782,69,1064,479,1776
740,1034,1741,1076,745,1055,132,1727,1548,1290,280
925,494,1529,1280,621,280,219,664,235,836,62
275,1188,1249,644,990,1105,958,238,1232,1474,179
1561,1305,114,1430,636,1759,1026,729,855,1217,1824
1842,181,265,1238,285,1160,14,65,356,990,1088
1722,1681,1847,967,319,296,1160,1781,1303,459,144
1103,39,1388,765,1811,1125,1242,167,1041,1314,302
976,197,1029,223,70,122,98,1472,945,59,1610
1566,918,757,255,1823,1305,787,227,1291,584,1292
152,354,127,74,1693,1759,1306,221,984,1795,1799
1319,1555,1819,1620,648,178,776,981,1187,74,1294
1308,641,121,811,1177,645,28,966,294,1712,1040
46,415,1276,606,1693,1305,1279,700,1615,1472,377
1853,1852,1534,918,350,960,257,983,95,1305,1166
1211,1096,19,307,964,1200,1780,507,1192,1338,87
645,1122,809,1506,938,31,69,1165,1029,1032,1472
285,1216,478,1278,95,1128,1490,295,272,1362,74
740,1026,850,1174,1472,279,1116,1732,1303,287,180
762,1564,1289,178,1804,166,1281,1819,1028,265,914
1138,1307,963,1657,801,1232,312,1094,183,1276,1555
823,30,1434,689,905,1302,1276,1237,1271,484,856
771,303,157,1296,1736,1555,646,1088,170,1660,1276
1747,1220,70,1732,1804,588,1488,694,645,1415,137
476,483,1152,1154,94,1,1744,1247,1270,1552,1417
1293,1361,1690,970,306,1853,1841,1820,1839,466,1481
636,454,1208,483,545,95,83,39,811,605,136
1195,1292,713,1781,1436,1807,1076,1276,1087,651,1711
77,901,1568,1353,1068,1225,1426,490,1570,1529,1296
1181,749,1247,999,262,348,1830,1761,150,1330,1304
74,1374,890,1158,641,173,59,1086,168,433,1285
65,1098,141,645,97,105,1307,99,1016,89,1583
114,982,382,1262,26,1250,1198,845,286,244,182
1566,187,1153,1281,1302,1778,1817,1611,1285,11,623
838,3,306,287,1048,1168,1076,1585,202,83,1267
163,1472,756,62,4,1778,104,446,170,1305,1015
80,1108,1145,1430,1798,175,1640,404,504,1819,1285
698,1270,814,1608,1303,1294,644,103,1415,1290,952
279,1842,794,292,1183,1021,101,405,58,13,558
1811,1850,1640,219,1243,644,1054,297,1777,1141,1302
1187,807,990,1263,989,1335,1354,277,1246,1279,648
648,742,181,1145,103,1066,697,1291,645,621,11
1470,61,1003,1438,1187,639,268,1374,1263,1199,570
25,1021,1199,478,1731,1545,1304,175,1291,1648,812
1132,621,1307,1294,1297,68,281,1305,433,1352,109
499,98,532,994,189,1293,563,940,150,70,1063
374,859,296,167,1215,1290,1055,520,459,1208,129
1295,914,1158,4,186,1552,1151,1303,69,1595,645
604,1308,1534,412,1778,829,237,1560,670,1680,1034
642,1280,1777,562,63,1182,607,1418,1302,528,1817
1307,1819,75,543,407,876,1576,989,141,1012,74
1719,182,163,911,980,1652,1129,23,1295,1544,1297
1415,1307,136,1030,1120,1181,399,1832,645,952,157
374,881,82,1657,1449,773,641,1374,122,627,530
165,108,1131,176,1164,1291,306,1799,39,589,1434
1050,161,1111,709,253,219,1841,173,1079,914,220
656,1306,951,1298,589,67,265,1111,489,767,1609
541,1529,658,95,374,1248,1156,905,158,29,1542
146,75,1276,465,1524,764,1226,111,1566,1285,1141
713,88,872,275,306,78,417,1566,48,244,1564
733,198,1841,114,8,269,1307,415,854,149,1521
1582,128,1581,1129,372,148,116,1784,1816,1302,714
1841,1380,1232,857,1741,1282,243,1604,1165,640,1172
1132,1084,1775,1285,984,83,478,540,489,1839,132
294,1013,919,1435,1187,1818,142,943,1343,586,93
87,581,641,445,18,797,1002,1533,222,1632,1080
1561,1584,25,913,581,1000,1595,1655,1292,1285,1534
1052,1147,921,1248,1305,1105,1256,494,1034,524,1113
1307,1278,1660,1296,264,572,1770,1417,278,549,877
1174,293,1841,1302,285,185,1504,319,1441,946,626
1647,1741,952,1424,497,1291,166,982,1128,466,1534
175,1234,1279,1332,766,671,1188,1295,1052,1280,1251
1852,1564,838,1149,967,1555,1282,1228,1096,1648,1617
1265,1776,60,117,246,115,1436,645,713,568,1738
579,1295,1305,1853,292,909,1851,121,315,823,1290
1076,855,1840,73,1249,1445,376,656,1345,120,307
376,1150,91,1295,175,370,112,779,106,176,1731
1307,181,805,116,1565,863,312,383,835,1280,99
1702,1288,1055,1240,1295,651,1713,1804,1304,1748,1207
363,1491,1565,98,1144,1242,142,1036,222,981,1767
1555,415,189,459,1307,290,1280,917,544,383,1108
1308,251,1096,695,1086,112,294,1277,1353,1298,465
1780,1138,281,1285,327,581,1830,1208,1276,1648,1301
123,292,934,997,1617,83,397,1720,1840,1199,1123
133,1839,1127,176,406,1217,1728,760,475,1648,90
1838,1250,1292,88,740,165,309,720,37,1290,767
1255,1714,1271,54,1292,138,1136,1302,296,205,238
77,896,1217,1648,544,16,993,1844,890,1214,1853
759,1307,289,1276,1326,1618,438,989,1501,1233,1299
1246,1260,311,1627,136,1034,1276,1631,1564,749,1374
1843,277,1302,1113,1401,847,1105,1016,136,1574,1422
1804,198,1671,1824,139,112,285,87,905,825,1534
1472,1786,1051,924,932,190,499,547,681,1050,1302
465,1444,842,138,641,1289,1280,83,234,253,1193
1555,320,77,1418,242,73,1082,1036,911,151,37
437,1225,1800,219,1799,70,129,998,648,23,1168
1780,101,1239,684,876,99,1222,1801,1275,718,935
1841,81,1248,1740,678,1817,167,18,760,1819,1292
1719,69,139,943,220,1290,920,1842,966,265,1295
1689,298,1056,920,287,1532,302,1817,1415,1278,1246
12,1563,270,466,1159,1310,1295,1291,750,692,1433
150,1290,1181,997,1648,1498,1037,1804,1144,1658,1426
1145,980,319,1617,1648,669,9,1099,307,1291,641
885,1467,70,1808,394,11,273,890,1260,1244,724
62,244,1074,919,912,198,972,1290,1243,1732,141
400,1294,112,685,861,1289,220,1585,912,967,492
443,289,1749,1033,1266,645,1259,403,1628,166,246
947,1288,970,1224,1277,1302,1591,1448,990,1482,1110
1303,1741,1321,506,548,197,98,1279,621,640,145
542,640,438,907,1778,1284,27,1021,1296,1566,1732
1278,885,189,832,1072,748,112,1593,1374,268,1488
37,94,835,103,1547,1250,1049,1349,80,129,509
656,938,1291,700,377,1783,243,440,1566,284,1518
1530,335,694,614,114,1302,603,1277,1190,570,1749
1592,1711,854,1103,403,1352,645,369,541,146,64
496,1293,1564,1092,302,1664,1306,1722,887,962,920
1847,293,70,549,571,1007,1463,264,1307,1288,77
1817,262,1778,613,1121,966,283,950,1161,473,484
