548,1275,223,1389,1851,151,1258,1060,541,293,90,1426,1272,1217
163,144,1277,1470,1233,494,696,807,1289,902,119,103,948,1361
1660,906,313,167,779,1266,1127,1108,320,716,1088,1564,670,890
1348,306,80,123,253,1045,623,895,1553,1132,1776,1490,1778,1266
1018,926,1426,76,1337,1234,297,293,489,639,1243,1676,1295,290
1811,966,100,1613,1784,244,921,644,727,55,273,1445,722,287
1306,1426,725,60,420,1296,1243,826,1804,134,254,1835,261,1267
823,131,1299,990,1157,1824,1125,454,945,1607,138,640,346,1172
1236,1276,890,1105,181,1074,1266,1207,957,308,990,943,721,378
1200,700,1817,1276,1397,117,235,889,291,262,1007,694,1285,1808
574,243,1345,82,1016,271,993,1462,30,1817,235,1851,596,233
784,64,345,914,1555,1459,677,574,1811,1552,975,233,1805,768
350,1374,1797,1314,1776,1335,121,1752,367,194,901,923,1401,462
915,70,1243,1164,818,278,269,478,1278,272,1301,1296,808,1426
181,903,1292,1166,955,284,1648,1817,298,949,1800,1195,1088,1842
133,1128,257,602,305,1677,177,780,641,906,248,21,220,456
72,176,1404,1150,1306,1059,1516,641,983,899,80,598,1252,1518
1305,907,1175,686,1817,184,1335,264,312,1585,1729,1648,1085,1754
1604,1297,989,1217,25,1476,835,1493,833,568,217,174,1182,1547
925,1063,643,1304,151,295,1024,69,773,1291,1279,570,1266,588
444,459,1102,980,1842,185,991,1803,309,914,1237,1285,1016,328
1561,94,1240,25,949,1280,1035,83,554,1154,1595,1837,640,1306
1776,512,530,278,1353,1024,1578,765,1094,1337,1546,1188,704,1186
435,285,658,1472,678,1092,1304,95,669,140,327,656,597,862
990,821,829,206,415,69,740,1862,1183,91,88,816,356,26
552,1637,1811,495,511,538,1290,1844,1510,1853,1741,1121,195,1093
320,294,257,1398,1693,635,657,91,1145,1184,485,266,1305,1303
285,1249,1305,1647,80,181,1585,971,878,1374,507,23,623,1426
1581,1476,913,909,819,873,438,1007,1466,894,851,255,1281,644
1412,170,857,286,942,914,1815,1759,203,1304,540,27,1677,1804
911,976,223,95,1282,80,1230,1265,427,73,63,1161,1301,1842
370,253,1240,1490,278,1223,364,88,1160,1277,377,1278,186,1307
1092,70,1568,1238,1182,133,940,587,1328,374,596,399,1125,69
1293,937,18,1161,1847,19,807,495,1830,380,727,1067,645,1032
921,1267,1292,1215,1702,524,142,1125,1812,1564,909,1094,980,1254
1019,1164,1685,1545,1504,1314,1206,1024,315,1840,1003,690,1106,1811
1213,1804,1536,956,669,1298,1784,1033,1778,1290,1349,74,1051,536
1759,890,395,268,875,1756,120,165,74,1585,197,1279,485,281
98,1648,802,265,908,1787,598,1702,780,1552,485,644,939,1058
1148,1741,1808,1375,103,1107,990,855,656,159,267,1279,1314,1182
1566,306,907,568,340,621,1278,1752,452,1303,234,279,1307,1299
1242,294,643,920,1345,1307,1279,301,387,145,981,219,196,1530
474,1804,26,1230,33,1091,352,55,156,644,289,623,267,1266
945,91,1141,1249,137,908,212,108,1345,1748,1011,1012,1783,1662
310,1306,640,495,60,1374,535,1257,1846,656,1222,294,1613,74
274,1018,942,280,770,1383,1776,1817,1024,408,1249,39,779,46
203,12,234,1275,641,20,9,1547,1305,208,204,186,250,1136
89,1344,1276,766,714,164,269,753,1818,508,1342,606,875,705
1564,155,1097,403,1276,1117,302,1301,176,249,511,795,959,641
306,1382,465,914,1262,917,1291,751,230,406,586,197,1749,1564
1152,36,1744,1789,503,1022,1286,929,1845,70,1071,1038,1607,938
1316,1752,1243,309,1488,8,172,291,194,1458,1547,1279,890,1695
1028,358,686,435,221,953,24,1270,1039,75,743,1756,301,1301
1036,1306,267,104,995,18,242,877,309,1280,1712,358,302,944
1772,1648,302,648,621,1809,478,274,1275,76,865,406,1062,1306
1534,306,1306,802,1182,887,1701,288,412,645,1741,1798,1409,1290
1566,1680,1550,913,923,12,1087,914,1182,253,246,271,1752,1216
1277,1305,1585,936,1573,1347,1384,1282,1741,1343,1278,474,1769,220
219,790,980,1231,1711,271,1101,141,1276,851,113,1090,1676,155
389,137,1155,1297,1012,690,452,1783,1189,1280,1306,94,1566,1817
749,259,1585,1265,1304,1152,1316,175,1272,223,945,744,613,1127
957,1225,643,1192,691,110,178,1327,1533,640,1347,257,1343,1804
530,411,1472,831,859,720,1372,1037,602,516,857,762,1555,921
1536,323,1532,129,695,95,321,641,656,1302,261,845,1237,521
1612,1584,1820,890,1804,1145,955,1372,415,1545,568,1332,406,214
189,942,220,483,1296,1279,1324,93,1267,1819,149,1472,1402,229
1843,1811,815,702,1073,1795,1845,457,1562,1812,223,1404,667,1277
129,1436,1183,841,1851,1819,1304,820,945,1828,1284,1276,509,1627
451,62,1285,91,1563,1842,1241,1470,1005,99,1397,657,12,1326
1740,1291,573,1305,151,876,222,941,302,74,1301,531,575,305
1076,1293,140,297,1426,1139,1289,739,281,405,176,1279,1778,77
12,563,1536,232,1817,1334,1183,833,392,1307,1121,628,1712,264
1022,78,52,1012,811,55,1106,1191,1136,95,1819,902,921,148
514,124,855,1741,416,89,273,1282,1307,27,647,321,60,349
749,1744,739,715,1082,87,1840,1294,1350,261,307,1343,768,602
302,181,640,1418,275,1136,178,176,1844,113,1304,1307,27,968
407,622,25,1263,645,714,1374,1671,103,399,768,936,244,669
1113,1076,857,1297,1301,1150,1763,847,1285,1289,370,1839,1482,1445
152,976,1335,1555,78,1291,1188,275,459,645,433,1307,139,1815
1847,1726,943,612,1286,952,773,295,1303,1233,935,1741,641,490
1227,248,1830,728,644,1105,1584,911,106,1140,705,694,1845,1279
1842,1564,1503,1239,914,269,903,87,317,295,683,258,1291,93
1032,600,423,948,575,713,1728,1183,685,1256,1216,129,305,111
142,41,1829,253,297,1090,1570,623,681,25,70,1761,1342,987
971,298,598,957,1188,83,1426,1071,1353,459,1780,896,194,1295
1076,1542,1729,306,298,1182,511,125,641,1278,1566,1051,1336,1287
491,1846,818,1307,1104,1093,18,1329,856,1563,297,1703,185,1087
176,1372,1374,1092,1169,1817,179,867,1754,70,1244,701,167,1534
190,76,1853,274,574,1197,1106,1190,286,1225,289,287,909,1472
1294,556,126,70,771,857,79,150,681,254,386,1068,954,843
1387,1852,189,606,903,1295,832,1671,1430,549,654,1817,1040,1099
151,483,1353,119,887,294,307,177,65,295,1156,1804,229,326
306,1853,1760,210,713,201,1779,115,62,1303,131,1121,927,1479
324,811,1787,1106,1799,1138,1844,1358,681,75,901,1819,843,899
1382,598,1028,1177,1021,936,62,596,1294,267,1372,1805,1752,917
135,299,780,410,568,1678,1013,149,244,992,624,749,1235,1781
945,1581,347,60,527,190,142,1521,1770,958,877,857,189,1564
918,1541,1175,1302,213,1266,1226,1498,195,688,70,1807,1268,890
1293,1566,636,295,1041,489,1837,1303,690,833,146,1,98,149
550,194,1741,728,1686,174,941,165,270,1290,977,1084,253,114
1669,1159,574,218,1204,293,135,278,147,1536,644,103,1817,1226
645,265,1188,87,128,190,1756,200,1262,1366,178,1067,166,1534
1804,354,113,73,1847,1299,864,1711,570,1768,649,1297,1250,1432
246,137,244,949,219,1148,259,36,598,1277,591,1061,1045,911
148,1820,1106,1495,1119,1288,1276,574,728,1804,90,185,1006,112
1280,1203,914,1305,348,283,1256,1307,239,1642,641,1145,1690,53
1730,390,1318,293,998,453,103,849,950,1536,990,531,129,1301
621,774,855,1552,245,1812,78,466,1132,486,84,1064,284,265
1197,588,814,177,598,491,1752,235,1611,412,1780,1817,1340,975
510,246,1083,1776,1404,1305,596,990,1836,1298,1565,995,1783,621
1279,1132,294,1853,43,245,1429,1807,1277,659,1781,308,1285,969
62,31,1151,593,882,278,1073,291,274,94,138,1841,1298,1114
1305,1291,192,1188,1289,1432,1297,145,811,348,918,123,1228,1070
151,1823,1423,1257,1199,977,186,855,1334,242,74,1840,913,1064
1275,1306,140,357,30,1169,1468,1298,989,700,277,783,1850,688
291,645,598,292,823,1224,635,1479,1618,98,1345,178,1426,156
492,1292,65,766,1722,834,1481,1776,1040,1836,744,1298,592,1220
1296,1176,1028,509,1433,1802,1298,755,749,934,1106,305,1350,335
733,1243,201,1756,134,1371,1472,1278,106,1801,1680,25,27,305
1722,926,1274,1424,108,1276,1169,1654,1040,1784,730,383,1179,341
50,324,129,1690,1835,128,69,549,151,1136,1064,1583,845,246
1847,1279,89,1276,27,921,282,155,1104,556,1839,518,1671,1826
1295,254,1236,1569,590,569,112,1844,645,1034,1096,688,50,415
1534,39,99,1840,802,1276,295,64,1082,219,284,1301,511,1256
1276,639,312,695,645,1007,1002,1360,167,1663,95,415,1780,887
1289,1555,1781,1812,1177,519,459,1282,907,23,86,304,1746,152
459,842,20,1230,1761,176,78,147,1585,121,287,262,268,1453
1778,1552,529,1298,104,222,1302,1133,1817,955,598,910,884,1169
1564,779,1460,1203,644,1183,1157,92,1365,671,1776,657,649,990
94,725,1575,1425,957,740,134,1216,297,1130,35,217,1658,100
1715,1795,269,1274,1564,131,234,126,1264,254,462,1002,1432,235
1720,124,1840,980,707,1303,715,1215,749,1855,347,128,176,192
451,200,87,1036,1155,410,852,764,1291,1851,162,99,1248,71
1182,236,235,1024,1847,1831,656,277,92,1014,1301,953,610,171
722,949,1188,1239,1301,91,303,1819,1115,1828,69,1307,862,1731
644,1299,829,856,142,966,1140,155,1111,1113,943,721,138,976
356,1287,1472,25,124,142,1234,1335,821,989,505,1555,1040,1294
1307,136,1250,1811,91,645,74,1708,656,248,195,1145,984,1302
1768,1206,995,648,958,1364,306,934,639,103,193,657,955,275
1041,260,1121,289,1305,1326,1837,554,1409,1287,251,580,1843,100
228,220,101,920,452,1639,1272,1249,1342,591,1178,755,27,221
747,501,1648,1183,37,182,1076,614,1118,889,67,1126,1279,1282
1117,656,1269,388,49,181,603,221,1073,1055,840,722,457,1841
1182,1034,598,152,289,1016,1796,1378,1426,1084,1576,1291,1183,909
1304,878,823,291,68,105,1305,891,1585,730,1294,545,86,506
1123,1282,1207,596,1554,644,1783,316,1349,1290,277,1285,835,1839
257,1692,1218,244,278,1265,1145,1756,871,779,1302,1224,1198,105
659,1336,544,1780,1524,1490,774,1087,108,233,909,1287,129,399
1297,768,1503,1527,434,1382,647,1266,669,253,103,956,1284,193
1084,256,262,37,552,1390,1705,1286,296,1784,1284,99,562,286
212,136,308,608,875,409,1584,1811,645,1299,90,1489,1752,956
194,58,1280,759,1332,1169,1608,411,137,183,1374,598,1076,94
1307,644,134,1804,960,1094,1286,596,727,255,285,1248,1343,104
636,303,259,1328,1843,147,1332,1105,926,533,743,989,616,25
1819,524,1274,241,642,194,1035,1230,1762,268,171,999,478,1518
1199,1595,1380,1279,1202,1490,494,1424,1300,1278,1496,282,1587,1847
1255,1320,658,500,888,644,126,361,133,1232,490,1294,1627,1775
77,165,570,1838,1722,1260,287,1187,1278,89,445,216,83,1681
284,1188,1840,478,194,1073,271,724,1,1279,109,1472,94,1076
151,467,25,1018,1052,58,560,1031,1534,1374,1472,611,1229,1296
504,1240,875,731,587,1063,1297,388,1264,1566,656,309,1769,1112
982,1809,138,1245,1552,1297,478,531,1289,1243,1432,875,23,150
457,804,1196,70,570,1073,1778,1624,568,1278,1199,534,1328,1272
80,558,596,1479,722,221,911,166,804,1254,855,1276,411,81
1301,132,1478,1276,1118,469,1188,606,167,1052,811,1018,890,1284
730,140,257,25,960,1403,1288,1566,946,1132,116,1064,1836,253
1266,265,149,1525,23,1533,219,1275,92,361,1276,1780,966,1374
36,859,1563,50,1039,79,89,572,228,1293,644,157,244,1522
293,1220,1244,1175,1238,259,380,260,1307,909,545,271,1293,1841
212,1259,438,1276,220,1293,1100,1296,821,1042,1343,397,80,492
1340,1485,1167,293,1777,1497,1845,967,1295,1007,499,27,1067,1280
884,856,506,27,666,724,136,234,597,1320,1432,663,645,1732
1315,1276,1568,1295,27,624,1185,1497,502,1297,1060,1841,890,1758
100,294,1459,1291,127,1187,717,597,178,1018,280,298,1761,1155
1183,290,1827,1234,990,142,993,1290,86,713,749,1265,1035,244
478,399,1673,282,1534,1089,939,1373,167,810,1307,1242,1403,105
922,94,1307,99,1279,781,147,598,1225,691,1433,748,907,236
645,984,946,909,1539,934,1028,24,599,1041,1012,280,1273,669
1302,91,159,1740,112,1052,192,1772,1155,1074,605,128,1024,946
411,1294,828,700,334,84,1279,930,1805,1742,857,269,356,190
1762,399,358,842,1415,1091,1129,1344,1259,333,219,1720,201,926
1188,738,304,116,1150,1276,1740,548,1374,1554,1011,1732,194,990
589,492,572,845,1483,1770,1128,749,367,934,1818,1860,1160,45
65,763,1527,503,410,293,395,25,1714,980,1149,405,1655,1833
1682,1434,1783,919,1266,1284,1235,273,366,1239,1353,1276,1222,762
1034,656,1094,1257,60,739,958,1780,768,1372,627,477,925,1230
540,1497,306,1444,1093,1734,1279,1026,1305,554,1838,1350,1509,1566
1294,175,1648,85,740,1752,37,588,302,1332,1069,1817,256,1320
1566,244,1147,440,1840,855,861,90,154,69,1531,1073,796,402
132,1257,255,1821,231,1426,219,1266,308,1741,1819,1253,1296,126
1804,143,185,942,178,994,13,620,1188,645,1727,1811,713,890
478,60,378,1585,1566,1417,976,176,1701,1553,896,572,1299,491
1314,1367,1617,1130,488,623,1246,379,754,658,621,722,1291,1256
270,80,59,278,1278,893,275,873,269,1811,358,369,656,1536
984,1171,129,70,930,561,268,292,1303,921,1174,1496,1177,556
181,3,74,166,1333,153,152,1307,913,815,233,990,523,1683
645,1583,1306,1285,1778,1799,657,1284,1585,1166,1447,180,1295,1301
1763,1572,1741,281,1132,122,548,1101,1034,441,114,169,1292,19
745,993,588,918,1840,149,856,92,1669,479,1266,1207,1284,1277
1279,1257,219,64,1012,1165,1221,1293,901,1483,417,264,509,989
1345,1017,656,979,1819,1573,1225,294,754,1305,763,1697,478,212
580,200,1303,1182,1341,253,489,1040,1279,839,1280,1129,823,278
716,369,1280,1148,644,1293,223,1759,1150,1257,994,280,608,824
686,1299,729,1781,340,1841,1084,665,1401,78,132,272,75,1714
1804,1157,81,319,140,137,1266,1204,1366,1295,855,1603,640,909
36,341,1294,1652,287,1042,361,1741,1143,138,255,78,872,1305
108,1188,768,1292,1566,1776,1711,878,254,598,804,1741,1519,564
846,1554,731,1034,1490,306,286,1842,668,857,1781,566,581,1216
1191,906,1164,1026,602,1289,458,1279,1555,138,1702,1470,1280,788
416,1653,192,1302,72,1041,640,284,80,1669,5,79,1374,1305
186,713,1742,953,478,1314,1781,645,1280,1082,80,151,504,1319
74,376,1216,1343,1419,980,969,1583,121,460,1165,563,596,931
1668,1302,472,1263,1759,1780,754,1455,474,3,1115,1296,285,1181
578,1575,220,1723,1732,1401,707,302,1783,1021,645,1272,1525,27
1839,177,126,652,656,358,284,350,1555,160,1268,939,1332,70
476,1257,138,669,1648,1304,170,158,993,913,8,87,1824,701
186,1132,177,1804,1133,1225,143,1266,296,1189,1437,1294,922,1778
1650,273,285,1519,260,268,530,1306,1843,295,793,1279,1566,1028
874,1733,58,1602,501,1396,1439,762,700,1432,297,579,256,1051
1564,78,1295,1258,1846,1614,484,1284,1296,1278,285,1778,1801,1257
1518,1418,889,823,1741,1150,1266,138,150,722,1289,1479,1215,1084
259,806,914,97,509,739,148,707,648,1277,1114,572,1403,226
1804,931,1470,1466,1213,1296,1809,760,1150,265,1374,1148,1851,1207
265,122,713,1076,26,181,70,511,1785,94,907,598,1182,1566
1470,1805,415,1778,1294,1367,1302,1678,139,62,7,257,74,455
1280,263,674,1585,1824,1416,1678,549,596,275,1183,1795,290,129
185,295,1600,1722,962,24,140,1808,1301,1712,896,521,953,1295
1264,1216,1006,918,1842,1787,1564,1282,1015,1312,1290,890,1347,978
1008,415,1290,1294,1800,89,1546,621,259,1250,1432,146,748,95
1863,1372,1820,1403,1212,46,74,1300,305,1182,1247,35,1223,640
91,134,1011,305,912,1531,1295,897,776,879,676,1321,919,966
1638,1290,1275,1192,857,76,1289,1230,690,138,1712,302,255,1680
1380,1637,1269,1420,1303,946,1679,784,995,639,1651,660,1276,626
1288,1110,1829,357,1728,1384,1264,170,295,245,1778,1228,151,1162
1780,1562,1178,833,990,94,16,343,890,448,645,798,529,1248
220,991,4,1290,1270,348,77,627,1799,1380,918,165,978,1819
246,640,1084,705,1274,1659,121,890,126,658,1303,1360,953,1586
1603,656,572,982,1804,1783,163,1169,671,608,1113,1158,1141,1102
750,1404,1374,1472,713,248,1040,1445,63,1217,1663,1307,1302,952
307,104,273,206,354,1780,1814,491,1140,1731,1555,931,1722,1117
390,344,310,1780,1032,696,398,176,1726,1334,186,1084,1276,1362
1776,399,137,1289,301,305,953,337,579,1188,1434,148,644,357
458,1292,427,859,99,150,1840,205,875,139,1071,944,1105,1235
1840,1279,1442,219,1243,1566,1192,197,148,1034,1155,167,1165,979
949,1085,1703,827,319,271,822,308,1290,1851,1287,641,1276,675
1423,1267,640,291,1123,185,221,140,294,375,257,1534,1192,1299
1182,1550,1374,55,993,1280,823,259,1292,189,165,833,274,139
1326,121,78,1781,1263,1290,490,937,1307,1557,1745,645,977,1305
259,1145,1796,856,707,279,1044,392,1432,1155,254,1648,1291,1488
1303,1546,669,233,1648,12,100,130,144,1752,1299,1275,1125,0
215,1780,273,1279,70,610,725,1483,1684,656,859,320,19,640
101,1305,832,632,86,1104,990,1041,1182,146,1356,361,1717,786
1285,95,1689,1676,253,766,867,165,1507,147,1258,990,1490,1660
1454,1652,171,133,1547,137,279,80,917,1247,356,103,23,170
843,100,588,90,1192,1314,91,901,1281,793,1005,1660,1276,23
973,1085,1752,636,1359,1280,1211,478,1426,1711,25,1002,1757,135
5,640,1307,1841,1840,137,1296,574,965,1741,1150,254,103,1313
901,1103,509,1780,1357,1276,1778,1740,186,176,436,104,192,1490
950,325,1778,1673,1074,285,779,1305,1666,1096,244,402,630,1807
1844,855,1302,26,1712,1336,1848,498,1217,863,1034,23,1277,256
137,1687,370,366,1791,1223,919,105,1049,845,627,1335,25,302
1804,990,484,597,1242,1272,220,1279,624,1116,1293,1741,1217,1069
1490,1807,997,1769,453,264,962,1426,835,648,1820,134,1034,754
78,1161,1291,1084,885,704,487,760,1288,51,972,1712,918,222
221,302,1472,1397,1838,781,1318,292,684,776,1780,1648,855,1574
1566,1845,857,1009,903,1858,151,1139,897,1240,1756,1426,591,1815
1052,1374,751,93,325,890,626,42,1780,1237,450,114,131,1298
1648,1246,1709,1166,1811,1289,924,1292,3,1862,917,525,1543,197
383,214,1074,503,1677,1648,696,160,1329,260,1247,427,1266,1277
689,133,669,1328,1230,1672,1374,1729,1041,220,1863,1253,257,246
291,260,1104,813,743,919,1291,1072,643,74,879,24,1088,1021
1306,1225,291,696,685,588,1146,821,1009,1300,106,184,1585,245
640,1852,1155,85,508,1685,1183,589,1090,639,1233,1302,532,294
177,25,1306,1224,1465,93,940,1233,1524,1009,603,1293,784,1175
643,287,382,118,1184,1735,23,1787,727,669,640,133,1103,305
842,765,1286,1682,640,1226,337,1388,1851,69,214,886,694,265
548,948,99,142,361,357,1426,893,1056,75,178,1629,285,1547
1123,1358,1279,969,1288,1056,1585,1216,729,598,894,907,223,1416
1118,75,139,609,268,509,450,112,382,285,417,390,1674,990
1417,622,1306,1277,1785,1711,178,890,1086,636,494,1274,481,286
1561,1769,984,966,1249,1770,592,254,114,1278,307,1374,90,897
1177,917,166,1301,1320,83,133,1325,1132,197,24,263,1836,1330
1266,769,101,1780,1569,223,1280,451,488,325,1465,270,1808,639
74,1246,146,1606,1199,1158,1577,1291,1819,639,1205,906,901,1512
585,264,918,1789,1297,736,424,133,1374,1819,329,1709,1340,145
1720,1616,562,307,1585,795,1266,1224,1566,24,1307,592,297,1
998,1611,574,775,151,1303,113,1276,794,1374,175,152,260,270
1256,23,430,640,960,1009,1842,614,1076,1786,205,299,1696,1690
426,399,1198,1702,1374,1076,1155,1741,1584,1081,308,194,92,241
253,802,1703,1288,278,900,1120,1538,649,967,264,1407,1198,64
1426,1238,1304,1851,694,950,49,466,1129,24,1073,1374,213,1710
1136,1563,855,641,1708,1297,2,237,1533,235,950,151,1165,1579
1740,1302,25,1074,1778,30,992,474,1250,76,1234,682,688,1752
1274,133,1804,1595,577,984,1305,1281,1844,1268,1125,1550,1304,781
321,105,320,989,1156,985,291,411,1403,356,1088,1289,1584,785
1015,8,1041,1804,1453,70,138,641,374,1125,1165,1366,75,387
1298,275,713,1836,273,1168,1607,1169,964,1426,1366,282,1379,1705
181,1094,596,1547,1281,583,540,1113,478,1289,1270,835,1258,1415
296,1276,1300,1082,990,151,1155,1778,1136,1643,79,1789,418,589
12,1030,1844,1374,768,525,1802,190,997,1220,743,978,94,188
1617,1305,435,712,1147,1816,145,1056,623,1472,929,495,62,312
290,574,981,199,1350,1491,988,848,99,1374,185,1136,1132,735
677,1752,960,992,1482,1468,513,669,511,106,1100,1041,65,1372
575,62,1280,1819,1641,220,131,1278,286,779,957,176,1629,380
616,1532,305,286,177,101,4,278,519,895,758,621,1754,1076
574,1280,934,104,1669,1158,1716,61,1102,1233,915,1473,142,162
645,1078,1279,540,512,1780,1841,1285,1732,1319,1753,1577,581,259
1291,257,1279,1031,1646,294,923,218,380,1498,1090,1781,65,288
1778,1155,152,773,866,271,1781,1289,621,114,77,903,1536,733
1492,1675,180,1034,1852,1017,989,1305,285,915,821,519,992,770
1566,792,1276,700,319,851,293,968,1571,990,959,307,989,27
622,191,1777,562,1116,980,1302,644,989,1278,1416,1284,1293,1151
1142,527,1383,273,1123,1807,1776,1228,1207,136,1191,904,70,624
955,937,220,23,642,436,1768,1537,784,1150,1294,1566,1819,1840
494,768,12,91,1633,1292,101,1781,114,1118,312,1276,531,1780
170,589,104,1190,303,1184,106,459,623,1182,74,1115,1265,1435
684,229,1015,253,1028,1574,186,499,1732,1304,990,1292,639,920
1811,303,320,532,1228,142,1260,315,179,543,508,1778,1524,1279
103,764,285,1304,123,1297,745,486,867,104,531,1721,1246,1599
284,1432,271,944,1378,383,185,1088,76,269,1309,78,437,615
884,1249,341,1781,1291,1284,574,155,1145,1225,990,325,623,1028
644,1029,1183,1811,253,1518,104,1367,1841,989,92,1298,228,436
114,1470,1291,146,196,1682,297,1472,1248,65,291,70,930,873
914,749,856,178,1743,318,494,1306,1223,76,509,1585,953,1281
469,305,943,253,1088,188,27,223,162,475,1279,770,1238,1547
598,24,1268,80,1087,461,25,97,35,890,246,1417,148,1299
100,76,306,308,1113,1276,1175,1783,274,337,545,268,1305,506
1233,103,644,598,219,285,134,636,1280,258,299,656,129,1294
257,960,478,76,918,490,1276,1703,98,1284,290,343,175,341
645,1472,285,346,97,1711,949,1133,1776,1299,112,186,716,377
1135,116,74,808,374,1783,1838,1285,1212,96,358,1046,445,1297
76,150,485,1778,1271,259,855,256,472,1836,746,396,290,1704
1294,261,1086,729,1096,1395,1276,705,1233,1729,411,233,1356,76
1302,1312,289,144,1853,1224,120,264,1288,37,934,595,1012,147
221,1238,120,925,208,459,146,1490,1757,1291,268,1790,875,1289
949,1285,1545,1673,1250,101,27,1711,1040,178,503,78,1110,1303
1781,1293,571,1199,666,1731,18,1266,1659,1617,71,1836,554,646
1075,464,995,1550,1821,1625,298,81,1084,814,1386,382,1344,101
1356,100,1844,1603,147,346,223,826,571,1345,286,242,151,1285
27,1059,1829,1160,63,1195,465,879,917,1280,126,1366,123,18
166,477,1706,1078,1276,716,950,990,243,178,1366,1644,1038,1664
1292,669,1611,806,1372,695,1554,293,1138,385,1301,56,156,1643
1564,911,942,882,1105,112,87,164,847,273,1074,137,1532,1158
1298,478,487,1675,855,415,126,1191,714,914,124,279,670,645
1279,1564,1067,989,1280,1585,1742,990,1137,201,588,99,98,125
137,911,715,62,856,88,598,802,554,51,265,192,1230,723
877,262,1563,295,1571,1862,17,1307,259,1084,193,320,121,478
476,278,847,1108,234,671,1276,989,123,117,523,1759,70,917
487,1279,1307,1669,801,294,320,275,811,1298,95,262,1792,1012
460,1302,301,284,179,1296,997,55,79,1225,70,1828,124,419
956,814,89,303,1748,1290,1780,716,1814,1374,1011,655,1504,1237
220,763,291,645,140,1182,560,268,1298,1426,79,1144,166,16
361,1,1819,1295,1804,1323,395,595,268,1575,1176,453,507,1056
1254,598,990,369,593,187,695,1034,602,1033,1215,716,505,952
297,478,12,906,733,1181,1650,114,1144,193,846,1276,1374,557
1645,1094,1291,1277,131,354,268,1307,22,1289,1290,1276,848,857
530,1676,430,509,93,1845,1648,1209,1276,269,139,1255,723,1097
949,1276,380,151,1230,1268,1374,175,1307,1627,912,1125,1282,190
588,1585,1167,278,900,1263,1492,1291,1734,1319,254,1187,38,685
1509,399,1703,70,868,1261,893,212,500,745,615,150,297,1333
1251,1307,952,1022,167,208,1367,541,1267,1293,65,530,1657,1113
905,1574,151,1741,181,1759,669,1546,890,104,1213,1839,724,651
765,51,890,1830,570,1827,26,392,957,1436,1349,203,550,531
1330,1674,724,1248,1167,190,1298,74,1663,165,889,1125,1230,1251
1752,681,1798,266,1780,1068,1734,1276,835,1781,780,890,165,1213
133,1246,1065,547,1564,989,724,1837,1096,938,1305,1132,1426,540
878,484,1844,69,1426,167,89,823,1472,1136,1040,1356,260,935
1296,590,229,1314,551,1543,793,1727,572,206,307,1138,1610,1741
1350,1141,1706,1666,220,108,1038,190,488,1187,579,1781,1535,1583
1217,1780,626,245,954,287,1333,669,1681,1605,1009,1029,302,1295
972,689,278,1510,1291,282,1263,1566,574,1804,1252,1256,12,645
460,1777,783,148,687,1353,1824,1707,1704,702,1183,1640,885,104
1281,1774,1863,1493,1288,1289,1041,1550,805,251,1564,811,1092,1648
1787,1076,509,1300,444,133,60,952,859,1086,412,763,669,286
302,1776,627,645,258,185,1509,235,1807,1819,1112,1279,86,450
194,1030,1288,1017,812,1289,245,1754,1391,63,185,1281,472,1432
114,126,1232,1278,293,148,308,1276,1305,530,776,116,1581,880
1372,1552,215,1190,80,1467,204,585,988,1773,407,1842,656,645
554,25,862,855,1648,1018,1612,233,65,1052,669,1748,545,1009
291,1284,1035,1329,1228,1017,80,150,989,1127,645,1426,1302,1236
105,263,443,70,176,1799,552,264,1297,1399,26,1128,219,87
1306,909,1840,221,1279,100,1684,1374,746,126,253,1040,1173,99
1338,1288,1230,1302,588,821,54,1435,918,1839,1787,95,621,27
1555,376,1293,74,1840,104,1115,1608,1759,23,890,141,1113,547
1276,767,284,1836,95,691,456,292,444,1298,924,166,1361,1182
1644,239,270,883,1085,640,1349,408,1432,1173,58,647,151,1280
1138,530,1289,1280,376,231,335,700,312,1073,1293,1009,1288,23
1852,521,1257,1285,1250,1144,60,70,1432,1819,1306,1648,997,1030
1306,640,956,291,279,728,1032,1852,137,579,656,55,1605,74
656,1305,640,1454,165,79,1188,1732,1302,548,696,484,940,1285
867,1548,88,1153,1460,258,760,278,284,266,1302,640,747,597
476,1470,1501,23,862,275,1292,857,1523,776,308,963,806,1836
1426,1321,246,985,175,326,1550,1017,402,1307,70,1347,1811,1741
1722,1249,219,981,1230,1295,1150,608,1844,1165,200,139,1534,144
1445,199,781,62,1669,266,1307,1028,1688,747,548,853,74,28
1247,1276,155,871,1033,1206,291,181,1195,1279,1752,1800,164,1281
1472,894,1725,973,313,1279,1426,219,25,1093,1276,806,642,1609
1566,259,1354,983,1271,121,1555,912,1604,881,1092,67,1036,98
1333,151,1299,694,1225,284,1844,1756,945,1748,1290,457,469,181
679,1853,645,1293,1457,1313,297,123,1110,605,781,1230,610,1296
1266,179,219,280,268,1397,766,1741,1807,149,669,176,1248,58
306,1298,1841,1160,926,1082,1147,1384,766,251,1716,12,1518,491
1171,1058,269,234,682,301,75,759,279,1259,1282,1353,587,131
1789,1741,106,470,1276,1232,120,1303,1813,1705,1804,77,857,253
69,1278,322,1846,1230,697,474,1507,1708,1291,1575,282,1815,139
1787,621,312,1305,1646,235,188,425,1198,1503,1230,778,1658,466
561,575,1804,279,1302,145,25,1334,114,1295,642,1752,980,569
1741,1150,15,1289,720,1419,1299,1199,65,1433,229,278,775,77
94,126,286,1292,140,1288,849,1273,990,189,638,1547,152,3
1305,426,1689,613,544,410,1009,1032,584,255,1771,1199,137,957
374,1694,470,1830,1408,1139,1682,707,136,917,348,1183,73,948
1039,452,990,1139,47,1274,1094,1074,1305,69,1294,1564,71,1250
982,1447,1138,245,1166,124,989,618,470,1030,76,1804,1034,1841
1164,1780,1758,126,309,918,1273,1282,1776,1617,177,790,1224,268
695,1829,857,275,467,703,98,1304,867,799,1297,1524,1549,257
553,1228,37,478,1314,411,1580,990,63,295,1522,755,121,1297
903,98,178,403,132,234,1276,1783,1183,264,687,134,335,1035
1182,1539,1553,1290,1419,1276,45,1564,79,1545,1284,478,99,1819
163,1192,111,332,490,315,1763,305,890,274,1279,1095,1052,90
1156,21,553,1294,1299,931,173,302,100,1415,300,1812,520,441
1518,252,1741,642,1289,913,26,27,181,1811,1279,989,185,1032
440,1279,1839,1215,588,268,1856,1374,965,1019,1278,271,487,1536
1284,144,317,78,403,1426,1752,1145,1174,170,1312,1289,1861,288
1752,539,588,133,104,1347,1272,941,1165,12,1074,89,1711,220
1686,1548,690,33,926,1382,509,11,466,1036,1511,392,1082,1201
1392,944,1780,1306,1270,1802,332,729,889,61,857,1402,394,261
1230,263,472,394,112,856,166,1368,126,1266,1015,193,74,1430
62,246,93,1161,1352,1572,386,1546,1215,659,1076,1795,98,1159
644,857,1697,203,1160,104,1819,17,63,1843,279,1289,1359,1224
1545,186,1198,1349,978,1046,266,1843,931,1827,1785,275,320,913
137,1807,1852,309,519,713,1555,1277,1266,18,355,821,398,958
890,166,1291,1043,1491,1299,63,557,195,1221,1178,1337,24,548
1282,186,807,1315,779,1463,1658,688,1444,908,43,1162,903,1770
1246,1289,583,1248,242,1240,1775,1324,1406,484,1290,1519,700,1230
1353,197,93,414,297,1424,308,419,1843,1294,1840,1732,1225,936
1307,21,234,1282,257,1539,640,1321,154,1240,1191,1102,1728,1119
1261,464,792,1780,37,1232,1134,190,1305,1363,42,202,1550,1564
1128,166,305,557,1307,322,1577,163,1672,1303,233,306,952,1302
39,839,950,433,772,984,1490,1000,416,303,909,1732,907,312
703,590,94,526,1554,1265,956,128,1521,181,245,1284,776,1038
192,598,786,1034,303,359,1851,1187,1721,1297,1032,829,533,1250
1842,1164,902,1149,1271,930,205,1276,912,233,1143,1197,293,1828
1041,1307,1279,1357,1374,1488,1492,166,7,1017,939,590,1358,1154
26,1183,220,952,956,312,12,193,233,1657,832,1093,1207,1335
964,1305,1142,142,35,1232,200,1306,873,1143,1839,1427,1778,80
1303,1426,1204,1350,1299,648,1179,289,873,479,997,1162,136,1840
805,357,151,426,1349,141,302,1783,189,1261,78,272,645,890
259,1190,1545,258,548,201,155,1017,1139,1812,225,1732,103,305
178,1566,320,1298,548,1291,504,1207,1018,1554,1534,694,99,716
1301,1299,1839,1297,213,744,983,1439,1853,623,259,1366,573,1749
1140,304,984,1778,754,970,1271,1026,376,890,1306,496,1275,1780
151,887,1393,1747,1441,83,260,1281,134,319,621,222,571,1439
857,59,1534,12,1697,245,275,506,286,1199,1350,100,509,1287
53,1811,1566,1028,1041,1371,907,1573,200,1836,176,70,450,779
1498,1423,1716,1034,1534,12,1068,640,1697,55,294,1260,1248,1699
1292,990,855,264,1246,50,1397,788,83,70,1687,1078,885,1266
1227,1534,15,245,1759,303,51,1073,1305,12,753,1278,570,984
1778,1026,1752,223,1638,532,1585,1298,147,101,1313,966,1125,1429
1307,23,440,999,641,1242,1293,1321,91,1689,943,74,1841,1297
1349,1035,1709,989,1295,280,1051,887,76,918,27,136,242,1829
403,453,280,135,1234,503,1032,18,642,1373,1759,1839,104,1012
1189,1839,685,494,1853,845,902,3,1849,1303,694,781,549,453
144,1028,813,990,80,1295,165,1534,1341,88,27,903,536,1656
875,978,167,1136,1403,1644,1401,90,1585,183,1811,150,1289,1305
181,219,1296,525,246,1678,1304,914,1123,747,1844,1104,126,253
1282,585,261,670,1240,450,853,541,690,176,1138,1084,1648,126
253,1751,1051,934,69,1820,1041,548,845,940,598,399,305,1426
78,1669,27,1235,1012,1613,197,268,780,57,1276,1145,972,51
245,405,549,286,1207,1585,1820,636,27,979,625,402,278,1108
26,293,1403,1791,156,126,1267,770,1296,79,1241,1303,1263,890
295,166,285,196,1675,140,103,538,197,1011,101,852,1094,1732
909,566,1305,12,1680,918,37,1783,1280,137,1296,1037,969,167
1778,200,1305,254,656,1791,863,1113,664,574,55,913,1183,1168
776,645,639,1024,1285,1278,1011,1527,303,1354,1120,86,70,206
51,259,589,1278,862,1126,27,308,975,919,528,117,118,80
1181,956,27,664,1280,1163,1266,870,769,951,328,33,122,305
233,1160,1741,1817,1281,571,100,745,966,766,1596,1290,1276,1512
1032,490,1689,1302,1082,665,86,1780,344,1136,1303,1712,1247,1276
1232,1780,1752,1294,1470,88,512,1371,414,1191,1280,967,920,598
725,23,1152,642,1717,302,1585,713,1372,1289,98,1139,1303,1778
1276,943,1783,287,781,750,1732,243,1772,1290,952,325,1441,1145
1295,1213,289,1301,1441,1303,395,975,1360,1819,78,377,550,1263
1426,1430,490,1307,1094,885,727,862,645,1199,186,1228,1240,1028
261,502,706,1166,1354,221,1841,1106,1058,374,1097,991,1815,93
123,1588,1781,6,588,894,1747,275,383,1780,663,1393,1303,185
1245,1741,148,1677,1335,1287,690,1752,1280,913,925,1285,1824,165
1258,897,159,1016,499,1642,1863,779,217,1758,343,246,772,1585
1807,15,1279,137,377,24,551,325,417,921,481,911,484,1550
1295,1498,1222,1558,1062,1555,713,1640,1266,890,1002,906,258,1192
76,823,1585,363,1443,140,496,1273,1084,714,1563,1299,219,300
1542,66,1564,656,133,244,1097,1228,291,203,853,1631,193,1155
1585,350,738,1062,968,1104,574,868,821,298,1741,265,1301,1276
1651,791,1811,27,1128,1472,392,790,69,1582,219,290,106,728
501,1230,430,292,1223,1175,1284,1294,306,1752,605,656,268,1588
150,546,946,358,1705,223,960,1752,1002,773,183,1807,415,1040
779,645,887,302,363,1230,1186,1545,1770,1265,325,1851,984,150
1188,103,1187,1776,1374,1566,1826,1843,1280,590,1307,104,1034,269
1034,1374,223,1215,838,116,806,159,855,588,990,1281,85,193
1276,1145,1566,1090,950,1809,299,1468,1290,221,293,985,1282,1839
254,567,341,1549,572,1261,893,1844,1188,568,197,46,114,1163
27,80,1267,1169,1199,1301,1279,1291,1374,214,1285,123,1230,1669
80,459,1116,166,875,728,259,142,1778,252,1217,78,640,768
1130,103,548,95,885,1780,1863,922,914,1741,1621,1401,1204,1738
171,1086,810,451,466,165,94,1294,1611,1326,103,798,346,1134
1508,1285,1266,1173,1545,1112,1817,138,99,58,287,148,1820,27
1733,826,1307,192,945,1076,1780,1282,968,885,470,176,1781,1084
287,1251,1741,944,1289,478,1293,810,1163,382,1296,1351,1280,274
1231,1284,954,1811,1804,1268,1374,1246,1799,1147,1752,151,1223,1037
1026,1276,1289,952,1145,630,393,1094,312,1374,320,1051,907,781
1266,621,1183,965,1300,918,23,1128,124,1206,253,1842,1307,588
478,185,797,1034,1534,1776,573,1041,714,990,699,598,1773,785
99,1280,383,1292,588,1305,722,256,458,1355,862,1550,469,293
1839,1712,1847,167,1273,1781,890,305,1658,687,950,1230,722,179
1280,194,1353,1302,1307,1018,1032,1555,1830,321,1290,199,290,1627
139,905,806,1617,815,1020,1669,1011,377,1486,129,1294,1604,1839
1150,70,1737,790,233,1347,948,1555,166,1847,181,1305,1292,1449
596,990,235,1022,1234,1216,786,557,936,580,89,1166,1780,1293
62,274,53,1123,175,98,1304,951,166,995,1034,1421,1561,1073
588,1204,926,395,89,751,1689,128,1781,1281,568,25,493,1182
298,55,1279,1112,1304,11,1838,402,1741,1432,1125,984,536,1016
255,688,410,1722,171,970,1430,282,1440,1799,562,1426,1374,947
889,890,1732,89,133,1712,1490,1282,1274,460,287,108,728,58
507,307,1830,1274,60,1661,766,1780,1819,248,917,1013,1839,402
1842,159,548,133,461,287,990,1577,1242,779,506,989,267,263
121,632,1313,684,1547,795,1204,643,1778,151,855,1815,1257,750
348,856,92,669,1232,451,1561,1409,543,936,1294,1279,126,1114
1243,297,1839,351,1289,150,94,356,1367,170,265,78,789,134
1276,1295,1076,1147,1783,1558,1034,186,510,128,1263,112,700,1275
661,273,319,1797,1038,1296,1752,1842,989,639,890,1376,992,740
989,126,234,581,1052,1780,998,192,185,377,174,711,194,1306
1246,234,411,152,58,645,760,1306,1585,640,1613,1769,306,1534
812,1215,1296,345,1011,1816,1388,1207,1285,1372,1284,656,253,918
533,147,1275,1284,882,1183,139,1384,1136,347,764,1330,1566,1555
1731,1293,997,201,1691,1534,134,1585,568,189,1342,1516,1277,1800
291,1034,185,623,567,1842,74,573,1222,1113,1297,190,1293,1017
1015,78,1680,1368,1235,1266,1435,983,1097,157,1147,1230,1142,1271
80,76,1273,1672,87,1674,1041,1581,740,296,1817,1076,106,1752
234,1297,88,99,723,1069,894,1374,1195,465,1307,639,911,105
523,899,606,1182,46,1630,664,285,835,677,1657,1555,1161,256
251,108,445,134,222,1861,1658,197,68,303,859,1306,1662,822
1032,882,1827,1296,984,1291,956,302,1635,147,130,257,1304,1303
435,1294,1286,1585,296,268,1430,1058,645,39,136,1112,1488,1802
183,1275,926,288,695,1648,165,1243,290,464,657,126,1589,889
1844,293,1836,1488,1105,169,1303,103,1094,950,39,1669,80,1076
844,131,310,1355,1302,814,1588,903,1303,1201,262,94,1076,1523
1830,1841,1068,253,1696,795,294,955,1013,185,526,133,1169,38
949,63,729,294,1201,1217,256,536,335,1695,88,1183,488,289
369,1426,1807,989,1722,1294,1353,280,1396,55,845,1280,217,605
325,1732,1216,290,1275,1104,934,623,136,902,188,1297,1282,893
1470,1549,1116,992,229,1306,1017,162,561,76,656,1828,1741,1123
74,436,1633,81,548,656,1591,469,595,1197,707,1778,1293,1712
1266,257,1353,86,1471,669,771,186,1299,402,77,779,1290,1306
263,999,890,273,1222,275,1235,868,1711,146,1297,990,1752,958
834,1223,425,1299,1120,285,1778,1432,262,665,1725,950,112,74
146,894,1145,399,954,930,596,139,591,121,306,987,289,1353
1648,918,1295,186,23,661,331,1458,196,1555,1266,756,538,1492
1711,138,468,478,221,1492,889,524,567,1547,1740,219,1500,1668
478,1022,1307,258,1510,85,624,167,1733,1134,1285,302,1781,1751
108,79,1648,1285,1303,1741,856,1154,1256,1565,367,1129,1292,1783
440,961,574,348,1394,1807,1105,1272,1564,134,942,147,1675,133
49,1208,1472,282,934,1407,955,159,6,1343,1719,90,419,149
1102,894,1385,101,1720,905,76,1837,934,1240,1227,615,1307,1224
759,1280,737,403,1277,1265,1387,203,1830,886,74,690,1307,939
627,1156,1828,284,1393,388,492,1716,1248,1842,163,258,162,328
1007,262,1445,1049,1807,1142,74,358,77,1158,643,1112,1769,310
644,489,215,76,1281,503,181,1100,953,14,253,64,1080,1518
279,1389,1296,1281,139,37,321,1073,989,221,1295,273,1076,305
1611,552,524,1097,1220,1819,504,1758,417,66,285,1292,540,1740
1271,1291,1756,1125,166,1843,292,1566,890,1145,189,751,1553,165
1695,1298,1752,1529,615,1288,1200,357,1297,185,863,280,1018,186
1732,1076,1201,856,1640,1100,990,1338,1169,267,1112,1662,1296,165
1415,1179,18,1216,138,1305,1206,960,494,985,1652,1841,451,70
320,1674,552,167,1442,531,1282,1776,1022,510,1085,1787,1491,1276
1036,993,1811,607,1511,562,1263,1657,1145,1129,1297,1661,1235,181
1278,272,641,55,889,956,1819,1574,1307,1778,1293,51,124,1299
1007,583,983,1290,287,1306,1711,54,1266,1193,805,253,1818,177
1552,1078,540,33,18,1110,1292,1276,233,269,1564,1125,264,1843
177,138,103,984,1243,740,1031,1266,1534,1312,461,349,1483,467
532,1839,1054,1215,1811,175,221,719,419,1220,186,574,220,24
1306,1842,1050,1697,867,260,720,1301,1509,1299,983,1279,298,1242
717,972,1781,269,176,641,96,1294,1277,1131,220,289,1282,16
1301,68,238,261,1636,5,403,656,294,245,819,1304,407,283
1585,296,1074,1269,990,842,377,656,176,490,1041,520,934,857
645,92,1449,259,659,1276,674,137,1277,349,7,644,1191,1280
845,903,1316,1769,59,680,490,1426,294,221,1578,225,1282,1842
48,1147,645,70,968,777,1391,156,259,483,1534,256,581,86
270,16,952,160,139,1086,1706,232,1301,1503,1415,72,1836,185
602,1392,916,18,151,1307,1659,545,114,273,1812,429,268,1051
137,219,828,1097,1627,645,1276,160,1192,235,1591,1297,363,1564
775,481,1138,908,503,953,312,779,1778,165,1183,1804,1289,434
1064,855,1263,1592,1759,1417,419,1426,1279,1540,134,435,1217,1314
845,234,120,219,1426,138,1789,914,313,461,1306,1604,239,990
1161,1266,146,1111,500,1302,620,1294,417,451,70,1285,105,484
357,259,774,494,960,713,1440,1211,501,1809,1062,1830,1279,71
1301,1273,1816,578,1183,804,1276,71,1315,4,101,1263,692,1211
1078,1301,823,244,864,1474,103,1208,1847,1263,1648,561,46,588
1674,995,1327,603,1036,699,689,1305,700,1276,117,862,1303,695
1830,907,876,1257,1052,766,1012,863,429,1705,1016,170,1780,264
220,1250,1436,283,1349,74,1076,1426,920,583,1175,1722,914,586
1306,1233,192,1407,1265,63,1712,1670,1385,185,106,309,645,485
1490,1306,362,170,881,977,219,934,754,1843,1676,924,548,1785
1835,656,1465,179,1296,1728,1266,466,1585,374,1544,1361,74,80
1150,987,740,1123,1677,1136,1028,1284,592,374,1640,1717,153,202
903,1146,1853,277,156,988,1303,104,510,245,24,1299,645,953
1296,806,1029,1592,826,63,146,890,1289,253,1299,4,1288,176
100,921,645,94,419,1286,641,573,644,936,1183,133,1613,1780
1616,1368,253,1648,1055,639,1076,1164,1305,138,399,1626,1161,1263
270,1819,52,1288,494,940,1278,596,1805,151,611,1807,415,716
845,419,101,1302,467,1278,3,12,55,54,938,779,429,667
1198,1063,955,96,1161,1298,570,1565,1291,1302,170,1247,450,1307
206,294,178,811,101,49,1305,1266,969,990,589,1009,1034,181
586,1126,583,12,1223,128,1172,22,1741,217,1742,1770,1818,243
12,221,1102,147,1132,166,687,1530,190,723,551,1305,571,284
1287,37,258,272,545,321,1604,494,1102,1210,615,1426,193,1819
357,1293,642,1686,93,514,847,1291,112,206,862,294,1389,1548
344,1468,1564,855,1294,86,273,967,772,821,1781,304,84,639
128,219,462,1759,1029,690,1242,845,1307,1792,203,917,297,1612
235,298,125,1541,92,1555,1211,1285,91,1544,259,856,1276,24
277,147,1621,31,975,1094,69,1124,1728,388,682,263,1160,1759
1632,129,86,913,1648,1195,212,1303,77,1602,573,877,1020,1068
1293,186,163,185,1584,8,1744,263,303,901,855,121,97,1712
291,1599,1306,912,1298,1029,1112,138,275,192,151,890,286,51
1204,178,246,1280,1307,642,1265,1123,1160,1373,1409,96,904,1678
1266,605,120,1585,149,861,294,901,989,1589,96,146,436,128
954,1347,1806,278,197,245,26,1365,1863,891,673,1222,1566,1811
1167,95,918,1188,123,1294,20,481,1282,30,1807,719,103,1540
1281,1247,1032,430,1034,144,994,1780,116,324,1298,1091,540,265
464,23,669,1845,1059,754,1183,1217,516,1306,1817,1252,938,245
917,155,596,1581,1424,278,544,668,589,1234,1190,1367,24,1818
645,1279,1301,1307,1289,325,1145,1228,581,990,70,1242,1595,1712
445,194,113,72,1810,1847,229,1350,1029,176,527,1287,1266,1585
1058,1712,1322,77,23,204,1219,851,1261,1307,1278,1055,475,1757
116,1106,1564,1688,1183,1132,77,79,364,1285,134,133,997,1243
595,954,1305,855,253,1732,1555,389,1812,1811,530,1153,503,145
18,1300,546,1851,411,123,290,135,1266,74,768,1012,147,1744
1783,1479,1799,296,1706,1563,1178,964,292,1383,1804,1297,546,903
856,1217,1197,108,1122,1706,1426,1338,1335,1670,1181,101,1418,207
1662,1846,907,1041,1292,340,1249,1604,18,1282,294,1276,155,1280
166,1341,1005,954,955,1744,568,1511,1549,289,914,256,948,856
919,740,284,29,374,1303,1739,206,149,1032,1776,1280,201,823
1297,1776,1780,695,1304,281,1294,79,806,512,1084,305,1296,146
132,39,1756,760,103,324,313,452,1337,574,1265,613,1247,1051
641,282,1761,694,1091,188,1537,1285,1302,892,375,872,374,1298
496,221,25,1280,856,357,88,60,774,450,972,1266,155,1817
1263,451,1658,68,640,269,1307,527,1279,1476,151,152,1527,274
123,322,596,1278,1775,883,1068,49,1188,341,1284,855,1516,1279
1211,1291,70,89,1841,1532,294,190,91,1021,1233,105,219,966
105,1306,1314,596,1322,1677,1027,776,210,415,1224,399,801,169
116,1741,1836,983,570,256,392,1807,1752,1294,248,1610,452,1228
1210,37,284,1279,262,1488,105,260,903,1021,1049,87,953,1314
478,135,1648,223,1797,1307,1076,989,711,1564,1281,1351,1035,1769
694,1432,139,960,285,1752,104,1708,1726,106,1781,1237,753,151
656,854,989,464,1349,1780,89,1295,1276,890,95,939,1495,1691
26,186,1245,1176,975,151,295,863,1839,1838,27,658,948,1256
1153,1020,401,104,707,809,1150,856,238,1839,1566,1660,285,678
1689,1236,90,1066,1297,1836,105,1267,94,1752,28,1235,138,1096
1479,1585,440,928,322,1703,1534,1165,535,686,511,1784,764,963
989,1278,1708,1292,552,1847,1199,640,272,725,1547,996,256,1330
636,369,1680,757,1444,1173,1290,825,6,1762,1328,3,1223,231
333,1004,1248,907,1045,1184,286,192,842,1662,1061,1585,1851,1787
363,75,1515,490,1548,78,575,279,1352,1424,520,436,12,1191
1307,588,188,295,1033,1658,344,1280,903,1114,855,1230,1547,665
1547,1689,951,509,23,1276,312,1046,1280,76,1303,641,7,1073
626,1176,1303,1574,1492,838,1121,1302,1752,245,745,123,1294,1305
1786,1689,937,494,258,1546,559,907,724,1302,1265,284,104,978
89,1834,978,170,246,696,112,679,131,1467,1297,1552,86,1700
1076,997,1681,893,1840,1365,1294,1307,1306,1665,1551,44,126,1292
1030,277,906,260,219,1306,383,995,147,892,1181,1307,779,12
914,1190,1101,1152,602,177,638,1665,1483,475,760,273,121,138
1289,811,1633,602,1186,759,1303,261,697,931,275,1732,775,76
1475,70,69,129,1776,348,1169,1551,258,1529,1134,427,128,74
1201,229,927,166,1487,319,641,424,913,1276,1248,163,1188,1849
561,1034,93,895,588,1824,1491,1222,1307,382,292,1084,1644,1128
277,25,1506,1160,476,1245,470,1060,1242,27,1034,1210,59,1595
1176,1265,991,494,947,1182,1657,1247,1296,403,137,133,1285,976
274,1298,490,1157,1776,1741,914,857,93,1209,157,955,175,280
350,1479,990,1804,309,1104,1534,1808,1177,581,1752,246,957,1132
364,1426,9,1071,294,1029,114,261,1491,1258,161,126,835,640
403,260,148,1708,1691,399,181,1482,643,1150,43,1807,1404,459
1780,126,1657,478,1510,1545,890,1784,56,1102,1360,294,847,590
1076,97,292,656,23,1227,1280,129,1039,1851,1017,1386,1007,4
589,131,140,1270,1566,902,1278,1472,176,741,757,1469,694,1804
496,270,627,1710,849,1036,713,122,1299,473,77,1555,267,81
277,1250,12,684,823,82,961,10,1840,1426,382,884,1801,1466
1432,1220,302,1855,137,1147,1233,1040,235,579,1780,1285,835,1056
1204,1284,1564,197,1268,148,1752,1844,1159,1262,754,1041,1730,478
1123,1512,103,1119,890,1277,1781,1574,1358,244,1647,1238,1305,1756
914,1712,107,125,185,1426,1220,1838,194,1279,41,683,253,85
1215,306,232,1256,176,1169,1843,272,1268,4,1266,1341,1303,264
889,1028,24,1648,1744,907,706,1789,1278,83,990,1295,1116,1141
1106,1712,460,1274,1732,176,1349,337,270,957,76,868,286,1014
263,94,1776,596,1410,557,552,267,621,182,1198,1094,1182,721
1005,121,1555,942,274,1659,158,1277,265,308,309,1484,1234,197
580,499,1301,801,621,1341,990,104,1741,1182,1347,244,1375,1052
713,542,1648,258,1068,990,1298,1293,1762,1304,463,132,1141,65
143,271,980,872,280,279,184,1301,1106,554,1234,1192,1828,1817
1732,383,1781,1293,1044,1240,803,1659,931,243,1123,103,149,1182
1778,1216,1585,9,93,275,1546,707,645,319,172,1306,642,613
1564,194,1007,459,1449,656,953,981,478,1855,1115,1804,1266,278
990,781,1553,500,1538,645,181,1752,908,134,267,602,866,1302
88,1018,1112,362,262,1841,1276,796,1303,973,694,639,150,1727
71,265,615,1051,641,233,1207,1263,955,1707,411,1266,1819,579
79,1297,82,911,934,1589,1564,1693,1085,1263,88,189,138,1472
259,832,1598,880,288,530,376,1417,1764,1741,295,980,1489,1129
1024,1529,950,244,72,90,286,909,300,978,1242,1250,1136,1269
1004,305,930,1243,284,1242,1281,1613,231,1727,1284,103,1245,275
1339,297,536,1836,321,243,1438,585,1555,13,1291,1088,1303,1583
411,1804,21,1015,1167,177,295,1017,302,1372,1811,127,760,1284
1161,1165,137,23,466,293,734,1036,1076,1103,25,325,873,766
451,627,760,1490,133,889,186,1303,745,540,29,97,1564,653
717,312,1648,179,950,1360,1843,527,304,1309,979,83,1601,1830
1450,1667,520,279,1555,1839,80,319,1320,538,1246,1256,1312,1777
1727,643,1031,292,1503,204,1307,87,83,1239,1284,640,157,1448
847,1076,1142,1139,1296,1841,1638,272,1093,807,98,656,1362,806
804,343,1426,114,1106,279,1807,86,1302,1780,1300,131,1290,1829
999,1125,132,741,173,402,1781,1842,855,1609,1725,1566,1296,1843
1157,1441,1759,405,1296,937,1734,1658,1815,1353,949,1703,1855,150
541,557,1306,271,1673,277,1805,1576,645,845,91,1076,433,884
212,1851,590,83,1542,1356,485,1280,573,994,1712,288,1053,233
25,1276,1146,80,1279,1007,1441,1706,27,97,149,1742,235,1285
588,1594,182,446,94,1306,132,1701,1,1150,674,489,12,93
1273,58,789,1795,1097,1114,1265,913,890,1088,1277,320,313,645
27,1295,1029,1488,197,921,1302,1306,1249,144,1759,1245,955,1372
967,1776,1298,862,1841,1042,270,243,1076,700,1302,1653,65,1012
223,351,246,1132,94,93,119,105,636,912,1846,128,672,1306
772,1599,857,613,144,1459,1248,511,1123,1036,487,621,438,1644
1297,1343,1587,1246,442,156,1166,1290,1502,1678,1294,1299,1040,274
255,294,98,1229,23,1346,1017,1120,1634,832,392,1184,1275,1124
1472,330,1275,1148,1798,1136,1045,1671,294,1840,1422,1685,204,665
320,27,1431,862,1780,515,943,934,950,1819,147,756,135,94
27,1769,1228,1052,265,95,426,1807,1277,234,1566,1114,290,70
1083,1071,290,354,305,1280,1276,128,27,557,23,394,929,6
351,1213,1718,139,79,146,163,512,946,1428,1852,121,1470,6
920,167,1306,1373,108,1307,152,1780,1017,256,479,282,1303,1232
1641,312,78,1306,295,1726,1617,1276,1216,1256,812,1182,1409,111
973,1372,639,277,907,855,302,187,133,991,624,1165,1123,1087
79,76,1172,234,1305,1827,406,4,1759,430,260,1197,763,1632
75,76,1849,1304,1585,1115,154,1434,1819,920,1076,968,614,1741
731,1519,1726,945,163,1277,960,1249,572,219,1285,235,873,917
1154,1290,61,1778,77,553,1125,856,545,478,914,1741,1294,126
1165,190,1298,1676,125,214,1284,751,49,963,181,1098,131,1778
1182,1680,180,114,219,793,1850,1642,847,1306,399,220,27,1148
478,1171,70,435,1161,1296,1279,1534,1293,1284,1232,1325,27,1277
290,1306,1472,1288,742,1106,1753,1277,1295,963,289,680,856,263
985,764,140,558,56,273,907,1016,476,918,1861,243,1711,920
1510,271,1600,96,37,912,98,233,79,305,664,407,596,1601
923,94,1105,1045,1246,1296,863,1547,591,893,369,148,1804,265
51,1276,255,855,1639,1106,1291,928,104,100,913,1253,74,1606
938,1585,23,1056,713,1145,894,1139,640,98,221,1368,1490,1303
95,1783,1495,1550,1293,598,1664,1121,278,134,473,705,416,1289
1479,1295,969,1006,155,1749,498,1338,1017,772,640,857,1168,1012
1841,1518,64,1232,292,1265,724,114,623,1176,46,446,122,96
93,827,1789,165,1280,1149,277,1844,78,126,1140,1545,781,992
312,1551,589,1307,951,1862,1276,1086,165,114,410,1296,243,1658
644,254,1247,1026,1162,700,1296,56,1298,128,734,27,943,993
1840,602,1851,180,151,1226,1141,1778,390,364,23,1567,1096,138
598,27,1302,1217,424,303,989,1197,1578,1800,1839,1650,930,935
255,1804,1094,1695,1567,847,648,966,797,1536,1117,459,827,1821
102,1804,1298,700,120,645,741,86,1759,1571,197,1778,1023,973
713,1287,1191,862,1290,1207,1182,640,1443,1846,1818,1158,1564,284
1410,920,1692,1236,1789,1229,627,910,1279,1260,1306,1847,1160,253
602,84,1222,1353,1759,1804,1285,989,187,1014,268,1696,58,893
1071,1029,942,148,847,1744,1172,656,1178,689,1426,71,93,1467
1679,1700,124,64,1839,1742,282,1289,1426,1566,1292,346,204,997
146,302,1005,1764,640,1183,270,278,1215,767,484,162,75,220
1802,62,971,104,374,1777,269,845,1076,9,1279,1585,101,1242
679,863,1547,1677,1497,374,768,748,46,1566,1683,1007,1222,1332
274,1280,928,1500,3,746,1564,870,1000,1662,1224,117,1152,1265
1239,167,577,1183,662,1035,615,139,175,1550,32,1353,1225,1306
332,94,976,151,857,1275,2,1574,59,1432,132,478,4,645
1197,950,113,37,75,1281,1290,293,467,641,1472,1295,46,1155
1749,641,636,1298,1765,151,1741,968,1752,256,1301,248,1807,88
748,1304,123,443,78,1279,821,1288,833,22,935,478,246,694
1349,1220,1179,696,826,1297,1180,1347,17,1306,268,1679,526,950
1306,972,1009,1795,1839,1279,1555,769,1271,54,1564,263,234,186
1292,70,1566,254,1573,579,1585,194,1104,1550,1748,479,1110,1113
1700,289,23,137,435,1271,77,989,1566,305,89,1051,1285,1689
972,1142,1041,575,1752,266,27,1292,645,1290,1555,1225,1756,1114
645,693,1059,441,1798,499,855,126,917,252,646,1648,806,1842
1291,1811,1648,1047,621,1409,708,1285,640,60,1256,293,87,989
1182,1040,410,243,862,134,1241,973,1277,478,659,490,1273,1297
445,1306,1128,1506,1572,890,781,405,61,478,1289,950,328,794
635,417,512,1818,147,1170,820,1242,286,1076,1150,853,465,1298
1021,1076,1291,94,855,1784,99,1305,430,136,379,1285,1555,1292
902,430,1009,1757,70,588,194,189,1397,1233,172,1068,695,918
568,103,1190,1732,61,1277,1761,1191,855,1778,121,75,1834,1046
1040,997,1801,1663,1842,545,1832,946,961,1578,1208,1292,1305,534
1290,80,467,635,1111,262,302,623,1712,1599,855,1301,885,1306
487,925,1266,1585,1819,197,1128,1121,1101,234,1604,1712,910,595
1694,1293,78,579,1338,1268,1805,1015,268,1472,92,1585,1847,13
1189,1278,1502,596,1052,1780,1013,267,1781,1684,234,1295,1159,1721
589,177,1303,1094,1024,98,220,466,1225,288,866,297,1268,1093
1307,859,234,1566,646,673,1694,258,227,190,1245,863,148,319
1783,1649,755,121,273,1808,1168,1655,529,716,536,1754,757,645
1749,1547,1804,399,1141,1648,745,105,763,89,1278,823,1082,188
1741,653,1284,77,1307,563,257,1278,150,1342,1040,264,1712,138
1472,656,621,430,876,1278,1202,292,1532,1188,1101,1296,266,1580
1290,1076,1851,328,819,845,1305,126,186,1225,1195,133,883,660
1276,395,1138,621,407,296,1432,1302,806,1076,1084,1191,478,174
139,312,1459,120,196,1296,1292,1763,704,1298,1606,306,845,523
1297,1281,1780,961,173,509,845,939,1807,644,642,1305,692,1288
55,784,659,254,656,100,1418,1307,1841,287,740,90,1648,1564
1843,1225,296,1294,1426,1741,24,1347,716,105,661,1648,1301,1378
1277,1426,82,1148,180,181,1298,1182,752,858,143,18,377,1658
1545,1759,984,1453,1243,1092,1720,1034,32,265,444,1503,1702,1566
1211,1433,1567,1146,303,1566,793,136,1741,89,1076,194,181,1415
177,1188,1278,1303,1348,1817,332,1779,354,918,1787,810,1643,857
943,1492,643,1277,1147,1819,850,962,1718,86,855,1222,296,1841
1280,1589,304,787,1277,436,274,845,1217,1452,1076,320,1855,1281
392,333,1693,1690,180,87,1770,1306,141,1183,1182,1776,1298,1732
1276,51,254,244,164,740,190,1421,575,1728,509,677,1293,1702
789,152,166,26,780,1076,1676,23,862,890,1181,298,186,101
815,596,1187,1861,1830,235,282,62,1278,862,253,1741,1250,138
862,1253,1294,954,1241,101,1024,219,1307,1217,123,914,223,596
176,12,648,785,1306,390,1304,1242,284,245,138,1449,713,1103
941,924,1028,700,1021,186,374,537,295,1585,6,121,114,286
930,1224,1045,857,309,1387,1018,686,174,950,296,1249,1759,1071
93,579,1276,641,289,27,953,303,440,234,1741,909,622,1611
149,607,1230,1292,238,1721,1363,952,600,1293,1627,1837,1276,890
1319,1167,1492,340,320,1617,639,1613,1265,1269,1108,18,4,123
1145,1617,141,327,1077,816,1237,1292,9,1276,1832,1781,1335,74
1123,136,1281,1183,307,478,989,177,382,645,88,857,495,1843
989,266,1271,907,1349,952,356,1145,307,27,1279,656,436,46
1493,595,1018,856,1839,1112,882,926,1627,941,379,725,890,1289
1577,74,133,1732,1670,1581,1291,1804,1842,1708,1549,325,1740,1311
1297,312,148,149,303,101,697,182,1265,510,76,135,1776,255
138,1841,389,27,1819,269,1805,1838,176,295,1306,194,588,23
1335,204,1076,1297,126,799,1017,1472,994,935,258,1208,1759,1265
72,1496,12,1426,1258,1307,1155,1296,185,1783,140,1714,290,1289
534,3,1303,26,1211,112,887,260,1100,1016,253,1191,289,1461
259,1303,1297,290,274,1036,1500,1802,1752,156,1091,63,546,1697
1307,203,1247,855,1197,1694,596,917,287,433,1719,112,791,645
1769,1170,193,907,1041,603,1240,188,488,1426,1272,1564,1247,74
1304,1686,1282,1544,1467,1722,1265,191,1287,1819,221,667,1830,1306
640,1700,476,1778,1074,717,1040,913,1741,1138,1123,1828,1496,268
104,1819,784,990,1039,1374,1689,950,747,1659,779,193,1302,1836
488,1840,875,1838,77,1019,911,101,1585,1318,644,1286,1835,1090
1789,1781,151,1289,139,187,811,1839,1266,77,1190,1752,273,1382
1840,306,1152,1779,321,704,140,62,1566,751,255,1294,953,1158
213,832,1426,517,296,1116,1457,301,607,520,1011,1843,1305,395
1843,69,618,23,141,170,76,1025,1277,816,132,123,1305,1032
25,1839,1343,1307,49,1098,920,1339,1651,222,1187,1521,141,93
1076,912,1040,1546,1041,1533,134,1292,1048,1258,1302,955,1356,523
1088,1374,1222,80,1216,1276,218,400,251,1007,1720,70,223,153
1309,1122,852,101,1278,984,245,1480,1563,1752,373,306,1562,1735
982,911,60,1298,1839,713,736,353,337,1008,74,262,926,759
37,1558,192,1343,400,1318,1034,746,549,1264,20,1011,1711,316
1165,1776,1372,1293,128,1566,459,794,1175,1807,505,1822,1013,690
103,1727,568,1341,504,1285,1427,1073,1839,1082,1132,193,1076,325
628,1077,1293,74,1512,411,1099,1648,1246,201,1291,1784,1290,105
206,1839,170,1585,296,890,713,1288,143,664,1085,312,27,1566
1804,1776,112,1347,688,983,1124,621,1765,1303,1093,925,451,1703
904,1445,1168,1835,1769,641,1587,1297,1294,297,1366,105,1173,755
18,75,272,220,868,1152,1831,1770,1305,1279,136,1374,77,776
1843,1303,1266,1731,309,1524,1306,1296,913,1007,166,1811,307,1839
51,1291,1249,25,1216,900,1851,1855,1841,645,955,122,1365,199
1754,221,690,1271,1841,914,76,1804,699,1585,1035,1629,1266,893
1129,1279,1463,1856,1276,456,1187,285,963,1307,1754,1812,713,39
1030,1297,562,1817,1780,463,1118,1266,954,1847,1294,1374,966,1301
356,255,1266,1808,284,1136,1805,141,259,1739,296,1778,1073,782
681,1290,1113,257,256,290,1158,1223,1188,165,1343,87,105,212
80,94,146,603,1842,344,1830,284,1092,1778,190,1339,1183,377
278,1819,200,1712,823,1307,504,1563,87,135,989,139,148,1498
1429,175,262,1500,1293,1303,1161,989,1700,1838,953,1721,70,1346
1529,1404,175,268,94,25,259,1462,1314,1706,1005,64,896,1305
386,694,1009,188,644,909,1164,376,70,784,585,1284,1498,1183
151,1274,279,167,475,126,1303,253,1179,1819,941,223,874,574
1051,134,273,1028,909,1279,1617,337,1305,978,830,1291,1278,83
1349,158,297,1846,1811,1696,88,466,295,1821,149,581,1756,1681
86,190,1220,136,1002,539,1022,1851,1759,1129,1587,1092,1585,309
1605,1811,914,136,1307,1677,285,1183,1279,1188,1024,1436,219,1284
391,1861,988,1349,1722,144,404,192,583,179,737,1764,1290,711
986,435,69,1674,870,603,219,223,1326,1231,231,1534,474,201
1489,32,60,304,1447,1164,1012,1246,1009,947,48,1117,1279,169
1266,102,1278,1585,1026,234,1276,1155,1052,1306,621,297,34,641
1328,1268,1778,1748,1276,666,246,1811,1664,1333,169,1303,1566,1430
214,1177,1215,1225,1276,915,1297,1246,1504,189,1145,1417,1303,137
279,990,134,992,382,645,1741,207,780,1840,84,213,978,186
640,866,1255,1276,1547,897,138,1279,1293,59,1314,93,1525,1086
27,1035,1741,913,1421,179,18,1841,1141,502,478,1293,255,939
25,259,1851,1616,1780,878,103,1278,1426,1294,1009,1146,114,94
287,643,878,844,1843,890,1617,266,432,1182,177,1840,1305,1564
937,626,1276,458,33,1203,114,1332,1346,490,235,1125,298,175
857,1644,943,123,457,312,1276,274,140,596,1277,260,782,137
721,152,119,1841,1444,1306,1254,739,590,1575,941,1426,937,1250
990,1284,1267,74,540,132,1711,1290,1479,431,1739,293,218,1238
1174,185,1732,543,1641,1302,766,1741,1279,1781,321,504,284,1715
63,1280,293,1128,1191,846,760,621,990,186,891,76,424,454
1298,1279,701,1839,1305,1156,1117,725,636,119,922,1303,1819,86
1818,1374,1712,1305,305,150,1278,531,79,229,1655,1299,92,1741
645,200,541,1297,466,789,690,1279,1412,370,1294,1844,1187,1245
1222,926,1297,1280,1752,94,263,1178,1289,451,1092,307,914,60
890,433,1092,485,509,1534,1494,54,1555,1285,907,618,1782,1509
1830,291,260,975,571,151,167,1695,655,65,1299,1781,356,1249
1839,175,303,1586,1115,1566,1585,18,1648,234,635,1798,1144,309
1288,337,326,1276,1228,1804,1504,1281,1005,340,302,641,816,1117
1694,70,258,915,243,26,562,1591,424,884,1750,1303,1307,1028
1307,1249,1524,61,1783,1026,595,943,640,284,511,1075,115,1224
1036,79,1187,776,1189,233,1108,1294,1827,313,1307,1852,23,415
373,1105,731,1303,978,967,632,1098,136,1221,1291,942,1121,296
485,242,1426,383,639,1154,153,1189,667,1807,851,1087,127,919
697,186,138,1257,1076,768,954,259,494,12,270,386,1319,1496
875,1233,1564,129,272,554,520,1281,886,724,1580,1863,1098,1285
989,775,1719,108,1279,921,74,83,1732,1534,1655,621,101,1232
1094,1373,197,1699,1583,245,1472,757,1480,175,336,1096,1589,729
671,128,1613,1276,1183,1219,151,27,501,138,1306,1741,970,312
855,1585,1296,989,1490,1276,767,598,1547,72,972,1281,1678,177
233,1472,1276,939,1286,1287,1230,321,1153,23,1235,686,1285,1337
80,1784,1045,295,1036,1164,704,1732,18,632,1162,1041,1300,314
157,1479,975,1845,1093,1184,889,1504,1374,1566,142,1289,548,1018
1841,903,1851,769,149,9,27,966,1564,1302,645,1784,63,1819
1364,1279,126,152,721,1585,284,1741,25,1566,545,1503,1141,1006
1824,622,1285,1165,1676,1183,1151,1213,1530,18,975,1827,1301,694
1154,717,1668,12,1696,1253,639,1476,147,878,632,243,478,1611
992,167,1769,1773,914,160,112,1693,697,1741,1291,1426,1382,894
278,1410,1073,287,875,98,1067,552,1165,133,1562,292,245,568
402,1328,573,138,1566,321,282,1819,90,855,1776,93,1084,235
88,905,1088,1774,439,1237,1404,645,137,451,175,688,1365,1279
1349,1648,1076,182,162,95,1757,405,1554,930,265,27,1454,1824
81,1680,1732,930,811,1305,150,478,195,1287,45,363,1328,979
918,392,278,1276,1017,1291,697,146,547,1029,1087,1741,1339,1035
220,490,1839,162,23,1305,1763,356,27,632,904,1783,895,857
1413,1365,1806,295,1470,1778,497,1704,139,1182,561,317,369,358
724,760,1781,312,138,61,1211,1277,1387,242,1419,62,207,1032
1199,274,1804,1417,684,1280,1839,993,123,286,319,1838,1783,1733
1811,1798,1361,1104,1153,1330,647,434,338,907,1162,450,1298,856
1648,596,1138,357,1305,481,14,645,138,1332,136,1285,131,1564
1617,1110,848,1776,1845,1142,410,990,640,1590,1304,639,411,1777
1749,1851,621,823,1783,79,1122,1781,1298,84,1673,66,253,859
363,245,93,529,197,573,645,1137,121,259,136,856,1295,1285
1749,67,1114,61,1307,1816,1281,117,947,531,1706,611,523,1305
1840,29,949,1497,1068,399,1620,1247,1374,1678,811,723,1595,1741
893,478,402,1274,1449,1277,1583,206,1838,149,1537,1472,60,821
102,1328,1279,80,1532,357,177,940,910,636,1310,1232,140,84
1419,944,220,337,1071,1669,1103,25,100,1156,280,1689,1543,16
1246,1613,661,1806,758,466,1215,963,1295,1278,185,1216,1540,1288
983,697,1843,742,1819,499,1166,728,1778,1192,1267,31,233,1591
540,379,755,1201,849,1130,151,70,639,1841,1150,1293,997,294
1819,1084,989,1265,181,1292,220,1534,137,424,1577,69,1130,1811
927,956,24,440,1731,284,307,1737,990,1145,74,1478,269,1307
167,1006,325,821,579,1817,1759,1566,909,881,1108,1534,1732,1703
1607,1781,490,169,101,285,27,273,1534,857,711,1585,772,157
1255,552,1279,1233,508,1841,1218,855,264,1173,86,278,1432,152
154,347,686,1674,281,377,1266,1341,1780,290,1683,977,1858,1440
873,1145,255,1436,948,1103,1164,1189,295,990,1722,147,1585,1536
1497,12,1566,273,1153,23,944,1498,862,768,1426,1173,1076,71
1249,59,74,406,1067,184,121,881,1226,531,1128,297,635,1161
256,1716,1277,1552,1222,1191,701,1279,669,938,238,818,1028,1116
1019,540,1778,843,754,781,94,1217,137,610,712,90,627,1609
274,786,849,233,596,243,902,1254,1348,1808,1306,65,1301,1544
640,1293,74,1742,27,277,1651,845,1282,105,1492,1097,204,990
74,855,945,1307,27,1732,976,1289,1276,811,570,430,1752,1804
993,780,470,257,639,1304,1676,179,598,1192,992,719,459,700
640,1051,907,1555,1851,128,740,641,1231,1068,1279,1843,285,202
1092,983,468,249,990,194,58,1224,1303,1022,1658,1374,1280,1259
288,1306,911,283,274,1292,1565,644,27,1840,1265,1115,1298,93
1301,1165,1848,466,392,220,1305,1040,286,1181,1249,941,1316,23
1125,650,917,1620,1551,572,1280,106,976,918,374,1847,1566,1688
623,1279,308,965,1161,148,272,1533,432,1104,287,101,255,269
1246,1298,591,1176,145,1293,624,915,264,98,1819,100,87,722
1038,1292,180,1730,1697,1207,204,768,573,469,452,27,1278,1104
137,1250,1292,818,1585,862,944,157,468,1673,34,1222,906,919
1198,1201,1851,758,44,221,165,1005,312,917,303,186,80,699
265,1295,1055,1578,54,1791,909,972,1276,1760,270,138,1036,74
823,907,1276,157,893,194,344,167,875,1268,16,999,18,1540
1294,986,251,105,1199,1783,459,833,572,1756,144,909,1627,185
1397,489,927,271,304,1379,984,291,717,309,722,1776,1585,993
752,23,729,128,745,1374,1009,87,157,651,1294,409,220,71
400,1036,855,1372,883,175,300,1286,1243,1827,1660,1173,819,95
355,858,1426,890,1266,1105,296,133,164,284,1553,243,503,1472
1498,857,220,823,856,1648,81,321,1778,1679,117,502,1836,751
737,12,1779,194,1550,1182,1280,1232,1781,267,1537,907,1266,1821
1291,1018,1550,1007,1463,1224,855,1564,101,1336,1191,16,167,1853
273,469,748,1472,1585,49,341,902,438,804,1700,1290,1087,281
274,1182,970,233,70,1306,434,308,1805,263,990,1676,1272,135
129,267,1234,1295,160,1304,1476,170,1740,277,1784,553,1217,190
1566,1290,1818,1416,1569,1005,339,1076,747,505,465,455,1769,156
533,236,1694,442,557,952,99,1352,686,268,307,1246,1710,1038
238,1309,950,1347,521,120,78,1496,1372,740,713,137,1588,256
1052,325,1068,76,1684,1188,16,1581,157,811,1209,964,952,1673
1574,442,855,1741,640,129,567,739,1791,1199,1725,1128,663,1287
855,1018,1145,1648,1178,564,1565,1285,1223,176,1566,1555,1039,488
511,134,918,167,1726,307,882,1034,308,500,847,157,1806,286
478,734,644,1490,514,589,424,917,1551,1291,175,1407,381,487
123,597,767,124,215,70,1059,1041,11,23,260,1836,135,889
395,1306,94,1851,1299,859,125,1529,973,328,1513,1267,907,336
552,1300,14,1489,462,1086,27,179,1374,1805,422,510,1640,263
1443,1792,1160,94,902,78,1784,476,134,635,496,1840,1176,1297
1281,528,106,450,1426,246,1132,159,1432,684,898,1051,1024,403
801,1290,1312,1234,1689,993,554,139,739,1274,1165,955,233,205
1116,1142,1550,1781,139,918,179,1534,949,290,141,1175,1086,163
645,981,776,436,1276,1144,859,1787,1291,1204,878,1076,760,337
202,1365,1756,504,1540,1064,1328,1036,186,990,1546,727,150,1800
1188,1102,278,1426,579,1648,1287,596,61,1457,1338,1265,293,995
136,133,790,626,253,1648,83,744,108,1470,856,98,1228,131
1152,1282,152,572,694,164,96,1308,727,1247,144,995,1789,1104
1807,411,823,1319,624,78,1279,255,324,1099,100,1204,154,1091
598,47,474,844,1388,1297,1287,274,104,1243,735,1476,1405,764
921,488,926,1296,1566,1511,114,1303,1284,1077,126,1290,1626,1266
136,596,1018,104,1225,1780,425,1815,684,1213,1518,1494,1754,1251
