182,629,1391,1732,1691,374,320,296,1163,1230,1267,1804
1648,270,1300,1302,1565,1851,1741,74,585,492,1257,244
973,490,657,295,74,1374,262,1291,1266,806,78,151
568,25,1005,169,277,176,324,1178,33,246,768,670
136,669,1247,579,212,177,1284,245,1659,208,138,707
253,139,1832,1300,1707,823,1548,228,1230,1476,1774,1648
23,1182,989,124,1076,540,1798,152,1643,1432,1304,399
1712,194,1784,1039,1499,1855,88,303,1566,273,656,727
568,1039,429,990,1093,1728,1672,1800,76,234,1819,1301
280,541,194,141,302,1307,1712,623,217,670,553,1416
1302,1566,1348,1116,1511,1300,1004,1102,656,296,1,1076
1521,1306,86,1824,927,344,163,285,1731,553,373,1223
1566,1759,1207,609,507,72,1830,181,474,1828,1486,1276
1105,123,847,819,290,312,529,466,358,656,899,260
1145,67,1122,992,690,641,1415,856,122,1341,1435,565
1389,1289,1278,131,1282,969,1542,1518,1215,1333,936,325
1850,977,1007,1507,1282,1744,875,90,379,1306,1285,1291
1805,253,185,1756,829,1216,1276,994,120,964,1564,1780
286,481,1294,641,1215,88,930,72,1513,1849,645,1216
1296,98,1175,266,1840,1566,1260,987,296,70,1278,756
548,1126,265,1303,934,275,832,1755,1426,1440,1398,824
1037,1009,1819,307,192,305,1712,1293,1057,511,1472,1780
1017,176,1186,490,941,1347,23,1270,1300,565,1760,289
254,138,1114,1283,857,1284,1293,180,645,294,1305,1249
643,76,156,27,1148,167,619,1824,1017,1610,476,1752
12,1076,350,287,1306,1307,132,656,687,283,1725,792
919,146,1030,647,920,1300,78,291,909,722,885,1780
1182,289,486,746,1387,140,1454,997,1113,1279,1335,1154
859,426,942,1798,497,74,290,1491,1292,1132,138,1048
1533,906,1232,1030,1190,1192,1296,1783,856,105,1843,255
1026,863,1292,1297,1534,187,1817,58,1235,1387,190,70
20,1699,181,255,1307,1000,835,1020,64,1251,1315,890
1416,973,1132,136,245,270,1122,25,1306,917,1676,374
77,1784,1595,1084,1441,152,74,1307,1680,1384,1781,855
46,74,1685,1306,1755,1076,1192,1301,275,1811,855,1712
72,51,852,1009,1135,1483,989,1781,1299,1091,290,1293
1582,1182,1176,1745,1302,1149,1508,1804,366,1278,1262,438
961,349,1276,1281,1106,1163,1451,363,193,1566,763,60
1773,1306,1277,519,1575,749,717,150,1776,998,1258,87
490,155,772,1289,1251,1732,479,195,1737,826,1179,598
186,145,1793,1778,1839,856,745,478,1265,1558,260,1673
1307,397,1160,1586,139,205,117,1256,1199,170,373,484
689,1852,1322,1789,138,223,1279,1705,1248,136,1654,1112
416,1051,479,312,1302,568,615,497,1448,640,510,862
26,813,1285,1166,1060,545,1290,178,950,1032,3,926
175,233,1301,1251,252,1284,1288,770,804,1648,1777,1819
1429,1296,24,1044,589,1302,74,246,641,976,1305,1819
71,276,1148,272,640,588,590,171,87,140,581,885
1662,357,176,806,1741,1174,1780,130,1563,1566,1306,1300
308,271,303,103,1180,535,1538,1258,270,459,23,1095
219,1444,1752,1013,597,691,212,403,1183,273,25,1473
84,12,1805,1341,1293,76,295,103,1246,583,459,98
1188,1696,908,265,325,1183,148,144,1110,284,191,1257
290,577,1276,1290,645,1711,75,77,1280,115,1839,911
1278,1373,985,1022,937,1030,1529,1158,1164,101,140,1289
915,1276,1774,1346,548,1285,256,669,1711,1297,645,167
1781,1746,1770,1714,924,149,1417,1018,1719,271,233,945
302,993,1305,1084,1861,207,1749,1842,1197,645,1710,1472
270,1174,1095,1165,102,1034,980,1334,156,1778,1840,120
866,47,536,1472,140,1712,402,1705,278,1688,223,1390
359,1108,1143,1500,548,1093,1758,478,152,897,27,232
430,953,395,238,490,1540,904,641,6,997,513,285
1838,670,966,953,1741,1426,1076,328,1852,1587,1183,1472
970,1844,1426,1545,1741,807,1470,737,598,1774,1027,1286
1240,289,264,1783,484,1712,1284,1817,909,427,69,286
697,973,1295,1363,1076,76,1773,321,1783,547,142,1751
953,483,265,1105,1189,1242,257,1295,779,204,1277,590
157,656,577,596,633,403,1806,645,27,1406,1615,1129
1669,212,856,145,1311,1347,296,913,478,257,428,776
274,1170,1206,18,1648,269,156,306,253,1492,1458,1783
27,1843,95,1148,979,1555,16,146,1125,548,278,237
1147,1426,1036,149,1587,1176,989,1299,1126,1161,100,137
469,1305,163,1768,1247,728,1296,255,292,27,1299,1431
151,1613,855,1787,1298,1281,801,577,1305,621,61,1073
124,1432,997,744,900,1303,163,458,324,1174,305,112
787,261,1002,713,690,1490,478,494,1182,695,996,392
1005,1,21,295,1217,1415,466,492,1273,1247,1113,1297
319,1340,425,1265,1684,263,297,284,1542,1275,1191,1270
1851,1354,1351,308,935,1566,1246,914,635,80,1239,254
1566,166,708,1829,1448,1847,178,245,190,462,1778,1792
1847,1593,1533,644,466,186,1483,1027,1367,295,1226,1853
276,294,949,896,1276,312,320,1240,418,1488,835,261
1565,1511,1667,950,322,1409,902,16,176,534,1714,85
1510,1853,1518,1188,566,1138,725,1432,1800,1688,669,1505
623,1716,321,1101,1844,1104,305,1374,27,63,1183,226
603,356,813,1259,1372,51,1125,778,142,176,1276,1846
296,1280,338,1851,717,362,222,1513,1252,592,1716,990
900,1290,312,287,305,220,747,703,493,306,667,385
1117,749,370,1780,219,1222,67,909,1011,1787,1040,131
1175,1074,1840,61,656,315,1084,1294,475,1129,1432,972
1021,950,1426,564,289,1288,1472,1091,1777,80,1593,246
944,18,1333,1306,1025,1713,1245,1291,842,407,128,1290
128,228,989,1658,1211,816,1178,687,1353,181,234,1256
812,194,86,80,1781,823,74,857,1052,1732,985,101
1590,148,742,98,976,1840,1307,1554,832,1341,194,1841
1834,1183,25,681,809,810,1302,1076,1306,1334,613,1294
1306,1451,1280,640,253,79,785,1446,100,1041,189,1267
1545,1741,1033,27,1263,202,1411,149,770,1641,1595,1300
911,1086,1064,1681,1752,197,955,550,180,1778,640,1722
1225,72,1121,839,1306,1611,1795,1711,1417,1280,1819,1788
1262,1534,1277,1677,606,1712,1581,1819,1211,981,181,397
1695,540,1489,1145,641,1284,987,1158,280,1741,855,180
1568,1547,1056,186,934,656,636,430,475,101,1712,1307
495,189,1091,87,1304,223,1605,171,259,1412,855,863
928,1098,883,92,907,579,27,855,1291,1276,1087,821
259,1300,1839,65,186,1272,289,1264,613,1711,1770,1227
93,878,9,943,96,529,968,1712,492,1545,579,638
1290,1806,1566,692,977,994,589,202,903,246,1307,285
681,1278,1338,1673,1188,772,932,913,170,70,1108,1533
1273,54,1372,779,1236,1292,614,1547,92,78,1741,168
184,937,1300,1076,131,1116,1348,990,1225,1296,1277,225
1217,258,1236,245,1648,1252,1258,312,1257,1819,723,780
1268,697,731,228,1847,1306,669,55,985,622,1776,50
201,1188,1164,1706,474,1832,1578,229,1125,1819,421,725
89,306,862,1555,1490,1843,1366,1470,707,971,440,1578
457,93,1280,424,1156,1302,1108,1778,1847,779,1353,105
1805,287,916,624,1084,1426,58,118,570,302,470,274
586,1279,972,1271,1301,1550,989,1778,1276,574,23,640
1294,258,643,782,241,989,1298,1553,598,942,122,1039
103,287,93,1182,472,26,1648,854,281,631,561,639
177,1155,520,1056,134,437,640,1726,1241,1071,913,165
308,315,778,955,74,1533,129,598,1093,1432,285,306
1741,1289,553,1307,157,469,503,296,1644,238,1309,1444
1658,587,921,597,124,179,1564,1243,197,1749,165,1504
1291,1563,1182,1157,219,1238,1266,805,80,990,1278,1811
639,292,294,1412,1294,1675,1181,954,1303,633,30,1091
91,265,1555,940,1100,1397,641,1365,138,15,1640,1281
1183,688,265,27,511,1161,465,100,1128,1293,1282,1783
1303,92,233,878,917,727,269,1052,908,25,1280,1175
1169,1741,297,433,277,917,1422,1712,244,669,941,959
156,1256,1036,416,105,1306,681,94,180,202,1737,697
1266,367,99,942,65,1524,917,1374,1233,4,735,764
1276,74,374,108,1239,1534,1285,370,1457,552,644,1032
823,76,986,748,1030,936,1501,1112,1727,1280,985,1671
725,1367,95,76,1304,912,871,258,1658,108,1840,893
1279,623,1805,548,1430,1837,280,1803,693,1712,792,1294
1091,330,1703,965,1721,930,1788,181,197,451,890,76
1819,1175,1466,383,1111,1052,281,245,1181,855,140,1156
1282,185,666,1648,1676,291,641,1052,1634,1840,1143,869
1297,1278,1739,286,258,1104,1659,1277,1787,1818,1306,246
280,457,1239,952,1279,1781,445,1374,1303,777,1237,594
1295,352,590,1085,393,1640,925,1130,1279,166,1620,1303
1172,1829,1470,1853,1173,1839,85,939,27,103,179,1817
883,979,987,1688,934,133,1676,1240,104,890,1799,405
775,298,958,639,823,989,1840,1612,1289,426,647,656
322,304,1247,108,167,114,1293,1306,523,429,1533,374
18,1852,94,1154,1841,581,106,452,1328,1695,1819,772
1545,504,1780,219,1783,193,243,925,1235,181,69,1294
489,1281,1700,856,177,219,581,503,1333,1534,117,847
1811,134,90,165,227,92,173,1071,80,1404,1204,1777
1133,1784,83,1307,1082,298,762,1737,1303,995,1432,534
811,331,1711,603,990,1266,1212,23,249,373,1811,1108
1250,1091,580,914,171,281,1291,71,1276,1730,659,1675
1549,1563,84,1054,1040,1837,1105,953,990,1094,16,244
1852,1089,1740,74,1863,977,1243,1294,950,799,1778,1242
88,1555,1415,1684,1084,1721,101,139,1151,1265,272,596
293,1345,163,1152,150,855,1236,1424,890,511,1105,1555
1148,474,1333,1426,1659,440,98,1123,1276,354,54,12
255,893,1858,1137,1741,1324,1047,1292,641,579,695,1280
192,1144,1332,676,1174,1183,1207,1523,656,877,1148,1863
455,1430,961,1305,1280,74,257,445,1839,196,1304,79
228,1294,1644,1752,1154,327,1846,9,363,494,760,1641
185,921,112,235,1294,8,1040,1792,658,984,848,280
1278,1307,14,1804,353,878,157,1111,1781,275,179,945
1274,24,55,1780,1849,108,1301,1804,87,1303,466,277
829,321,1276,1795,1291,1066,312,953,1222,753,344,568
560,1244,1165,1237,294,1305,1369,89,302,1697,1628,1141
39,1034,1432,855,1182,389,1304,890,713,1578,1778,1450
245,177,89,1304,1291,12,292,1280,74,1307,1305,1293
1267,713,1260,1375,389,1413,136,890,1824,1399,335,1018
1112,1722,415,276,11,235,1275,914,478,857,190,1167
885,1741,1266,279,1305,114,472,278,100,1382,1302,395
90,170,128,132,1293,923,623,63,1783,580,1426,403
1547,1425,1839,1647,1566,283,152,1040,265,1280,947,1319
1277,140,1752,525,1709,640,1778,1257,1545,1301,229,268
1281,1307,1734,290,451,1804,193,1162,1546,1669,27,1568
664,305,1288,259,1074,176,415,766,636,1299,50,1128
1276,12,233,268,121,948,1712,1752,1341,656,744,1230
1529,866,1303,1780,1807,1713,1846,554,1277,953,1825,106
1260,152,1359,211,103,912,176,259,766,1773,80,1566
1036,1276,267,926,1190,1735,1158,669,1544,973,1339,101
269,1175,645,473,1294,25,990,1585,1279,23,138,856
511,1798,1104,302,1625,1683,221,87,255,176,220,1347
598,1616,1458,1441,1498,1093,854,1501,357,1741,1239,1216
855,941,548,1307,1026,235,1034,1404,170,86,640,1071
37,170,294,823,992,1752,870,104,106,1307,1277,1433
1701,1138,1294,669,1057,252,27,1490,77,767,838,106
1035,54,70,1289,1298,93,6,129,1733,1280,253,1548
345,89,1362,855,811,1307,1232,509,433,478,1188,1028
37,1281,1276,27,87,717,1555,1818,984,98,416,803
79,908,980,289,193,1641,1751,1564,1288,1729,1752,309
629,621,119,136,624,1276,736,419,917,1295,1367,507
758,1777,1284,1296,1059,1290,656,1303,1618,1301,952,61
1585,1061,1017,1289,1183,1302,463,1831,1074,1215,1053,1055
920,955,1303,103,573,861,1341,1486,1760,908,436,1415
289,136,967,786,408,115,178,508,260,1301,1552,1177
1610,100,345,1279,1781,1839,1300,1657,1155,1105,213,504
49,1057,823,720,918,1199,764,812,1399,695,112,1034
1076,83,9,1348,167,106,734,1276,19,1136,642,1849
1296,482,1355,1536,1208,1051,1266,297,1188,1295,1147,1138
69,713,1566,1207,134,922,1307,740,909,414,1048,1074
1299,656,1305,30,135,897,613,189,1491,1284,1547,184
1564,288,1435,656,700,490,69,1432,290,796,72,1217
1080,989,89,304,1374,445,1607,645,833,1770,277,414
991,1297,1290,1343,642,1288,834,1282,1663,137,1770,1542
27,1312,1272,1306,1617,990,239,1305,689,1293,1285,1038
1296,123,1821,50,1051,1242,1464,1178,897,1298,917,1648
1586,295,192,343,640,79,71,136,494,86,156,636
123,1648,77,990,1552,1840,457,1681,583,46,91,907
1534,1529,108,1228,475,12,152,185,990,1349,621,542
1748,1819,1166,621,1352,327,307,1294,151,1258,809,1852
1216,1491,1140,1811,1247,1563,1353,1741,325,1339,87,260
804,146,297,1305,776,1168,1219,12,716,134,1000,1260
165,958,24,302,290,535,273,1146,688,1489,1735,151
1828,33,1315,665,27,1548,877,1736,1801,589,185,1282
1100,1752,1305,1073,1293,78,1176,490,1130,280,108,38
1087,1224,137,1712,27,1836,1298,1280,573,254,1285,1028
1529,101,1305,307,1169,1162,1229,1294,990,913,268,1741
291,95,1711,1518,890,461,123,1165,112,1844,69,1307
1306,1278,286,230,1302,1277,245,1683,1776,1284,924,291
273,1087,1298,864,433,833,1789,1276,624,1301,1182,289
1028,1783,766,1069,692,1374,666,687,126,1461,781,110
1660,132,1804,538,1003,1564,1315,16,984,293,1297,1220
1353,1524,1103,900,74,950,937,221,1237,961,1837,277
1304,1581,1056,1333,290,1306,1296,1301,1246,312,943,720
1148,305,1763,193,1368,285,924,1724,1261,100,1288,400
1555,1226,849,1585,1145,1036,64,853,1052,1741,1517,1269
1128,848,1855,1264,82,1123,1127,1476,51,915,291,202
609,497,74,157,657,18,668,402,1302,917,855,872
1288,1026,488,1839,1472,282,1303,461,281,738,478,697
243,1518,784,1843,1481,101,890,1294,831,1404,1801,1490
112,86,1215,1841,1032,1226,1466,1152,106,1694,115,173
1584,1216,1297,1237,760,533,895,277,1337,8,27,545
368,257,236,1292,1566,1230,1243,1306,262,197,4,92
624,1804,730,789,1303,384,91,586,12,690,1276,243
845,1282,1289,723,977,83,252,1832,596,366,180,1216
202,1611,1718,1266,1472,172,1289,982,254,621,1671,1183
1600,1028,992,157,181,1550,74,1778,632,135,1616,1235
793,1097,530,94,640,71,1566,828,1303,1553,1374,1858
1585,1284,180,1537,1275,1087,1787,25,1250,1305,94,1555
1066,74,1271,128,409,57,1318,767,1819,1291,1770,907
1759,1328,259,1215,1287,144,1218,12,1136,914,1214,878
399,87,259,296,938,51,914,989,1465,168,1279,175
1137,943,1374,1301,1041,504,74,1349,1284,1761,1291,75
1029,100,944,1293,715,115,128,1092,138,89,847,1224
306,1136,960,190,1769,1823,700,1282,1158,1238,1191,1721
228,1041,219,362,643,1262,1502,1811,514,1009,506,1166
27,186,1547,621,879,1273,328,60,1297,25,1294,306
12,1769,1102,1557,690,990,1164,186,92,1780,248,1306
918,1303,954,620,284,217,184,1595,274,170,1436,746
1554,1246,1620,70,902,979,1769,1174,993,1235,1216,911
57,760,595,1546,1498,51,295,1836,1333,1266,1293,1566
91,483,138,228,466,293,785,643,899,100,1819,486
1719,832,719,12,1290,640,479,1206,427,1648,1112,1285
1555,1762,223,596,1064,1780,1819,1276,83,137,1728,408
94,1307,656,852,4,1151,1846,557,632,120,864,273
1162,914,1544,292,1241,473,1566,273,1183,1454,246,1147
220,144,1270,349,1291,264,1807,851,1618,1279,73,1229
244,740,491,1694,1483,1524,915,76,1188,583,1041,1294
1071,274,1708,144,1028,180,379,1741,1555,915,1248,1337
598,749,533,1631,319,166,253,953,1071,1558,187,1094
253,165,236,1296,1053,39,1286,1763,1804,123,764,1012
766,112,1105,284,878,26,1276,24,1073,126,1776,586
1230,204,1068,1776,1293,713,255,1669,652,1071,1276,150
204,1819,1084,91,649,614,918,88,342,1013,100,1313
1171,270,445,257,990,1676,1720,1711,955,1142,1183,713
1780,1306,1343,944,101,589,202,1160,253,1100,686,1290
1306,1830,1024,596,1490,645,313,1809,92,518,961,1747
1116,1068,1263,618,296,1840,695,792,1489,966,269,150
989,1669,1803,399,192,590,49,487,1298,81,1267,645
1319,1564,955,1230,770,470,1689,1802,603,980,540,1108
294,907,1294,917,722,1284,845,893,290,1301,16,745
246,911,1122,1756,1108,75,413,1819,832,934,272,137
1220,321,1296,644,285,1575,1781,63,260,855,1780,233
913,852,1492,1341,267,944,1182,1192,335,1307,962,198
293,669,302,1365,781,12,788,1074,1094,1539,1251,207
1658,1786,103,573,1160,708,1029,361,141,885,643,23
1164,1178,153,69,77,122,923,1290,848,1112,74,1692
198,937,1842,1699,898,108,917,226,146,1329,159,289
27,686,1807,151,716,862,1268,1707,1734,1114,1036,1304
333,1534,1777,1084,1279,606,712,93,327,1713,121,806
95,1021,1228,701,1276,123,103,1135,1034,1266,1130,1280
1778,1149,1310,1303,1166,1783,1500,287,75,70,1294,1234
292,1659,197,78,1387,1280,1251,1289,1294,1334,201,1321
297,1492,1515,1299,548,1296,452,1572,1341,856,948,1298
703,757,1279,597,292,741,3,1778,720,186,70,305
1225,824,752,185,1290,1279,450,258,504,1277,105,452
297,363,889,315,374,938,1300,350,429,1181,41,1778
1412,179,1581,74,405,1191,1024,1105,856,1280,1128,1034
641,488,181,291,1426,320,179,358,860,1306,275,216
1778,1141,1847,255,1265,645,1248,1840,1804,328,948,1306
1287,1277,950,1167,1027,133,131,1712,1197,1176,137,1711
135,1585,911,1233,407,136,1257,410,773,1348,1299,856
1648,1290,640,1547,1480,97,1294,374,1016,1074,691,810
61,1691,1342,137,1182,155,1193,1263,287,1544,1250,969
1028,934,1093,146,148,689,114,1346,1160,307,1851,87
272,155,171,70,1780,1168,1483,367,800,1182,1290,1685
6,829,312,1695,505,736,465,290,1350,113,1563,1710
922,302,286,1270,1,267,74,1722,212,779,1388,36
1289,1374,773,818,913,772,1242,1144,1778,903,1303,1129
947,656,884,1307,750,1253,621,1168,1180,1289,1295,252
887,819,482,1058,1558,999,1772,1280,234,990,1561,1574
890,920,103,1451,1415,148,1247,1182,1814,1157,1652,1123
1541,70,1276,784,25,1757,77,284,87,1345,1752,1550
1027,1711,986,475,1160,536,1029,290,924,950,1513,1286
1599,994,135,1159,1280,71,476,1645,1568,325,1340,128
989,23,1279,971,1787,1198,1418,1370,853,1235,1313,1088
1741,624,1169,77,190,1539,389,1150,1271,1563,1276,142
1297,824,1329,908,715,882,1182,531,1039,1494,1274,23
1741,979,1372,1093,222,827,642,290,859,1732,1300,1774
995,628,1804,1367,669,211,1666,1311,293,1094,1142,165
1675,1067,989,1546,1534,185,512,399,1851,889,443,262
23,1628,889,971,116,253,270,1294,27,114,1293,221
147,691,850,1598,1179,275,639,1165,1141,1545,955,1799
498,195,1052,1034,1746,1591,541,982,79,1585,1451,1288
1270,147,296,957,626,1256,859,990,1088,36,137,177
930,903,1243,832,215,397,288,88,623,271,1472,194
1663,133,950,1640,941,134,1024,399,855,1547,656,1839
117,722,1298,94,1585,1190,1128,856,286,1356,1240,937
55,1288,623,294,524,581,212,890,1708,229,1648,268
124,1052,1500,1161,862,1784,351,1073,1509,1297,219,455
588,173,1266,275,1752,475,1855,446,444,1285,177,581
1092,570,100,76,850,245,27,811,1000,1489,668,1383
1842,712,25,1297,1169,978,1026,1271,589,1127,1348,286
1405,914,575,1727,478,88,23,1113,1307,317,1298,1804
1040,838,485,1780,914,350,143,140,108,642,1374,656
155,479,1064,961,771,656,619,1583,1035,1580,825,1529
1073,907,1253,902,656,1639,871,1459,531,49,1289,1145
1085,107,768,473,23,30,825,1343,1222,644,137,1257
1585,622,357,282,1041,1145,71,1289,1374,130,252,1217
1298,374,759,1292,243,818,1166,1116,518,1283,1217,890
1121,1756,1285,864,1264,713,1728,101,520,1305,244,1838
937,544,1311,1007,806,116,1166,76,1302,74,1774,123
270,260,18,217,1061,358,583,295,1663,1613,1152,865
1029,1141,263,119,93,1276,470,124,990,890,989,1464
462,307,1653,108,1553,1307,1681,691,1374,125,1799,1811
21,669,1824,1257,1357,902,1305,403,174,1711,1188,1224
1035,179,1426,1232,1105,254,1847,989,994,1585,645,478
1167,997,384,17,1558,283,1304,950,1594,1292,1278,1045
1523,1843,1294,1357,1819,486,796,1385,1277,1308,93,1470
80,715,351,669,1783,937,619,1552,2,1288,296,488
1792,739,270,179,1574,1307,1295,1780,1850,925,58,1555
707,1471,1775,129,1339,499,377,1657,1154,309,855,1163
928,1625,1053,641,219,785,1537,1350,835,1645,116,549
1298,838,1302,844,290,1758,1804,380,70,639,280,46
188,1831,1115,293,1073,219,96,853,1291,1182,1426,1296
1343,1277,1302,257,1298,1836,1037,1600,889,1535,1173,645
1279,1534,586,881,950,1295,1009,1305,920,1547,1211,618
1534,1529,503,378,222,910,120,383,662,265,185,103
582,1150,79,985,198,948,881,542,21,225,1289,1804
1242,1032,1486,1648,456,717,1585,852,249,1056,976,287
1154,27,139,150,1197,878,1829,1058,1373,1105,548,643
1432,25,1670,70,296,1012,962,1303,179,527,604,1086
913,779,857,1249,1811,227,1839,1349,1096,990,756,1385
982,321,219,1394,37,648,990,1296,25,751,23,132
1692,176,147,807,1307,179,692,1424,136,473,1053,87
898,1564,1470,1813,70,915,1159,1788,821,740,1182,1297
548,1306,101,1566,1069,1518,645,640,133,1778,25,1658
1426,374,1741,641,78,1510,921,951,700,643,1819,508
676,91,381,1214,297,1280,178,550,969,1306,425,1291
521,917,918,613,1278,1307,1573,234,1403,1279,1220,1840
1276,1289,352,193,306,1455,1248,163,231,906,169,894
213,779,1061,1140,27,924,181,939,1236,235,186,1305
222,920,128,1539,1278,779,280,1640,178,496,669,1413
1041,1815,478,1161,71,151,1139,629,114,44,1780,245
88,1849,1069,1295,302,1851,1163,1288,991,290,1007,1123
297,619,285,506,1682,1328,1293,1847,96,641,381,1268
1291,74,192,1550,914,856,1238,257,1489,1147,1684,1741
1284,1295,246,475,1191,103,1302,1285,639,1269,945,268
1323,1278,133,95,377,152,267,1839,246,1026,1268,335
1329,1351,1230,80,262,1811,465,1156,1229,641,1145,1147
1778,996,49,1771,680,1585,235,245,112,1525,864,1374
897,152,287,1222,1565,244,263,1289,993,1278,863,1293
913,1374,929,1467,1811,272,845,341,174,1697,589,1279
821,1547,760,1584,908,1781,915,1230,1270,658,245,177
1840,1145,23,1036,197,1296,1053,908,1280,1039,1417,1088
1819,385,307,855,1328,179,1734,548,137,1661,47,1781
631,1071,110,1296,7,685,1257,1116,23,1034,1172,1613
1776,275,546,1210,1266,1286,494,325,936,1176,1706,129
112,1712,540,1302,1132,70,1780,1655,1652,1306,1294,646
1555,1703,620,20,641,686,1804,1533,1276,213,274,220
341,1156,466,2,1036,1845,1144,156,1167,1013,1578,1141
1301,352,1741,1287,1570,1613,1276,348,1040,345,244,804
908,1160,901,98,24,913,642,1291,966,598,1811,132
242,574,1837,1683,1175,129,520,913,1113,478,290,1305
267,1238,1604,912,499,993,1276,934,165,1848,1129,269
1299,138,1290,1129,1294,1297,246,1281,1280,1610,137,1845
399,1291,491,1007,1191,176,530,1440,642,1732,466,151
656,1422,707,1282,1173,46,1062,101,1278,98,1290,773
589,1217,1307,148,670,1276,194,1518,1716,1242,1847,1123
389,681,1332,415,1752,99,1754,374,1840,1852,95,60
308,1265,672,70,212,1451,297,289,1078,357,360,894
340,1632,555,89,20,1339,181,1088,1819,403,785,1026
1472,483,243,773,267,1476,1234,1858,1084,1280,324,489
1347,1705,1853,1235,1227,1393,264,1293,373,1266,1307,536
1285,1298,1430,400,101,112,1266,1566,1440,1281,57,265
323,275,1294,95,719,51,827,289,1073,61,150,570
267,4,93,144,874,1401,90,1187,1565,452,1280,971
1079,1297,140,1144,530,93,641,1233,1088,769,1069,410
1781,1730,1146,1073,450,1335,1250,954,1197,556,1792,1178
1712,492,310,1108,154,1778,259,487,1098,990,1788,1780
945,434,87,1225,1289,76,946,1660,1233,1271,1566,1552
220,1781,403,1747,91,1294,66,1680,604,1251,531,906
1737,1152,819,1271,1403,274,1074,57,642,1278,128,1765
1706,1301,315,286,179,1199,268,1417,725,260,1693,285
901,1002,823,536,1279,186,703,530,1284,1286,1712,1776
223,1744,1783,1305,77,185,1279,1780,95,170,137,1839
439,1648,1303,137,1132,1277,1663,1282,1304,1330,754,1266
866,1583,1024,598,503,23,1306,128,75,562,557,1542
1553,1585,863,233,89,816,1183,1572,243,1295,84,1318
1038,272,233,499,96,1108,1016,1021,1183,152,1580,27
274,1187,144,1291,95,596,1090,100,258,1752,275,930
1711,1426,1064,1034,618,357,466,1224,1781,797,882,1296
39,146,25,1076,1199,1791,1018,76,1299,171,1286,1220
943,478,1348,903,1564,915,104,1585,1815,474,1291,1307
1227,280,1266,1475,436,695,589,102,1284,191,1425,1168
25,363,636,1299,1276,1752,107,904,88,139,1055,1041
1295,175,293,805,847,1268,1492,1139,1027,190,890,151
84,878,193,466,36,1182,664,82,1741,1051,510,953
1085,1671,167,845,1692,627,952,1230,291,1192,443,1534
1273,1778,187,1301,763,639,919,1052,1791,828,956,581
478,961,429,1290,415,1076,65,734,459,1293,136,639
54,847,1271,1166,98,1829,1018,511,890,1296,1307,264
1356,379,290,91,772,1852,1832,859,835,1707,1677,639
472,1804,134,999,184,1819,1301,433,1245,27,284,865
279,27,929,1295,876,1247,220,4,1049,1819,656,1533
1281,1555,1333,257,1145,989,231,824,1258,474,1371,541
1299,1285,121,71,1729,581,826,1002,245,304,1485,503
234,875,1256,957,641,1563,855,997,1644,148,380,821
1805,181,461,1125,588,301,1644,234,325,264,1294,551
94,885,190,1432,58,1120,402,1836,1552,1347,1842,288
1187,128,1830,1216,645,1374,1402,1276,1035,392,125,4
640,133,1749,1503,1811,1711,503,1741,376,459,1276,753
281,531,291,1555,151,298,152,1314,1542,12,829,1302
446,478,1158,1432,1268,1320,1842,129,1145,488,955,1288
1116,307,540,312,573,126,596,990,74,1288,455,26
1205,1311,1076,1282,989,1784,1372,216,440,398,312,132
1183,1172,648,1566,1842,1330,859,1091,686,1188,687,280
1281,1752,1476,1616,724,1293,1408,1840,1183,1625,936,548
577,1288,6,1778,259,640,913,80,924,1367,86,307
286,877,62,1306,589,1811,1488,1012,890,1225,265,960
399,1406,591,354,670,1235,172,73,885,425,953,645
1307,322,1300,1218,1293,1266,1260,156,1146,1732,1335,462
1279,271,1306,588,1547,1607,598,449,396,1307,307,1025
1820,412,27,829,1804,531,151,907,1154,1387,1207,669
1845,284,220,150,246,186,1216,378,325,128,1354,908
1492,1788,1280,1625,95,1607,260,23,862,388,130,87
272,995,1026,470,645,779,110,255,1534,723,1299,92
1251,75,1276,1123,1220,185,57,312,1585,1088,70,1307
1285,1744,1307,588,1777,222,178,1832,1712,1397,1374,229
296,1288,1555,1298,923,84,1338,504,363,1388,1561,451
1284,401,3,950,1279,1366,93,890,78,294,829,1467
1451,1703,78,1472,274,24,1205,1837,68,1018,90,1591
1295,1779,1029,18,252,1479,1372,1169,880,287,1084,294
1303,393,153,640,568,1247,688,157,641,1502,1811,123
1804,853,1752,1517,1160,640,12,1156,70,657,120,1302
612,259,1778,1292,8,102,645,725,1606,965,170,1109
74,1306,294,1711,1163,1684,1112,101,1216,495,1648,931
112,1361,1274,921,1159,1566,1340,1246,1595,1113,1585,1280
1372,1294,295,587,1776,640,1593,955,763,1256,855,1536
1535,1136,144,990,1737,1094,103,1176,857,297,363,149
47,796,263,1284,253,1265,1280,1278,555,1555,733,1720
106,284,1086,1607,1217,960,1273,1298,1706,509,1302,319
1651,1547,1390,1783,336,139,1839,1632,1492,1534,916,899
1240,106,181,835,980,102,1536,1176,957,1120,952,531
697,253,937,117,296,220,574,1708,1086,548,177,990
571,104,1280,77,1454,1839,76,1222,1708,1749,252,1545
1579,819,1711,952,320,171,1752,900,1564,1489,1471,288
1574,1114,596,1000,613,568,215,559,336,1049,1302,103
263,745,235,496,761,132,1679,1151,1780,656,1216,894
1189,1423,268,967,409,989,103,1306,234,589,284,81
509,1843,23,811,727,1374,129,308,1299,907,1711,579
595,1306,197,1293,503,1752,192,651,296,1132,775,93
738,1839,104,141,1455,302,392,631,262,1281,73,1332
123,1305,1128,104,1391,1538,1648,1243,1344,881,1844,573
1038,152,88,154,967,106,78,1298,1265,1202,1176,1123
70,146,955,950,1550,1076,272,171,863,1208,141,1107
1292,1565,1066,1711,1764,999,278,322,97,1648,185,1293
1613,91,1409,1076,1513,875,25,1278,1569,120,190,220
1607,1306,1294,1592,285,1227,1374,113,108,1759,1752,1352
1303,1839,1132,625,624,1281,136,1293,357,1298,272,254
811,1848,1850,1786,1781,731,1418,1595,955,90,144,696
436,267,225,900,317,913,1799,1076,1224,252,1183,1465
645,1458,1661,890,1183,186,521,1537,902,1041,948,1741
1026,950,470,879,943,1697,704,374,1636,163,196,1534
278,173,807,451,1239,89,1028,242,1638,229,293,50
1215,82,644,1290,128,740,75,863,531,1789,569,1604
1223,521,772,1259,405,253,705,1733,1776,1374,39,1757
1095,156,1748,1772,134,194,1840,1247,1498,80,1024,1817
791,91,1096,1087,1143,139,643,1242,1374,1276,1783,1052
228,1096,1304,1299,1136,4,1752,1082,167,465,185,1285
415,425,1844,856,1648,138,739,214,863,643,982,1293
91,573,926,64,142,1198,756,1816,1294,1449,1224,23
302,1005,554,1195,71,1711,244,1808,27,999,1301,644
930,577,1585,723,1297,568,122,1002,749,303,1767,1842
1680,430,907,909,1816,772,948,199,1035,1836,645,535
1618,511,364,1007,1305,94,1783,93,1534,1279,387,541
1572,86,1760,745,1030,1372,452,1199,656,157,375,646
1830,170,1220,1324,1391,1279,1294,951,1032,621,971,1147
872,1142,1345,1139,1259,1754,1299,947,966,1280,476,286
1644,1155,94,1415,490,752,1545,245,123,1276,1018,847
27,1778,746,665,284,83,975,776,1294,289,1284,791
641,121,1342,1623,848,1053,1691,39,1094,49,1339,190
150,1697,1027,608,296,1103,1732,1636,194,644,1387,732
1352,73,69,1336,1491,963,1304,842,117,885,889,357
855,182,1017,319,379,1387,39,911,488,81,1854,1288
1470,1791,536,632,953,1298,1740,1498,1819,1291,992,157
27,272,590,93,1178,148,768,1853,189,644,1290,223
1306,279,646,1749,1294,402,1300,515,1305,1058,1280,1776
925,111,1565,140,1669,1511,1783,445,840,1135,859,804
228,608,1739,889,62,1011,647,1217,1269,915,1306,114
1492,590,1223,636,678,321,1029,1306,643,1147,1469,257
1,1307,873,1304,100,1277,664,1255,845,479,268,779
157,287,1648,1830,1296,270,1220,655,1307,1850,960,669
325,1563,219,302,221,1608,290,926,1426,354,1280,1589
368,1307,1306,233,90,644,509,1849,1748,103,1547,649
1520,1239,1669,1263,1029,1714,293,1301,256,424,1273,200
1303,1222,1293,269,667,1092,1776,1657,309,277,1307,1164
1783,713,1276,977,1804,1292,944,912,274,1247,1295,1326
188,1397,256,60,265,942,294,823,1621,745,769,106
1303,1503,1712,157,736,847,1042,1242,1842,1197,1533,259
685,1483,575,1303,74,1291,531,1683,1367,592,888,1778
279,260,270,1306,978,598,219,903,1841,1389,379,724
277,83,98,911,1299,402,912,260,221,1754,1839,1110
1555,1374,128,546,1564,1295,70,1160,1858,204,849,935
717,4,445,859,291,1426,1780,1802,1279,1276,1034,177
49,377,347,267,1277,890,99,943,4,1328,1353,1294
12,435,1585,1780,114,1188,309,573,291,104,256,1259
175,603,117,695,506,845,453,1519,303,740,494,1307
1305,294,1307,1301,1585,1191,192,1689,1094,1648,533,1123
496,898,1288,1226,1748,944,151,1510,855,1307,1070,1547
930,1567,1339,433,1216,1040,495,1732,602,1171,640,269
1284,220,1279,455,1016,1780,1303,1314,294,1113,784,382
823,1536,224,594,459,1497,1284,1723,290,568,1279,418
598,1778,128,220,580,1593,248,1743,27,596,844,70
1842,282,1332,76,1564,1256,1121,1507,982,990,137,1506
1426,983,220,1139,89,645,915,494,27,928,681,217
295,39,1294,1759,940,1701,990,17,1729,1157,1289,71
264,890,374,639,245,924,178,20,1307,1305,934,1585
509,129,25,289,901,387,1274,74,1805,1015,1728,549
989,823,27,295,1276,865,249,950,1740,1773,1470,23
1787,1694,909,1783,1585,63,1330,1741,821,111,1062,659
690,562,100,286,990,1741,443,126,18,92,71,12
202,1555,1169,855,492,1016,1840,12,1811,304,697,941
1776,259,1648,1613,1276,1540,294,1775,1219,46,27,1262
151,273,1290,1302,452,373,274,233,24,669,125,895
1293,825,1233,126,62,597,1217,478,950,220,1787,1536
1807,1837,1776,1712,309,972,1689,260,970,1607,1192,1234
1559,86,298,100,919,775,268,233,733,288,1669,1752
1295,257,190,1167,532,1296,1294,1093,1165,927,139,146
1388,1295,1105,307,1167,710,1041,132,1122,1839,914,1267
562,165,1700,880,903,1289,427,1226,1741,171,1617,514
272,164,1076,531,104,1088,639,1861,51,571,1278,1673
267,775,540,178,112,149,84,50,1299,1290,1681,1184
219,632,984,1589,645,572,292,105,1752,1088,1818,1343
624,130,1272,1322,131,1790,215,347,1094,257,1324,229
1293,301,856,1778,407,1296,1285,1295,1224,1813,1711,175
175,11,1658,1118,157,94,108,1805,1294,1472,1300,1378
150,1844,775,62,1796,503,93,77,307,531,318,1806
27,1109,1113,1019,990,952,1509,552,1259,129,541,620
1292,950,1554,253,854,802,128,308,202,204,462,1056
1407,717,486,1584,1306,1361,1853,1476,641,1265,93,798
1188,1071,1280,1213,74,862,245,1648,269,1354,240,827
377,246,1127,12,1083,1447,494,129,189,1285,1642,74
1007,146,255,855,117,781,573,23,1741,920,1607,179
172,1409,574,255,641,220,1189,18,531,1099,93,1285
624,953,833,1115,640,552,129,1811,253,1444,1278,1294
1804,459,1150,181,160,986,1303,1584,224,453,106,870
309,260,106,8,1071,1123,182,1104,1498,1276,1846,1147
801,1639,1845,1574,1290,354,1469,990,192,246,1196,1035
1301,1829,1095,95,1285,1156,1544,1566,591,185,917,1426
1276,78,1585,1266,94,1203,651,568,286,88,579,1783
292,1000,258,427,310,1648,1307,1529,554,379,1279,159
307,941,1542,399,913,708,50,795,568,1604,754,138
91,1783,475,730,1305,694,1710,243,357,1278,1547,1374
1298,1853,1138,374,126,1550,1279,293,245,1190,1328,1212
1426,317,1675,1299,1298,828,1067,581,1648,382,66,1604
1708,139,6,225,1851,1026,1029,926,784,1250,925,440
602,476,1008,150,1790,1273,540,234,1182,893,1500,1299
244,94,163,1546,402,1034,1174,465,253,1422,1442,1036
1215,12,1449,681,1306,1419,163,1741,1547,360,1800,713
1741,1275,1297,665,1079,121,1372,1770,148,510,1073,1160
993,1267,402,1303,1181,170,1342,126,1236,294,1840,90
1051,1282,999,320,1260,28,484,1780,926,939,204,33
1840,1544,1290,984,1304,41,1540,1670,1128,989,1659,193
811,283,51,253,1511,1721,459,1305,1741,1836,1742,1129
175,955,112,1139,1808,934,183,1851,1294,1504,1309,1769
1355,598,440,23,258,101,1294,807,91,623,80,1217
1524,953,46,1505,503,1417,105,1275,1842,1016,1291,1296
655,254,1216,905,1276,279,490,1076,963,233,46,150
95,86,132,1189,1479,80,1279,833,1076,449,105,1782
1488,856,1525,501,572,140,1616,220,1353,364,105,487
825,80,412,293,890,1801,852,1280,643,365,1374,1555
469,638,950,152,694,266,525,722,1306,499,544,144
990,636,1103,478,75,1681,1740,1306,1353,140,1303,966
941,1240,451,1732,132,1719,181,1292,1188,1319,1040,879
596,1152,133,1250,308,523,1161,293,1797,1307,1165,1778
370,79,842,689,656,888,1199,917,845,1303,1410,106
953,104,1304,1108,1648,49,297,690,99,1247,990,100
1284,1613,450,885,1830,736,809,734,1282,488,588,937
24,1684,74,856,1302,1091,1096,1295,645,1166,1070,116
1757,1708,89,890,389,565,817,123,68,370,1101,340
1314,768,1018,990,1566,82,1417,1350,1003,190,1307,181
1041,1504,1064,294,1242,1307,1564,295,392,1829,243,809
1277,1711,271,1333,1306,152,1205,1030,1389,235,445,1292
1303,1731,128,1228,1305,303,234,590,1319,1828,991,90
1842,361,672,1680,630,1595,103,1291,295,121,128,1288
63,1777,654,1237,503,192,1752,839,949,1839,1374,1144
315,100,1086,1839,1051,417,220,1028,431,228,91,166
1555,743,962,383,415,722,1277,1534,1362,714,1303,681
1542,275,435,1700,746,1732,495,592,684,778,717,586
590,855,1294,277,438,967,1625,1457,591,302,634,221
256,1082,1302,438,1232,286,1290,533,785,111,579,1172
123,414,75,1713,494,1200,1140,1091,1789,1250,318,80
1781,1843,1275,1616,1432,29,1241,1276,890,1237,1780,385
1287,1301,1071,1163,1566,1426,1296,1837,1672,1094,867,445
245,1067,498,912,1472,1116,1277,695,990,83,1718,80
652,478,805,641,119,1049,1293,98,1266,1068,885,1191
281,1005,966,790,1013,1546,93,1306,1558,135,732,1566
691,1298,1122,978,1205,1778,648,137,998,1289,1470,264
246,23,1256,1137,1426,971,465,288,671,1430,1648,1305
719,1607,1280,1305,4,1781,1029,671,1668,1117,704,1637
807,890,1585,1545,411,1602,602,264,1620,1550,1195,540
410,1160,1036,415,1756,1291,138,243,1472,1863,898,1121
1697,1026,1789,914,373,1285,531,1547,1347,1228,1747,911
154,928,1671,631,569,192,639,1280,1770,118,1299,575
689,1306,1648,1343,24,1247,1828,98,1842,211,1374,249
243,229,136,245,401,306,186,190,1781,1808,509,1285
1155,677,1093,1296,1711,1470,966,531,98,1783,285,1011
260,1306,1224,4,1712,1660,92,312,943,178,268,1657
1294,1274,1516,1304,985,1094,1563,1009,993,1233,1757,1279
1191,1044,284,1382,1005,856,1083,1302,1585,89,397,1406
1276,903,245,1739,305,1012,1169,278,112,16,288,194
1307,1564,1290,636,144,946,332,269,1264,853,1574,46
41,1836,355,1441,702,1752,1853,1822,1693,92,1277,1290
151,1076,1847,1566,960,180,23,942,1784,939,337,914
1853,1833,50,1819,1101,247,367,452,442,1285,584,798
164,190,577,1498,1314,983,953,697,641,934,90,1280
1307,1201,272,966,179,1151,890,138,1349,1698,623,1566
1289,467,948,1555,1187,127,1041,1306,950,1586,1524,1560
1787,105,244,535,694,103,1752,1783,427,635,1112,656
1279,279,509,427,132,1134,23,361,1342,434,724,1303
1430,789,1289,146,374,855,141,581,1761,275,1032,1129
1839,1285,132,1199,1128,1801,861,1374,1293,1752,973,602
495,1280,1307,1148,126,1843,99,1052,258,1654,1266,1156
1299,1279,645,363,669,296,148,1290,842,999,1001,798
325,27,1276,1024,1303,1281,292,406,1208,951,78,695
1103,370,730,1094,1290,532,1716,785,1328,1230,990,315
1448,601,1619,1778,184,92,976,1513,136,964,1780,460
1082,978,544,664,1526,1741,466,1752,853,1218,984,1510
1035,513,1303,1009,642,1214,596,1290,1692,1603,74,645
1306,1657,977,1157,1296,105,275,1293,424,1279,231,1217
1222,503,1374,1459,879,127,1687,1781,36,923,233,278
1748,1294,104,993,91,1432,1291,465,1303,890,74,997
1126,76,1095,1561,1058,403,1555,1136,1787,1037,559,767
303,222,63,1805,543,588,1242,1048,894,1349,190,1284
962,1279,83,1804,105,1181,1040,1216,1732,1296,403,559
175,1005,27,1492,1374,1161,32,99,1258,220,1096,1804
640,1809,148,669,100,1776,1276,630,1746,999,1819,909
687,120,1510,918,1226,458,1082,309,529,662,235,1781
1564,1781,909,207,713,1566,573,1360,478,554,690,1325
561,1141,1279,1783,1250,733,1312,1280,788,874,70,243
975,281,1778,1710,246,495,1817,393,1291,966,806,855
713,1508,1290,481,1741,165,289,1032,181,610,983,177
1263,296,486,752,939,1214,1235,282,1338,77,292,1413
517,1183,570,77,920,1145,1266,527,914,1545,1217,1811
71,126,83,1295,1426,1805,1568,1289,100,1276,370,1811
908,286,1736,906,1065,1467,122,803,1167,1066,131,358
921,263,399,959,1024,1531,642,579,414,98,74,167
1073,953,918,1229,234,220,701,1289,934,235,545,1817
863,645,320,1657,1069,189,656,1795,478,1029,114,1484
1805,1786,1582,85,1242,87,573,990,1093,790,961,270
436,1820,1064,1613,645,789,318,1781,1234,399,24,1279
1041,1298,59,1809,50,1830,400,74,18,189,529,649
572,1235,1161,490,1294,1087,406,248,1566,1794,1706,955
1232,254,707,1843,828,461,537,1292,917,104,299,976
1502,87,1307,1850,924,1804,489,862,1225,190,1757,1147
507,1276,1279,1290,258,848,290,252,177,116,857,890
1701,1343,994,1374,1028,93,346,147,833,1363,79,1270
904,1294,147,990,740,870,627,32,522,1783,1784,1859
1648,1092,1470,87,811,265,1842,1811,914,1009,706,1305
1648,1389,374,811,552,1284,1291,1498,766,1842,1726,76
1110,901,282,819,1301,57,557,723,177,133,274,1078
1288,1250,1051,1839,203,1532,1204,1492,763,1347,1308,1426
1195,1851,1305,1811,443,270,1291,78,176,337,1720,1059
669,1077,1279,21,656,1151,82,1195,569,1145,540,1290
588,1088,1115,531,76,1795,1239,1305,1717,677,274,1851
392,759,1109,1547,1282,122,679,1863,1296,630,807,25
1298,1198,1307,562,946,1013,1280,234,1296,101,1145,347
90,253,315,1071,1404,188,714,138,1121,267,823,621
176,293,1076,1840,1217,1,1708,1426,1168,188,138,1733
7,1284,893,1781,1638,1815,1306,696,1424,829,1856,135
1566,370,296,1283,1163,425,990,1467,1811,1028,1011,658
428,219,1289,820,1265,1776,133,1182,1296,281,1632,987
143,1291,1534,637,1470,267,1293,632,303,166,990,197
1186,835,1740,902,272,1770,1278,1655,1809,935,611,1604
640,69,1248,548,1682,1763,1254,1307,291,1064,459,91
289,1315,1564,1188,305,1029,712,671,548,284,1240,543
475,1527,746,772,78,1158,1372,1779,534,1343,651,71
113,1266,1243,1276,1223,1296,1241,941,1229,1555,1595,1302
306,58,1351,1175,280,89,1295,1374,621,1545,1563,588
20,1819,663,1136,1014,1296,1498,915,769,1844,967,220
312,24,1037,123,953,88,1294,1682,1062,1795,594,1303
1384,1782,1291,221,305,1854,1305,890,728,917,374,1295
246,55,479,219,1230,1130,990,656,842,1141,540,199
1732,149,1737,37,358,238,1028,452,1278,265,1558,1307
127,143,1842,596,294,1490,138,1291,1277,236,22,1289
1216,467,128,1294,1585,1307,1776,639,257,1175,1707,191
1161,104,1472,189,645,1344,246,1266,57,325,25,1612
1290,990,177,306,1171,1188,917,1476,855,613,1145,1569
1162,1060,459,993,1058,132,1342,1624,1220,1555,159,1674
1230,1182,142,994,294,1088,1064,137,1116,1823,1721,1303
1285,1349,1076,1189,856,1659,1706,200,1274,852,274,993
289,579,1166,261,1817,768,913,1548,1692,112,1282,121
466,195,1123,1305,759,1776,514,216,1092,1374,1677,1303
484,1239,1780,1644,1127,50,588,1582,1188,1752,290,374
1426,63,157,569,1029,1307,1243,306,1138,898,27,568
1226,642,1151,1249,701,1302,1285,1296,645,1801,1284,1177
1052,121,1272,1704,1087,1653,320,1555,1676,421,992,916
1305,1432,1285,307,220,1507,138,484,145,989,1295,1086
213,1432,79,603,1732,1374,474,428,856,1279,581,176
461,1218,1307,646,1498,27,1053,1092,597,97,686,1269
1846,1067,291,1589,559,748,1524,412,799,1309,572,614
1472,306,1620,806,104,911,1440,1271,784,941,325,265
1747,74,1171,141,701,96,985,1844,917,1752,1444,662
612,228,1130,914,1564,222,1292,89,68,989,607,889
1018,70,289,478,1158,100,1555,27,540,559,141,1062
885,1166,1841,27,1232,720,186,495,1426,909,1306,1804
1017,1819,984,811,1265,1335,1741,897,1113,1277,1780,1382
1266,1192,1610,222,879,308,1005,411,305,186,98,1535
918,1303,179,994,1689,1432,1013,166,1593,12,238,1477
1265,544,1432,1188,1301,1776,385,1239,598,1537,1418,134
148,1230,527,475,189,1112,1286,87,1809,955,1087,452
1294,1741,466,666,983,1150,967,1115,640,262,1761,1712
1371,1305,1409,991,1457,419,144,1670,1696,385,900,170
180,1076,245,856,989,1705,979,155,799,1305,1034,975
1781,1321,214,123,549,194,1701,1745,1741,1847,134,172
1294,640,1470,1781,1094,1445,1034,142,926,963,271,763
821,1844,1741,211,593,1280,902,271,11,640,1851,1123
1241,689,1275,292,487,1191,1303,425,955,713,730,1305
1226,1174,77,1291,475,1839,289,1013,1732,70,359,124
1247,1830,1732,86,1563,1279,137,222,1165,1116,700,1276
519,805,1184,1253,1265,870,636,1722,1062,255,553,289
810,309,83,320,178,1254,1284,70,771,512,1206,1603
1718,1301,1105,977,295,40,1068,908,656,478,1266,509
1804,849,1084,138,1216,992,5,1817,1689,1019,1047,1317
528,296,494,103,595,752,89,12,224,1589,1303,94
1288,259,365,1264,1305,1847,289,46,233,1681,260,1136
838,145,179,949,377,1136,1026,1150,578,863,1472,1655
297,399,1277,1297,37,681,908,1151,645,376,190,540
656,1082,1093,645,474,70,1216,1134,1099,924,200,557
1745,1481,1266,967,73,1012,978,1234,616,1537,54,1472
412,1294,1797,1184,1702,419,1811,1305,95,1130,25,588
1770,967,51,1076,1306,1281,1710,202,1544,962,636,1276
1472,1808,1534,1329,1855,596,1158,176,548,950,1566,308
1840,1125,1553,189,655,661,1374,1093,1169,1590,361,1116
1753,503,65,1302,1294,967,1175,1305,950,1229,491,640
98,590,1388,829,1246,69,811,603,1416,1265,1296,1819
1284,1279,133,626,1025,128,1585,277,154,1780,1192,1457
1068,1417,1447,879,201,131,1038,1286,1840,1061,54,1282
309,1825,1060,579,1332,1163,86,1555,494,1125,754,80
1598,382,296,1634,1419,68,170,1416,796,121,1534,341
269,1673,1278,1129,859,317,303,272,907,1231,1176,1754
1040,293,1741,478,825,555,1529,645,309,1018,203,1802
1824,25,1548,75,316,185,278,1093,1292,1426,292,1056
425,910,520,645,711,213,1284,1318,1804,1841,913,953
485,1544,990,687,1295,1326,294,725,642,917,1122,591
129,1307,1156,799,1452,1239,74,1099,1245,867,220,592
1788,1041,563,1294,170,152,1817,305,1116,1766,894,643
1426,1175,965,827,983,1372,7,1094,18,1188,177,1109
98,1036,285,711,377,1028,312,1307,1295,1031,302,1374
181,990,1307,253,1102,41,920,1768,156,1295,127,1501
1282,608,1495,134,1749,1125,677,1270,1301,1068,60,1337
1278,1355,1294,1284,995,262,1260,12,1198,255,245,649
245,909,1276,714,1741,1292,1340,613,1555,277,581,892
1282,147,635,1281,1052,139,1737,421,1741,907,656,21
1513,1374,257,1355,279,54,1265,290,1473,1242,831,325
1224,1306,178,257,1157,1300,1226,59,254,1051,1455,37
1337,1744,1536,1537,1150,1233,1660,1475,140,1190,1737,821
1301,640,1298,950,598,1292,1128,1534,761,1786,916,1174
1130,39,913,757,1165,1673,917,853,1850,1215,1285,820
1567,1757,943,116,1009,1284,885,1178,1306,1239,1277,1555
1789,1648,1354,478,1295,1566,946,1641,37,873,1163,1169
990,1019,1073,1304,1158,219,568,296,1589,321,767,1563
1088,1775,1228,1777,221,139,684,1296,1819,306,1778,762
255,1226,491,101,1669,266,1299,847,574,27,201,1500
133,1141,1294,1292,138,172,819,1819,262,1129,1126,1128
303,1056,1806,1076,121,1278,380,147,1183,24,1426,25
752,92,490,308,1807,526,908,1191,1278,955,990,1239
1808,303,295,966,215,579,945,1039,849,290,1195,1472
1168,429,1296,285,122,1256,897,645,172,573,553,990
1841,1054,981,312,1789,1071,74,993,1294,105,644,317
31,194,1846,198,65,1566,308,1285,94,167,1088,1229
103,1432,992,946,1554,1298,1741,1064,71,1183,1547,142
627,1132,262,1380,964,196,1592,302,292,1294,1577,1067
1182,1293,912,731,1257,36,1264,100,1074,1279,857,509
1784,1009,72,1398,1129,1585,1840,148,1432,1051,776,624
1850,1059,1291,1116,645,640,1139,1297,624,884,1215,1175
912,272,1547,596,1232,156,1146,18,1375,882,677,1052
1682,1828,1808,280,240,1094,100,1839,1064,759,174,963
1303,731,259,571,1299,1280,255,1790,990,1292,1094,1774
1546,815,1104,93,1701,192,1029,731,644,1543,411,993
79,1805,644,474,1564,260,1016,374,1835,693,420,151
176,767,780,1282,1183,723,294,857,306,1276,1145,950
281,275,861,573,235,185,1076,1279,449,1296,152,655
1084,1824,98,1280,939,183,613,1640,1267,70,529,60
1354,254,280,142,1276,1261,1592,1307,602,845,751,275
415,917,302,989,1160,1817,315,1783,352,1669,1316,640
246,893,976,1789,737,920,1270,651,1199,690,308,621
1213,1279,909,1009,79,197,1722,1293,321,1544,129,1175
1353,1119,1264,1271,1776,134,1068,1443,669,933,987,233
1009,1166,885,223,459,1752,172,1783,831,279,917,1018
1287,1802,1555,60,640,1157,1281,1084,244,275,268,428
1280,1616,1574,1839,768,282,1806,863,890,175,1811,420
1018,1152,104,157,65,1290,450,78,192,188,1648,1280
301,1260,969,1658,1303,760,1307,23,827,825,272,1841
1533,293,447,1011,71,1778,694,305,70,1449,1115,1648
179,131,665,1741,304,1128,319,1353,1764,1290,937,1213
1759,1562,55,1013,1303,1049,257,1670,1710,1534,699,1805
1726,1528,374,1770,134,1132,1547,1566,1382,1093,221,131
69,1568,1266,1476,1745,1839,104,493,1265,890,1679,114
473,194,1599,1205,688,1543,989,304,1166,1818,134,794
183,514,1303,1036,78,1566,243,1305,1804,1426,1264,823
1824,1301,1374,289,1277,479,588,918,1230,1339,1546,907
1193,1423,1278,63,126,27,219,1716,1281,1614,292,1265
1169,1819,235,1518,88,1072,435,1852,1018,1673,1829,1213
1648,1780,229,1547,1728,1807,855,1470,188,1279,588,525
1055,1648,591,748,75,1845,993,76,223,1174,656,152
73,856,956,1284,1285,1007,779,1308,1804,494,1306,855
24,1374,259,1302,272,1846,1648,641,1326,1452,7,264
90,262,182,141,277,1555,1776,1273,1838,569,1009,1074
1041,179,122,170,1260,1177,290,309,712,645,1188,1778
911,190,1472,86,970,255,16,262,179,1294,1223,1045
368,697,1538,641,357,212,451,1596,169,1670,1291,293
1085,1280,90,640,86,729,1733,1249,621,24,1783,1776
1285,1296,1694,103,383,1164,800,847,321,1249,1443,286
1169,657,898,1585,216,112,1682,881,835,133,1291,369
866,1266,1585,1534,222,1389,190,1310,1623,1295,1174,695
418,1063,737,504,402,284,275,913,1097,1372,272,1566
1649,1339,1472,1706,151,902,768,170,1804,203,1391,483
292,459,1733,519,1176,510,108,178,1230,71,615,987
380,1547,234,728,839,94,152,701,1836,62,509,776
190,1374,1150,312,24,1294,163,909,733,1290,907,1145
348,176,341,1199,255,290,955,1266,908,230,1727,616
1303,1569,70,596,238,120,1727,1142,259,676,1307,1265
1798,1578,264,792,1863,1585,772,902,295,1697,1455,645
255,84,587,129,1284,1087,563,1111,1455,150,936,1076
1342,1303,26,382,1660,298,1752,1737,1658,639,1497,1036
234,857,268,944,1847,88,143,499,196,1374,1817,1819
1305,47,1744,1302,331,1811,1349,855,426,219,147,1780
1720,1294,1737,446,316,1169,1241,1076,1851,675,224,955
1041,1339,1166,1297,254,284,1690,366,126,1280,60,1306
961,1267,291,855,218,1036,1066,1421,1430,121,1278,175
53,1230,1034,575,1696,337,1636,563,127,1175,1265,807
702,1752,1448,93,812,1839,572,853,27,1495,1306,701
144,4,343,1085,1824,417,1159,207,1547,92,1343,105
1277,275,687,389,776,1547,1263,820,478,1199,1704,1505
1303,292,1302,1819,145,914,1584,1472,1097,819,1074,1781
1732,1839,845,1289,955,1773,1307,1737,271,179,78,1303
1260,417,83,1566,1604,1280,889,526,201,990,1847,1321
585,1280,590,624,280,1045,1555,166,1536,1060,1500,275
273,1676,1289,1303,71,545,1279,651,1372,1509,1441,692
777,1084,96,968,1773,1257,268,121,117,1290,949,1305
1653,1855,1553,294,1544,1776,70,952,1788,1694,325,302
169,96,221,576,865,557,942,296,150,139,1201,259
723,1490,494,185,1250,309,94,1405,504,614,857,1841
67,1657,1279,1339,645,23,1257,1542,1007,835,1116,1778
727,315,1216,1108,223,1278,800,1780,197,1171,534,105
410,602,297,1633,749,12,1204,1272,1231,1093,1524,1244
640,930,25,78,859,465,143,278,749,95,1306,1042
642,253,163,87,1841,995,27,21,105,77,591,1305
1727,950,1502,141,1763,982,688,357,1249,1147,1328,833
724,588,637,1820,167,74,263,1087,142,256,1711,25
559,245,581,156,137,1266,1781,548,12,950,648,941
1575,230,478,1281,825,494,1364,220,541,383,244,1303
415,27,1275,287,235,1801,319,1307,750,25,164,951
1284,640,541,1197,989,1235,1087,859,1190,1585,99,1426
24,295,385,949,1418,1700,588,341,291,1316,1305,1536
1292,1247,1749,1690,80,53,488,1346,644,495,1839,1027
1302,1374,914,244,174,221,1841,1418,1225,947,890,251
1476,1091,100,235,128,553,171,559,157,507,1822,946
108,147,1018,1142,1678,835,1284,571,282,261,966,27
1280,1088,1774,119,850,694,19,1804,1585,264,661,25
98,193,167,946,779,1198,730,176,1732,1084,1565,255
1229,212,950,1752,125,509,939,1412,27,99,313,989
876,95,192,260,1609,1292,1120,1168,1585,70,264,1307
1288,1781,1302,1766,317,999,150,86,1485,1091,1176,1233
1110,189,1585,1303,1298,534,282,1819,243,1780,59,1374
1243,639,1158,1426,1547,1306,1711,258,177,588,1078,1566
1004,805,1268,1286,136,1353,337,1490,1215,764,1851,27
1536,1774,805,180,1026,1256,1305,689,274,19,1853,1768
152,222,656,68,63,105,372,1135,166,509,1847,1610
855,1595,1472,234,1306,829,365,255,987,724,478,438
298,746,1417,494,129,598,1085,939,114,1760,133,1024
84,151,134,188,1123,866,671,1284,177,872,1073,1306
113,610,823,1115,655,1676,496,1260,256,219,1732,1246
74,1303,1250,1772,1480,1574,845,879,900,1521,23,1372
856,1216,673,867,1112,713,1519,1404,495,191,574,1633
993,1199,938,907,923,236,333,1034,735,63,1226,990
479,1279,307,1034,934,640,919,614,1183,1073,260,1655
1051,478,1116,74,855,846,76,1584,1191,353,925,325
568,169,651,504,473,692,27,1741,1654,590,863,823
1618,1231,1099,1297,645,341,1238,697,985,641,1730,1555
1300,270,854,1279,1828,1288,615,626,348,1303,1519,1282
337,1306,1136,931,1349,1294,1845,1292,295,1780,1305,310
274,823,86,135,947,304,144,1305,555,1552,1682,1178
1164,1113,178,1293,92,309,1257,1776,62,493,1147,990
1499,1470,1052,479,1374,912,536,307,1847,950,144,1307
1732,296,976,1092,274,1052,258,1291,1546,1019,1305,1416
266,253,1844,1026,1069,277,993,103,258,74,138,310
98,913,1532,1128,783,1189,1322,1288,12,1160,244,269
1732,1029,588,1294,747,89,1305,1374,656,433,1228,166
1182,1529,283,1426,1197,12,1251,290,504,222,223,296
1780,941,1841,717,1847,1585,1161,1851,1297,475,548,1511
335,550,1237,396,1205,779,27,114,97,1712,1588,277
1333,348,1840,20,696,64,963,960,23,1737,27,644
179,1851,1229,645,39,1847,1804,1075,290,1470,114,1696
890,1536,888,1165,520,1017,1781,197,931,1555,1182,1794
1555,235,1294,307,27,1430,548,1277,1780,1612,1076,1164
1489,1499,955,1828,648,991,377,268,1266,59,51,1034
220,501,775,105,549,1824,694,1544,700,849,603,1233
1568,911,1669,837,1200,132,348,698,1131,186,1139,917
1745,1188,1232,956,984,1015,872,1160,265,302,656,1675
573,1132,292,1204,803,1749,415,1029,1600,148,1191,308
306,246,465,1216,1195,146,1851,1395,101,478,1348,724
940,38,1778,1160,1202,1688,698,1296,75,713,1005,403
151,1034,1524,1198,1689,811,903,1073,586,1306,1267,1607
1784,1066,25,1297,1566,94,285,627,364,275,1058,320
767,983,89,294,1027,1842,1808,615,1472,1188,74,334
245,1847,967,647,263,452,1438,73,1181,271,1290,269
149,272,1232,275,1757,724,298,185,1302,1695,942,51
1811,855,412,246,1680,1547,782,827,305,1712,1432,194
1011,1532,1651,1601,1265,905,952,1533,1341,1361,23,627
978,459,520,65,1091,1779,1132,265,765,1304,1776,1414
1294,221,541,993,1024,219,1740,1811,1807,306,1109,159
615,1802,103,499,21,948,1290,1163,1785,259,487,157
1263,1303,1078,592,312,1353,266,1279,459,1225,93,148
1837,1103,129,1426,623,644,1209,1334,194,645,1776,461
1018,1409,1082,84,89,1290,1298,82,717,1191,1306,327
95,80,1276,525,142,1283,296,1490,318,1182,117,1333
920,948,1217,641,1778,74,260,202,1230,128,1265,234
1290,275,1293,88,950,1217,595,437,1099,1349,9,783
1320,1566,989,87,1397,159,1784,446,26,1552,1295,1305
1076,1090,751,1296,1366,89,1274,77,1277,219,177,132
573,966,242,265,1759,281,671,1676,1752,323,87,1182
598,645,63,390,1533,1848,694,1759,1026,1293,596,955
639,1291,1580,1196,257,696,42,246,1132,1082,452,1288
1320,1503,1806,1502,1241,259,6,320,1780,1017,201,1058
275,1306,608,24,911,1555,1343,138,1303,1719,1548,325
223,65,890,942,166,816,1328,658,1613,1034,989,289
1028,482,1815,1123,1036,1285,145,1298,435,203,856,1804
890,1846,1781,1276,1166,1759,1271,1295,588,1090,810,509
87,1683,1436,1820,155,1780,1153,1792,1426,1352,1855,1295
278,1426,1658,507,656,1017,1436,1849,337,1714,135,999
1316,826,1009,1434,1128,1784,1664,809,1846,1115,1837,27
1371,179,1185,71,641,1068,291,419,907,548,391,1397
92,581,1247,1295,462,645,1520,560,1276,309,1289,1818
1289,403,203,996,1846,320,717,464,127,1233,353,711
1289,869,1049,21,129,944,1648,86,900,1706,1294,166
165,1529,221,1285,462,1780,46,142,373,75,1222,1819
1279,990,1566,1509,166,1284,1290,1280,1417,307,256,940
463,177,823,1819,588,291,1181,1591,1732,14,1294,811
16,98,87,909,623,26,1337,1580,251,1064,1082,1140
152,202,1398,1036,568,83,219,148,647,1566,1272,275
1288,1012,1472,1533,12,192,1029,1759,1722,1511,1276,644
1709,1548,104,989,988,986,494,1585,911,294,656,1778
292,624,747,1307,1289,1660,489,1804,559,1547,1303,1301
1862,285,645,406,284,548,264,223,1698,1306,1073,127
93,1271,1306,1418,137,151,1534,193,639,1843,177,1815
357,254,1811,415,1426,1282,896,909,400,244,1462,453
1160,235,1804,1292,1851,1291,514,1372,1741,491,354,978
570,1784,297,1749,15,1038,745,1748,1120,920,193,376
88,590,739,1348,826,909,137,1781,821,308,148,472
1052,1476,363,1298,1007,84,1551,1269,1302,496,990,1133
1084,894,395,1547,862,962,1182,84,1851,1292,1295,1546
1278,139,253,808,1396,186,1504,990,752,1761,859,998
126,1155,1279,1088,1005,1626,1847,739,1016,275,292,1223
626,645,707,290,46,1479,148,540,31,103,943,719
140,112,548,1702,1248,277,99,615,221,1669,306,1168
666,1275,1102,1539,277,402,200,286,275,1026,1529,1225
351,1760,1741,404,1806,278,684,191,776,1274,1214,93
1305,630,1799,75,1815,190,1564,1222,1167,58,1290,25
802,955,99,1154,1282,588,643,950,84,700,319,1417
263,470,635,121,1357,1589,1284,894,1266,421,165,74
1299,848,306,1040,77,156,63,194,926,1290,308,1556
1519,195,722,1017,1841,165,27,1191,1673,914,1132,1585
264,149,427,246,903,941,623,283,1798,965,1307,1230
1462,142,264,303,354,1293,685,1708,56,807,1282,645
27,259,1778,315,1705,1821,1191,1852,776,1426,440,979
78,507,553,1196,1778,686,280,1511,1459,337,1266,1844
262,1732,1314,568,1721,972,1143,1647,29,1335,640,1278
1476,1301,91,1525,993,152,641,200,1472,379,639,107
453,548,1289,773,88,1247,294,533,1533,61,268,1111
1418,1585,1307,83,1245,1329,971,1417,1045,123,990,772
540,1278,755,475,1853,1074,1082,1673,1155,1052,695,543
287,953,913,78,132,1354,704,656,1306,50,1279,669
1321,175,1534,570,1138,1189,867,137,535,1577,1182,1348
588,1232,494,23,1516,1296,1644,280,1524,285,84,820
1281,425,212,1752,83,932,805,1032,1681,1842,1534,802
1266,574,917,805,1455,785,1281,1854,893,312,121,1518
