181
1292
1125
1651
499
1088
1365
1296
937
1041
1409
170
1432
178
1018
1123
145
1585
83
253
69
144
1297
1061
1811
1243
568
291
76
1581
1285
1125
980
1296
246
1479
1196
1534
382
1093
694
856
1675
337
292
744
1303
1232
277
1673
1627
150
1185
120
967
283
1430
1741
1297
1129
1291
142
1030
922
1383
1276
1297
212
1302
225
1295
683
131
1284
1832
1256
1702
1814
616
178
12
1376
721
632
18
1076
1555
1128
503
95
277
1087
818
1141
1800
186
1074
140
1566
1776
457
91
97
1230
872
1260
274
1276
1130
856
1034
1082
113
1109
1166
1294
1260
956
150
1737
133
1333
1187
1525
1232
1569
1736
1790
538
656
476
540
23
489
801
1686
913
820
73
459
859
1849
1397
1784
671
1276
1288
1483
557
478
80
1084
1298
278
296
1060
27
78
1095
1585
1640
966
130
740
1332
3
1690
1405
89
1356
1804
133
222
1299
1018
140
748
939
552
1279
671
1347
1230
136
256
1018
370
1304
27
18
813
1278
1566
1036
1251
645
1306
589
151
1292
1125
1192
1564
268
24
1423
641
918
1264
374
137
1558
78
541
415
1307
1332
1710
641
1538
112
1007
1296
289
588
1145
1806
219
1468
219
1093
656
147
36
1279
1233
1819
1776
1301
1420
244
174
1169
376
1197
1461
26
845
1232
137
257
670
1648
629
1305
1385
1014
319
1002
1712
57
1534
1298
1282
70
84
287
12
123
921
737
294
533
913
1009
326
1299
108
1815
61
478
1295
259
148
157
1534
1575
278
575
581
1814
379
1088
1850
25
855
470
303
320
1566
1287
194
1029
78
581
1097
1276
1306
223
1132
128
542
321
786
1280
289
262
1301
1412
919
641
684
770
400
1469
1518
1711
1843
290
713
153
246
621
1177
1295
479
92
24
1195
1314
263
1237
1353
1041
1657
522
55
1106
1294
411
1404
1021
1306
1141
1239
100
1225
1334
1779
1296
1237
1713
186
426
1648
789
136
272
697
1145
1344
132
101
1277
935
1291
75
78
389
858
144
140
947
531
845
291
1116
55
1689
1191
131
69
61
1489
917
1256
235
1019
704
531
138
656
855
1525
1305
1058
1153
886
90
648
138
1300
1780
1461
418
1842
767
1746
1054
32
293
640
1339
1247
219
74
917
973
1230
1296
74
1233
281
705
1293
74
982
855
361
270
257
1677
763
456
1293
586
67
297
1260
277
990
51
1158
165
697
618
181
1280
1264
1555
1217
890
440
1302
1795
1106
1302
203
166
1675
364
547
1233
1181
1192
598
1813
1744
1292
586
1093
189
504
1291
989
1547
1585
1169
879
1102
27
1274
777
647
1432
1559
1804
1177
1278
147
291
1583
1141
965
1028
284
1040
187
309
1841
1182
1187
963
1789
874
866
945
1188
133
1607
1290
1843
283
702
116
348
1071
1289
152
495
1052
1292
128
75
1256
1426
1150
655
275
1026
245
342
277
68
132
1778
823
142
1678
465
823
135
1305
327
1260
1472
1304
1448
484
1830
236
27
1182
106
825
1563
260
968
1213
1798
16
25
143
1585
1276
547
128
1778
1839
1230
296
1328
1555
742
1224
1306
114
16
1798
1094
294
148
1285
279
411
1299
1347
549
727
1234
1805
989
476
1210
1306
95
302
469
1123
1132
1546
1305
93
1009
1217
175
1314
919
1472
570
1610
271
779
284
1297
1022
410
1001
1284
296
281
506
272
309
284
129
1776
1217
1256
572
1305
202
581
1195
1644
740
294
1759
440
976
950
985
275
1089
1602
1307
1163
518
1573
141
1840
88
245
880
904
863
1074
783
639
1042
473
956
1680
890
645
656
1817
270
823
1780
1292
185
99
1215
1317
316
1284
146
320
1305
202
1278
157
190
283
27
589
1303
875
838
697
171
882
1553
1034
568
303
1076
1277
494
132
65
1690
1222
1208
645
202
401
499
75
1230
150
723
1784
154
1821
137
1357
937
1256
927
780
1817
935
1721
478
1237
94
1246
522
1818
1307
905
1347
1692
1711
1669
1740
1752
1058
1302
1787
1817
71
560
1698
183
522
1229
914
385
1040
1137
178
1279
876
103
76
1440
1723
1213
1682
1303
961
250
1268
39
615
306
165
1180
1013
129
1842
151
1426
292
1706
1296
1305
297
253
1338
290
287
1591
1167
789
1472
1708
845
927
805
133
254
645
579
27
294
1836
1842
917
1240
400
200
126
677
1531
624
1158
1752
732
254
320
1712
360
254
1190
613
495
1372
465
517
1554
1033
1279
336
1818
482
1613
307
1274
862
571
86
949
1339
1298
91
1752
247
713
1052
530
1610
509
150
540
909
262
142
867
266
462
907
468
1168
483
796
1781
640
258
1257
186
995
171
1282
540
688
293
1048
27
254
1125
37
641
1277
598
906
1752
67
943
1490
274
114
890
1145
1013
201
444
197
181
707
1299
1295
1490
166
1770
1129
1845
1040
1703
128
1551
175
295
1266
291
640
990
1224
99
1818
950
452
1509
1566
1752
86
1305
1012
1210
292
588
1395
279
1780
65
1005
1129
96
49
1343
1266
286
1045
417
1778
519
1288
235
1230
285
114
1290
6
442
1160
1054
88
811
77
980
113
1823
806
103
914
27
995
735
1297
147
1428
257
1418
983
193
1804
540
956
1854
1366
275
677
1759
363
1665
27
146
445
1285
1828
615
251
1228
588
658
1009
129
