1727,1276,1778,1248,1441,1118,41,166,289,1191,280,1807,1776,1306,623,903
308,290,1284,1138,165,1021,1776,890,282,361,114,204,697,15,269,1611
170,472,656,181,1218,531,1752,1276,1158,99,1289,1798,1293,341,780,988
1492,1285,74,1129,1496,1005,530,519,606,377,1306,1008,145,1230,1479,686
244,1843,27,1839,1414,1275,1669,702,152,509,222,1554,855,297,1096,1187
1049,1041,1552,115,1128,1242,1290,1554,1268,478,1732,786,1303,133,283,1613
1829,1811,438,294,1028,1627,86,1563,898,897,1280,527,1844,1276,101,572
1677,989,1774,151,1290,1073,1094,992,740,1302,1757,1305,966,1780,223,453
459,1804,76,1531,219,1108,277,1303,1160,1408,1176,137,20,46,193,25
1654,1305,478,1234,548,1279,1041,445,1776,87,1285,391,1426,1299,1613,975
690,980,1470,970,591,663,103,237,247,105,1279,1547,303,287,1404,747
285,76,1492,1770,633,561,385,987,1182,283,223,1741,1621,1673,132,1408
1056,316,1642,1596,487,213,1484,581,1604,1815,1719,1141,1040,826,1303,1301
1858,451,1732,927,1426,462,1680,537,748,65,219,153,449,253,1233,1005
181,389,233,185,133,312,1776,1211,1763,440,478,1071,306,411,776,1301
429,1051,433,1798,29,623,1207,392,1231,780,285,186,1534,175,286,803
1566,1288,462,1137,1687,281,27,1801,1162,1844,879,176,291,334,235,265
1305,591,245,1292,238,1780,1844,642,1733,259,1374,1831,921,133,1276,144
1804,989,1242,295,1013,419,945,114,751,1176,1426,141,1755,233,190,309
1408,1256,478,1547,1750,70,1101,981,27,176,724,260,1305,1234,1701,278
1509,415,506,870,1361,519,1183,212,142,1297,902,417,77,581,1566,219
1741,285,598,1019,528,984,1277,1276,1036,1023,273,1266,153,1589,639,141
1279,1295,1289,1168,63,1704,590,868,944,83,1059,466,137,1659,1290,25
142,746,917,243,1418,1841,1741,353,1098,204,622,175,1048,1843,395,1305
976,251,1336,489,1761,767,70,1294,859,1301,244,656,1281,847,978,1288
178,1306,690,16,1005,271,1677,1173,1288,1555,1295,1532,40,97,1297,1783
88,1782,179,656,950,74,86,104,579,1811,1105,645,1302,999,856,176
1066,642,1188,494,1125,23,193,1349,1275,1109,596,1311,480,754,978,1843
1011,18,1811,583,1291,163,855,126,890,1099,1165,1263,74,477,1778,291
1146,233,588,720,862,1307,979,204,1040,1720,157,253,12,288,1205,287
268,105,1201,689,1166,170,642,1267,1847,821,600,966,1783,863,1305,1319
149,1099,1503,773,1282,144,308,1294,1323,128,1491,1658,1677,776,1324,212
974,766,82,1305,39,855,928,312,1256,833,1554,1459,569,966,890,220
159,1763,903,1445,1280,150,554,74,124,272,1691,621,89,1566,1312,64
1534,1756,23,967,1522,248,661,1533,156,12,1494,1426,1840,187,136,234
103,66,1602,689,1112,1301,142,1778,70,1105,1265,1732,506,941,1391,114
181,483,89,1140,684,1293,74,72,1120,1302,1095,92,983,640,1195,882
1595,953,868,1845,460,1366,62,971,943,1715,1133,265,518,1294,43,61
1296,890,823,970,129,99,308,103,1752,1630,1618,1278,1374,1285,303,831
487,486,1691,1539,995,1059,1847,1736,990,1353,644,499,74,598,595,1610
152,572,1251,748,1161,71,683,27,1566,233,953,1054,657,289,45,97
1086,1005,1063,258,516,629,1171,1658,1688,1776,263,1130,1564,707,179,24
1770,1306,1301,164,134,221,1026,618,536,1585,1093,243,1840,991,856,194
239,573,170,645,639,103,859,717,1426,190,1224,1109,1564,1280,1175,586
56,473,256,459,193,641,1691,298,1015,1056,1278,257,1846,1516,16,1488
855,531,267,913,1839,1188,208,1165,1335,1149,491,1235,1051,140,1284,1183
1218,1640,1279,1220,1293,70,1456,71,473,25,1119,1284,1266,350,833,1085
1295,684,1534,1208,640,621,1307,1277,69,863,1612,1819,1489,1828,559,977
1658,271,251,1521,823,219,968,1839,1209,492,1303,1566,1305,578,1116,212
1294,698,958,167,990,123,1092,288,1225,1627,190,613,270,134,176,1545
1776,89,25,989,1222,713,509,1859,935,1107,1388,1340,1097,945,185,1244
1041,95,1187,1234,978,75,1756,294,577,90,186,1769,788,265,299,1811
1260,1267,1250,113,1807,1426,245,1291,656,1277,989,1688,124,1712,1168,995
742,335,1292,1712,1784,1774,1039,509,1092,907,1819,259,257,1472,282,138
1225,1811,1281,51,1846,1284,1566,643,50,952,1843,1294,548,1120,1085,1555
1813,1068,312,399,114,179,1741,1810,1234,748,292,243,1279,934,1099,539
165,1288,370,1783,686,143,1593,265,966,294,254,530,1740,1307,61,1145
590,1302,913,954,67,1017,896,966,1780,629,1285,204,128,794,527,1805
60,1145,1035,1585,1165,801,640,245,1697,890,1491,316,257,101,294,1284
12,307,1243,128,1148,1721,83,1302,1455,1566,1280,1780,1007,1299,1218,1011
1288,979,1585,1630,331,1548,29,1041,181,1347,1279,123,531,1328,335,1781
149,25,377,1733,659,294,144,295,575,662,789,148,244,1353,1189,1301
1347,269,1472,1296,1085,1305,1220,1075,665,1841,1537,493,309,22,292,1842
1550,418,1256,945,1106,1191,142,857,1223,1026,1296,739,148,304,561,1658
665,1183,71,228,130,988,151,736,1025,445,912,1037,1265,1231,286,1199
1145,965,1774,581,588,912,257,752,968,1728,1173,1542,1316,93,1340,855
1823,138,1223,1301,266,1294,1409,478,551,889,151,1289,1288,172,1684,39
1677,166,989,1517,92,567,233,598,55,152,1697,545,806,65,1176,1751
306,1608,1316,745,977,71,105,1472,1669,556,1084,857,1305,1282,173,243
1783,1149,243,905,341,140,270,1834,1564,1756,1229,138,1750,1291,498,6
880,475,1661,1840,545,1292,1778,1548,1106,1591,1301,1558,1285,1340,1306,1284
993,256,30,152,1306,891,1217,133,185,278,182,954,398,1282,835,1017
1700,934,596,88,104,1503,597,1146,1757,1552,102,188,1256,641,27,1306
956,37,93,239,85,1276,1224,1490,729,506,166,1716,340,1223,1847,1582
950,445,1853,951,1071,1374,908,1051,244,1176,952,1015,114,972,273,439
112,893,76,1273,504,1457,116,312,1374,240,531,882,338,602,153,559
1176,645,893,192,1199,1846,573,259,70,121,258,1034,365,1412,1819,445
374,1424,74,1565,82,1141,1831,148,1125,519,691,665,430,876,1759,1555
890,202,1069,1555,128,1491,1488,137,1730,538,1191,177,1257,104,1208,1239
185,1855,281,264,894,1807,1409,1564,645,208,472,1585,496,940,1146,1306
464,297,990,244,779,470,1566,976,1450,134,834,890,216,1537,163,1332
1223,855,1027,294,424,383,1588,1235,1279,434,990,1486,1435,1247,1844,12
1352,1732,1223,906,270,1296,1498,1551,1704,760,100,137,1798,1844,771,1752
1306,1123,1404,767,1029,1339,212,1648,326,1175,26,325,1265,1669,98,1334
707,552,14,1225,888,1754,1307,1561,1675,1297,1355,1304,640,930,74,1371
1607,588,1800,312,141,54,1198,270,1783,855,913,1164,192,77,1546,1287
552,640,99,293,1267,92,472,1801,937,177,131,623,1290,253,1804,135
1748,1105,1303,552,876,959,606,940,1272,1009,979,192,918,1073,687,1251
640,200,990,868,281,177,856,254,1534,185,728,1232,1545,220,1278,87
74,152,493,253,1648,1311,977,1442,94,1854,1723,26,348,892,1792,112
1521,929,1585,1285,831,1009,291,1430,217,135,75,445,1146,292,697,1839
65,1822,1305,876,1298,1069,1795,1175,1741,160,1294,1007,1288,1687,1841,259
1811,220,1168,1296,310,167,128,919,700,1191,94,1341,1529,74,1686,1780
25,731,403,439,74,681,643,1574,129,654,926,645,678,1306,1060,772
648,90,201,487,499,1224,302,829,1291,540,1566,1811,1198,1128,478,1700
1741,1215,1305,1781,1284,63,181,269,1303,450,853,1776,27,83,152,567
1187,596,1237,1163,274,1769,1008,1118,995,856,1113,59,1440,538,243,878
568,93,112,1290,137,373,940,1297,1451,181,114,1279,1613,1294,18,1305
1819,136,1291,1426,1306,1284,1599,1472,1818,1096,1256,143,1307,1691,1421,557
1230,315,1211,363,1011,983,1082,952,1195,62,181,1345,1247,1288,321,1839
1085,271,1191,954,1136,176,943,1286,935,640,643,1159,1328,159,779,1836
268,1627,533,248,794,1088,896,296,292,320,120,833,423,1172,192,1290
1644,819,1712,203,845,1388,1306,1836,548,411,1780,27,967,61,644,581
234,1064,1159,473,257,69,286,1361,1280,25,1085,949,269,1333,1237,147
803,828,1302,65,1289,196,1774,1659,942,1747,776,1343,1161,1024,175,1319
247,1714,1306,1644,176,1181,1088,156,91,642,1255,1811,598,1278,1279,1805
990,1359,1281,804,919,1296,1842,1307,120,1161,1293,656,374,1480,1299,1478
635,803,460,429,485,1145,320,1052,331,1234,690,179,679,1657,302,1154
1303,534,68,906,245,1036,108,990,274,961,99,1798,813,63,713,1302
99,1073,294,93,121,181,178,176,309,1221,1097,266,374,13,85,303
1298,1760,1266,492,435,495,1747,91,1221,1559,392,458,855,917,1303,1442
1133,266,856,494,1233,733,1019,1147,1300,29,1538,1534,745,244,1268,716
987,654,1591,279,178,1657,914,1801,764,811,1307,1304,233,908,1852,1636
137,307,1266,1783,684,1712,53,1741,120,1303,694,70,1844,630,1278,1088
289,1775,1174,144,1714,441,1719,1490,1595,1801,531,323,143,714,1137,931
696,1789,1226,17,681,916,1028,1015,27,139,220,602,165,134,1294,962
1125,1802,243,542,1607,444,137,220,854,1712,1741,1249,1776,1307,1852,812
1578,1611,200,462,847,1156,1222,1005,1780,274,880,1307,1161,1273,917,993
403,451,1295,289,264,1149,269,1860,195,990,980,303,92,1039,1374,1278
1804,906,896,486,112,374,1036,157,650,393,1374,640,65,284,1296,945
671,1411,855,966,640,1296,747,1272,27,525,831,1094,1274,277,150,246
1240,1851,555,1067,1658,1673,1579,877,150,65,671,281,1155,254,1584,1808
1240,1303,535,176,779,772,1668,872,950,855,1305,911,269,1564,147,302
220,282,603,1311,256,1478,694,1396,1060,1125,890,1845,79,25,1023,27
739,1293,265,807,1544,829,521,1675,280,1291,100,1839,510,23,1216,1182
1530,1602,176,1026,590,1578,508,1229,740,49,775,263,145,503,557,1223
1036,1657,474,1331,1818,88,1294,23,235,361,1165,748,1553,439,778,192
908,1280,548,278,588,1304,123,1215,35,1241,1032,488,1773,1197,61,193
1230,778,1546,689,1686,781,1250,1130,63,319,1809,1839,220,233,639,1555
1030,1824,5,1819,1268,1840,865,1145,947,358,1534,1069,1440,1280,1478,286
150,867,1276,251,97,1137,100,1155,1712,78,1564,1028,1296,1084,1769,1292
872,894,1769,1615,1295,1595,1776,980,1282,1804,1133,70,1304,138,390,367
1299,833,1305,321,341,473,1781,92,657,752,1611,1562,305,1203,25,1026
74,939,87,695,55,256,139,907,73,1228,553,1250,1281,288,306,557
1586,76,1710,776,1276,1247,275,980,439,89,1585,1772,857,444,1291,1076
757,1242,138,1822,548,287,1093,1167,210,112,424,1039,1266,1276,907,728
1717,1112,933,1160,1352,293,1441,743,85,1083,253,640,1426,1161,860,1741
1241,935,704,509,62,983,875,1281,1579,1213,1115,12,1585,997,1108,1223
237,222,1432,1748,292,122,265,114,644,853,68,895,802,665,126,1280
1840,1741,1789,1152,1279,1343,280,284,1189,1811,433,1272,4,1360,1321,1529
447,1621,1432,1820,980,639,1468,1569,95,12,1751,1574,291,504,1293,275
1843,1818,1307,61,1836,1569,145,138,1863,1761,23,1267,1838,645,1504,875
1662,274,1324,1785,1408,377,1230,1546,989,1836,403,1305,1776,8,148,91
1183,1621,1832,878,1555,890,445,1304,277,989,268,1769,621,598,199,108
1188,258,4,1460,1178,1220,260,983,824,591,1741,917,1377,1233,1742,1372
1562,1752,1215,915,22,1299,1611,83,150,1605,1657,1484,1685,303,924,278
394,1555,1234,24,1457,934,1243,1279,186,123,1565,1333,745,350,1160,37
896,1291,256,744,926,287,134,313,1230,296,1249,1591,700,1266,1,1303
1307,596,1251,847,1259,1293,1231,1767,27,713,117,197,306,104,1564,445
389,716,1182,1792,70,884,25,91,75,990,703,544,1525,136,179,308
70,1804,278,553,100,245,1564,1801,912,697,51,259,268,24,955,1589
1417,1294,4,177,554,645,1104,197,1741,1122,179,165,885,83,1015,1404
157,70,1829,285,289,1223,1819,1160,1285,1685,143,965,62,752,1205,751
1268,956,1805,1235,1426,1199,475,88,66,511,139,640,441,723,1372,1759
252,1257,467,1339,1183,362,1700,278,1302,1040,617,1345,371,104,717,1841
1270,27,1019,188,450,1547,251,189,1076,562,990,1276,116,409,1152,108
1182,1144,80,1306,1266,1030,644,1145,451,243,713,273,749,1302,221,1498
1556,188,1181,129,1263,95,0,1260,827,707,1651,1369,1036,577,157,1730
1605,820,1415,441,1397,399,589,203,1296,155,677,1648,1147,79,1291,257
1197,407,292,177,1102,1303,856,989,267,62,1844,437,1472,287,169,1278
1102,867,35,1732,253,1029,226,714,1464,1161,996,890,1707,294,1305,642
176,597,402,1849,714,150,223,1659,658,615,645,1837,1472,1853,156,546
936,748,24,1284,1581,1534,958,832,225,126,1280,669,132,123,1256,1145
1710,845,979,39,1651,990,1770,1284,1305,1498,707,255,1374,127,1786,1625
1234,1565,1028,1585,604,1294,1492,1125,1305,623,180,596,126,506,499,144
219,1161,1472,1741,645,89,1232,1655,292,1752,137,878,1278,1706,1831,243
476,920,261,1648,134,641,234,1009,639,541,1258,1581,1497,277,1183,51
1038,582,75,1294,935,1477,857,822,302,1271,160,907,303,271,885,177
581,270,1819,445,713,644,495,70,1128,1585,1295,1219,701,121,990,1564
1299,1226,1128,1805,914,273,75,1297,990,713,275,1803,626,220,128,1830
1839,1851,1280,522,1694,1282,1825,719,408,1123,564,1299,64,623,363,918
948,989,383,138,1600,1646,1009,231,1321,165,1290,956,1299,1741,1279,221
356,796,1500,47,297,1306,456,768,301,1683,1093,95,772,120,911,1585
1841,1839,236,474,138,190,623,514,1019,1536,647,1736,181,1191,1436,940
645,112,862,1176,114,473,955,641,1256,1729,1206,1183,990,27,946,101
217,25,1068,1262,439,418,1247,1563,911,1561,303,1246,538,1741,1157,1613
61,1566,1292,379,1426,290,1302,280,1648,915,306,1236,1231,1280,350,1804
1199,990,1533,1472,128,1126,277,1307,1203,1263,1840,1036,171,269,1088,539
562,1018,775,954,1537,806,549,128,138,27,905,70,1279,1036,997,1455
1799,1741,924,157,903,1156,531,1339,1232,380,1034,403,1847,475,561,1051
1282,1293,1851,1156,1786,890,1300,90,1802,93,920,901,519,697,479,6
27,1562,1299,1305,84,1781,21,1071,827,1730,1300,1183,960,863,1076,1819
430,90,1301,70,1145,1739,467,1513,1163,136,179,659,880,295,796,1013
993,883,1806,447,1566,1782,880,1688,852,1084,1188,216,87,438,1457,1564
756,1278,147,1303,1052,241,1174,848,913,1016,1585,76,1307,1389,1272,1218
105,877,285,1778,1232,162,1356,624,297,1374,1669,39,1049,1158,952,973
1804,1678,165,1811,1648,427,644,832,1568,1280,1805,290,1564,782,570,1086
298,118,57,94,1052,1839,1128,620,1798,724,1028,197,1113,1340,1800,1257
188,356,1217,1417,1290,813,494,635,504,245,1192,274,1842,234,1289,1305
1307,1564,1270,1455,243,923,1141,1138,1306,284,1085,1244,412,1273,203,146
1328,745,1256,138,341,1595,134,150,475,1296,1829,1064,952,1277,208,1266
1774,261,1,1780,27,1800,1806,505,889,133,1306,190,1752,245,94,323
656,1224,1479,294,775,46,123,950,1257,312,89,1305,452,1296,263,829
1192,1182,573,75,659,275,1741,1347,196,1150,1817,1282,1805,23,1804,1191
268,186,1752,1001,1281,1295,827,1498,122,948,87,1033,298,877,147,1116
1183,354,1279,425,1223,862,1074,88,1430,1730,1721,845,1741,1776,77,608
1205,412,1413,1533,1780,1555,1268,308,737,1715,169,222,248,1281,1814,1551
262,1141,291,139,296,1013,280,680,1234,1302,485,118,1275,1182,148,103
1086,1564,1289,173,811,1197,606,499,1263,1676,928,1277,68,441,832,288
1028,114,1818,353,202,1087,1783,758,75,382,49,1424,1011,311,1281,1291
1263,655,1109,1566,120,598,450,63,621,917,128,1302,700,645,969,1605
589,197,444,415,1279,147,1064,1291,1069,1304,1694,1355,1545,285,7,757
641,1585,259,706,186,1756,24,956,923,285,308,298,1547,1136,1689,58
1280,424,613,23,1534,823,1303,577,389,586,343,1132,254,205,504,589
105,259,1237,284,1051,287,1566,1741,1682,853,645,137,1305,1697,533,1855
1292,1128,640,1304,956,106,286,1256,128,1266,1051,50,684,246,1132,303
1501,293,1303,511,480,1783,92,1795,876,563,1824,724,690,1535,93,154
890,966,1426,1256,1612,399,598,1713,1289,259,4,492,531,1744,1769,1418
1332,1297,151,1048,1067,855,532,909,1830,972,1298,146,1585,1289,370,282
191,1784,681,299,96,1797,1781,807,290,1052,94,65,293,928,623,875
1242,126,1824,824,779,275,460,1104,653,1294,1266,1309,1296,1302,1334,1290
530,1399,1278,137,780,74,1088,864,1540,1137,194,301,1268,1229,989,1840
1163,1040,897,244,1218,1627,137,1470,165,1841,1730,265,641,411,1472,110
520,1076,1285,305,204,1161,677,639,965,700,14,1108,648,70,818,1306
1297,81,990,1108,1761,7,220,1807,1817,18,296,106,730,141,1510,302
1555,1811,494,639,1289,641,1772,136,1297,179,1584,1731,1011,156,275,267
370,1265,1752,1804,1148,1296,1297,321,1288,1138,25,1266,574,1426,1399,1415
1304,1495,768,691,1307,1492,1564,574,913,23,1186,995,69,997,103,175
1005,1223,1261,74,574,1276,128,1549,25,499,46,905,1291,1811,80,138
1303,844,1083,93,1680,1374,244,1039,1280,475,540,1651,766,177,1283,357
772,234,1034,1806,1041,1295,747,1841,1681,853,855,178,286,1804,623,151
426,1564,1281,1707,298,1728,1132,95,70,646,1305,265,1430,990,181,568
64,1354,103,148,1073,260,223,743,1314,235,1307,1741,1711,509,591,857
150,1230,818,1348,1694,1257,1501,574,1483,825,1566,256,990,94,787,1289
75,1234,361,1085,1481,265,255,1811,1658,1266,72,1430,640,1179,1836,1566
1358,1545,262,1296,173,1278,1276,1785,509,96,881,1083,1108,1135,1457,195
106,1720,1653,26,643,1298,1021,1388,328,1778,1839,1345,931,1305,23,1038
1160,1712,1374,1432,848,1164,1046,126,1094,1052,303,1290,980,640,1752,1744
1216,723,1267,112,1184,188,1557,1564,1290,1605,1756,192,907,1058,288,857
106,1648,512,548,251,126,202,1778,1137,189,950,1266,377,1306,337,857
25,599,1201,1274,554,665,484,475,755,88,24,1279,883,1777,1564,1851
1345,1151,656,176,731,121,420,570,811,243,402,435,1307,1166,312,1811
754,62,133,1776,92,1076,922,257,23,1712,377,902,69,1042,1301,96
407,1302,280,83,773,1433,279,641,1132,1432,244,1054,946,74,1076,175
140,1564,165,936,1263,1291,18,1730,319,1425,291,234,1585,1780,272,934
75,624,918,183,103,1276,76,141,1030,1752,847,148,303,1228,289,1296
1655,291,1166,1279,1374,155,1094,1712,709,640,1298,1269,1585,1084,1165,1296
1291,1778,1721,286,101,1230,688,1776,272,581,1138,1374,781,290,98,743
912,1060,1071,955,374,553,1097,302,640,244,805,913,1781,1688,857,1233
640,12,1293,136,255,1145,1374,1296,210,23,256,1564,924,131,181,20
1276,465,1175,930,129,192,383,132,1165,284,248,1071,1300,1543,84,1125
264,1258,1128,621,126,140,246,914,186,312,82,1406,1219,163,700,878
399,748,127,1842,822,1303,89,1266,27,1415,123,645,290,1186,1078,1009
289,1149,1540,1432,1801,724,1059,1490,284,989,669,1555,990,160,1092,857
1051,1007,1804,1749,1338,16,295,1260,1564,81,151,74,1279,286,949,1607
146,900,214,1267,478,136,927,1126,724,1648,1714,523,1333,1680,1761,1012
1283,1133,510,1584,681,1741,1253,1752,268,637,1023,1804,1051,291,905,647
1837,150,391,120,1521,1842,640,289,926,1501,813,990,257,857,1246,1314
1555,87,1800,644,302,1280,1516,1302,914,635,596,200,280,186,1182,1780
1183,1296,243,129,235,855,1263,306,62,27,500,79,644,185,876,1295
978,1534,1374,1190,1296,535,98,689,1084,987,233,1770,228,642,958,254
295,1812,1763,257,146,1182,302,1136,613,980,142,1112,1380,1300,380,778
990,779,188,151,920,91,1669,369,256,1778,70,175,254,220,1633,466
23,1534,871,845,833,1365,935,1838,92,1547,1306,63,253,465,1012,1277
1277,753,290,1021,152,142,285,36,918,1543,307,1305,438,658,1319,1296
971,469,1566,1277,596,1358,98,1389,1760,1433,741,1306,949,1307,1301,498
277,1091,74,603,65,990,1510,1780,1805,388,890,70,249,122,235,1051
1182,614,1347,392,128,718,181,1303,286,468,960,878,136,1279,1277,649
302,392,430,983,1712,621,907,993,136,1170,1128,74,164,1160,415,639
661,1343,1299,197,303,964,1818,327,151,1235,1332,253,233,1289,430,433
285,1778,621,24,76,69,299,279,1850,90,103,1312,181,264,997,284
1294,645,355,760,440,575,1741,1315,844,1804,1302,190,978,790,1760,1426
64,1612,1277,1139,1766,220,187,413,1301,950,1426,1299,374,1275,1778,581
49,1609,918,16,656,1278,234,1616,743,1640,1366,730,703,1306,636,1566
1712,559,1091,1243,1063,510,1566,694,1030,1269,63,147,249,351,955,102
1300,1764,915,732,245,478,349,1011,1375,1704,1,308,1176,1728,1282,74
112,1107,203,1142,1566,245,192,1036,1234,1711,1611,265,133,177,148,1648
53,1818,1240,146,1648,133,1787,1121,278,574,18,540,120,1290,1242,27
1784,1430,1084,1292,1276,1279,1807,132,1463,449,440,1781,1177,1441,1304,1783
256,1282,303,1300,704,1302,1113,645,488,1157,325,74,1490,220,58,1350
1011,1761,1734,647,151,1518,478,1120,197,186,1303,1830,233,1489,982,1223
1547,791,1621,1778,504,843,640,990,335,1036,1349,806,469,1241,632,918
1830,1125,100,861,126,176,1121,1805,50,1307,1235,134,138,598,275,1278
1717,1225,37,1710,1518,1106,1292,666,321,1284,145,1780,1648,1566,27,170
98,1781,1309,1303,1711,929,867,1712,1298,1417,1306,1212,1377,1030,243,1333
1440,1798,234,1166,974,1520,673,1693,466,1290,18,757,1546,1720,1302,1372
136,982,1686,914,656,1085,657,1296,1307,1780,172,1276,1585,780,1403,27
1060,1832,1644,793,1007,523,1300,1276,1289,466,644,129,1540,961,1792,959
1566,978,1275,1840,1747,1278,1305,644,1337,1242,1251,1295,806,27,181,1395
170,136,1258,1430,907,95,980,1007,983,186,1291,285,176,334,1805,1475
669,1432,271,900,918,243,1290,1353,1249,1756,1845,1741,867,926,691,1811
237,1518,1279,641,451,639,430,1769,32,801,370,534,1311,1329,1276,842
1082,193,1697,1847,953,701,656,700,27,1739,1778,1509,979,1289,1534,661
487,107,152,1699,867,1248,1284,1851,881,137,76,23,1298,126,692,509
220,645,1708,28,482,485,268,1015,1249,1301,1422,306,1277,1222,183,1417
1712,407,1547,940,929,728,1089,1168,723,1146,877,579,1302,907,1555,1669
1374,186,1275,1289,1294,857,1278,821,606,1136,252,671,259,95,1377,695
798,1712,333,540,717,249,1776,190,1374,302,1294,1498,954,314,835,1169
1804,1657,1094,341,1226,656,980,223,1306,1800,1269,1289,321,316,261,1710
1818,947,1328,1245,1258,150,374,309,890,924,24,1082,1234,1585,989,569
260,76,89,870,695,70,1258,1233,1274,1367,171,268,1550,890,1741,415
1242,640,942,819,260,127,694,1288,763,1549,132,1307,61,1227,485,1809
61,1292,134,802,940,178,1276,1301,152,599,268,1780,79,1202,1702,1280
1467,1217,510,432,1418,1580,1585,1264,98,101,1280,18,468,68,129,1242
296,1465,1810,270,1719,1781,379,1294,853,491,1248,306,1314,1034,64,268
858,78,1256,49,92,651,949,902,1819,644,1279,1153,1161,1133,1071,499
504,1251,530,293,1103,354,908,460,703,684,623,842,927,466,1223,1804
1284,62,294,1836,1802,1491,703,972,1706,1075,1290,99,1097,1280,377,273
1598,1798,1104,1296,1511,530,163,1741,459,744,1694,323,1335,670,1552,1108
81,490,1276,478,1246,1472,1146,296,112,683,1294,224,134,914,987,412
271,1565,772,1300,188,1830,1564,1184,260,423,953,1841,340,823,175,768
65,1127,508,1659,156,1360,1276,166,1292,1284,1776,458,275,95,1838,1829
1117,1306,1274,1233,1439,308,287,583,644,350,88,286,1472,1849,591,356
1176,989,1811,1152,213,337,165,1806,147,141,1534,1299,1781,614,100,890
1473,1301,1225,1182,1294,735,290,640,598,114,781,374,228,923,257,101
131,989,1164,1176,490,204,302,410,391,297,1388,1291,223,150,1301,1302
1296,235,919,1540,905,64,303,1168,184,1161,909,1597,44,1293,376,282
726,956,1846,1191,63,1299,186,133,1863,490,1266,1157,1585,268,903,1548
1648,27,1280,1176,62,532,23,277,190,162,288,1566,1830,1432,1207,176
1621,92,686,770,421,84,923,1385,1256,424,70,717,128,990,951,1727
246,1783,233,684,1191,76,1169,272,1806,1307,1299,235,614,805,223,1294
1293,319,621,1064,269,74,1332,687,1280,1296,73,952,1689,1273,949,134
1752,1669,1293,572,748,354,151,769,1555,1832,1297,378,418,920,990,535
128,299,88,92,1288,1273,70,108,725,1547,1284,1384,260,1279,268,1669
1342,320,453,902,1859,1232,1594,1305,102,1294,186,548,1780,181,269,1823
1638,407,1307,1834,294,1303,645,193,700,1015,92,949,1280,1488,1648,295
1256,1765,70,95,1215,93,568,1432,776,90,1147,12,146,123,74,1352
546,215,167,145,243,1583,220,184,1012,1323,458,389,575,1550,1306,1284
82,1499,136,1372,459,157,24,253,366,860,94,1620,62,179,190,303
1012,286,1270,1779,1657,1548,984,233,1326,262,963,1589,103,89,1292,86
1294,1249,1769,303,833,1820,291,1307,204,855,1076,270,1549,1377,989,694
1635,1009,765,1511,1123,509,298,225,1222,257,1542,1103,1445,572,1819,1609
1225,722,203,878,261,1116,139,945,157,1818,1290,58,959,1145,1084,1101
1341,213,1086,1073,1300,1276,278,1075,901,1097,114,55,1076,70,1174,1519
25,1472,238,1296,623,967,554,88,1733,284,1152,1741,1669,1028,952,490
1465,754,73,1069,105,104,1079,220,855,1499,1805,296,1531,1804,120,344
1585,369,491,1399,1301,742,223,478,138,1404,136,1727,585,1276,1302,1566
645,137,1007,105,234,1669,1293,1317,147,114,551,990,307,1811,1530,279
1280,1088,179,1727,1855,403,285,496,921,1284,1234,1817,136,1296,909,905
1547,387,271,139,1191,667,87,80,990,1094,962,100,1648,358,12,1246
774,1302,980,74,811,296,1282,1289,640,905,507,776,1845,1278,1808,253
406,1261,337,90,1706,1783,1176,476,1230,1555,193,264,768,1198,80,289
816,440,53,50,1276,859,903,1280,1449,1103,188,643,1222,684,1266,269
284,1183,1278,989,1575,1014,855,1294,1328,1566,503,750,1847,60,509,1288
210,285,1711,1792,220,1161,764,842,89,1285,768,1658,74,377,1577,212
142,990,1303,194,1274,954,1314,63,1243,1776,563,70,281,1802,1228,937
1248,941,504,1299,1555,380,905,1306,193,1789,1062,1013,338,1778,1136,152
186,37,79,1302,635,177,478,990,278,1547,912,140,1721,297,1190,1073
1772,1832,1744,504,113,1305,1302,1166,991,977,165,1431,1290,450,1279,23
570,1225,548,1686,1730,204,1564,246,1291,919,1279,1754,1156,75,223,77
1067,1780,1256,885,1627,259,1298,1836,1276,1287,890,253,730,1633,1305,768
93,1702,24,1069,941,25,811,577,1291,1026,245,1306,27,131,1084,809
1288,815,1306,1704,1085,1646,723,1496,858,314,641,1301,1819,1289,318,376
880,260,603,134,1804,1512,391,429,1728,1708,1304,1335,169,106,1028,1720
137,133,294,1833,1277,255,1275,222,522,139,1182,466,155,953,603,1181
896,1058,179,1290,581,478,1052,1496,977,1547,301,1676,285,1621,1703,274
1808,1448,859,900,1747,478,376,279,1711,522,1534,1304,121,1657,1584,553
1819,1296,621,78,627,807,1807,693,192,1141,280,1259,1076,1190,842,296
839,1232,1828,561,1675,1266,1257,256,608,68,1524,411,8,1595,1286,557
893,924,701,1711,917,178,1436,76,1188,1585,210,669,761,1279,487,97
134,1295,12,1239,61,436,1496,1242,1519,1058,990,1512,553,1034,1225,1303
948,1301,794,1302,1243,1397,713,286,1182,478,1156,219,133,1166,1278,68
652,73,1669,1036,856,175,1585,581,1291,1265,779,283,1207,106,1547,23
1807,589,1233,1208,1472,586,1296,1248,278,806,290,1681,1819,25,1120,1847
176,827,1845,1238,1178,1205,1492,179,389,1076,1294,1682,1370,23,591,1371
1807,1204,94,1349,990,1305,652,540,1191,80,156,914,1566,1263,305,959
134,857,1157,1780,907,1472,166,252,1382,1197,1052,137,266,1150,126,1091
693,259,1178,664,1727,1085,958,425,1298,1772,1220,1034,1303,1139,1457,25
1024,1811,953,1322,499,739,748,1184,220,1249,1030,1590,1819,1355,1206,221
1104,121,1103,266,1472,1095,1658,1415,725,142,1280,1125,1307,1011,1285,687
1282,1068,401,731,740,57,78,1732,1013,1648,1749,1120,1269,478,194,1636
1848,400,919,140,294,1207,137,1084,1278,1152,984,190,1732,99,279,1555
258,415,872,137,1303,1199,263,1305,71,1201,479,1069,1618,108,1694,588
862,1569,1281,254,919,1311,186,855,99,59,121,859,120,1155,950,1306
271,1415,665,1315,717,899,140,1295,1076,1389,390,442,1617,1711,889,1823
1280,1191,1202,1299,88,395,411,134,1137,113,1648,1550,264,1502,268,306
1689,1041,1167,136,151,822,645,1862,1256,427,277,1741,1297,1267,108,1845
506,947,956,1199,113,1781,598,1666,521,1566,1245,1266,970,876,1506,1280
568,1169,645,1014,208,269,132,1125,1276,1301,1294,213,129,713,120,1281
107,1076,1712,1303,258,954,459,181,1136,79,88,1009,1566,162,1093,1461
1278,25,1545,1808,139,88,1179,1648,136,1291,1677,204,1853,1351,1400,1852
154,1774,306,71,260,1595,171,720,640,474,363,540,245,1852,1565,178
1601,641,1302,14,1012,1788,1089,1267,152,1307,1297,1159,656,302,1847,952
219,691,1503,731,97,882,1688,70,1285,987,147,1223,271,473,166,1552
1781,1407,1590,917,1346,878,532,1752,1703,642,27,1741,1236,1275,261,1513
806,1289,690,695,1266,1668,459,670,6,193,280,1018,263,1052,641,96
418,25,134,1093,1176,1256,1289,1100,821,1302,1097,1306,1166,59,1426,1690
684,718,374,641,1374,293,1276,802,826,921,1181,1741,1305,1683,847,1839
1247,106,171,1105,267,1011,1430,1038,1225,496,1278,108,1376,826,585,1177
177,415,1737,266,185,1739,1305,1242,190,1817,290,423,1277,1732,586,1145
488,1061,1238,1007,1113,1040,62,278,1362,1444,303,978,235,59,45,1303
1109,114,1769,951,1245,71,139,1648,70,1291,989,1287,405,873,306,1019
1574,1052,1518,450,1741,141,104,749,1125,484,296,1276,376,918,637,1306
1082,350,1502,204,200,179,137,176,823,1752,402,197,1293,440,134,112
926,1861,1294,951,92,1242,1263,918,101,572,1129,574,155,306,586,1284
292,1191,1741,284,1472,1266,1073,598,1265,1458,138,1297,543,831,1679,508
1287,1578,1289,957,244,585,187,299,1063,1284,1585,413,1021,598,405,917
1030,305,883,504,1744,1712,656,1139,1306,242,259,1745,640,1203,1250,91
1269,728,1399,1453,1002,976,478,918,1799,1780,267,811,136,51,287,70
1130,253,1073,928,411,645,1145,1177,613,185,57,243,700,662,1257,644
253,1732,776,1128,749,1249,997,1610,167,144,859,640,1684,308,591,1565
847,253,1103,1841,1284,1304,172,177,402,173,461,65,422,857,1115,492
1648,27,259,1545,363,736,185,1140,1532,885,469,921,1064,642,643,25
65,1243,856,1781,1849,1294,1228,1807,938,1555,1832,1426,1306,461,138,121
1078,1199,190,908,1117,1808,1783,335,512,795,709,1804,646,636,193,1026
1007,377,1276,664,523,821,1294,1281,828,95,27,805,1432,1561,1226,1463
307,1612,1217,1036,696,1305,767,857,1853,863,770,1187,429,253,70,371
775,298,1607,921,945,999,1219,176,1416,147,77,187,121,1125,152,1289
285,683,1030,1685,1374,1299,1306,1266,399,1551,863,1298,220,135,1610,244
70,656,309,1082,1170,71,174,1591,104,129,1846,1245,277,103,41,1306
1243,623,363,1566,1353,1741,1290,570,1383,811,23,74,1007,1034,1284,1307
146,1295,474,1426,354,234,805,621,1121,1476,1297,189,1032,1490,1034,144
1064,535,472,635,598,76,639,857,644,900,669,269,95,407,91,128
773,122,78,376,1704,101,255,1782,1694,1276,1205,1297,1741,756,656,1036
1675,921,1041,167,819,1249,1856,1052,1539,302,148,314,74,1295,1182,1299
252,890,911,1150,1778,1036,1304,1712,499,1502,1797,1032,293,63,71,1808
178,673,150,1217,1278,284,839,591,644,1300,716,550,1156,171,70,331
302,1712,1842,86,1076,7,1176,72,625,307,1182,253,804,1303,1544,1488
1185,178,528,461,1778,1419,639,65,1432,369,1697,242,1199,292,1356,1808
91,1224,1621,474,167,273,104,132,1026,1616,1160,27,1115,1132,1305,807
924,1144,1128,1299,1552,516,1518,1278,772,1056,520,1420,696,1276,907,1488
1128,961,1184,1084,854,1303,295,1741,293,26,1204,335,1320,100,73,1108
1828,1281,284,1426,851,579,80,535,1841,1365,1273,459,1490,1290,571,887
1117,1280,340,19,309,900,78,1276,303,1305,18,1183,1728,1281,223,266
1727,1547,1305,1708,1542,224,1237,93,1276,944,819,1516,325,1191,280,24
613,1298,1523,536,288,1564,1693,1142,953,1305,848,747,1417,598,917,1288
938,898,305,595,34,156,260,1372,1280,645,759,956,170,588,74,377
1842,971,1553,1819,941,275,1728,129,70,62,1297,1702,258,832,1295,845
1364,305,506,994,20,1585,1285,1183,57,550,1242,74,62,923,936,1294
93,1589,561,292,990,1145,1302,878,995,201,1841,952,1113,1817,1674,640
935,658,327,185,977,1356,1305,1592,998,1741,865,753,1511,1384,100,1096
171,1655,269,1301,1534,811,1128,1294,939,940,1732,1191,1401,877,98,992
1432,1303,151,290,1276,1751,1010,101,969,55,921,93,466,907,1184,1489
1307,934,1259,1781,402,139,896,1160,280,1466,1523,1223,1732,1293,1856,1092
1648,1783,530,157,1372,462,1264,596,165,1237,416,1145,233,1182,1007,1426
622,1013,1117,1841,179,1278,828,940,1277,98,965,78,531,1367,1307,548
522,1534,694,654,1490,1776,1303,1290,1712,1805,987,1288,297,1229,950,274
1306,1147,235,755,1051,1711,79,1076,1280,1294,133,628,1585,1808,1654,901
253,637,1728,474,88,546,1697,180,7,1280,842,804,1529,1314,247,645
1307,478,253,1085,79,1586,216,1778,994,1064,267,909,1251,1128,151,877
329,1183,1712,88,696,640,440,645,509,1293,1774,436,205,742,228,1279
1226,1292,1454,1266,89,1305,955,645,1105,1131,1731,1291,687,127,752,1676
1673,1096,990,1102,1211,926,469,1698,59,1672,1732,984,170,269,1114,374
382,281,760,162,1307,98,132,1005,1026,490,1426,180,1781,1804,745,220
916,1266,1593,811,374,531,137,1294,322,494,1099,1276,645,61,796,1183
1091,964,1566,1841,1370,1007,1536,95,392,1716,1374,1018,1130,1686,1341,70
78,1306,95,1225,1537,476,1113,575,188,1026,1307,114,613,1005,1129,1273
164,1752,1216,99,531,197,598,274,757,1754,140,306,1256,176,51,720
634,190,1850,1692,152,274,150,1045,1285,322,1160,1146,302,645,1303,18
1795,664,1534,1299,1594,1859,1307,966,445,1778,98,779,201,63,1374,1040
1660,1253,1183,1728,1088,161,568,257,1675,863,1051,754,45,1794,1752,96
606,1281,101,1777,475,645,841,312,134,918,273,128,308,1755,1579,987
167,1819,50,1278,1648,1547,1306,656,1290,291,348,974,193,1034,492,588
990,656,135,360,1708,694,80,70,750,1470,1145,1052,1828,99,1058,1038
1427,914,809,645,664,114,267,1851,1095,1275,1534,531,1500,176,606,436
9,767,279,88,27,645,4,245,146,1306,1307,162,74,1819,728,256
623,1076,890,821,105,1237,123,220,1490,448,1243,921,180,1730,98,1735
540,640,79,572,116,234,524,23,1199,1656,762,1282,296,336,93,1830
1432,1187,1776,1250,1625,68,1293,658,235,73,1245,501,928,1294,919,1262
297,133,176,806,1355,1426,907,194,1526,624,908,146,27,523,672,148
950,784,100,55,1472,1156,1288,3,1540,1566,154,1076,328,681,882,126
98,1284,298,1152,735,1094,296,203,1688,1228,1256,1013,999,297,823,451
1569,1165,1224,268,259,1296,1281,74,167,1426,1631,1096,1465,1305,934,77
88,267,1616,1076,1187,145,824,1560,992,50,1049,1282,1696,725,450,968
46,80,100,95,1613,645,1246,1441,1564,1304,921,1123,478,312,1790,1732
286,943,426,452,623,1290,12,1062,945,1274,1778,318,1285,1111,988,1305
1669,89,200,294,179,285,293,292,146,1804,1021,1328,399,167,415,1755
748,1029,1564,57,133,1824,391,336,123,1258,266,1216,1346,1837,1774,144
862,18,1177,1547,185,1176,798,278,878,284,1016,1279,1301,1655,266,1128
1691,740,1671,629,1689,1325,667,911,1648,857,26,1307,1555,402,576,1138
1301,92,120,1817,1555,1126,1011,721,75,1239,1307,494,1092,645,1293,219
1009,731,186,1028,684,989,1409,598,93,1275,1745,924,1041,175,1000,78
1094,1764,70,484,642,1271,881,60,669,1276,489,1783,121,1051,1024,83
219,126,1296,182,1155,1430,1330,1826,1374,1173,129,1234,774,346,69,1780
216,1288,185,1295,1599,723,1701,121,1173,552,91,1117,544,279,1534,1780
918,1837,1374,307,746,1507,1711,1746,14,270,1304,156,656,506,1079,1277
337,287,926,862,201,824,1057,465,1296,532,694,103,912,137,1580,1566
1277,99,285,639,108,303,989,1192,669,1084,231,1041,424,683,3,1599
1270,25,876,1651,1778,1306,1240,1092,1289,1112,1307,1432,151,1058,978,1266
319,282,974,818,246,74,1595,1135,1477,980,1789,648,267,1289,1481,438
242,258,901,492,1534,103,917,1279,859,1613,1492,980,1034,1542,1188,1265
315,75,1307,1680,128,1280,492,144,156,1345,1183,1440,990,1305,399,899
952,59,1773,129,62,27,498,167,1305,1067,101,1675,917,1282,1137,257
1440,452,725,12,1076,277,1059,615,69,1804,751,257,1518,1301,745,1307
911,691,676,959,1229,262,312,834,261,1430,1089,1314,1284,690,641,23
1292,1468,222,1472,297,665,1565,1168,1694,1092,618,1200,1722,1426,1284,1297
656,840,1796,288,564,693,1267,1807,475,533,1311,1306,422,242,306,1752
88,990,1305,1074,1216,258,142,784,579,1294,150,1509,793,297,993,141
1648,1078,135,1222,59,890,190,908,737,278,602,1735,1839,621,1706,337
137,1844,1616,1841,279,917,740,1275,789,181,1300,880,1252,294,1012,1555
552,177,1302,223,86,1263,1098,563,1314,772,1278,1267,29,112,1192,290
1780,1242,95,26,317,1237,83,507,1700,1836,1284,898,760,296,1094,430
1258,1160,1547,541,77,1294,1432,292,326,1334,1385,201,1305,627,1830,418
812,88,1794,1441,707,244,192,1672,220,1704,87,1499,1426,114,290,70
1041,773,1305,160,24,494,12,1796,1126,1301,1087,1263,137,1293,740,1741
1560,1074,200,1307,319,1294,136,103,296,1712,1280,1640,801,1048,1566,254
55,1465,1138,489,1727,1296,113,26,773,1294,877,1297,282,1139,548,149
779,27,924,1296,590,103,488,1077,1275,665,1086,640,1178,1706,1297,606
1186,890,1727,1665,1295,1068,1300,116,1296,1498,1526,990,1837,1325,1784,202
81,460,1224,69,1550,1305,1277,1279,120,924,166,1328,525,416,1257,1086
1734,855,573,1192,219,852,1205,1345,407,1303,845,1036,1736,287,70,931
354,1182,316,95,499,1028,719,292,1283,1363,1470,951,72,269,203,1305
1372,1502,735,989,18,1071,138,518,1830,78,303,548,1279,1307,1360,1260
1165,76,963,294,879,556,180,691,885,1289,286,1294,1161,220,533,1552
284,1088,1278,909,790,145,1270,142,1726,432,117,1138,1296,194,179,112
1604,1297,907,1838,27,1300,185,1536,436,586,1171,42,1226,147,274,114
1740,65,1292,1758,645,762,1432,1591,382,246,27,281,1177,466,758,1109
723,1224,1293,1294,1276,1103,398,1301,23,1841,1084,403,852,4,55,856
1116,147,319,357,253,1060,1691,267,1232,194,1233,470,1475,1290,1719,297
284,852,645,79,1279,264,1265,141,128,99,443,1550,52,1161,1706,51
173,294,1274,1490,194,1036,300,287,890,989,1550,163,433,1280,227,1366
335,1166,876,848,1285,430,1289,1264,93,1075,415,683,261,285,1756,522
709,244,644,1284,1395,984,562,1712,1290,895,639,152,87,85,636,284
25,640,178,914,1257,1840,1218,267,114,1034,740,1055,1848,1132,466,1706
1329,399,1292,1842,679,357,136,1086,203,1621,151,1017,348,993,1026,293
721,1287,222,549,645,421,451,1292,137,1585,856,120,476,1071,123,1286
1191,855,789,1773,126,1267,859,1346,366,1291,1648,1663,1555,1276,344,1278
159,152,1799,1215,1752,739,1280,1568,802,1574,699,101,1415,1648,63,1281
1228,1247,99,1801,911,1251,1303,1305,1575,214,1347,1183,295,908,1842,1314
588,559,548,440,147,244,1299,1417,185,1704,846,448,1455,1338,1300,182
1281,60,1348,132,77,1173,1593,822,976,753,1260,1098,1284,1095,896,92
1292,70,1265,302,678,717,573,153,890,1165,279,396,1677,407,1290,1840
1161,1468,1677,1566,88,911,1305,291,862,760,478,516,1740,1626,255,861
1225,27,192,184,261,1555,1777,1182,989,1226,639,893,1307,86,858,58
238,1032,1325,1234,1118,78,257,183,1304,890,278,1294,1720,996,1681,250
1584,677,432,1706,642,1013,59,1552,1732,1293,902,283,280,1292,1282,909
1780,631,1823,575,645,1082,395,1316,697,202,686,1807,1013,856,193,1839
1247,1171,286,1051,1261,1136,931,217,786,150,212,1298,1228,117,890,1251
1088,547,83,1015,1550,1293,576,1250,1705,1150,1304,1199,174,486,1181,1769
1519,147,1536,937,1033,1298,1346,1292,1204,1787,588,163,1288,1291,15,148
223,1778,1179,267,19,1031,1307,686,220,58,811,181,1291,559,189,916
1095,176,1136,77,621,1099,624,1299,1801,645,151,166,1329,1280,278,1002
292,1555,59,60,779,1291,1547,1148,837,1233,1600,1266,1243,1373,141,325
1492,335,462,1728,894,325,1811,732,1016,689,259,1284,1227,461,10,1566
1819,666,1177,94,966,1547,135,186,27,475,474,1770,694,20,148,1289
713,572,909,303,1307,140,1667,1086,1208,780,947,1129,1007,484,150,1266
573,1682,1477,286,1292,23,812,57,201,1347,64,74,1519,571,1097,1182
530,1143,645,1266,1264,165,1226,1249,1120,1306,832,1242,134,1426,228,272
1840,782,165,1055,1024,123,1182,499,151,1787,1269,1287,639,1708,1278,1836
1555,109,1160,1238,223,1018,691,541,953,503,58,1687,1683,230,1291,548
245,1071,1284,1431,1445,1279,1074,291,922,56,58,1555,1819,1758,1224,93
857,605,581,244,1364,722,89,177,290,27,1036,234,125,1853,1017,193
218,1717,1292,1200,669,995,282,1276,684,721,1695,219,1519,105,1780,1099
1052,518,1289,94,152,125,60,1160,221,1292,646,1552,37,990,123,285
122,656,1284,108,1804,1569,920,1073,893,1218,1545,298,203,1479,267,1787
1024,934,1040,33,382,509,1720,1282,882,583,1005,1566,370,636,859,908
823,1173,1237,1841,1240,573,1069,1068,606,95,1141,312,27,1706,990,86
1084,1820,632,1301,1341,1670,12,18,1291,109,716,1038,955,954,1688,229
412,921,176,286,74,989,1760,1081,253,490,1565,574,572,100,656,1261
1840,749,1144,1035,1295,181,954,303,310,95,288,7,713,1279,1090,913
1278,1242,138,1244,73,1038,1420,766,722,228,392,1836,267,148,753,664
1745,902,1310,1191,259,1780,921,720,958,1188,998,1741,200,137,4,722
1146,221,1266,251,665,129,1273,363,270,918,1648,77,1547,981,621,1279
409,1068,1325,1074,519,272,37,1240,61,462,1680,427,720,295,1780,900
1307,1282,1258,1772,356,1182,193,1031,308,234,1835,666,879,1245,578,771
1198,265,856,1591,1556,677,946,61,1781,1841,74,1307,528,137,1447,241
1276,571,1223,778,1564,1774,295,20,177,856,944,1188,1294,289,25,476
955,1516,1278,228,1129,269,1534,950,1430,484,531,1280,245,1306,893,50
522,943,1307,121,574,264,907,1802,896,148,1281,1279,419,1275,484,523
1267,1229,1181,1585,957,1297,1291,670,258,1154,1224,853,136,1305,921,553
1311,1306,1095,1207,1009,886,221,1237,640,913,1040,1697,983,963,644,1839
289,1193,1303,285,1216,471,1270,1379,188,1108,1289,1291,1167,1282,281,570
306,801,1297,223,262,964,12,857,91,1759,74,1677,1184,80,1288,234
1810,706,1277,1298,1534,1499,220,70,1182,681,1036,1839,950,570,1183,1052
1280,1648,192,644,186,478,875,1621,1188,1314,1183,726,258,1163,1088,1776
1296,1084,1209,1372,901,1306,1496,1411,530,729,1178,1413,23,1247,1555,265
857,113,1741,893,1176,212,1859,283,165,1793,1074,1659,643,1296,717,669
689,1260,1555,856,77,1585,1677,1768,1845,1251,177,645,134,194,129,1291
1111,950,194,263,1662,704,220,1427,102,307,136,318,1295,243,1243,583
1228,1732,1263,1558,1711,1301,909,1294,957,598,1704,163,568,1418,297,140
1301,1302,1621,320,1230,748,1714,305,1166,1190,1781,275,849,966,188,523
509,1845,863,25,1566,281,1648,90,990,949,1780,640,1242,278,1613,185
326,1542,1307,1290,1062,1676,714,557,132,374,1292,1643,1167,645,392,1018
1148,1847,1009,178,1243,1183,305,639,1839,71,1260,1417,963,91,478,572
494,411,1811,1240,1579,259,1024,1016,1234,1302,126,459,137,212,279,1775
176,506,76,1041,1080,859,1585,266,1132,1299,291,1727,202,4,1191,470
1300,295,77,186,1491,1775,274,1307,1338,171,680,984,1277,695,374,212
694,641,686,1292,1417,929,1096,1222,1374,1566,223,271,260,1843,1280,1243
1335,928,1228,266,296,639,1295,1290,1354,573,1824,4,1204,1432,63,1277
290,112,1278,1859,1286,1188,280,1497,1355,1811,1005,1282,1787,1664,1291,140
938,1795,841,1778,46,265,1289,96,1373,538,960,1492,1777,661,535,991
857,273,603,1182,108,116,640,698,310,1687,339,1279,573,1455,23,74
1521,1294,1302,586,429,683,1279,1282,1648,88,151,459,78,1267,1106,137
1587,1625,1441,1027,1133,1089,1294,1655,1617,263,1843,350,1676,1457,1302,236
167,1472,791,284,785,1274,478,649,916,389,1223,27,1643,103,1563,219
219,1613,224,907,887,197,1851,656,1182,1022,998,1289,1639,1839,1741,1372
1270,647,1276,109,1583,1269,1686,1688,873,245,434,862,781,1374,1651,999
151,1236,606,1303,943,177,1042,200,1048,1328,1240,1276,279,1830,919,165
399,271,1345,201,977,1480,1577,635,804,221,616,370,1607,523,1318,1321
1011,935,1566,1472,1756,961,921,1302,1272,1013,223,1669,1298,494,92,988
1041,1012,1291,1798,46,1369,1545,1811,371,1762,793,176,1040,305,25,1307
246,666,268,1548,509,641,824,219,356,1007,212,1787,645,1299,144,890
297,63,570,1298,1009,641,80,26,1293,990,478,1178,1031,579,791,1559
1036,1537,174,1207,1164,77,1279,1721,370,1009,1675,941,1433,307,273,1280
1722,312,1061,656,179,235,843,1566,140,1533,768,1295,478,1202,27,570
1111,1534,989,968,1320,1804,624,1426,691,1503,1774,969,1297,144,1512,1064
1303,1285,1299,126,1423,74,1783,148,1276,1430,178,1058,164,848,244,259
1265,1544,1842,1299,105,1112,91,775,114,261,1760,191,292,1686,1585,1297
1088,681,1175,1199,645,289,1741,1295,1836,1811,267,39,197,91,1418,889
777,975,4,140,781,688,84,358,1564,474,1178,199,288,5,1271,574
99,139,989,890,1781,641,713,114,1108,941,1148,142,919,1491,1073,1674
1104,1752,1257,21,1781,1223,1669,1819,138,16,825,918,1128,87,1739,828
978,1087,444,1861,302,286,1307,20,1084,1257,490,1525,1289,1277,1840,1297
152,911,1059,87,270,549,656,1752,178,639,1804,1645,186,1554,1689,246
1281,1342,1141,293,152,1034,579,153,730,411,993,165,1097,1295,1845,624
692,1034,596,1007,1289,245,151,1566,1296,158,1585,1033,1702,1711,148,476
144,349,1837,1374,445,791,298,1296,18,1138,235,715,255,1305,1178,1547
1294,906,785,919,78,419,811,499,533,235,16,1441,173,459,335,1305
1409,1621,1036,1284,1049,1276,990,156,714,975,570,1749,181,1301,897,459
1026,1307,113,173,1350,225,1851,642,55,1328,1532,150,303,103,93,407
273,1289,656,1345,791,197,177,1433,457,1662,589,21,694,1301,914,578
809,493,579,220,596,151,194,1294,179,1818,1076,1708,90,1034,1535,1840
779,920,243,773,1201,1265,396,983,1612,1238,380,1839,305,1374,625,715
1214,264,645,3,1289,296,950,1302,1465,1292,955,1094,1545,1276,1233,150
894,623,1009,1488,1618,23,1292,1300,862,27,1472,1016,753,520,428,147
989,1106,199,1432,83,1136,88,92,589,1741,890,956,1306,4,1111,253
176,760,305,1510,855,1285,1280,286,1818,216,1158,1085,142,258,270,1819
1476,1677,178,1305,245,278,1671,1319,1278,885,139,1034,1472,180,1291,1277
257,1224,286,86,1053,221,1112,138,643,1372,1174,721,258,104,1166,489
612,200,304,564,924,1260,1296,1306,990,104,1271,277,46,197,24,292
395,51,992,1013,62,1193,1297,1498,863,27,838,301,1646,36,946,23
1783,680,506,177,1228,1017,890,253,793,490,49,509,1197,192,724,1298
489,1161,1284,590,823,596,1432,307,101,262,1215,1374,219,764,1653,123
1306,599,1215,713,1472,1428,571,87,724,775,1280,103,1832,137,740,411
917,1387,533,307,1007,896,78,990,909,8,952,520,1123,1218,858,1276
574,1712,459,867,1758,949,1417,86,1012,245,92,60,1188,1552,27,1353
261,1124,1182,115,276,146,1467,274,1164,77,618,1187,245,1007,129,1271
917,187,1032,1301,1218,894,285,1298,602,1688,1305,1159,1294,176,1628,878
978,835,819,484,1491,1553,694,1741,298,257,1821,318,855,1418,1128,1243
138,1292,1289,1333,1817,746,1285,1280,231,1648,242,155,510,1217,285,1807
1268,1339,12,1302,1578,650,1299,71,1585,1739,217,813,1528,1267,444,269
568,1741,70,255,1038,80,1372,1674,1164,1294,1055,1611,1618,914,1074,89
1374,255,1216,137,1832,91,74,277,1332,1223,1314,490,893,76,271,826
295,992,1444,123,553,416,640,635,337,911,1277,980,1175,1208,1176,990
920,77,1524,1192,94,74,193,1302,684,223,1620,124,61,101,139,263
343,1305,213,1590,285,923,148,1580,1228,1284,1145,194,1842,1784,1757,1840
1132,767,308,1703,1234,4,1576,1293,605,590,205,1741,760,1284,646,1811
1568,1585,1292,856,101,645,1118,90,976,1282,1840,1831,1278,1183,1288,1285
1732,1015,453,1167,75,1298,133,1789,462,335,92,1294,1819,1215,309,745
1748,1307,1288,1847,722,1118,1041,1239,509,1820,245,519,265,1123,1353,989
1585,1819,1091,1647,855,140,1804,1694,27,1271,644,1551,303,155,1417,690
955,206,288,823,1260,234,92,253,221,282,401,244,1148,1787,150,685
382,1752,1732,186,272,934,1832,1277,296,74,165,1660,639,1076,1579,254
1424,523,302,1593,274,999,1233,1814,185,1127,1732,1299,445,983,111,260
1304,1009,1306,304,1600,1585,1091,1830,1790,199,1533,133,300,286,1210,117
1188,100,1182,224,847,1278,1682,263,1249,1250,911,1256,1165,245,917,1292
126,404,1467,1668,14,177,1302,950,1176,1028,374,1130,262,1836,76,1470
857,1182,1052,1790,537,1536,308,1223,112,407,1533,1303,124,1837,290,1177
289,74,811,1305,950,862,1279,1258,104,847,192,299,1774,1608,1307,1703
1541,1245,1303,1184,989,581,621,275,123,746,1087,960,1839,630,767,1048
640,1529,265,1722,1583,1305,713,1067,152,99,1839,1348,1295,74,995,738
1292,823,114,1018,598,374,662,1851,418,105,1142,376,185,657,589,1653
1839,1844,74,1106,296,1555,341,1716,1320,320,302,290,1278,946,1690,113
1266,746,501,114,879,249,713,1033,1101,1846,1376,148,1106,1310,856,163
74,823,1249,1093,1309,1465,1230,1103,1534,123,183,1714,1295,1011,1178,1585
1279,1152,852,1112,925,219,163,845,1155,1056,574,141,1752,463,918,1397
212,1085,766,210,1295,1277,115,1240,1300,990,1076,845,219,1296,580,1111
51,200,169,571,83,953,1796,894,882,1246,944,178,932,685,1490,538
1038,485,1293,133,531,1669,695,1280,1804,1278,116,175,144,1529,595,641
784,1297,1711,1658,1112,478,1309,1783,24,1538,1304,1247,1166,739,1266,764
855,1251,1566,1285,1218,909,863,533,544,1191,1544,1296,74,690,377,939
584,221,1075,235,531,200,608,110,1204,1499,188,779,1308,1276,1279,1094
1238,1374,284,907,1116,312,1347,1775,878,88,169,177,98,1289,1276,945
1685,1012,1028,284,1096,1102,1388,645,286,1088,1653,671,1266,1681,771,493
1269,984,1728,268,176,1187,1066,925,1752,494,779,1383,213,785,417,1238
1779,1000,642,1296,570,202,856,121,287,1026,572,1076,1056,640,95,1241
1440,290,1139,647,1106,1292,747,1235,287,220,54,1130,1239,1276,926,739
1787,1645,910,949,916,1780,677,536,1043,1655,740,1018,1774,776,86,646
1030,74,185,1229,644,1267,55,25,1161,674,767,640,1239,686,152,1017
1542,1472,152,529,1279,242,279,1302,1804,235,1249,1674,1648,1791,1784,244
280,23,1613,725,253,122,1195,953,166,112,1353,963,252,1852,647,116
76,1564,714,623,1033,112,1360,1091,1711,1289,1078,745,728,793,242,1811
732,986,144,503,604,114,773,589,194,136,1764,1778,4,1703,280,117
1091,1555,457,286,1305,451,1094,779,645,741,1297,1844,359,72,113,154
1291,1566,1842,700,784,1591,477,260,697,1775,206,93,1665,1540,1101,949
643,1304,76,1598,548,1279,383,848,25,281,694,1294,27,588,280,74
690,1348,1276,574,1781,1805,254,1099,315,1145,1284,1621,411,1130,263,1547
70,1242,59,1808,283,1290,95,1015,1291,1196,291,950,1139,370,1426,166
1524,806,492,1537,150,16,1660,1279,588,385,139,1257,133,287,1692,1706
947,70,1096,554,163,194,656,717,737,1305,179,265,873,1240,1846,1184
1669,889,305,833,1154,1306,646,1167,1511,554,417,256,114,816,1755,322
1372,53,452,1794,1281,1842,1184,678,229,911,747,1279,1296,144,1552,100
632,1445,964,246,1804,1712,656,447,87,576,95,833,772,1298,1549,862
23,741,862,1426,626,25,1669,1596,1741,1032,632,1488,1401,225,825,221
399,573,268,1594,716,186,279,642,284,1279,1531,1384,1011,405,70,1545
1121,1381,845,1306,140,104,1266,447,78,1022,938,987,695,1842,137,1547
181,269,1274,1804,55,1297,1278,1118,716,1302,12,70,415,53,1132,1019
280,573,1068,1142,148,1085,1097,117,748,1134,478,1039,1094,1781,179,88
1222,1234,1547,229,1076,1861,1111,477,1277,114,125,60,1243,1349,1302,1801
1086,907,91,550,1776,1127,12,105,324,627,495,779,1199,973,285,598
1309,645,1426,229,1160,1182,260,54,1353,1281,1034,298,255,74,984,507
153,214,1266,1534,1188,1566,1235,1826,343,864,167,683,1170,934,144,817
488,1262,1136,346,84,1303,900,644,1781,1290,180,100,118,79,934,857
1555,1242,1847,121,197,574,1672,72,859,254,167,123,1785,178,590,918
121,1119,1838,54,1306,407,466,27,1585,79,55,1280,1627,65,1522,644
746,246,1301,1276,1748,273,1225,1776,1192,1533,1703,1334,478,1130,71,1166
1671,1746,1303,1268,1695,306,27,1457,1374,1286,914,274,1297,349,507,89
27,478,1425,146,253,506,1216,98,1199,62,604,114,890,990,92,234
1297,1620,103,1030,1778,193,382,148,455,87,1298,245,74,938,105,1220
921,679,790,1307,73,61,451,1303,1300,172,1272,1022,802,298,693,292
88,1798,297,1361,1128,190,1042,1847,1165,92,540,170,766,656,918,1040
1013,1136,1147,1091,296,1536,1334,1339,1235,1138,1555,1197,966,385,1794,1016
1275,953,659,1267,1020,1839,74,284,176,81,1280,1778,1345,303,1170,272
1080,800,931,975,821,1168,1711,70,151,754,1783,506,1582,1804,290,58
1182,1620,1653,83,1728,335,103,235,1632,1041,823,645,273,642,1704,678
1574,1307,285,274,683,713,263,89,78,1801,889,796,1203,847,1324,1585
645,272,1064,5,1273,1305,530,626,827,1267,134,1165,100,209,175,1099
987,1404,90,636,294,1277,297,189,540,104,728,475,1119,491,600,1472
568,1277,887,1597,335,1732,1276,411,354,1341,656,1693,142,124,1564,687
981,149,1566,1669,112,902,193,1263,1280,1217,1294,879,1149,636,1212,921
1838,27,1832,319,254,259,1010,204,789,25,70,1465,185,181,1374,1294
1489,1687,1839,781,1426,470,1828,1266,1139,166,1305,767,374,80,167,291
641,1669,1689,70,1539,121,166,293,1122,194,1235,478,382,408,1302,137
1569,194,1417,1229,140,1823,1276,224,155,686,1566,1002,280,855,1287,572
242,1251,1430,1086,1565,1304,1276,74,1222,1564,877,1741,1154,77,1604,1280
823,265,914,290,1519,236,430,295,693,304,16,1320,462,1305,281,293
1824,806,1340,1183,290,1295,840,1266,1345,1154,887,153,583,12,1049,940
1179,252,920,632,223,138,306,1115,1298,1804,645,54,137,259,806,855
1451,1472,812,27,998,1749,86,1804,1842,87,656,1741,845,973,1689,1269
643,77,1303,1224,1073,1156,151,1712,1254,796,98,1802,1291,318,176,745
823,860,1295,1704,1547,984,1759,1817,421,971,472,190,377,113,890,1863
761,1311,1674,40,1154,575,101,568,1094,486,1534,1296,632,200,1754,1229
292,1230,1026,853,1280,1581,1289,856,177,1276,915,1266,1305,909,907,160
870,1125,1844,74,137,1684,1839,1585,943,18,1476,223,129,1777,1281,766
1306,296,1191,574,1780,137,298,179,163,1220,1721,1854,1771,1531,1374,811
1238,1846,181,492,1776,642,973,1770,1267,268,1472,1305,1278,747,639,1366
41,1118,1218,19,1276,494,1634,181,1811,31,70,1366,1529,1191,76,1805
1235,25,164,579,383,1241,622,882,93,1747,1099,1745,1296,1393,981,424
1671,1276,1307,55,573,1700,126,405,90,1648,286,1163,1285,75,202,1082
72,15,1304,1164,1288,390,1418,257,531,1518,989,1294,1707,1408,58,55
509,1084,1028,1068,1451,255,1749,344,1697,1566,1266,243,165,1840,1837,1298
1457,1307,59,651,440,243,1230,1610,126,21,1291,229,1545,878,1044,1281
1812,467,1242,1432,1302,740,255,577,677,1290,1086,179,475,1089,1266,1245
23,295,1679,1555,1811,218,406,255,390,374,1804,1009,504,1266,1039,1176
134,1730,664,1804,1279,1282,716,607,650,684,306,1290,259,1029,70,1777
433,757,1778,1036,381,430,1339,106,1472,1730,178,259,1282,1034,462,1247
827,156,138,137,1289,1076,1292,37,511,1275,967,1266,22,811,172,621
225,1132,963,1155,1301,137,859,1235,1585,175,1699,955,102,252,521,1208
814,1160,1029,1406,1648,246,260,269,596,83,180,216,382,855,1304,1303
285,581,1836,427,1537,1304,1164,1210,1757,936,278,1807,642,1181,1426,710
222,70,121,282,288,386,137,941,1026,1695,1184,847,647,178,1288,1277
1522,1751,1665,292,90,1266,1051,83,27,1145,720,1291,318,647,1784,25
74,1552,1378,1595,457,903,976,1721,129,17,194,203,1777,1798,487,1780
989,1282,1147,76,1233,1819,496,1737,890,1427,1267,1353,1284,1034,1055,725
268,144,749,802,1639,1305,88,1036,1142,255,59,430,1772,913,1306,1700
1097,1267,779,1294,563,1332,1816,636,1581,275,1176,114,97,175,1140,307
914,293,890,1307,1329,25,1649,1351,921,78,315,1035,193,548,1067,1695
402,1301,257,434,189,1152,223,1264,1025,990,73,1686,123,253,228,890
1295,1743,855,540,1648,1305,906,280,586,152,19,917,240,451,263,1840
1007,1169,779,583,702,1303,1044,1273,952,1711,166,1470,1183,264,478,1846
1609,1752,1853,666,1130,39,1294,100,1744,1183,520,316,1859,1284,1237,1547
966,1283,128,193,779,76,1545,285,1253,890,754,1618,524,1819,105,1341
1741,253,1280,1282,844,1526,1612,1853,156,1228,466,1000,277,506,1215,215
1795,1564,175,133,1191,1279,1440,382,621,70,71,198,250,1752,1036,1266
1144,421,488,1084,1284,1585,309,744,155,823,229,1770,964,1289,722,1281
478,1842,1688,374,1731,1352,285,1121,328,1009,1752,1266,1534,293,688,1080
128,813,140,1132,549,64,1089,1780,1811,1392,855,770,824,453,937,18
71,1790,1279,1064,146,1218,990,759,1302,940,740,1566,1132,645,126,361
544,394,1470,438,1279,87,1610,166,1297,245,530,1555,1132,220,256,27
238,114,501,1298,1009,1652,1147,1241,1032,879,598,1780,1546,1097,1012,1144
1297,621,1151,1520,1296,309,487,890,152,277,1766,1547,155,406,920,1294
1838,1374,94,1284,285,1182,592,1518,1305,1149,265,1041,813,1603,640,137
254,1361,16,940,258,1129,1266,862,147,199,1285,649,102,737,123,1042
528,1055,117,1115,1372,99,309,1661,272,823,348,729,199,1658,1287,94
1296,121,271,907,527,1071,890,1256,1276,857,27,494,184,1018,2,1307
317,123,918,1237,1293,1144,166,902,478,90,1284,219,71,1759,1094,204
639,1472,58,977,764,1852,656,134,165,1247,1091,1032,1306,374,661,1303
1604,1298,1284,813,1076,1426,1538,1669,613,1280,1688,950,584,1253,27,1285
766,1547,1298,603,1278,1842,651,1060,264,1851,1830,1280,77,666,1243,201
1068,1648,245,273,308,179,503,761,297,1157,1078,262,696,146,772,645
323,940,532,447,645,314,1089,1269,588,102,157,277,1333,1596,999,827
1198,1374,1012,23,1678,1536,282,1498,411,1137,482,750,489,391,1712,1654
1072,1485,150,106,825,912,1712,1374,1170,1544,1576,120,816,1354,233,68
623,1284,1307,1259,1188,784,84,128,1290,924,99,590,1840,690,150,509
1432,1128,363,1290,1207,1490,855,1160,4,335,413,1768,1062,193,1285,106
1049,1290,588,1160,156,103,1287,1183,1472,1756,475,1498,1578,1500,960,544
1167,1374,1432,25,312,1445,137,54,908,243,60,705,325,250,1663,1289
1040,1449,955,169,12,327,1490,911,536,123,4,960,1110,1263,170,1303
1439,457,278,184,1689,176,1194,1123,389,1183,954,229,1242,834,914,1340
948,322,531,1093,1761,1078,1237,1298,65,1268,913,659,1781,1683,261,632
1041,1648,621,298,83,789,24,140,989,292,987,1430,821,1599,1282,291
1226,115,978,152,181,1122,592,1830,186,265,1815,826,104,1278,1781,1116
1291,87,254,243,1627,1154,294,962,1180,99,1040,298,268,1676,1129,1302
1284,644,1272,1221,321,1300,350,1578,104,645,1279,974,98,473,402,1292
525,279,1687,1800,313,969,301,1719,863,739,1290,1777,157,855,275,1307
263,829,107,1094,1752,376,29,623,120,1542,1618,1012,1282,1741,776,463
74,1859,1446,192,893,686,302,1051,1289,645,1038,1409,1154,1014,235,596
169,1250,1278,277,656,909,1016,294,1415,346,1555,710,990,1819,1441,261
1752,1039,229,93,1227,1297,624,1813,1234,1648,1555,184,368,1500,825,12
1790,88,645,1662,1272,1704,1182,93,896,402,990,266,1298,1851,610,902
1018,1417,1426,152,700,555,531,1851,1198,1335,1780,1156,832,308,1188,1712
987,1245,1807,256,905,406,1071,112,70,286,1277,902,106,91,1234,475
989,1780,1303,1155,1851,1158,482,378,516,249,1817,1783,1305,1700,1090,806
1106,329,1295,1777,417,1282,1146,74,93,311,381,1811,1016,927,834,918
713,941,1692,1438,234,728,1288,1,1266,233,68,1253,1301,1244,324,513
173,990,1424,1547,1228,292,790,1215,138,977,641,1113,922,1224,1620,748
1680,69,189,183,1468,1430,711,411,1088,789,807,23,598,20,1337,1041
1807,1702,955,1303,648,1314,772,1472,1711,167,475,1294,550,571,1076,181
277,172,325,1181,292,27,1285,104,1280,91,89,206,439,176,1855,1778
270,274,1279,1153,1858,1017,220,23,240,1302,1272,541,832,1310,271,1182
1518,273,215,484,260,1088,748,1348,1303,1121,1305,585,1534,1391,1380,76
221,960,1211,1582,1244,163,1168,1752,728,1424,1009,256,788,269,80,962
983,890,1426,181,379,1139,253,254,1305,478,214,624,255,1686,979,1746
1248,645,951,294,879,561,376,1231,1564,1007,1550,979,1096,1845,697,290
1268,1595,1237,1263,1196,1663,203,173,1026,1073,554,61,21,581,1123,1088
1741,254,474,265,889,187,1294,1374,1730,235,1840,1817,1184,1182,1074,942
253,1018,374,1307,1161,179,243,165,936,1279,1163,1128,257,1572,1406,1123
120,1288,108,197,296,1780,162,1343,1270,76,1843,1555,697,644,4,99
1415,1163,1721,113,1277,999,857,909,771,76,1160,78,74,35,348,1836
536,1533,161,257,265,1845,244,163,465,399,12,1348,890,87,103,1279
273,126,1659,618,1783,137,768,296,544,482,1556,1426,855,1054,1547,586
1301,1804,27,165,1289,645,273,610,1534,1770,70,1732,248,1148,1821,384
433,1233,268,265,274,284,1566,1824,267,1089,1146,1151,1292,1276,276,1028
1621,1369,1292,956,821,1603,1276,1016,1295,1291,1281,517,1306,16,104,767
533,1532,156,75,1168,1308,598,200,1467,104,1768,341,1273,273,824,520
167,1103,255,992,1285,644,759,1426,1175,194,1279,621,1127,293,1726,57
764,1085,529,740,1752,1553,725,1070,1576,1703,1282,1683,55,819,180,264
1415,279,1198,70,572,220,1291,327,184,1129,166,1374,820,1285,99,1811
823,1082,105,90,1294,12,1805,166,1117,1741,943,1441,531,658,1191,302
1240,1621,294,1123,1630,640,1289,1330,1811,491,439,1160,1036,1778,1105,855
821,1092,1109,279,1365,1163,1341,1336,1564,1188,898,136,70,295,494,644
1266,289,3,1267,688,1303,1277,1847,12,745,1191,1290,889,1846,1468,65
632,303,923,1470,90,1042,1293,1105,643,1076,1687,1136,1544,1289,1804,1040
1804,91,1291,1795,1216,1704,37,921,1551,1776,165,579,1415,74,425,1276
772,1524,1304,499,173,1186,137,1163,1125,484,175,1256,811,25,436,990
99,229,1082,1292,1759,707,913,123,87,596,106,1034,1518,27,1068,1123
867,1245,1182,12,1305,1177,885,856,570,130,726,1678,1432,950,265,222
1318,62,1101,1267,877,716,1279,1611,1856,1811,1298,839,377,1009,1451,740
302,643,1305,1789,1389,115,1534,1713,51,1655,1007,1022,1761,1188,272,202
1136,1251,242,1301,228,297,223,342,95,1787,1298,126,700,1290,1129,770
1285,3,1292,660,958,1176,638,787,1301,1036,1333,1175,1702,74,1296,642
1418,1778,272,265,1555,1266,176,1640,235,1847,1820,914,1729,377,900,279
148,596,60,1752,1735,222,376,529,1199,214,1204,995,137,1265,891,980
1303,1307,917,231,363,1555,1749,1125,352,527,128,862,479,990,823,336
588,1314,248,1222,244,945,1267,95,151,264,614,164,1613,806,651,388
145,106,1855,137,1276,1808,79,1668,1278,1305,285,1191,855,587,1206,1660
131,254,1284,149,1118,1223,106,1276,150,1585,712,1798,503,913,1150,244
273,579,725,1741,328,937,554,98,275,1711,1128,1268,492,97,769,1689
917,1225,875,186,713,1327,369,1299,1278,598,280,148,903,1332,1306,80
194,624,623,263,1783,74,1294,411,290,784,81,377,90,1374,163,78
1778,363,358,1212,1830,1305,411,510,768,1276,1681,1839,1426,1749,912,270
83,1284,890,253,593,1306,289,571,274,91,101,939,240,1164,1844,596
801,645,578,356,749,1307,1297,75,1278,1662,589,977,1585,914,478,1274
758,195,150,114,699,1084,1350,1179,1740,1076,102,1102,1029,715,100,1289
1263,431,104,1280,177,1141,285,134,1266,1648,901,1781,70,1756,144,140
1793,955,848,345,1294,1217,683,74,914,57,75,990,1513,1298,35,1183
135,901,1463,1306,745,1222,223,1319,909,1021,621,1360,304,74,27,1076
1214,626,902,150,289,1265,1741,1811,1712,262,1284,103,219,1203,694,833
1479,1642,399,833,1731,1711,1276,260,1206,1086,1280,1381,605,1301,1842,223
1776,246,887,1291,164,321,895,713,323,1199,1561,1068,1267,1101,1087,252
874,1749,231,1669,1817,1267,714,93,399,530,1125,1828,1475,1759,570,1378
1648,1093,1837,1101,1487,1780,296,713,66,966,1736,1399,1849,148,167,477
1216,1479,65,872,27,1298,859,4,254,1307,685,1076,1200,495,1290,105
112,1301,1311,261,857,354,27,1846,1541,1303,985,906,965,147,645,25
1279,1275,917,1806,176,805,1121,1246,641,75,1564,74,178,1854,152,377
1182,128,293,1555,1840,1851,1823,913,71,1295,37,84,777,1546,127,1138
591,56,297,1801,574,823,65,366,1830,1076,1477,1111,1268,478,1266,368
234,84,139,976,918,278,789,1087,1853,1307,1050,806,64,1819,163,1783
1279,766,137,648,906,178,305,1853,1285,1350,757,1149,197,1648,1188,1290
1302,1833,286,21,1041,1014,72,656,372,1297,80,641,1534,1377,121,1465
1390,1648,1754,197,248,1288,112,1734,433,271,452,645,1469,1307,1175,1182
1565,98,1184,582,885,286,1741,581,1250,1840,592,190,1830,126,691,1484
780,1575,1298,1303,730,269,34,385,90,1247,570,848,1815,921,1553,1018
1595,1663,588,1000,1736,305,905,1302,890,1778,106,1155,1708,1284,1811,1534
84,24,1076,303,1627,12,94,87,1093,90,885,243,1296,630,1216,1302
1675,445,117,1369,691,1303,1807,1307,25,1173,1839,316,643,1741,855,1116
1216,1382,691,243,1366,1256,78,478,233,1232,875,1147,536,1562,1293,46
1285,1538,597,1045,1734,1711,889,273,1684,179,1804,1243,1024,1307,1150,1844
1425,1289,1839,1491,1017,196,1436,1080,292,1034,1644,1710,530,216,1534,1298
72,1247,1129,1533,417,1182,133,1034,61,901,1697,993,309,811,895,1665
1313,1017,30,1178,51,272,1137,1036,1625,133,1431,915,506,604,1566,159
340,1333,127,1146,1714,752,956,1836,1093,393,1182,21,1296,478,990,913
934,245,1819,1593,1344,54,1279,1302,1303,666,186,451,1021,256,1105,919
379,1534,1537,3,1564,855,1692,319,1254,918,121,694,1278,1306,117,1840
1302,266,289,1142,760,25,98,304,1389,1777,132,219,275,300,551,953
1453,1769,581,1286,400,108,1711,1189,1292,963,1737,104,306,499,412,94
88,745,1172,148,1285,273,589,1092,92,914,1166,27,1224,1566,1805,943
1333,1435,204,45,1125,351,1742,1175,1301,823,454,1177,1277,540,1727,897
19,1052,914,348,1277,636,1642,1691,1076,1028,1250,1260,1094,740,278,1727
1657,233,1282,1732,95,1164,993,1382,1783,137,504,27,890,929,1084,1752
1769,1051,80,1830,223,265,792,923,1677,166,172,75,305,1540,170,68
284,1807,1275,74,422,247,1247,1290,1429,1071,806,1199,1028,420,402,1776
583,147,1038,445,296,1555,77,298,1298,1429,514,89,1804,21,954,872
140,255,182,179,1585,497,1145,144,76,1297,1279,1306,860,1069,1434,82
1528,1307,220,1752,1148,84,1296,647,1839,1427,1007,1811,645,725,1555,715
484,254,956,427,186,1345,985,305,724,689,1811,220,1540,639,1056,1198
1374,1248,1034,688,1184,264,1787,1288,980,137,1537,963,1144,1776,490,1225
935,67,1034,288,1591,1089,1157,70,990,1228,1501,1278,245,1547,186,1296
1276,177,25,138,255,1076,1470,399,1552,1419,1432,548,1690,919,123,1107
884,238,690,1547,684,1644,625,1150,93,936,592,1374,1247,674,1239,132
90,221,1714,492,1843,1288,748,725,1841,103,509,490,488,574,830,451
62,132,1441,170,270,723,1289,1847,105,621,23,194,1483,258,639,1671
1851,1685,181,297,1534,1841,156,1426,105,1035,3,907,292,731,23,1585
523,246,1456,55,1295,57,608,1841,86,1585,1611,74,1293,1374,238,1811
12,399,1748,1833,77,1278,1613,713,219,1285,89,1076,1065,540,1740,1252
103,51,1555,935,1297,490,1375,861,645,87,687,1056,74,105,1590,108
1300,282,27,725,1199,1286,1750,1732,1781,1265,909,848,730,1288,849,143
1290,274,1741,1293,1541,621,1082,44,1226,1426,1374,1277,99,949,1199,204
1276,16,492,303,1440,140,1243,852,148,1084,265,1839,1426,1307,1274,1029
1808,1307,1776,1228,1041,253,1479,1728,62,530,1084,1555,960,266,74,598
1176,1804,1809,319,1301,89,194,1284,1492,1173,1526,1421,1793,1263,690,1163
1811,1225,415,1292,644,779,403,1517,1513,520,1076,969,1737,263,1547,1256
1710,990,1842,562,623,69,305,1288,745,1647,79,1547,1033,1285,364,354
1307,1305,1276,92,847,157,1502,377,1040,866,1123,490,1344,1855,308,902
1295,1303,610,861,1406,1147,1498,966,491,141,521,1689,1321,611,1611,1583
26,27,1761,1306,123,391,874,1413,163,890,934,94,1138,955,856,1294
129,1620,835,503,1771,683,1663,1098,531,1065,793,370,154,922,1242,99
702,353,37,374,1498,1730,1859,1274,31,229,262,417,1621,1030,1021,979
86,1374,1250,1545,1585,1278,1253,925,488,1705,244,306,1105,1584,1241,243
289,1741,1036,906,197,1432,867,966,669,872,207,639,1306,220,417,87
1648,1051,1232,51,201,1426,281,393,898,475,1532,876,1274,806,258,312
1268,1191,1280,5,984,697,223,1094,1071,1595,1294,86,990,117,1287,541
1408,1680,1024,1021,481,1357,418,93,1280,1728,977,297,917,1296,265,295
1418,1284,278,309,877,154,680,1544,79,865,269,253,1245,100,932,1847
1349,1806,533,1102,69,1177,1224,31,537,1294,1512,1008,295,855,377,917
531,302,812,564,1682,1718,1663,990,1754,1302,1781,126,37,503,175,12
1297,1706,292,896,1072,1076,574,1426,772,79,1648,1138,1065,167,596,1750
1082,1182,506,302,1486,192,1076,932,1691,1259,1136,992,1128,1297,1306,101
507,133,1728,563,1490,233,1389,371,512,1287,1545,914,23,202,1228,1334
1265,173,439,126,1288,105,1132,24,677,964,221,87,1584,1279,53,267
1216,993,1839,1659,779,1418,903,72,1041,944,74,395,1303,496,820,1434
1250,1741,700,1068,1262,1804,842,1033,707,243,1300,70,855,1426,973,1160
1095,399,91,1118,306,1332,1259,697,1233,402,146,273,1089,1345,149,1121
178,259,990,645,1426,640,941,1338,1279,112,940,306,1085,1285,956,1293
1817,499,1470,176,1293,156,1182,43,1444,1291,1191,433,1492,1086,1103,845
1094,1208,174,1666,306,1612,1545,1722,1281,104,1282,272,1778,1034,533,1155
305,290,1266,87,644,1030,1250,600,975,1774,76,499,909,1405,1160,27
1242,291,656,272,942,25,1279,1136,478,510,253,95,1585,616,1138,1198
1302,414,1230,995,392,1426,1296,1585,989,373,1821,1247,656,1839,1824,12
1068,1744,879,1692,1371,1339,628,1035,165,163,478,1533,369,640,1150,9
1296,1457,1252,863,604,639,641,848,644,255,1804,1205,1298,1011,27,133
919,157,1841,1292,1239,415,290,287,890,467,320,192,1710,757,255,1770
1064,352,907,642,533,697,1718,491,266,766,1733,755,1585,546,1418,525
670,1279,1035,203,1052,27,140,818,486,12,440,1084,841,234,496,1303
319,85,1842,1297,1267,1624,74,252,1028,1380,151,1161,1336,1255,177,643
1584,1131,106,856,1332,1306,89,632,680,1150,127,306,1674,1591,254,129
83,1298,1674,1202,170,393,1333,1147,1315,1276,619,1848,1307,506,1830,289
313,1293,1550,1290,1296,1118,648,1160,403,312,142,147,855,1276,1111,146
1706,978,1371,1151,1524,546,70,989,423,1805,62,627,806,855,990,1671
141,572,1712,361,98,277,1304,151,1547,368,476,1566,137,648,1811,1688
1853,1296,800,893,880,855,384,75,98,1184,508,309,1061,1299,1011,577
1389,1226,626,1472,1585,1792,70,1291,386,113,533,1681,1112,158,1276,1012
889,1712,1242,1307,1330,202,113,1084,1290,1289,1817,1394,801,315,96,1432
967,257,8,880,87,1797,150,1168,1519,478,841,540,548,1517,201,268
268,1216,219,1078,1300,1741,1817,1225,1267,1824,939,1374,1162,1839,690,272
90,1178,1168,1840,158,65,1013,642,1841,1230,608,934,92,1262,636,1712
1472,134,221,1305,1086,653,1302,926,1412,1278,1291,382,148,1372,1654,1353
915,1279,27,1121,1242,177,287,1757,1097,426,175,1778,972,1228,584,676
1268,144,1741,1488,1150,921,1648,1374,953,1192,1191,1806,1640,389,356,1041
715,356,1259,990,116,660,140,25,913,293,1393,1426,32,601,1189,651
1776,656,813,238,23,105,1769,1566,983,802,647,916,100,557,1777,913
1798,1303,1040,478,278,1793,936,1228,383,1350,684,1477,725,1278,1034,1260
1106,299,1160,128,1653,181,211,267,1247,1044,188,233,1294,193,641,74
853,187,139,856,1307,792,198,1276,281,811,973,1379,1205,951,252,1741
645,1432,213,707,4,296,999,245,131,167,1712,190,1297,1326,1811,179
1049,571,892,1153,253,1245,45,924,639,899,857,1445,12,1319,621,1192
1164,639,1284,291,1068,315,531,574,1294,262,742,790,669,1277,1547,1121
640,141,1000,268,598,523,912,949,1713,1798,1084,1036,387,999,1694,947
1307,772,1145,1094,504,430,1627,69,494,1558,87,306,74,23,115,1548
1005,644,1306,808,749,494,1428,834,102,483,68,176,1186,1776,912,689
691,135,1364,1247,1213,264,243,723,73,890,598,30,287,1555,512,1780
607,1148,822,1294,1760,400,422,845,1305,1549,1230,908,25,4,748,102
167,571,453,234,572,724,1752,57,1648,1136,1518,1732,1307,987,993,133
1246,1208,24,1129,1105,986,1292,60,1259,257,1280,71,120,1287,254,76
615,862,228,1801,597,1805,1037,1839,509,1274,325,1804,1279,863,1549,257
1169,647,223,540,1687,1649,1712,133,1297,1300,230,1141,596,900,1585,1276
310,1547,259,725,644,1781,274,1307,441,105,478,1617,1676,46,144,540
891,1550,1348,65,1568,1201,451,269,1741,521,185,1076,1165,1418,275,1005
1092,890,1741,1276,246,689,496,147,27,645,1307,1242,201,1028,1088,1295
1282,1855,907,1365,1592,1804,201,203,574,74,140,90,20,1277,268,1386
20,816,1780,1554,811,1182,121,1294,763,996,362,1174,192,1266,477,1106
636,406,1824,1113,1372,133,533,61,1068,120,1422,383,88,1844,728,1281
833,1167,1798,1128,987,1566,1842,1012,908,1390,1200,827,97,1824,996,915
859,1374,1147,1498,1117,1303,541,181,1565,1086,1216,503,89,95,913,197
1583,907,592,773,163,1532,1563,955,1430,913,851,797,234,1243,1491,1073
1292,1839,937,588,222,160,1770,316,1741,893,641,1393,1756,613,890,1171
1550,142,105,128,1291,952,1084,700,889,828,640,1182,1348,859,190,900
1093,890,889,268,1040,858,1228,251,1182,1297,221,1780,513,914,1263,598
244,1301,469,1279,926,1136,89,87,1290,989,131,136,530,418,113,1526
63,1540,265,1032,1788,1267,1640,1123,98,1415,828,493,1093,309,1467,1438
269,1842,1301,252,136,1337,79,915,389,694,1533,509,934,1486,1280,1155
1274,287,1049,1481,1329,289,811,1188,1307,1625,181,1278,641,1742,280,1242
925,265,1311,744,1303,823,1009,873,360,1278,1415,1741,436,1811,91,843
970,1029,1542,440,1852,3,1595,1053,1275,1294,1850,337,89,1247,802,892
1301,75,216,1128,1302,1064,249,1112,1175,1732,142,297,475,247,1246,1428
23,1295,767,598,588,1279,1712,176,76,1707,1644,1819,1721,508,793,466
1285,178,219,956,1392,1289,1741,619,1279,640,227,1807,1264,288,494,448
587,787,540,1091,1294,258,141,1812,177,1044,1839,1826,920,1145,1440,834
646,182,645,1279,1432,26,779,1205,1579,1778,1034,166,1426,667,686,1296
1041,356,172,640,132,399,1183,476,384,69,147,1745,59,1780,1296,1762
1145,1727,721,1291,764,1804,838,1420,157,948,410,1566,220,31,907,120
1213,393,76,1400,150,784,243,1280,1305,197,1198,294,1365,204,25,306
1289,747,641,903,815,697,18,1306,1272,501,754,179,1720,148,267,9
268,440,1277,86,1257,1470,253,1612,1305,289,717,1301,1804,666,1184,1253
913,185,1828,1227,297,46,1058,1116,1780,1272,474,1120,278,246,74,547
990,754,472,1294,59,389,1181,1712,192,256,940,1441,1836,90,1306,167
1258,261,1125,70,715,212,693,523,1480,1551,1732,1188,93,1644,402,118
1818,1294,80,905,1778,411,3,296,268,74,152,1176,889,179,234,1544
1778,864,70,1077,1018,890,283,513,847,1161,1136,803,72,1216,1805,1233
35,429,1472,121,383,1787,157,1237,27,1145,1021,90,1290,234,1491,1269
1704,666,1246,1448,260,1159,268,1281,297,478,1202,577,1237,1282,1081,394
1287,1302,1290,341,1296,763,1142,1842,1217,220,1785,1285,713,1280,1387,108
1352,990,121,731,1272,273,565,350,1038,181,1496,271,221,87,163,1585
1852,1301,279,496,581,295,265,1217,282,1522,937,1776,930,1413,1112,1853
1155,127,52,152,671,913,476,645,1022,1063,1822,1205,705,784,162,1068
1296,270,1262,656,1279,98,1014,1300,754,478,1307,681,700,1203,1215,1008
919,245,262,989,1190,152,978,146,856,1284,1481,728,291,621,471,242
76,186,1549,255,1022,1410,1257,100,142,1642,1242,146,1783,1233,133,1648
1217,175,934,30,1296,996,1288,1182,1007,1242,86,273,560,1513,286,1421
275,1285,894,1156,59,1448,850,1658,411,1176,308,934,1585,103,705,967
