1062,908,1024,841,586,989,57,645,1589,891,542,905,1717,309,265,1232,76
278,1752,719,993,1232,1393,1336,1250,27,1690,476,1732,1139,1720,894,1811,93
212,1169,257,61,483,1467,572,260,1300,1294,277,1274,1669,714,995,1303,865
99,1218,823,1036,645,1354,70,667,1555,459,255,1676,1294,1267,1252,319,303
79,1364,1631,1248,234,1741,450,611,87,1085,161,275,965,1183,348,1007,1115
1764,686,108,1836,1408,1268,1302,941,1640,165,305,1157,1117,1297,103,573,1123
1539,583,1229,1845,1654,269,82,1294,1152,471,809,89,67,101,77,249,777
1266,151,315,1329,270,302,1372,150,1519,823,202,1710,1299,1563,1141,984,134
67,1542,1848,103,139,1121,1063,1524,1088,1596,624,25,1203,328,694,1289,151
529,1776,58,387,1720,1595,1250,541,76,478,1188,1426,577,939,1305,54,1303
137,1250,1773,1547,1307,1806,680,100,1350,1485,979,1804,956,1337,890,1164,1822
501,1470,46,383,1293,1294,919,1172,349,1248,1566,460,606,151,657,951,1245
262,1555,18,1372,1295,1247,1830,104,1203,1052,320,867,87,74,1240,1136,1141
740,451,274,1374,1303,1414,767,777,640,186,1101,1291,81,1566,1648,474,1510
915,495,1585,554,1303,315,1285,773,286,253,694,1663,1491,1052,1736,1831,351
578,284,1069,511,121,256,1782,1281,484,713,92,807,597,911,993,99,1360
775,1363,1078,1307,1284,90,146,1731,267,241,1404,1839,1660,825,1712,1563,1781
990,133,1604,1861,613,179,269,1737,1752,1844,92,1741,266,1134,93,1839,1787
995,1591,1418,1712,641,1720,1472,1781,92,1266,1188,273,1401,190,1298,1160,209
1134,147,645,1432,499,1076,1841,295,945,89,1773,1151,1583,108,1204,23,139
1149,505,855,1049,15,100,478,750,140,474,1547,30,1295,1555,106,99,399
1811,193,1150,74,157,989,1263,641,126,1148,985,1016,648,1121,1106,1678,82
426,1307,1108,920,1242,445,538,103,1684,796,74,1315,1730,1207,583,95,70
674,1776,175,1294,164,568,1394,451,1669,920,1577,62,688,1130,1182,605,1757
1276,1620,596,1849,256,265,1352,656,1247,1237,541,1086,1303,1295,298,1249,1277
1280,1188,1207,1426,419,1340,170,1238,220,1281,1277,1082,91,1572,1761,833,913
1094,1571,261,406,1410,568,1783,579,150,835,36,1752,1506,606,93,999,1136
1564,1265,696,768,1216,203,114,1627,952,1352,274,1509,333,305,870,606,1534
200,185,890,642,1165,1225,1768,879,344,748,1307,1819,257,1005,1111,1129,255
74,1434,1432,26,1294,181,644,946,1215,671,1307,445,1061,247,1276,811,940
1319,341,1741,293,1472,95,656,406,1639,12,863,117,220,1589,294,645,872
136,1751,80,998,223,1254,83,368,945,1844,1061,452,1817,1547,1839,402,581
176,79,1278,1051,252,1840,1137,1017,484,1566,312,133,1300,223,74,1338,656
308,3,1741,1564,25,585,353,126,31,208,22,44,1787,1529,1634,101,257
261,990,112,1294,12,1732,95,779,1045,621,1839,640,1161,304,1266,256,129
87,1502,219,146,1648,1064,4,1267,1780,25,989,715,1303,27,1279,1297,1309
1285,996,152,1012,1028,984,1290,1176,1669,24,243,84,1301,1197,846,1282,807
989,1780,658,1173,1757,391,51,172,1139,855,1305,588,770,1840,46,143,39
642,1194,1027,1294,435,1267,26,1673,1281,74,144,1514,881,1852,989,807,696
240,971,872,1423,640,1727,103,96,494,823,114,1084,858,216,143,724,1298
1447,1293,656,1424,1294,493,1669,545,885,264,39,424,647,1202,1285,1256,309
204,696,191,1048,644,697,1669,603,779,149,1267,260,1069,122,1827,1343,198
1307,305,1278,695,1303,688,643,1266,759,528,980,284,461,523,614,1074,1012
679,290,1031,780,990,1566,1276,82,1288,644,1461,1076,506,75,1587,879,1101
164,1841,87,112,1229,1101,1201,1307,157,1094,1534,1564,1338,1752,1306,1269,1585
245,1301,1202,1372,1061,1690,1682,1276,268,1198,1811,181,1740,588,66,974,1215
245,1145,984,970,1068,761,132,58,1569,258,1692,887,387,1304,1279,536,1257
1805,643,1160,1258,674,285,955,588,65,85,1430,1648,483,1778,1435,138,267
1235,1585,116,1291,133,1276,312,83,1274,1718,656,1102,1299,948,898,412,658
134,1138,70,797,1752,278,1303,1806,123,203,1112,491,1804,119,1249,859,26
1292,478,1276,857,1207,1851,193,150,559,1028,729,1389,1040,186,55,1125,1359
1276,90,268,1168,70,1361,180,1566,6,1282,630,767,1288,302,872,1071,145
1776,915,62,1228,944,76,540,1665,283,1807,1218,197,1751,293,289,1104,259
602,833,905,1272,1580,1239,1513,1176,1228,984,1404,151,656,1278,773,1533,190
1783,1256,1028,1294,889,1765,55,1764,1126,645,1490,1472,289,1305,1847,294,997
1619,243,1133,1235,544,1196,549,1074,1071,361,834,963,1277,476,1676,1804,212
104,1352,99,1258,990,1585,233,254,890,123,27,640,1566,1302,1294,282,246
1263,281,1578,321,990,94,989,147,897,890,141,1840,956,146,1117,196,1307
583,1245,855,66,190,956,993,1676,874,1842,871,63,1641,103,784,35,62
1332,1497,1722,588,284,1500,146,1247,982,166,1861,1115,1780,1036,1312,104,246
253,1009,27,1297,1411,913,975,1801,763,74,151,163,1016,280,1787,126,989
762,1286,1405,221,165,76,1491,1465,1279,1077,1673,989,1648,101,656,529,1278
111,523,1440,697,764,190,377,1490,1320,616,1306,175,1281,1108,123,1732,1228
7,288,1555,641,531,1144,228,1020,857,715,953,1721,27,363,1819,890,1592
120,290,984,1099,1256,918,153,1276,966,885,90,76,222,878,79,255,1585
264,420,104,621,902,446,1529,1847,72,766,131,1106,583,802,1817,267,1764
91,1249,581,1294,1010,953,106,136,573,1267,486,133,1039,450,28,1844,177
528,457,445,1689,998,285,1257,982,1449,1086,470,656,356,27,1092,251,1240
1302,890,1211,468,1074,859,1830,1781,1369,1406,1069,1306,265,177,234,1172,1710
975,430,548,159,290,1294,415,929,789,151,1372,924,376,150,536,25,973
1156,1299,1757,1764,1447,1387,335,997,1294,135,8,645,1490,332,760,1350,1041
101,325,862,145,65,1861,708,1187,104,1533,509,323,108,1535,1490,391,1052
188,256,308,1300,478,70,496,1298,1016,1792,168,294,1092,64,1291,943,1830
113,1688,1804,776,24,1042,1700,930,206,371,636,772,219,1076,267,82,962
1027,62,251,657,1279,1783,1417,907,99,989,1821,221,691,18,27,220,1207
1415,1490,312,546,490,930,1193,151,890,1500,103,456,302,152,641,1266,1029
1151,684,1415,1032,1005,1711,1276,1418,941,153,501,1205,598,321,1629,711,1248
1374,1669,132,1129,93,935,531,25,1076,1432,1036,142,1776,307,170,167,621
1217,1433,430,151,137,1278,1230,320,16,76,87,274,1233,65,914,784,104
1666,134,1199,990,934,656,1814,89,687,123,1082,1182,1849,1541,1276,684,645
1076,1204,1291,875,640,1007,1153,461,750,1305,571,1266,1142,1181,283,545,204
1294,451,236,116,1141,100,983,1840,491,736,289,768,1781,1532,704,1501,1555
832,1266,1303,890,725,181,722,77,87,243,530,135,1076,478,121,1533,1016
100,234,188,214,553,256,1064,172,1805,1306,1158,1251,1669,1706,1242,197,320
1310,1712,878,427,694,277,914,1084,1022,1295,640,1180,23,1182,1578,1296,246
1851,289,618,1277,721,1282,890,1322,1534,1094,641,845,25,966,1284,1034,910
1647,1341,285,1279,658,863,818,812,918,1276,788,113,1800,175,294,1220,1141
4,296,424,1354,148,1307,1555,1291,967,1457,1561,190,1106,1171,1711,499,283
713,530,99,945,894,1534,1277,1256,1023,98,193,1804,1741,557,1332,224,610
891,150,855,192,1752,1296,1711,684,1306,930,1370,181,1807,1081,1026,889,748
1341,317,453,1138,1426,889,170,70,1701,1409,1242,1638,113,1371,772,1555,1264
175,570,890,1537,641,1302,760,530,1704,169,1035,1125,170,1305,253,1276,1296
887,625,89,490,178,1572,389,1472,929,1217,1301,1296,176,1292,1288,1585,1699
182,1763,76,648,1802,1285,737,411,176,1566,495,1292,320,621,988,165,1534
1303,768,280,144,306,266,863,726,90,1834,1169,1287,116,851,1642,74,789
327,65,1064,607,1280,1441,1301,27,1302,1625,917,881,1307,88,1082,1762,1286
243,167,1752,1279,1049,1307,1292,23,1555,70,96,178,1633,1712,299,1026,1580
1279,1472,137,1199,1432,621,969,57,280,348,312,1138,1182,331,955,1197,1261
1130,303,745,776,1085,591,306,482,128,170,1741,1307,920,903,1781,27,1555
71,126,730,302,804,1085,91,255,1290,1714,1840,165,656,1183,566,1820,1280
879,1292,1291,24,1288,100,244,712,1279,1289,1293,445,1282,1732,1629,1759,1425
861,1841,1374,1300,1336,1297,1741,1268,70,629,106,580,1293,92,715,1332,1654
1815,636,998,281,918,1266,855,233,1564,239,723,1029,747,279,432,290,705
1402,88,234,531,890,170,1748,1355,645,203,1184,1853,1277,1291,164,1534,1116
1742,1418,1372,549,1814,1745,98,243,76,293,1236,888,89,93,889,179,1078
284,179,520,1232,530,1740,847,1800,1018,917,581,275,1595,867,1365,1263,1209
374,1741,288,136,642,953,1470,1298,294,223,1670,1306,903,121,1270,1175,151
1284,1301,26,1592,325,936,645,1169,417,1275,1647,451,1159,1123,234,1650,514
1556,275,1016,1183,302,1426,23,1304,552,697,1071,178,1585,921,674,847,138
890,503,1302,94,191,920,784,1568,1564,1278,803,1161,202,1288,233,174,1056
75,897,890,713,1741,1092,392,219,1539,1293,1152,1296,1278,509,1426,1809,1555
535,167,1680,639,270,1179,168,106,1277,473,499,470,1543,1144,1293,136,1298
294,1353,269,746,86,729,139,179,478,503,89,1566,1741,1296,1145,966,1299
303,25,1138,833,1804,570,1292,1343,108,1294,1822,76,1295,1123,1225,577,1807
71,264,833,693,966,505,90,1706,845,697,1145,1280,713,1453,1197,50,85
265,108,133,1288,1076,1246,219,1278,1113,603,148,256,1703,155,1269,488,140
1453,255,1217,1489,74,1304,491,1780,1554,655,562,1267,137,913,856,1161,1289
1847,1778,1835,1007,529,223,590,282,251,945,1734,783,1500,1293,1410,1005,1788
1693,941,767,1482,1781,23,305,284,269,574,1097,1761,766,285,987,1618,273
670,878,1230,98,957,27,1491,1475,105,1759,1843,450,1040,23,1246,981,152
85,452,1363,1301,1280,1073,27,311,1564,120,298,1266,1337,54,530,1466,1849
178,1774,1327,197,1179,1084,1544,361,694,285,1476,1282,1721,453,1280,1184,855
1250,1276,21,1846,1297,1463,726,1333,1123,1850,118,706,96,1294,1128,70,353
1769,1390,297,63,951,1804,1780,23,1426,1481,1110,302,1215,213,383,1161,190
445,570,103,809,881,950,623,1137,74,25,289,598,114,665,86,274,1388
159,1778,1688,644,630,295,31,1492,622,63,867,193,1275,58,999,309,1152
1558,870,636,303,1754,1822,1781,131,86,1752,293,195,589,1726,1266,1732,509
33,102,296,290,1432,873,1648,1307,142,645,713,949,86,1353,1470,581,854
856,1293,389,936,279,1298,1777,150,1309,291,1085,581,1146,74,1123,1076,1539
1374,262,140,1294,148,1234,1426,1312,1305,278,918,55,1470,845,255,1235,123
1781,175,1595,1355,581,1298,1534,478,1074,1256,1613,995,17,1180,194,1305,170
1307,1242,1435,72,1036,681,1706,1306,74,540,598,1276,90,274,128,100,640
1433,1285,1841,1805,1542,1191,378,1274,1307,98,1290,1295,1297,114,170,1176,1712
1319,136,1806,1727,1245,24,350,1036,1224,1123,1536,779,1043,166,338,1564,1307
885,1689,890,1279,1839,293,1485,1284,336,501,150,1305,853,1125,494,83,79
1281,1158,1307,1208,1588,1851,1251,137,1432,415,598,266,12,163,263,541,880
1292,1306,613,1189,1712,1770,167,576,504,145,1265,648,1303,877,166,1182,857
231,1633,1780,990,1544,429,1616,1276,61,1293,1805,775,1285,1486,1558,630,245
436,1585,277,478,274,1479,494,1064,1560,103,180,885,1532,923,383,1435,1284
856,356,1661,621,1197,1148,1299,648,823,197,921,167,1051,501,190,1578,212
414,335,12,687,589,746,1190,875,407,1084,1112,132,862,264,1167,571,39
113,178,280,243,1564,1294,1123,164,1804,1768,141,913,1822,794,94,1494,191
1299,1529,1280,1787,70,1292,909,1126,1639,1295,80,1277,466,84,1314,584,1265
1727,1260,63,1126,1719,478,1267,1003,151,820,1296,1767,1206,802,709,74,1008
610,1294,1188,811,1303,1337,1114,303,582,23,1515,1274,1284,780,181,194,857
1073,255,156,1224,84,1683,1779,751,548,1104,333,422,79,99,1491,1295,1783
260,146,219,1101,1483,1655,998,285,1318,639,79,856,1810,16,1280,245,458
1544,1007,1068,1265,1426,1296,148,1011,1222,1839,1846,185,645,1095,151,603,1340
239,740,263,1266,121,1819,1756,913,25,447,1305,908,180,640,1149,997,915
1016,751,1307,720,263,59,748,256,669,1776,1702,919,88,494,1285,1183,1365
1823,87,969,139,1503,990,1029,121,1783,1147,1277,713,1553,827,909,1294,1015
121,1841,681,88,1005,1278,1159,1250,1257,253,1230,1011,745,148,1089,298,1722
1362,1280,1307,1441,1750,1819,490,138,1851,717,1240,1132,1472,1125,1273,723,88
105,267,1806,1163,1285,1830,826,1277,1086,909,269,1489,175,308,82,781,1225
1303,643,1282,1446,1059,1776,94,1842,95,1076,115,997,948,1297,434,602,883
535,786,1783,823,816,1615,1282,442,919,1228,785,645,138,66,832,1418,981
913,1781,1711,53,927,1298,1257,138,968,1260,1468,126,833,476,305,992,1003
1216,973,41,1286,1492,1285,862,185,936,685,108,224,1211,978,148,1145,184
514,1804,873,1291,990,1307,1233,1425,820,199,93,62,63,1648,1292,1288,920
1296,123,374,1297,1284,812,1034,1545,1041,1290,1648,212,651,1424,1294,952,1564
559,63,1821,1216,253,382,1285,290,1543,229,981,295,148,150,161,1280,545
1303,1289,1216,89,358,1300,1836,1307,71,773,141,1807,746,152,402,1305,1828
1278,1834,1024,198,1009,1030,1388,1418,10,255,936,902,1291,1472,549,1049,1345
1277,1472,1295,1741,395,584,1776,933,1804,150,1102,1005,1781,1106,133,59,1298
1306,146,1296,302,1041,1770,1276,717,261,1282,915,1846,1284,1585,343,684,1291
1096,1289,23,60,264,540,1787,1294,1279,1014,303,1765,1510,1263,1430,84,696
1199,1711,1732,27,181,1071,686,1292,1182,1028,514,1774,102,260,681,1294,1240
99,882,358,156,993,1176,1017,1305,243,1807,1166,103,412,127,1289,1799,106
1017,775,1302,1082,1307,1274,374,1360,1296,830,1685,1586,1141,1716,466,644,1648
298,26,84,1841,1695,1013,1687,1152,541,579,1220,1230,1005,1042,1714,599,1000
1187,24,199,662,1117,674,1026,1355,466,1259,872,1105,1132,139,1208,1765,936
89,1546,1089,203,424,25,1365,1299,1279,270,1300,453,1498,99,940,1297,815
1309,512,307,823,1281,1014,740,1490,903,1291,1160,1846,122,55,1224,1862,951
1803,559,286,727,937,1067,264,430,64,27,162,1279,1566,119,490,483,996
1633,356,694,1001,1293,1077,773,475,151,101,466,1547,645,1306,134,383,1307
1242,288,145,1034,1811,1257,1013,255,1773,62,1741,1499,380,1174,470,257,627
138,394,1305,146,190,1669,1472,1732,531,105,1271,1085,912,163,176,40,1125
735,1180,1265,702,235,484,1400,1005,1485,1165,21,1276,596,1243,1471,1089,1024
105,1840,1435,1595,488,117,1113,1301,1295,178,1700,723,265,181,251,961,1233
290,12,215,1343,656,1307,276,93,23,63,1237,251,1566,1177,509,1244,86
478,819,163,150,178,1741,1201,1730,686,292,184,1858,320,273,257,139,1280
1566,937,323,197,1851,1311,665,83,1598,645,1240,1277,1801,1839,1776,656,138
1631,253,411,571,972,1225,1260,285,773,1266,1366,1138,1270,271,169,1602,1432
75,1184,855,122,64,1092,1457,1843,1585,1617,775,489,302,697,1845,989,624
23,1535,890,1303,117,1162,490,1589,935,1774,1564,1417,193,1067,1172,1806,1307
568,695,27,1598,185,1235,171,62,677,1032,1419,1292,204,1294,1778,733,891
215,244,1409,1318,1274,267,1621,1009,516,374,1299,74,1291,1307,883,1374,901
977,1241,1306,1660,712,1838,579,89,1648,1278,106,80,78,1281,1227,1165,365
374,126,1350,990,596,1783,842,40,79,659,964,955,1098,1802,83,1246,1050
4,722,654,264,81,1173,239,220,701,233,478,307,779,286,644,977,526
797,181,233,232,1175,638,1183,1012,1463,632,817,983,1741,570,295,959,660
693,506,1648,921,1300,286,1294,523,12,1741,1547,1279,990,1302,60,193,157
1284,540,1218,220,1842,1784,313,902,1534,1303,725,49,1036,1307,641,531,94
1069,934,121,1806,1339,1585,1276,1284,571,1187,296,1676,722,1360,1549,93,1299
24,1825,219,992,1072,1195,1783,1819,1616,1270,343,355,67,863,128,70,333
819,1853,430,939,70,889,185,39,890,716,913,708,363,1093,149,902,952
87,907,255,308,845,725,1266,287,1306,1316,1644,713,938,863,1778,706,1759
966,14,101,905,264,571,1301,914,126,1841,132,282,1240,1284,1566,805,1745
289,104,265,478,417,1243,1781,937,221,337,1303,1819,1167,134,6,224,716
1265,593,571,696,1186,1426,234,1187,138,1111,1198,223,1712,1188,409,536,1781
151,1839,129,104,1432,945,311,147,1294,39,1750,1299,58,265,1841,1658,1069
784,1648,955,1774,636,23,1805,1432,1247,268,1169,1291,295,129,1234,497,176
640,365,1289,984,1215,1093,1207,955,1811,235,119,495,570,531,1073,445,1305
297,93,1752,1059,1183,1001,527,1838,3,1276,272,1497,1242,929,1490,1659,1286
1784,445,165,1183,133,1488,737,1265,259,170,78,1811,1588,1667,1555,190,77
374,1272,645,1277,1643,1222,478,134,1342,315,714,1818,245,1281,73,145,1300
87,1823,1343,299,1069,971,1293,953,185,334,889,1294,761,1279,1296,484,572
1148,293,1289,923,204,1147,1357,1263,257,1266,1262,1213,222,445,664,641,1212
713,1535,656,1187,831,583,374,91,402,1091,25,26,1052,1374,1583,1365,1179
185,722,1471,138,218,1224,1294,993,1600,289,1280,1299,548,1304,199,1545,1408
1288,499,89,748,1377,1294,862,717,1295,901,1299,1183,1262,489,1223,1539,1800
480,1547,1319,1145,1844,1802,1836,1175,1490,1064,474,253,1775,4,1301,491,1049
684,793,80,1291,1778,1228,1552,752,831,1852,1508,990,1139,70,859,918,1288
1294,656,901,1277,1290,296,896,1770,715,782,1182,1397,1453,1303,128,1533,377
85,1741,87,1306,812,1105,1728,695,780,1294,1417,1621,98,1089,295,958,590
1843,1833,990,268,218,25,652,813,288,1555,950,934,918,123,1290,150,154
1781,1181,1165,698,828,1844,256,1469,279,86,1276,1018,1298,1382,1432,748,1122
1290,46,265,184,1846,152,1215,1224,890,1197,613,855,333,1279,1659,337,1097
1076,1500,1083,573,104,7,507,1374,12,461,27,1639,1303,1840,1279,1752,857
645,137,1472,283,1266,506,66,1288,677,1056,1420,265,1636,337,1291,978,1279
78,1035,501,152,1863,1294,222,147,421,1173,134,788,187,881,1093,190,25
1327,1371,176,956,1575,1285,1679,1770,937,740,1113,186,993,1265,1565,70,220
176,640,658,1811,1726,302,985,1781,645,462,1275,1296,564,504,696,760,313
1216,280,1711,1304,934,413,919,1155,1684,8,108,1207,1534,295,101,1783,1566
1127,1642,262,1030,898,25,41,1303,144,4,1606,1128,1798,145,1808,7,1566
177,93,157,89,246,1645,550,990,148,788,1290,186,282,1773,79,146,339
1564,1279,627,1297,417,1294,944,137,757,629,302,131,984,1830,1585,644,1113
1096,1276,277,291,1164,1078,795,1302,957,1828,185,234,1819,1015,1441,165,966
1297,938,1296,1320,286,1084,404,955,1704,1082,1249,1648,263,269,433,739,914
306,713,478,671,1566,404,980,1282,27,1095,1103,194,286,1470,1491,302,139
303,1301,921,1096,1285,305,1534,1546,1291,915,318,907,561,330,751,166,430
156,1549,1678,1307,1585,1278,274,1804,139,1147,388,914,1279,723,644,221,1852
1295,214,1426,258,190,758,658,229,1342,707,1083,692,1201,524,204,907,1127
190,1843,463,1747,640,1026,1276,656,12,364,214,1824,322,967,148,1112,465
101,725,255,1498,1011,1602,1270,262,1549,488,706,1525,581,478,1111,280,987
271,1265,1289,649,244,1293,114,1696,462,1433,1372,1240,607,1808,955,1182,134
1041,503,99,964,36,1406,27,975,531,985,1657,106,890,811,1301,90,1383
325,1811,1226,85,294,946,220,1296,90,1230,989,1770,1353,1079,1213,1839,74
1084,1223,531,855,1298,921,1307,427,71,435,1774,1299,87,60,789,1596,1691
103,1795,912,995,1279,542,1335,1554,658,329,290,1216,1809,492,1128,1366,1836
500,1609,976,1700,1414,442,107,647,478,931,1243,1303,1804,781,476,1374,1764
268,1802,1555,1537,1736,1418,586,1426,219,1280,1730,169,27,1162,660,1260,918
1245,1278,1250,1076,1167,1162,1285,27,268,1648,481,1299,301,640,135,1242,903
1247,959,1294,290,203,87,12,1353,1682,861,1665,259,1302,139,1119,1184,1295
1300,1348,1291,1741,1276,1007,635,1280,220,745,1804,1032,1623,1279,1776,845,4
1741,1546,1387,128,1056,77,1472,1300,1686,274,1306,1236,1406,169,1014,890,546
1178,1307,988,590,1303,223,1297,203,1558,621,645,533,835,281,1490,1225,1274
760,1585,1360,415,1011,929,915,1113,725,691,1180,1184,305,619,1741,1659,1815
518,75,1657,1221,1028,1278,1625,162,806,1497,890,698,1213,1008,1481,1418,1544
1542,113,1676,707,133,1708,1449,1343,1781,1288,256,220,190,1197,1000,152,83
1108,253,1183,1492,222,1097,1414,81,1289,1265,894,1689,105,1552,1138,1224,357
645,1374,137,501,74,870,1109,202,1801,589,212,116,1258,1784,1818,750,1470
624,648,108,1192,63,806,1145,919,76,1759,925,305,296,1293,1803,598,177
1598,302,1805,790,79,1204,1464,475,1832,1798,1542,1804,857,865,989,1307,1276
1727,466,1443,824,862,1177,1280,855,1834,1592,752,1216,1043,1752,170,433,117
954,192,1772,1435,1111,148,1290,833,96,689,725,1740,28,1303,1418,151,23
151,321,1839,1280,170,315,215,1105,1121,1068,139,1086,285,1165,325,921,1305
1847,329,89,234,224,1290,1554,426,512,583,1536,320,1584,1836,1682,1301,1329
1276,1187,1094,138,484,1760,1307,53,1294,721,989,1248,677,163,516,1585,1856
419,818,699,27,955,1732,1388,452,1404,806,86,1811,885,469,894,1266,1275
1305,65,1252,535,1047,497,920,897,1426,135,529,254,1648,1206,893,100,94
1153,1272,1301,60,1199,1034,834,27,907,459,1499,1026,973,433,1068,25,71
1303,1547,1759,745,890,548,148,1294,62,96,497,764,1546,1234,303,976,1069
807,197,1307,1216,1648,304,1092,1125,141,821,148,552,1340,1223,462,27,1794
1139,1005,914,244,1301,1773,1284,53,268,71,725,1643,478,1306,267,1775,1430
1389,1075,501,65,1226,1819,1185,290,194,1280,69,1374,621,1178,93,990,1726
935,320,199,1659,1547,1804,716,724,503,1105,1168,78,1257,299,499,331,1314
181,1819,598,1230,187,146,1409,101,1417,1619,1585,1295,228,63,686,1267,72
280,890,1266,1773,1246,530,538,112,27,999,106,1830,1238,1297,305,1213,1448
244,257,39,1566,1099,1102,1256,255,1174,894,1776,12,25,223,99,74,1301
1307,492,23,1279,220,1569,1329,1284,26,309,90,1244,1449,909,123,243,1837
257,936,1564,1278,1497,1781,1492,640,1432,12,136,1266,1298,1479,229,1583,935
309,1692,964,700,910,1305,725,494,1034,885,1778,645,1145,954,76,571,1306
1632,529,1276,134,687,1068,1097,1076,362,27,688,1123,1547,640,1147,1278,35
918,1357,962,1307,252,972,221,1374,1068,164,27,1009,267,1496,924,1294,695
623,164,740,1120,1558,494,202,235,1754,1196,1108,1540,1278,141,1094,1295,1692
615,1293,1730,27,1222,1147,1655,1169,297,1276,540,157,1353,1847,1076,1479,90
1349,1374,96,459,114,483,561,100,552,1154,278,1284,1328,991,1451,648,581
1529,78,256,136,1692,1093,1344,715,772,1778,186,662,99,194,273,1294,1284
1307,1585,687,1819,952,389,1757,1432,508,70,623,1824,966,1705,136,1191,156
478,1296,1482,190,621,248,458,1301,194,890,1600,87,1843,1176,717,36,416
1781,894,1076,1129,23,1065,134,1415,93,1426,1278,1066,993,368,1783,1281,1235
684,308,1702,12,543,1014,1265,640,506,101,312,1426,691,1223,1842,246,665
200,122,135,1243,1694,632,914,80,1099,845,503,12,476,1084,1681,329,143
447,20,1183,1040,894,694,150,552,233,1016,146,1366,1488,475,1190,74,1166
742,953,1453,723,1072,1028,991,1587,1284,258,203,790,1207,939,1036,1425,185
971,1306,439,1227,445,103,137,1780,1277,235,1792,259,267,689,1089,269,906
1767,303,788,134,137,1106,640,1741,805,1663,1125,1132,874,112,1176,1123,1520
1183,572,658,350,856,1272,192,1299,531,270,1284,475,1138,990,216,1795,235
27,1778,1550,255,1452,1844,1298,126,405,645,1217,79,1568,1057,1189,328,374
1292,1545,319,1777,690,273,1221,1613,586,1272,1279,583,309,1215,1566,512,976
1306,1285,509,312,503,1282,1136,1780,824,59,1850,125,1071,21,1781,279,275
359,1417,1732,1034,1284,1299,1239,1296,1309,792,1306,602,338,180,152,907,253
0,27,268,640,178,1280,1191,359,978,450,281,148,306,720,31,1372,120
952,1294,890,1182,846,988,1276,427,1780,1307,1756,1238,935,740,1181,1041,1829
1182,1852,627,1797,223,1430,246,289,1840,1440,1595,311,747,1418,200,596,1780
530,917,909,964,670,91,1294,1537,58,640,1452,1215,611,371,1034,1076,137
890,1741,1839,1578,1752,95,1291,1163,1740,1307,917,1299,1571,610,1457,1136,73
1070,1851,1517,1779,1246,983,1839,946,151,1516,1296,720,18,297,96,867,1125
968,244,492,1140,79,88,1734,1277,190,91,669,1115,140,1306,1076,1256,1293
784,588,1105,114,1277,1544,1239,1086,1005,552,474,1322,1188,1203,1265,274,1280
1052,633,972,1740,1293,152,1534,796,838,645,255,1125,855,1489,1182,1340,232
1034,1811,1285,1053,325,77,697,509,434,688,76,1640,1839,1296,108,1108,561
889,185,1366,1104,695,1305,1158,499,1711,1290,588,574,1677,255,998,260,885
779,263,1303,1238,445,215,504,522,1721,1293,747,1071,101,930,1340,1432,1102
219,999,586,467,656,521,1692,268,1307,640,1065,1812,494,207,1278,978,65
1741,1191,128,1805,1426,983,1840,1253,1770,188,833,970,1156,976,296,58,253
1223,1797,639,1038,1232,1811,80,1182,1804,415,669,1744,71,1748,176,1704,123
270,100,59,522,1281,1291,1623,981,1555,1270,72,967,444,1098,903,1288,341
569,646,1300,445,1568,303,1113,1778,1307,1124,452,1374,731,93,1036,56,856
250,464,913,1319,825,1182,1863,1084,750,1260,1830,1565,27,889,83,624,1167
1026,278,592,1164,1457,146,1626,277,1611,77,647,1284,33,1041,1203,1824,1125
1191,1007,4,801,928,284,139,1756,1294,1288,642,596,527,25,1341,0,1040
1294,1776,633,7,1566,1694,440,96,789,1095,1832,394,324,65,1689,127,56
1546,636,1847,178,1563,1614,268,709,754,1824,823,1691,1704,891,1036,171,924
1839,1242,907,1265,1068,1076,1305,852,1819,138,1097,1546,688,629,1781,1828,1112
1623,1301,1263,1426,120,146,1294,1183,204,1305,489,274,1712,581,1136,1240,1148
1188,1556,1093,1306,741,1296,90,219,582,937,339,135,283,178,1621,74,417
90,1285,1088,802,253,895,605,237,74,1277,1192,382,1804,1741,415,934,98
1554,219,1182,427,585,1198,1623,355,273,259,1570,855,1300,1298,840,868,767
1819,190,127,180,918,845,478,74,527,1292,1280,163,333,47,1206,308,1731
465,1728,1018,641,1142,1752,1106,444,1282,1381,1182,509,265,900,886,1278,1183
95,1181,755,1265,270,1585,1146,1780,1819,1291,1508,1614,1236,977,1381,990,220
1296,27,61,1243,1263,1819,1580,953,1298,641,412,254,1303,337,541,962,872
133,908,572,330,74,296,16,1306,820,1841,145,1024,1648,1034,863,255,689
270,953,635,1374,1741,889,411,768,1379,1274,1297,322,1121,1285,1291,1250,1555
281,1249,1688,568,1036,1229,474,945,74,1303,69,582,1138,297,1273,1154,380
1554,308,429,159,369,736,1297,994,1319,1245,1356,1448,285,1000,1838,1428,1198
1304,920,185,1668,363,150,170,1818,623,1276,440,281,1251,1172,312,913,540
178,1488,139,1741,1304,1040,1542,68,1841,1658,461,1292,281,527,1595,50,153
1790,1154,192,176,1766,86,213,185,295,1041,1278,1583,1292,70,1226,1119,1663
1148,1292,185,306,911,1069,196,290,1811,1842,179,1347,1514,1617,212,1246,1162
1376,855,105,1838,1267,1213,645,1470,123,188,1777,1783,577,776,85,793,1666
1218,298,1299,1164,1301,1545,504,189,36,644,1293,190,91,233,990,1305,640
1547,243,1824,1836,998,1703,1160,152,1648,1619,1228,685,1028,1472,855,686,552
1804,1289,509,1030,167,1294,1360,1780,993,907,1517,1279,512,1217,1489,1845,1305
823,641,177,341,1566,1426,740,1635,1017,1811,83,144,1501,736,1804,1741,1289
105,265,819,129,291,156,1281,1017,462,1285,1577,180,1578,1532,547,76,1265
62,1052,640,635,1729,1229,1780,1128,935,984,793,1303,1276,511,713,1783,243
1295,155,1839,1289,699,410,1591,1301,70,300,23,1359,1086,166,1297,1459,1778
95,1421,158,39,1033,155,1836,1307,234,950,254,573,1276,122,1132,1599,958
1379,1193,641,572,245,1164,1229,726,1139,273,917,694,1232,914,315,1564,1741
1829,883,1739,1056,430,855,1611,1564,923,549,77,1274,1507,700,12,1853,697
70,1128,505,642,74,243,776,221,255,1290,890,1182,831,917,1057,1240,1084
767,253,1845,1299,101,981,134,1498,1121,452,1842,1778,149,1279,1817,296,1534
1285,123,876,1168,1075,173,789,613,509,1292,1765,581,309,221,1341,1208,1359
1819,1307,309,1554,1242,151,606,642,867,1145,809,272,1285,207,1090,133,39
695,1132,1403,235,1224,177,1279,465,74,943,1757,505,942,1803,1298,784,1774
1821,1154,1266,740,1168,1454,189,951,610,74,551,838,1384,1426,683,1585,1243
1780,1374,1293,280,403,1302,293,658,1476,1615,258,151,185,486,1585,1304,129
374,1132,903,1711,290,640,890,990,1693,1839,555,1271,1432,221,1793,129,185
256,1819,147,918,1120,1276,76,1470,644,525,356,181,1305,242,301,478,1306
90,37,1225,286,259,1035,1610,98,1741,383,887,281,178,1296,57,1783,1374
550,415,1839,193,21,1265,862,1710,1305,284,395,1804,1350,283,1643,1197,1277
1243,1295,120,147,945,1269,750,1603,406,570,1609,1670,19,233,151,1547,1227
1257,105,955,1840,244,1648,949,91,270,1583,1230,238,865,254,1216,255,226
99,1175,154,1005,285,549,356,108,940,1243,325,1673,811,1003,717,1123,1236
1216,1783,1417,879,1523,1266,767,1323,1787,1832,1306,1458,135,1525,1309,1279,1653
299,312,1546,141,118,1087,228,1778,200,1648,71,188,1181,1296,186,1806,1171
1496,268,1851,374,990,1685,1781,1009,568,1730,1281,773,1273,444,1034,172,473
1519,1804,861,1684,990,70,908,989,983,811,891,133,1176,919,1306,1432,1210
1692,60,788,80,1778,1232,131,1812,671,1817,1014,1145,101,358,37,1379,1099
473,1132,731,906,1332,152,636,1552,1788,356,238,917,596,451,186,772,1293
1304,103,1098,995,100,798,1005,656,1306,285,1183,1169,1292,475,1491,204,492
1210,1426,824,1282,983,305,1106,273,1266,223,757,779,1285,402,1554,1778,129
738,1223,1323,1018,856,1276,963,283,68,770,602,108,621,175,294,1021,69
568,1295,1299,765,190,348,890,1688,1488,1301,1307,98,1712,1305,894,70,1426
656,136,1432,1842,1343,567,90,104,125,86,779,1688,305,729,1585,1025,1845
1074,70,220,1360,1757,478,1300,374,98,489,762,253,1778,307,1363,1147,507
1122,700,1082,1689,1347,137,1012,1260,1280,1278,268,1289,1757,100,1308,427,263
585,1111,1266,1068,909,908,752,596,1279,533,1366,1242,265,1271,867,479,336
302,573,453,1695,907,147,694,849,181,1491,212,1305,1303,1510,779,1295,340
266,1289,1017,182,297,998,220,1686,1819,244,87,122,913,1053,114,762,1295
856,504,308,981,754,180,354,611,627,1280,234,1285,1087,646,699,128,293
815,1804,1223,1444,1281,1064,902,767,3,1276,1828,1740,645,1243,890,1289,953
1120,49,1778,828,175,90,943,383,1648,920,86,1258,1114,136,1192,1024,1041
185,1272,1633,99,640,1298,1076,975,1281,954,621,1304,1839,1206,75,1276,70
278,289,1841,167,399,1477,1502,350,1404,621,913,728,190,937,1036,1426,147
508,1418,1285,886,1036,86,1265,1839,978,993,139,1726,1088,484,538,1300,1685
1128,1796,1470,256,1240,287,1838,70,1163,1236,469,106,139,1314,1564,679,257
588,1250,1210,290,940,257,246,1806,694,711,1778,1247,1472,1230,1293,1718,609
1845,788,26,1819,141,1839,306,1264,1299,596,1529,220,190,1635,535,1853,1811
315,1783,379,1106,1741,1151,494,1591,949,167,990,1042,1374,1266,1307,74,1265
478,1100,445,1238,656,479,1167,270,1809,233,1256,1301,1653,1281,113,1585,1712
186,374,1041,930,1161,1296,902,294,133,1158,176,205,309,510,1343,1279,1303
787,108,1026,440,1279,148,602,990,290,1164,282,106,310,1669,1844,708,533
1555,880,757,243,1288,142,921,1498,284,170,32,1125,457,839,138,103,644
1432,260,1757,1104,1162,1468,646,1281,274,128,1018,1280,1301,1285,146,1534,1306
152,231,1534,1161,1678,1595,1374,309,51,1490,1781,670,1295,177,101,245,1238
588,1818,1150,478,1839,479,94,55,88,645,234,1084,170,1307,770,1104,1232
1298,70,1291,699,1709,12,272,1066,890,1276,1277,674,1584,1148,484,1547,256
25,1186,281,890,1266,100,1068,651,880,1249,1138,548,1579,1321,288,1648,1305
1108,238,1498,1277,220,1102,639,894,627,1426,1104,1165,151,37,1388,340,1712
1296,1338,84,484,1483,913,751,1712,64,1129,167,1706,993,1680,1433,39,187
1122,1192,640,721,1074,254,288,1146,1115,1302,180,63,1374,1698,139,717,4
106,898,286,478,1220,136,1059,610,1334,69,1299,1286,1824,621,1566,1244,1248
23,1485,219,449,572,1330,259,671,12,150,1145,1859,1278,767,972,1842,257
222,1300,926,194,1819,647,243,1026,1307,1154,101,533,966,123,1291,615,1289
1769,488,991,9,1781,975,658,39,1536,1093,566,1542,1109,1839,1282,694,1266
1294,915,1159,644,990,1174,1484,1224,541,1853,69,1412,1487,577,1741,601,924
1696,989,1276,457,1183,112,1836,179,689,1815,1223,1288,995,1127,244,1609,697
493,1529,303,1592,1408,377,1817,1316,914,1222,1476,918,128,1722,1193,1585,103
1118,1289,908,545,269,1297,1292,982,1829,686,1121,1776,1839,1052,1265,851,1554
1778,1811,1776,1276,264,1085,146,1258,1472,1278,316,198,1226,287,552,18,521
75,283,645,268,1635,1145,1319,1076,1566,1689,270,93,904,1299,1729,699,1811
104,77,450,644,1534,194,573,316,966,279,976,478,221,890,25,1307,129
728,811,1182,909,1841,1272,697,1295,1294,1296,1562,1811,1280,139,225,1277,136
88,580,773,1166,692,1296,121,1579,23,233,98,763,1445,1611,779,1285,1543
257,835,645,83,867,1136,499,1807,101,1851,256,1297,1281,1207,1256,1324,226
1311,120,1183,1585,1291,111,474,1300,579,699,75,554,1129,185,795,849,273
1805,93,1778,144,27,1260,11,1235,1303,1276,1233,1525,83,128,1018,1819,1149
286,175,878,1272,270,1279,411,1276,1811,351,65,1083,989,1732,1354,1071,1005
692,137,51,283,553,253,1280,12,1137,1250,112,1012,61,1298,701,113,785
616,401,262,1217,89,1778,972,833,1564,767,1758,1299,1648,938,855,1798,1290
1017,286,998,613,694,1282,588,1122,285,656,833,1276,1057,1804,1027,106,1303
106,1294,1102,1478,1042,1340,590,322,756,185,98,277,283,1005,457,965,1420
1026,1830,1183,275,144,1847,1585,1669,1668,641,818,1277,644,1542,1806,1215,1470
1,1239,1366,74,867,141,173,1504,146,1578,1306,411,562,46,263,1278,596
122,1766,1197,1804,23,909,1192,1278,1007,145,294,1233,112,374,990,921,598
961,1129,1430,306,1026,1605,1284,147,1168,1828,1366,1417,478,570,1818,943,76
1711,185,1374,1545,1154,1846,234,1648,133,1426,1397,1243,1805,1670,1279,93,256
1707,1256,95,951,753,83,1783,602,1305,157,165,128,123,1092,503,484,290
644,1553,1001,262,189,856,736,641,970,953,1282,1034,1839,1830,867,1372,713
1030,1515,949,1204,1785,1234,265,1129,1097,1149,1341,253,1661,936,1693,1219,213
1162,62,1014,915,845,1482,713,1155,244,1374,1191,70,76,1144,449,497,1594
1022,56,1095,74,1297,1411,117,1129,626,481,1296,60,291,1182,165,586,27
859,579,1374,1754,981,126,189,499,1018,1787,1280,287,1546,656,1155,148,1599
254,93,635,966,357,49,708,445,170,1805,478,61,1145,34,1290,731,828
176,1014,306,671,918,99,1757,1809,411,399,106,1012,622,1300,1137,1083,145
898,1389,1426,989,1542,1585,294,1260,1722,1804,1290,1587,1297,1392,129,179,1348
1278,265,1294,966,1299,464,1307,928,1093,583,1276,938,1266,1806,1805,656,890
186,1680,319,632,1854,312,1545,256,506,128,25,1084,1162,1134,1262,1280,950
233,965,919,1496,114,1088,303,506,265,1799,658,137,1305,1813,1564,278,1658
1406,936,483,23,1036,1733,1208,1781,1026,653,1279,1239,1234,1492,697,684,1565
1285,80,1007,1206,537,1378,845,1711,1687,1136,611,1276,1112,16,459,990,104
1034,197,901,1016,275,1234,453,1306,1301,146,1319,280,938,1741,1288,1797,1770
867,74,478,70,885,108,1153,1041,1492,197,295,1129,143,571,1374,914,1277
1002,641,1566,602,140,1190,1337,946,1086,1294,1485,55,1741,1548,1250,178,1498
1280,1783,890,1302,553,1756,305,307,1139,554,556,262,1175,683,147,1303,802
1290,1220,1708,1230,220,1595,956,890,75,977,913,1751,461,274,74,754,175
275,531,1276,507,131,190,167,1177,126,342,1732,1151,478,596,1490,117,1798
666,136,279,1377,700,1340,497,1347,1181,1084,1761,23,1794,325,193,928,908
69,1056,1188,1799,1279,1685,55,1303,156,1022,990,669,6,147,1520,75,294
261,1095,234,749,1521,1426,1265,142,126,697,1781,506,892,1788,1516,1164,192
123,142,101,112,248,1306,1017,1092,1840,185,866,1746,1272,1566,1296,532,1828
935,621,117,1084,491,406,1192,940,548,950,1669,203,1296,1216,192,445,1754
1843,16,1732,1369,1346,767,1741,137,1302,127,1775,649,1034,1205,1459,1276,1804
529,989,744,282,1299,564,246,76,1067,1234,979,565,1028,918,873,1181,1332
943,284,399,325,1441,1452,1296,83,290,265,1294,432,640,298,990,835,1305
1805,746,278,640,128,1353,1064,1093,7,281,705,244,66,286,983,506,923
57,1017,1217,166,235,150,1288,851,1093,27,1839,287,1205,1374,1034,374,80
1181,1237,1074,921,1841,1781,1155,1175,223,1348,1403,999,140,727,1763,1361,705
1269,1778,157,243,147,1820,1794,91,282,26,644,86,571,914,1829,501,302
448,303,849,1281,1472,80,348,1800,1007,295,151,133,179,773,528,848,138
1146,1293,1032,139,453,293,1288,1709,641,134,1168,1678,430,277,238,1242,918
308,348,1307,334,258,949,104,697,144,1387,1426,1842,1279,51,181,307,401
175,246,1301,242,231,1082,1091,77,1592,1678,1627,1700,1291,1319,1296,1300,1566
93,1448,1465,1231,989,697,1408,1691,1127,1529,1547,1838,781,733,500,890,956
1841,1566,1280,1307,855,1298,144,289,286,1778,436,233,1151,754,181,243,74
10,1840,1279,1648,1251,726,238,1836,244,1732,167,1759,957,95,1669,1301,1566
293,1547,1861,1113,669,645,1780,120,1022,1781,644,1291,64,297,1260,62,350
290,1299,187,1119,894,712,186,1853,952,1147,1534,1479,890,797,126,623,1178
570,163,1049,1105,112,1693,1284,1300,691,1259,1310,1216,1071,479,1720,1076,1604
890,1070,260,436,667,1851,27,235,1840,1250,1306,259,1716,531,993,278,1260
1778,1632,487,1555,223,1145,245,411,725,880,644,101,1136,1534,140,1250,587
1708,27,644,694,724,1176,272,928,1025,1819,129,357,880,1732,308,198,257
235,1307,1121,752,382,309,374,1071,862,167,914,557,1011,12,305,622,795
623,1858,302,309,856,1296,1819,1290,305,887,1306,590,245,1013,1591,1585,1162
1372,1810,588,1112,922,949,1007,914,1273,990,121,238,494,1153,302,1669,415
1266,686,1780,1307,1160,185,630,1778,1520,295,303,1256,1093,316,1289,152,174
964,1016,1305,220,1518,907,1280,568,1076,1780,644,645,1546,555,1175,1629,953
1075,146,586,645,1084,1545,845,1648,1488,1278,1472,1552,1852,67,374,630,84
79,720,99,242,234,1431,1222,105,1648,1294,198,503,711,1184,643,1374,1094
909,1426,772,400,779,855,94,140,1752,167,1432,1555,694,137,1759,1188,1787
141,848,943,699,293,1811,520,282,112,1132,144,1320,1306,1819,1007,1264,759
534,831,46,1265,219,1155,1276,613,1840,173,1280,629,89,1263,1005,909,902
1299,1141,133,128,98,903,1293,1306,845,75,789,63,1148,1441,90,818,476
1182,1569,1099,1229,343,1088,189,1834,616,1759,1712,1025,1776,1580,1112,1256,1039
512,292,855,1374,766,135,656,579,1568,950,1294,1141,921,1136,164,146,1301
1278,138,697,990,581,1156,995,519,1426,852,123,1289,989,1307,1288,713,731
1117,1170,955,1431,1183,711,516,225,1534,1394,179,294,1373,79,93,152,1843
522,1276,823,1176,645,1273,136,151,185,370,1702,65,806,949,1274,934,695
258,864,644,1800,1294,186,1705,1720,1073,1276,691,223,1491,1125,1162,28,1469
890,937,124,137,845,624,253,669,1079,923,1768,1596,1047,222,1076,560,989
967,1060,1294,23,903,596,984,1111,1304,621,1472,1171,1030,1306,779,742,185
990,800,1204,91,1773,284,1627,1816,733,1323,450,993,1227,8,960,1669,1031
1150,1076,1657,1182,113,949,87,1271,561,220,94,496,717,1842,784,1307,268
261,989,1250,139,1306,1752,912,78,402,194,506,651,99,850,349,684,1182
1824,263,563,1453,544,598,422,1374,1198,1566,481,1092,669,1226,1364,1303,1789
1162,574,990,717,141,270,641,1351,681,740,998,251,1071,1845,62,1542,1237
1203,93,773,645,1068,1298,1303,1277,1442,62,588,1401,1231,738,476,286,1578
1827,1211,411,1777,1294,740,1299,186,1297,166,1377,1263,23,1305,944,1109,626
255,69,1478,1303,1459,27,1320,1106,1295,1280,269,740,213,1741,1005,1374,412
1648,1292,564,1568,907,197,1625,990,245,294,128,273,995,259,1842,753,437
186,1278,990,896,623,1091,132,294,755,277,89,1757,1266,1013,27,293,1296
1245,167,131,1847,1199,760,136,146,280,462,1804,1844,934,211,178,1583,1036
1555,579,995,288,159,128,237,833,610,1801,1688,76,1691,1221,1749,1238,1732
955,96,548,1177,1544,648,1183,1026,1490,1106,294,50,897,1348,166,1740,1208
967,1805,647,1285,290,1778,202,1290,410,49,117,1545,1128,166,380,245,279
920,729,291,415,1102,672,1259,1434,1060,1304,990,1091,1707,1086,1476,270,1248
292,1064,283,88,1852,1817,108,792,1744,293,351,581,1096,1783,74,1564,989
220,662,658,267,279,803,1266,1134,1277,1088,1278,700,155,1465,573,479,1371
147,951,1301,999,1314,1116,1555,1374,78,394,1001,1426,1305,74,529,219,206
96,1534,259,113,1068,532,503,1097,641,267,1810,1832,308,302,536,952,916
731,216,99,1123,1350,253,743,1844,179,163,152,51,119,1300,1836,60,1337
202,261,123,684,581,1233,1034,1277,1161,947,271,1297,1160,102,1648,729,910
1285,956,1741,1183,981,1280,1173,717,1708,740,1851,1306,77,1648,1178,1041,48
213,1354,1366,552,1747,1648,1220,306,478,112,248,23,377,1266,374,70,1226
1191,238,1083,1182,1847,990,1249,899,950,88,235,1365,520,1555,1432,335,1258
945,1613,1355,70,108,614,1581,1389,811,1022,1542,1773,89,51,258,1595,934
80,1274,745,171,1752,89,27,755,199,220,905,1276,1112,1041,1173,407,167
1161,644,1226,1294,136,255,1041,1309,1089,1706,653,23,271,1374,243,701,1561
730,137,1805,596,197,917,652,1290,133,1306,759,1811,1028,79,1070,1278,12
292,1727,642,1029,24,649,1240,325,1204,1704,1246,139,994,465,1298,520,1381
1666,259,102,1741,994,223,1040,891,32,802,57,1352,312,1805,825,104,229
89,1689,1227,197,88,37,1819,1255,1314,190,124,1407,1228,1137,166,1144,92
1565,1538,1116,1842,1303,135,1276,259,893,1137,1180,1119,1804,78,28,805,568
1112,990,235,24,1819,1518,1249,893,1282,1748,1088,993,341,427,150,114,553
1009,136,1840,228,179,76,1464,112,1811,624,12,901,520,1296,217,248,186
603,812,862,148,648,1262,131,621,1689,1778,1475,120,62,802,453,971,405
123,177,438,1187,1307,128,27,176,765,1229,906,978,83,811,1792,475,212
1309,273,1745,520,553,844,358,1808,270,1224,147,97,1279,134,123,746,1289
1272,1564,1575,1321,1250,197,1279,1566,1640,1207,1284,588,1731,94,1091,1303,1228
971,1590,133,1276,1282,192,98,172,1669,1391,92,76,1308,1284,942,568,1804
942,819,358,1555,454,1361,1092,1068,1378,1778,1374,124,958,1680,403,105,722
1819,492,639,1290,1799,129,1598,12,1539,298,764,739,103,1303,25,856,1515
1276,20,70,664,531,511,872,231,1068,175,150,1752,1217,1242,272,416,1167
248,1446,492,1006,1488,1843,1433,1681,1426,781,959,1648,1815,181,291,1585,1280
1150,608,302,409,179,641,1064,320,966,258,244,957,403,81,942,541,363
325,43,395,1233,1035,1496,195,1849,1222,579,845,1183,333,1679,993,251,1463
1841,1041,667,813,1733,178,1470,1177,948,18,1145,1293,473,767,1278,1555,72
1076,185,293,855,1281,834,1293,179,1421,1280,1545,1235,1296,956,95,296,128
1732,833,49,149,1752,1070,1247,1304,37,1417,878,1305,1182,603,1220,629,373
602,1275,297,91,1547,1778,1160,1018,877,281,1508,958,471,1506,903,694,1013
154,189,137,184,1451,1738,1234,917,1712,1332,95,519,1592,135,1307,1555,1087
1718,306,893,1307,253,274,1049,877,1325,1300,220,1286,1294,1467,1276,308,246
492,890,1594,1213,1342,688,1759,1645,1274,1071,905,1280,295,917,1441,99,310
596,1752,1216,126,990,861,285,1711,1451,1612,1300,238,410,1178,1580,658,451
1191,76,1169,1291,699,1293,538,845,918,722,739,1704,1490,1288,686,1031,259
479,1774,1555,855,1234,495,123,1237,644,535,641,137,139,457,992,733,1353
1242,1543,907,693,1288,1285,1771,100,745,1555,808,1359,1546,268,1840,87,1680
1778,821,176,105,1408,1230,827,641,1188,273,221,357,1282,91,1741,757,201
74,1282,457,879,307,340,1564,289,1129,1161,1770,1811,901,222,1117,254,149
294,1475,548,126,1363,93,305,956,1161,1024,185,1545,640,1093,1350,245,1145
890,1349,1225,776,175,1172,1021,545,20,1534,1578,312,1618,70,1101,1191,1220
1145,465,697,1296,1505,1204,100,1811,704,644,1780,1034,194,170,90,1374,1254
25,1303,62,1278,1307,694,1426,1193,1149,1399,65,1036,1280,563,280,1842,1089
398,1291,478,1547,1290,1306,776,1651,1819,901,179,98,990,728,274,817,150
799,108,433,268,716,661,953,845,411,1403,1347,740,112,592,1534,244,1009
1076,1542,70,181,978,309,1728,259,1251,144,847,575,1374,781,1096,1778,1073
1648,1220,27,1074,747,1257,713,131,1301,171,307,1819,148,183,623,1224,1307
1562,243,1045,1476,308,531,980,316,474,490,271,1065,656,114,415,1595,1250
1563,1314,70,499,1318,291,288,156,383,670,913,1373,1263,835,1712,374,1301
1728,305,699,1702,1009,264,733,268,856,1348,1253,1674,1605,1653,717,286,21
1106,1190,106,383,1466,1007,1727,1804,1065,1208,89,1807,79,696,1754,91,1285
1291,1296,995,102,181,277,256,170,627,122,80,234,1585,1136,1372,1781,923
257,536,1300,465,1752,12,3,187,937,183,1298,1819,1811,1276,335,1307,81
295,1565,1840,1759,970,1021,913,136,32,1052,1789,1295,1063,285,1025,1041,279
284,812,1471,1305,656,989,197,9,59,1299,156,978,105,1648,950,1034,1015
122,1305,1112,92,1286,1711,181,1690,600,920,755,1278,185,1684,259,1247,904
1293,1306,1341,1753,1152,1307,692,1566,457,1240,1305,1068,103,1580,863,60,37
1839,383,1714,644,1165,802,1280,1112,288,1082,1835,314,1855,1289,727,170,1263
1250,856,574,1544,1635,185,1648,105,779,586,1456,9,430,361,374,1014,1244
173,204,174,142,126,1066,772,612,573,646,1007,1132,1352,1781,315,1279,1125
288,1846,46,1824,1564,1863,587,1280,1839,1748,1082,1257,294,859,955,1712,544
177,536,320,1288,1781,1374,79,706,1648,640,1259,641,570,112,583,1294,1306
105,965,961,1417,412,1142,223,1306,51,268,472,591,74,309,3,307,954
1297,307,1098,459,1058,1781,908,1278,1002,1277,1282,1432,1260,1109,1756,185,1739
806,901,125,294,1094,245,71,865,239,70,642,219,1374,1768,76,1184,1547
1307,997,1145,1819,1280,234,875,1088,640,605,1094,1123,1437,7,1302,529,189
1804,298,1300,1292,1225,1018,723,1802,69,57,98,1780,1838,989,64,813,540
811,1294,307,1838,68,285,84,1105,1284,793,379,951,1861,1045,1584,149,75
1403,1314,27,700,1122,909,186,383,910,736,963,1851,1472,777,1617,1297,1839
438,27,190,1494,560,244,1236,969,656,88,163,1547,877,1640,1402,1741,327
972,1277,911,1282,1719,1566,713,276,1111,387,1217,293,326,305,993,1241,1223
1168,715,245,1305,83,303,135,550,176,353,1062,645,496,911,1690,1326,1292
608,939,1076,1847,150,262,430,838,1132,1804,773,1251,440,1105,1164,1518,1014
1128,304,882,1306,1132,1761,1098,1627,147,975,94,606,1455,990,77,960,27
349,1293,231,357,1631,953,1028,1304,1123,145,283,69,1145,1136,1847,100,1789
950,1274,1426,1691,1181,1294,69,1036,444,1839,1314,74,1018,1295,1123,1273,1013
1752,1550,245,624,284,1687,958,990,1042,1509,1832,1432,1778,198,1290,1297,1338
750,74,1805,268,752,1539,411,258,1094,70,1112,1808,1119,138,1306,1093,1036
995,1452,1838,1843,1132,1781,144,1498,913,494,1215,1088,1741,1303,1733,939,197
1013,984,534,1277,847,1564,1422,1303,1235,297,953,175,1030,1145,1176,970,1266
287,754,274,1305,797,914,1296,925,1341,1242,101,234,1564,811,495,897,71
1042,867,574,1059,1281,1332,26,1153,640,976,199,478,890,452,520,716,1555
889,46,662,286,1279,856,684,636,131,122,950,1266,916,1297,1819,1547,155
900,1145,265,1290,645,1802,1304,451,694,1564,717,24,1770,1417,1754,1752,396
552,713,1276,186,296,23,1589,279,175,1278,1230,645,1565,1163,278,239,639
257,1671,1728,1544,265,127,902,51,363,73,309,12,805,25,1176,194,23
275,1096,1304,297,1706,273,255,1781,344,70,243,50,290,911,1838,1250,11
680,1783,1183,1683,1245,1297,724,645,1263,1030,1014,136,930,1704,1818,1068,1292
662,1082,1076,1418,1637,1275,286,252,1160,911,221,1432,694,598,1421,203,403
856,1302,123,1795,1034,477,55,484,201,1132,640,459,907,908,943,108,1712
1284,1307,1472,772,1778,176,657,952,963,767,1752,26,438,681,220,958,178
1285,1741,160,1502,1294,957,76,94,531,57,687,1722,1119,891,1290,1148,1239
1276,1829,1296,603,141,1150,1507,1306,1302,266,640,1033,1752,1516,1294,245,201
57,1257,159,346,150,728,272,997,1304,1374,1531,98,1302,1712,861,1293,44
1781,1290,779,1286,1432,244,429,261,879,1418,393,1250,1792,954,257,1073,959
1272,150,568,1660,244,1537,382,1298,581,99,442,1289,802,1095,1280,27,1268
1723,1045,142,1196,1290,875,700,1710,113,1675,1293,58,219,402,775,1289,1230
294,192,855,1776,1832,1648,890,1424,188,138,1841,1566,155,1279,689,272,783
1243,1295,142,290,566,1145,598,47,1278,129,1642,1502,221,1237,293,713,939
1056,1173,1416,400,1280,1306,506,1290,1021,91,474,252,1277,146,1354,1307,1805
700,1356,1278,756,136,1709,1426,3,1235,1015,1275,297,1585,921,767,1197,257
859,1092,1038,1732,1169,1844,454,1417,1552,1305,896,12,1312,683,1352,290,1594
74,1741,85,1644,1120,1555,1839,1112,84,1621,535,1498,1279,624,979,1249,1278
1780,833,173,1205,126,503,377,963,1674,1038,1490,23,333,825,1305,1517,992
1547,221,1654,1009,164,1306,681,815,88,280,87,1564,141,1296,1555,1333,204
1849,79,1412,1084,288,1804,834,1265,1290,1383,549,1320,337,134,592,1164,914
169,119,845,112,1839,429,1182,273,1751,1299,374,1076,1094,1109,59,1669,395
1034,374,534,1341,1801,188,91,1825,1247,1038,1305,1783,1298,1547,1631,179,195
1301,1776,1025,1775,90,157,1463,1677,289,802,78,288,460,1741,1846,1295,239
1426,1688,1841,1278,478,1694,541,288,272,170,1074,632,552,995,770,1301,1564
1648,432,130,817,513,1342,1304,450,452,937,1683,375,165,523,966,914,1838
1303,1365,259,657,290,1281,1384,1426,494,18,728,989,525,1011,424,1183,1832
626,845,1145,803,1078,893,1019,122,695,1187,1084,126,1441,1510,129,1741,914
863,204,1778,977,1153,642,1323,294,1544,1472,586,1132,667,1727,655,994,795
1265,1278,1741,985,1648,1284,212,136,1778,989,1491,286,289,907,1811,1819,1008
956,344,629,462,104,1000,80,1432,1634,478,1435,290,89,845,374,74,180
1289,882,1807,1573,140,499,1670,288,90,1354,263,293,258,1119,1695,1839,1208
1432,1812,223,491,258,212,1711,1041,1279,173,1092,1106,265,1307,1091,1857,1534
102,740,1054,127,1284,1648,1564,87,221,1807,3,1752,176,254,1249,23,18
1300,90,1401,1285,4,1490,1712,1291,1288,1426,1289,1206,1113,1645,359,320,1142
289,78,101,1749,392,1280,712,1510,260,891,852,1176,1863,1502,1165,1292,259
1230,221,1180,373,640,503,1296,65,189,875,1294,1738,1585,213,1534,658,146
290,982,1303,967,554,813,1742,1361,770,366,1096,983,1417,1707,259,1294,1227
1370,636,1704,893,61,200,1278,640,57,1329,1172,1306,559,752,438,1016,1256
265,1106,1741,1757,1123,137,621,312,19,1282,1274,983,163,221,1087,1052,276
1712,268,983,264,1306,1212,263,1862,589,1364,332,1129,1257,1551,23,989,847
317,268,994,914,1752,937,870,1306,84,60,589,165,1737,1009,1161,987,1776
1845,548,568,306,1490,197,623,150,1302,89,644,588,1819,1689,950,935,1077
1396,1191,843,101,1566,221,917,1120,1761,1302,1333,1155,552,1778,656,1306,606
499,645,740,826,269,530,1807,503,1564,1251,1052,1291,1839,331,838,1441,80
286,122,1741,1149,847,1436,136,1611,320,885,121,1081,700,304,459,881,1200
1192,279,244,253,255,920,1648,1294,1852,529,242,1007,254,1811,993,1158,309
244,1280,739,912,801,596,1307,1284,1761,598,245,438,1732,1293,993,1306,386
1188,1301,122,1037,794,1723,1313,1007,1330,1337,914,1751,291,1851,89,1725,1305
130,990,553,644,305,1804,101,1291,1031,1375,1745,1278,63,242,76,1071,1306
1276,87,238,1293,307,1285,235,424,176,1125,1123,136,383,1155,1292,835,961
23,179,540,292,656,1166,101,293,1837,1243,691,1306,1295,902,1220,833,674
838,540,259,990,1266,383,1284,911,1148,720,1093,166,1303,1363,1374,1340,1279
1005,1266,1208,127,310,977,1119,82,55,811,1184,1023,636,669,121,960,477
1302,101,1484,1281,1306,1548,1285,1246,1106,1386,1585,819,893,1509,188,1550,1717
490,978,478,1228,1116,99,1472,1062,313,1628,1648,381,952,294,1233,383,951
62,928,83,890,1813,489,1305,253,1303,474,568,1752,450,27,747,573,853
890,955,244,761,260,296,62,1350,1205,1295,644,254,1778,1498,831,121,178
3,598,1553,1781,1550,739,105,1294,1455,274,191,193,1295,529,27,1673,1250
572,1853,1007,1298,1287,306,177,483,18,1041,1555,656,1847,293,1839,1817,1552
24,848,1776,181,615,126,959,1148,880,481,1058,640,195,900,201,37,330
1302,57,190,1496,747,811,544,1229,855,1113,924,120,1304,257,185,937,1566
1426,89,875,576,656,475,1246,1071,1294,1802,108,1258,19,259,1099,1230,356
104,191,274,25,1702,768,1098,1276,598,494,1278,1366,140,1169,1804,11,908
256,445,607,32,108,267,1118,1179,717,217,917,854,875,1781,1610,957,1160
1280,622,1597,494,101,941,1241,1555,457,284,1338,1353,1016,287,1307,1304,1292
1334,245,259,320,310,27,1307,289,641,993,1648,1293,412,9,1741,1294,1257
1095,1328,100,454,26,295,23,1415,187,1638,1293,1533,197,65,1754,1834,251
589,1093,70,269,822,273,245,102,1781,440,175,1838,23,1472,1776,1279,1694
1792,451,677,1472,1741,504,305,684,1648,1086,130,1542,905,839,1300,1260,645
1012,1441,800,1181,460,1293,1246,157,913,855,1716,224,640,1288,383,1704,1752
1522,1147,82,990,84,1076,1839,27,39,669,1426,1162,154,1125,694,201,104
197,1147,773,1396,1859,623,303,1555,1802,1306,1026,1669,1246,1208,1305,808,1294
122,1289,167,1199,25,534,1688,305,673,229,174,322,1854,835,1573,1274,173
1840,787,1058,146,1304,1805,190,559,1472,176,1175,499,24,878,80,1296,1273
105,1114,439,1167,260,1125,760,1817,263,1307,1224,243,1276,610,1266,114,1189
490,1568,87,1819,956,287,1707,1249,1364,1298,424,575,1331,636,870,1566,1803
1610,140,826,448,1045,1356,425,1293,1741,492,916,1783,264,606,1191,1288,255
330,1101,74,1301,1840,1296,38,1115,285,643,774,8,645,510,12,1702,1292
126,286,90,527,1744,1440,1104,1561,1798,957,1198,184,1474,780,75,925,783
1484,1834,1405,1800,235,25,1029,669,1432,486,1472,1031,1243,1706,1084,995,1771
234,152,1225,264,1343,1290,232,1296,1146,1087,1731,1821,1280,790,342,1536,8
645,223,797,94,590,900,117,1531,1712,640,1238,1681,1497,1365,804,641,955
1467,1266,303,890,1589,181,93,223,275,484,983,43,1172,1472,360,1215,151
1294,27,135,751,298,1176,1509,987,113,1247,147,872,912,388,309,185,165
187,754,536,1110,1059,1249,39,913,114,642,1232,1829,133,889,1301,915,695
102,141,623,777,1005,1366,1778,1426,294,831,596,1421,656,1293,122,39,147
636,1669,956,1686,986,538,1719,46,949,1007,935,1272,1712,262,1575,23,12
1120,306,148,1303,1068,326,1293,1159,1228,991,1296,70,64,1714,141,1304,1785
1090,1104,1128,1290,116,1789,200,1722,285,627,1223,644,963,1595,1853,1163,905
990,1183,1276,1783,1181,252,221,1701,29,1132,287,1073,941,475,111,176,27
1305,91,1537,1296,1542,145,1463,946,1783,1565,28,83,897,494,104,621,95
1289,1295,914,23,945,1306,1225,1005,1257,309,1296,1705,1304,1182,307,1181,155
166,1689,46,1545,1103,1304,1146,877,1239,1294,961,1130,934,1026,383,4,1777
1806,859,306,806,1467,466,47,656,395,1267,1248,128,1648,1836,873,902,1810
139,1488,268,142,1181,1775,1761,768,1121,290,181,857,973,1225,1354,1265,585
286,1398,265,1409,271,167,645,70,1819,1280,1276,1293,1074,133,1851,494,1299
821,540,323,1297,1555,1267,45,1811,1335,1053,1293,1752,1305,1674,1162,54,1153
19,494,901,1248,939,590,990,1547,1030,282,79,88,887,766,776,1291,302
706,80,57,1555,434,921,235,1303,134,296,640,96,48,1623,1226,1302,121
144,1472,265,779,1306,1740,1240,1125,1534,245,1776,1732,312,1539,953,1712,1303
1432,1773,1752,1116,787,990,106,148,247,290,856,140,618,1726,1297,1720,907
1263,1284,203,1486,1183,986,1741,746,1496,1659,963,1161,82,1270,1280,263,1306
917,284,1296,138,474,75,830,865,540,953,1156,1148,1293,263,1132,1084,626
773,999,772,84,949,1029,913,1297,895,175,429,989,127,219,141,1770,1585
548,700,1123,1482,1301,269,648,287,1517,1204,645,27,1000,579,628,1727,920
1326,1299,1853,795,1511,1732,1851,939,1858,166,1841,1780,1129,772,1547,1417,223
1744,695,1303,1574,659,1648,1175,1036,691,949,235,147,1298,648,1051,1301,1283
307,1168,671,1148,264,754,645,573,529,1288,1694,1073,1712,1565,1374,1067,1366
148,80,1228,852,884,1726,292,69,1147,1467,1166,196,1840,246,1041,1720,221
116,1800,1041,924,256,223,658,1145,889,86,908,1509,174,1297,1288,1089,309
45,201,1277,781,1242,348,1230,1780,585,491,303,996,419,1175,1289,1172,85
572,114,1502,1038,1198,1644,789,1811,1184,1467,1013,1778,269,136,1783,465,1459
1321,150,1058,1284,1136,1183,1015,1204,1607,1374,1391,993,632,724,1165,679,1280
912,1294,23,1182,1811,359,917,1296,1824,714,135,1034,101,197,1564,95,470
1571,1550,990,908,814,138,838,418,885,907,27,25,323,335,606,1558,1741
186,978,858,569,1276,656,261,2,27,1553,1547,321,640,1168,801,953,1449
722,1154,1757,1146,669,1839,1296,1640,1251,392,1199,1804,1202,1250,1319,297,219
1205,256,286,1353,953,1041,403,275,121,434,1685,104,1390,1751,1297,681,1797
634,1280,84,623,708,1811,1036,561,775,1084,1550,132,890,779,1307,1781,1361
1839,105,137,1578,1297,470,992,913,1307,1340,1279,202,624,306,96,548,1374
1832,890,1290,86,1282,752,1426,789,1281,565,156,1183,1526,245,1759,78,1534
1300,679,1224,1472,273,1290,139,1547,1108,290,696,310,1302,1778,635,993,1346
167,1692,860,271,294,968,1285,965,1555,970,66,1640,1534,105,280,1067,953
360,233,1191,135,1686,1138,220,259,1019,603,1505,1837,1160,966,1182,1295,1113
123,669,491,136,1804,1182,1303,1278,1085,1291,145,855,1019,1641,1177,622,285
689,990,1778,134,49,1205,919,309,1104,155,1015,411,1585,989,1257,596,1286
309,1585,1542,281,1289,1797,1285,146,1176,641,1035,1276,690,1731,546,640,1648
1633,1280,260,1370,980,891,1305,1764,99,1225,1839,689,1123,894,306,176,138
1230,501,919,138,1700,185,1166,1340,878,27,1158,1279,1160,656,1249,1776,303
1844,951,1587,1263,445,1781,151,1532,1304,490,274,1232,268,91,1374,106,1136
1294,907,926,24,1379,829,1246,1303,975,1301,357,1830,767,1178,1203,270,285
245,1182,694,590,1181,289,1152,1167,1150,979,1805,27,1818,281,1186,677,1228
257,1301,1296,944,16,1408,374,327,170,1432,907,1703,713,1838,1741,1859,1502
1365,1374,265,1018,913,1271,106,86,772,923,752,1585,655,858,197,531,1260
1332,1744,1074,704,1571,108,1752,285,70,837,73,1653,247,173,651,1294,891
1614,1279,197,56,569,1733,1247,1637,1459,8,263,1529,18,790,307,548,344
1299,1184,974,1172,1150,155,1490,1563,1324,847,347,1781,130,1199,151,367,94
523,1369,1669,973,478,1175,93,1183,95,1291,1018,985,1861,1205,1566,857,1038
306,126,84,1680,1741,1303,194,17,1839,279,78,129,1357,22,1032,1188,501
970,194,1230,990,1307,325,1470,280,1306,147,302,1651,1032,96,1627,1304,294
142,606,245,1585,489,976,1548,376,1406,1541,23,1568,1087,1250,61,912,1287
970,1732,914,1809,820,1738,1467,85,56,1267,1837,412,373,1265,145,60,99
89,335,1339,505,259,1005,1720,724,1839,1329,138,1472,743,1297,410,268,157
1299,952,1433,928,491,1537,1850,713,1252,383,727,1057,1780,1027,811,972,128
1234,40,999,1778,348,1491,1192,333,141,416,87,1313,247,917,1268,1062,284
907,645,1306,881,163,295,1620,518,87,374,132,135,747,216,639,1302,259
1839,833,624,1106,641,15,258,188,1564,929,1491,1847,181,1374,234,1191,220
425,597,554,1486,1029,231,1205,1842,459,642,1852,823,1853,1307,1292,219,1070
103,1841,445,972,1276,1844,1613,760,847,1265,1791,273,645,1638,1016,1818,511
65,1585,970,829,399,960,711,579,243,1553,810,584,1084,306,1732,1304,1306
1416,1509,939,1297,966,1279,256,1688,25,1032,1445,1585,1806,430,890,212,575
1151,855,640,1778,1817,9,1503,1561,1490,77,350,1222,1509,1223,713,1302,1472
166,1292,1031,1303,1041,1297,18,1269,1374,250,1294,1582,135,256,1511,277,934
116,1804,1284,478,1142,265,1561,292,684,716,1580,25,356,76,849,1781,509
889,281,641,151,885,1352,855,1199,1472,1293,1306,383,26,95,1569,1280,37
1694,917,1741,1745,1472,1550,649,947,1622,220,653,720,27,1092,1097,1197,228
1280,503,494,1185,505,1417,132,384,1076,1080,424,152,546,1066,1630,322,1472
573,610,1294,217,1566,140,1737,1225,1545,173,49,1266,1840,779,1230,1208,178
953,459,1805,1307,640,123,1276,512,1555,1546,1468,219,1730,1227,335,1293,114
1853,1152,1667,217,105,1283,1492,1217,1275,939,187,202,1305,985,1741,1809,16
940,588,640,93,1668,126,1564,132,1739,1037,1721,1374,889,740,1450,685,95
656,1564,180,1534,1306,1018,968,626,1242,1373,1658,1133,411,179,1777,993,615
908,1774,1840,148,321,1305,1262,114,108,1226,947,1740,1249,951,167,1265,775
1116,1536,243,798,1432,1486,335,234,1851,1809,1728,932,630,225,574,1303,235
133,529,840,1307,484,1415,1712,1783,531,924,574,1263,137,1082,656,990,473
1340,1635,1769,1016,69,193,1749,245,142,1727,1466,1314,1728,1837,233,321,1555
1426,197,37,1230,1019,76,669,1490,1617,1126,190,181,716,21,204,950,1722
492,1266,1855,76,1295,1354,8,1708,23,896,215,1298,70,848,1285,912,1297
60,1125,898,1547,645,16,647,1222,194,1374,1092,1295,735,479,1198,1611,301
789,245,267,1426,128,1055,921,1093,982,1303,1770,27,197,1166,59,1101,1464
484,65,1306,178,645,1419,265,1288,347,489,1811,202,1585,148,1293,795,695
1138,231,1704,1529,295,219,525,1552,1154,1305,335,855,1555,70,57,1755,1733
1176,186,1276,1257,157,469,1566,1585,1698,811,273,550,1062,1123,63,60,1290
1711,540,1838,186,980,290,255,907,23,1804,178,1085,216,190,788,1297,1225
106,1098,245,292,142,219,857,1409,320,72,1272,221,1649,1552,361,475,1121
865,1009,669,822,1534,324,862,980,756,115,1299,253,176,698,1841,1003,1064
1266,823,290,278,1088,1819,175,1248,1270,26,568,1744,1096,1012,1613,1153,1752
1305,1385,1666,911,1692,363,194,1798,88,494,296,952,1770,1830,116,671,640
439,809,1238,435,292,1270,289,1841,36,1236,88,132,1278,1843,411,1069,1225
902,1555,1234,193,1285,909,1585,557,1562,1830,1250,80,71,1217,1280,1297,643
1591,324,103,1819,1805,811,1295,298,1778,1197,16,138,890,1184,1497,440,290
764,598,1720,877,278,1257,936,829,203,890,1432,1277,178,1741,1374,1248,1681
1780,1563,1455,1148,670,1723,562,890,1783,1230,1839,1302,1614,756,238,1307,1648
645,1217,55,1175,1595,1564,1026,1280,1648,1676,321,1585,862,129,80,303,671
76,1601,1305,1291,417,1374,459,1863,295,642,605,1307,40,250,1806,268,1672
1295,204,1299,845,1120,1293,130,465,1307,1669,1040,1292,857,563,1676,554,1227
458,1290,1314,1266,823,59,1071,1657,407,1809,1812,82,740,1511,301,1534,307
1836,935,49,1609,955,1301,233,219,510,1276,1106,1747,623,632,621,878,1284
1244,1302,1265,949,1796,58,931,1036,300,374,188,309,1176,1752,907,1061,1243
81,1197,1403,50,1013,85,1829,474,723,1520,444,1158,1245,1250,917,422,114
1284,151,1765,92,849,1276,1256,1280,1265,1126,912,1274,1586,12,955,1296,1160
889,46,1128,1372,1080,1332,1711,1580,1566,1300,512,451,346,1690,303,392,1303
657,983,363,27,1818,87,1305,733,1503,596,1141,1741,1855,1775,79,185,342
1044,531,478,1741,1648,1719,129,1305,223,1225,1804,25,1345,296,553,1091,424
1857,457,602,1333,1808,99,573,506,1289,1279,744,181,1012,1819,695,256,1555
315,354,1271,424,1228,990,223,293,1397,863,349,1013,1117,938,1199,1531,167
80,927,445,700,120,1669,163,186,262,890,1732,1217,1514,374,982,1625,779
1538,1585,127,1041,1560,290,1176,647,1595,273,321,1161,292,1302,472,998,1199
299,62,1469,298,303,440,900,184,1744,175,618,697,1243,868,3,1498,1547
642,1139,1234,101,1106,292,656,1128,767,1669,923,1786,174,1281,966,973,1235
918,1681,1260,179,1278,23,244,597,958,1303,1243,1778,1279,1306,972,237,302
1837,915,1265,1377,591,1017,321,608,1192,478,989,1128,1040,980,254,134,647
1295,621,1780,356,427,117,643,1203,548,412,349,1250,1718,1761,1076,665,1534
1518,263,1627,36,990,305,1008,1585,1299,1294,1811,129,1426,912,399,88,9
1709,134,715,1673,911,1191,1278,1714,1648,644,1266,325,1277,80,1811,185,956
1672,444,1472,120,1808,23,1555,280,1534,86,1077,970,701,1012,912,1303,1011
1276,901,1303,324,116,833,1295,285,1079,1817,1289,1162,508,825,1846,279,1807
907,538,1266,855,478,1130,1280,581,223,1712,740,1783,641,692,1268,1306,1841
1220,1416,1289,645,1564,1007,877,1305,1818,1569,1851,58,46,1426,1659,1077,1297
66,1307,1389,1669,1811,1566,139,18,1804,118,88,117,906,573,312,59,1584
1205,95,1783,1225,1648,1289,1223,540,1199,1841,1660,23,744,74,1268,989,1178
1304,1207,1204,1706,129,1073,1534,913,624,1301,1658,267,288,1127,1277,1648,1566
855,1281,1572,1587,1049,86,1657,1290,1687,1435,1213,503,69,136,286,1191,1350
1585,1015,1851,824,179,890,520,121,882,1749,1418,1718,1231,592,990,1197,383
919,927,1305,1596,1067,990,216,960,1732,1455,308,1115,1778,1275,862,546,1470
259,238,1084,950,374,1018,438,148,234,1036,1169,462,138,1297,1127,1040,627
140,872,1805,1566,89,134,1569,1304,1222,1564,1167,729,1163,131,374,1123,429
1189,275,246,360,38,1778,451,137,893,596,990,283,949,721,1855,234,65
146,1492,658,1842,608,116,1595,58,1613,1563,847,941,190,89,277,1678,246
27,1811,246,341,1776,1841,833,1554,1780,63,1233,1333,1545,1401,356,1524,285
1280,1303,608,981,175,1254,1304,1847,1176,1263,789,1097,260,137,678,1249,1266
1472,1348,56,1851,1080,705,1647,1258,289,133,1428,206,376,326,1351,377,1303
1266,112,1350,669,921,183,1619,563,863,1305,465,1595,149,993,335,131,1752
1846,1276,1284,1574,79,107,185,279,177,1783,1492,1732,840,581,1566,669,946
1828,171,1285,1065,645,285,1299,966,294,877,1284,101,1817,268,166,1051,1056
233,540,1833,432,1276,77,784,1555,1024,966,1778,122,574,377,902,656,1421
1291,18,76,640,1418,176,289,518,1752,197,1280,1067,1252,1736,1426,1189,1302
145,79,246,1566,274,133,621,298,253,613,956,303,1070,1555,44,1374,914
471,1256,903,296,1285,263,1068,135,1060,1142,147,1821,1183,863,1297,285,1084
244,1351,1192,1402,98,1301,989,1853,80,1702,1339,1712,1657,506,207,268,74
1426,478,151,1245,980,1152,138,1590,1074,1777,348,1279,399,1564,526,760,644
324,450,478,128,1706,1416,990,378,1367,1852,1718,1711,993,558,235,1649,1059
238,132,1712,644,928,635,550,271,980,990,419,953,270,1686,686,626,1300
1801,1741,598,1280,71,1678,1681,745,92,1842,97,1727,1005,1680,1182,763,865
656,855,1653,1059,1568,263,860,284,1841,625,1086,1084,1302,636,1273,1661,1799
1234,1285,1272,691,749,217,264,257,399,104,1052,452,451,25,146,478,1314
1817,1188,1242,1689,129,36,1289,91,1305,1253,357,1397,144,1607,1585,685,641
774,1238,1762,306,644,1137,1253,875,1204,151,63,989,415,1276,163,81,1278
1282,785,1388,955,905,11,722,1114,283,950,1305,1012,27,747,1191,1071,1839
108,12,1584,51,1136,640,1225,1555,223,1741,714,140,190,1658,453,804,1301
1303,1265,263,1041,1730,1717,1111,1773,1207,799,643,1298,982,144,180,1101,1277
1781,1229,1178,430,622,923,1205,1559,1843,992,1811,937,1270,28,54,1304,596
1284,1012,1104,1125,903,1067,1574,1303,325,714,753,1507,25,4,1690,710,835
1237,132,504,892,909,1150,297,1076,152,1129,1585,1105,679,1547,1555,686,353
1184,1296,1161,491,1294,669,687,1278,1284,914,785,842,18,939,1243,500,1732
74,642,917,1401,1467,881,375,176,284,619,488,278,1169,624,1314,1132,623
462,454,990,1806,992,12,947,1490,1465,1555,280,962,1485,1467,1701,1278,1822
295,167,835,758,1182,1669,290,1088,280,990,1022,223,324,875,1026,1257,583
272,146,1847,1449,1654,295,1660,281,1523,1490,494,1284,1313,535,1777,1564,290
1278,574,1067,1114,1555,1040,374,636,95,1148,105,970,106,141,1293,531,286
1290,1850,845,1531,1327,964,640,966,925,984,1268,235,1467,976,288,1621,374
141,164,1305,1441,1648,167,26,1569,1737,294,570,1096,1470,1629,577,452,239
287,203,157,1326,656,1045,1461,1373,1353,117,94,1552,581,1276,826,293,1058
233,1851,1026,278,166,140,356,155,1547,1280,1105,467,1479,476,265,1648,1807
308,967,535,1472,1816,1099,399,1300,1335,89,1710,770,8,298,1127,1008,1346
1515,1467,1752,918,80,982,166,1014,1783,161,1059,189,97,855,1012,1353,1260
452,1088,145,1367,1306,402,1277,1130,309,890,53,193,268,825,277,99,1093
1361,645,197,297,1476,1280,1811,823,1585,164,243,1003,260,1493,1284,1053,533
296,614,70,929,1205,1276,845,175,605,1302,1550,610,1533,1374,1290,907,238
1118,81,478,1305,1306,620,736,1529,1415,1547,870,718,1282,1488,1295,707,58
92,872,383,403,891,430,1557,1216,1187,200,208,1276,766,1566,1839,1294,1266
1741,596,112,1259,785,179,1712,1353,1811,1547,1299,171,1294,1781,376,1426,919
1291,71,1490,596,955,1182,1346,1290,74,30,27,259,639,1374,890,1798,1689
914,855,1136,312,213,1329,1432,1819,266,1250,1297,1837,1820,243,1243,1073,770
1391,220,935,811,588,25,1300,244,148,667,1804,16,553,164,1722,991,1469
1719,126,85,804,632,415,1303,1798,1287,70,889,273,1199,303,1281,288,175
1079,1674,1780,90,285,1246,1169,1293,1296,624,194,163,1297,1625,1303,1281,911
112,128,1123,1240,1279,1598,1266,58,643,1080,26,114,1591,25,991,598,696
167,438,267,481,1031,1292,70,1621,738,1564,990,1689,603,252,99,92,1522
746,656,114,295,1843,222,461,1160,1157,399,1472,75,201,989,478,311,1286
1842,781,177,1461,1293,357,254,1465,216,668,1787,310,1369,1472,823,445,1849
1278,221,452,484,958,1846,1240,942,147,1830,1703,1307,450,1780,1274,1017,865
1180,279,1819,1432,50,1521,357,323,842,1548,1088,507,515,688,981,290,1207
1151,95,1291,219,1585,117,1280,867,990,1290,59,645,779,1831,855,152,1411
1550,773,573,1094,683,1548,75,898,270,390,174,1495,1701,1555,1114,1648,244
877,1534,245,701,928,573,1110,1160,280,1307,792,1223,546,93,275,1793,1581
1807,939,624,259,790,430,691,284,306,484,1068,1704,949,25,1489,1257,1116
1669,23,36,1314,1595,581,1242,401,1267,804,989,258,382,294,253,1290,723
1534,1776,1855,254,1182,1819,907,1694,101,1292,1044,665,1296,1712,554,1289,272
1518,256,1361,1067,1084,402,1288,80,1301,1781,1290,1172,999,221,1376,1364,908
700,533,186,1580,1672,1157,815,1811,903,411,770,1415,1863,1307,1855,1766,639
221,589,1430,1234,57,893,102,1819,955,923,21,1279,931,657,27,1811,263
133,686,64,179,923,270,1264,972,1306,785,1071,984,57,1120,467,148,286
23,694,177,74,725,70,890,1298,1014,392,1296,1752,1779,1286,1534,173,357
151,707,1299,1284,288,908,1092,1661,97,1034,1201,1708,104,1432,1792,175,1276
890,1284,644,292,271,179,1666,997,1455,1147,1149,847,1052,870,821,1228,89
294,1780,318,978,789,499,192,540,1180,286,731,1265,1613,1279,990,186,890
155,129,1585,1730,1480,74,992,722,1386,846,1034,717,357,581,1852,415,25
1213,1294,1235,1038,1277,1307,634,36,1772,804,194,1374,1578,1270,1839,1296,1564
1565,588,286,197,62,1161,1076,289,256,577,71,1778,1165,1360,243,744,1374
1188,1663,74,669,492,1029,793,137,540,1126,233,1250,1801,289,1555,564,778
1637,211,1781,722,90,1610,504,1604,1266,181,1376,645,48,1853,714,1686,1297
165,1843,1279,142,1192,324,643,1300,303,374,1307,1797,980,504,644,1848,1289
1294,264,1854,1477,479,1824,163,128,1695,1585,279,162,1745,1783,1524,1529,245
282,1809,27,1740,801,166,547,58,1752,1181,1781,799,1374,602,1293,1300,277
1009,181,639,1145,286,271,1217,1695,1156,270,1778,1289,1585,1239,550,261,1274
202,1830,1343,452,139,1205,1613,980,1783,479,1617,1640,290,55,287,1246,3
69,1030,1792,1182,81,966,972,1714,560,267,1804,1492,194,890,1310,150,23
1187,1547,433,529,708,4,135,1296,1839,1542,1610,1838,1741,1007,750,148,1371
21,220,290,591,961,1783,150,1728,167,1238,179,85,989,571,549,1669,1279
451,1817,1558,465,267,1191,1076,1292,1305,1291,630,1247,133,645,661,275,1310
1266,1809,914,1295,687,233,878,1303,258,1700,82,373,1699,1158,194,978,829
1804,1840,1302,1017,1276,74,535,1290,112,1819,103,274,867,1250,1105,280,395
129,186,268,1172,1028,45,1265,1511,731,552,324,559,636,1013,475,106,540
666,1307,1659,1737,522,134,352,645,219,79,180,261,1555,1798,1163,573,294
1659,151,292,890,1200,1854,256,548,1630,966,1060,235,889,811,1227,1300,1160
270,416,1570,1324,24,223,137,656,1847,1056,268,990,1170,1213,779,1289,1743
1036,903,1723,1407,1411,641,16,1290,993,1256,1298,59,29,951,99,253,51
1293,454,1777,1328,706,91,1291,100,202,255,1387,457,1770,873,954,1225,496
564,534,1288,1276,1178,1305,509,1096,1307,985,290,880,1659,811,1285,1254,1415
608,776,845,990,1153,100,966,1161,1314,176,1267,71,999,1584,767,1829,1371
1728,1280,624,1490,1242,993,279,147,717,1137,1426,1822,1319,1431,1415,1374,1780
1473,1182,1648,1225,470,233,909,1558,1228,850,1298,23,557,170,1307,93,880
412,190,669,1690,104,1547,993,1557,894,1680,1228,179,108,39,1267,136,1291
399,188,1716,1145,445,16,1671,1778,640,1801,1492,1264,1832,914,24,281,1276
632,780,1291,1353,1300,105,74,1293,1154,868,305,73,1243,1295,1778,1705,1398
1322,25,718,975,458,178,203,256,889,146,512,1673,1426,1817,940,3,1305
1132,187,259,1065,263,938,675,1152,1168,937,186,990,1713,1161,659,87,1036
908,530,1432,856,1521,876,1121,666,219,649,1279,1566,1818,1552,79,4,766
1815,106,1009,811,1365,62,892,1300,221,1018,1109,567,1490,695,63,297,667
809,90,1295,1740,573,1281,1778,93,23,104,1084,983,764,1289,1265,1585,1418
857,1776,189,1749,471,1290,1603,255,1781,103,1712,860,1490,277,985,1415,214
853,1093,661,1681,302,912,717,80,309,1498,1776,165,96,343,234,23,167
74,1776,768,1282,1127,1740,220,529,1289,515,371,980,589,245,241,1068,1294
414,1725,437,267,566,163,1764,250,1740,1542,845,1022,1833,1830,282,243,1623
528,113,1281,1182,77,1475,1265,171,573,980,1067,1267,18,114,1607,1320,1548
1116,567,926,1014,1016,320,113,1653,1488,172,1281,100,1753,1837,1120,1279,1182
808,46,1490,1249,445,70,339,973,269,1034,1783,1638,1211,293,662,1246,1232
914,530,1534,1299,1250,1266,222,745,548,488,27,1302,91,1811,1016,583,783
259,1180,1307,1566,379,644,58,499,1426,245,909,1301,197,1648,807,46,1730
123,185,1099,1340,284,269,1752,1852,1301,1282,1286,515,583,1030,1811,287,1795
1500,1291,1241,95,977,23,1299,1721,264,1851,1016,672,1293,639,1595,1430,1683
514,770,1324,956,1547,290,1432,186,1781,1034,1836,939,144,872,1741,233,1121
100,1287,1529,1771,1276,1028,180,91,1470,122,1018,1168,583,1598,1781,1092,1166
94,1165,1839,1497,478,621,552,1285,606,1456,818,325,1731,1517,7,274,156
1314,1852,1277,1585,79,1534,234,93,479,1256,96,74,842,1648,381,961,325
1276,1307,93,467,905,1504,144,478,138,1201,1180,1694,1418,1292,1585,1802,434
1374,1727,12,990,545,1123,70,1280,1293,264,541,290,1250,1156,1555,546,499
613,303,293,133,1686,1017,1726,1761,1074,1824,105,484,1291,918,78,101,294
1192,1851,105,292,245,691,609,965,1062,1554,131,804,997,88,1591,1206,694
1652,1068,758,816,1094,942,1840,914,1834,809,1305,1187,702,1250,285,1075,1298
1711,1093,1282,1780,264,1307,1550,74,243,1136,1129,100,1292,721,1841,1263,1063
1811,1102,510,75,156,1278,147,1593,1536,190,1288,1280,1615,714,647,1259,1374
1296,1280,1307,1187,1126,1054,1780,1118,1224,4,1276,270,1193,1265,1298,1289,63
829,929,544,263,1217,686,1104,472,223,1589,381,1027,1307,1080,1471,896,1280
895,1783,1472,220,287,92,1276,779,89,395,919,1328,374,128,1090,540,773
1558,911,1160,217,238,476,1811,1165,264,219,1819,25,461,570,1216,520,572
914,176,1062,126,1281,155,134,1051,393,1230,1674,659,399,1302,185,95,61
106,1374,1490,251,1136,890,1784,1243,29,1348,1139,596,792,273,1741,1184,1361
1106,833,696,1846,1841,1249,1741,146,1151,1130,714,70,25,1774,1278,1280,1292
212,724,1280,166,1131,965,1564,641,1285,1744,1757,1305,1100,1222,1045,1307,399
857,159,847,1262,1276,545,1805,1014,274,605,1780,520,105,98,540,1204,1300
150,1242,1276,1752,1585,1472,1759,243,1136,176,189,123,530,1301,1237,704,77
993,570,148,1293,984,126,1041,1846,603,1681,25,915,1386,606,1145,295,1560
909,977,890,1690,1648,629,179,853,937,1492,96,1099,725,532,1536,1555,266
1174,644,25,823,1701,1327,312,133,1288,99,1302,307,176,1089,920,1307,1637
293,1273,69,128,1780,70,472,1585,581,1811,812,57,1648,74,1842,324,1284
1292,1144,504,1057,261,21,301,89,83,1208,257,148,707,302,1819,846,704
1476,878,1551,279,1197,469,1180,1481,1294,1791,1836,1675,1451,763,949,267,437
294,213,1264,1294,1648,1830,99,857,316,243,416,94,1175,1298,1322,1780,890
89,1246,1307,1058,133,341,661,79,1275,1133,504,1285,524,1748,145,177,767
1861,1109,219,656,1294,1095,235,374,1279,126,961,1839,93,1282,779,1804,1509
151,548,1459,902,358,1505,1062,1123,436,669,1838,157,181,1157,1676,1417,1426
1849,1769,374,359,1305,1639,1421,1064,1145,262,846,450,1011,1340,90,920,1306
1360,1266,893,1264,1093,1156,998,273,1192,1470,83,1297,1068,1095,194,1401,256
332,1247,806,275,1296,1294,1332,292,1490,1839,1123,1005,120,1426,451,33,90
656,103,1029,1045,1225,666,294,253,511,885,1654,531,949,1781,1414,643,1426
74,211,1282,1176,27,805,166,958,1094,1435,419,194,641,926,669,1737,1307
665,1585,571,1063,1171,657,114,1149,1645,1266,669,909,639,189,1222,1300,1239
266,712,303,1809,855,308,233,242,259,94,87,288,1305,1069,170,1849,133
1826,356,1564,1305,459,505,1294,123,178,806,1274,363,1112,1182,1347,146,1612
787,1428,495,645,1484,1330,1857,636,1657,1470,640,1503,295,1307,610,1181,931
1780,1702,246,1101,1084,1776,102,1316,1276,658,1217,934,911,1082,1298,529,24
1823,1544,1184,855,1750,764,1290,1449,828,1280,189,293,1534,180,1294,155,1843
1534,1307,139,951,574,32,262,315,331,1301,1164,94,286,985,1565,1009,1578
1585,602,1371,228,1673,1427,890,639,1295,1239,1328,1817,1712,645,188,1470,1302
163,1293,841,1830,1783,1236,1341,1585,862,634,725,1235,1245,202,103,1409,1306
1296,579,833,1154,713,294,74,18,1019,1265,1207,191,1266,1026,956,1210,1595
254,552,1032,1265,1804,907,1353,499,1387,1211,1189,410,1215,40,857,424,12
363,1298,1142,848,190,1299,1208,966,98,260,1203,1161,308,88,1655,148,471
656,890,693,74,244,349,812,1520,1306,1084,1732,1754,1311,1585,1279,1012,173
978,287,292,1292,1182,429,475,1822,1237,1081,1664,1305,796,1005,61,465,911
1242,1216,684,144,358,935,297,1138,853,1657,18,150,120,1741,748,1424,1370
1471,1210,136,1268,164,1712,600,1044,964,979,1789,1660,856,185,1104,1778,1693
89,1277,1256,862,792,309,1350,1341,739,57,1118,294,702,341,26,79,958
855,223,1648,1285,954,562,260,1306,887,16,1145,534,1257,1250,1817,1691,572
1123,645,1129,1745,1023,269,1781,641,536,1014,617,1806,1161,267,415,1477,88
1745,320,540,509,721,1181,278,151,1585,598,219,217,645,112,476,1700,740
91,188,106,25,921,1613,1819,139,1215,1836,749,1134,136,1161,325,1299,141
1578,1279,1104,292,20,280,1564,1292,577,1545,1146,1277,253,586,1024,1089,1762
62,115,1035,656,12,1677,82,1375,743,1257,1249,526,530,740,941,1426,246
1511,1274,635,308,102,175,183,885,478,1778,465,1580,689,354,1248,949,867
224,1585,80,1191,258,589,1751,1811,1633,1503,865,126,656,1561,1190,679,357
1150,1297,102,1291,1290,949,290,642,1267,259,62,1035,1669,194,1668,272,725
259,87,1341,548,27,1821,730,483,1735,1618,1185,890,100,122,596,496,1280
193,382,281,1819,837,1288,134,131,1728,1337,253,890,574,1275,23,1825,1617
1565,1348,70,1278,1098,999,28,1472,1113,1139,62,1078,1176,1659,907,194,286
1083,152,915,1100,962,261,578,86,1648,1811,8,937,1855,203,1792,302,1284
486,602,1307,54,1136,296,1277,983,1680,165,509,137,150,282,917,1778,776
1279,1032,186,380,1516,268,1114,23,175,157,159,572,221,1623,1851,1251,484
1618,1256,1547,1418,142,1837,1608,1648,123,271,106,957,1250,293,904,1279,637
641,1281,129,1829,175,785,126,574,178,1457,25,548,598,823,294,306,1294
258,762,912,114,1298,1770,643,804,1242,1846,1468,1307,694,290,557,1781,1321
135,1547,928,1230,1287,1284,1362,280,718,1232,1534,773,1097,303,1706,129,1861
906,1566,950,140,1305,1154,193,1125,411,997,1778,273,275,1182,1676,244,1804
749,1406,1102,499,1128,1766,42,74,278,1293,915,1307,189,745,1689,983,1222
157,441,22,1750,499,811,1290,278,1839,89,140,767,1285,1566,296,1584,1426
374,1083,680,1807,179,829,1145,1649,1828,292,807,155,1289,1028,1076,1842,1566
1278,142,444,813,25,1274,760,1222,827,700,393,1273,845,1305,989,763,32
1336,282,1826,950,1299,571,1011,1275,126,1017,9,1294,1772,374,176,856,253
