1566,1819,1328,768,1778,138,1555,1837,474,1271,1708,953,83,1349,1009,1366,451,832
834,605,942,1794,990,588,1829,1298,12,1749,1005,275,167,1265,256,901,1307,988
1284,652,935,825,1830,251,1285,1128,696,1585,1242,1682,1543,1222,1752,272,141,105
1288,411,389,1296,1191,1856,496,1184,1295,1744,1112,88,1302,112,1752,1657,1109,822
504,596,293,255,240,1828,640,1250,626,70,134,1305,913,411,490,214,1084,843
727,1076,1719,1778,772,432,46,723,1293,1533,141,1182,306,165,533,1040,1735,49
289,1844,1183,1613,1498,1173,194,1851,810,258,978,25,914,112,75,177,130,1181
844,229,720,382,1088,334,1293,909,1861,862,630,70,1018,639,178,265,1700,1152
1426,1503,16,994,302,178,990,87,150,1817,153,272,478,1335,1250,440,99,1769
581,74,547,823,915,220,1783,648,177,952,1550,809,1368,12,1199,1831,1104,1707
857,185,163,990,624,128,123,188,1802,1495,1817,872,1087,476,270,1117,695,238
1550,163,990,656,1488,1305,648,54,1785,1695,955,1732,957,1280,27,1155,144,1096
641,1271,1277,1570,1129,852,1418,1293,790,275,1064,1276,1112,794,320,358,273,934
89,478,190,1811,122,1225,260,296,854,903,621,219,65,1612,318,1166,595,1017
128,271,862,838,1270,768,1384,1075,267,1285,921,1432,103,463,25,94,882,1547
77,56,106,972,1313,288,157,1682,1781,911,1676,192,1640,259,823,79,1707,138
942,875,373,686,101,1239,147,199,1015,189,503,383,1416,88,452,1564,1281,1284
1256,1566,1275,656,1116,51,333,407,1265,1564,623,990,1687,1490,1270,872,1011,53
1195,86,146,69,266,494,479,645,57,1585,4,1622,1263,1294,539,826,1842,1191
1409,23,1278,1082,1611,881,1224,1252,1281,1472,157,1001,1314,1555,521,244,1284,1184
148,1187,776,1621,1183,847,1306,716,645,1488,1307,417,1288,1395,88,1224,155,298
1529,1737,246,1304,1281,1338,1339,727,1648,310,1301,257,1503,686,1346,1672,23,137
1481,1259,306,1058,114,867,485,1585,1052,1075,941,1291,38,1298,1141,1605,64,76
1290,411,954,1076,740,1162,819,457,856,12,262,1817,1318,1074,1296,583,527,695
1183,90,955,911,1732,418,1371,1846,99,1372,1801,636,1160,256,27,1167,1251,819
914,878,1267,952,656,140,167,807,1667,836,1518,143,1160,1603,522,1282,1445,438
1656,147,264,1756,579,1776,208,134,1829,811,1206,282,1292,1694,331,1498,267,1293
1798,30,1741,1804,1837,1579,852,1304,1716,1168,1555,452,144,1343,898,954,636,274
885,258,1290,223,921,17,1851,380,435,1426,1306,335,1291,1303,957,659,92,1555
1318,1435,1550,1585,517,284,237,186,1627,1115,1836,27,62,766,31,1583,45,238
568,83,725,269,108,451,1234,217,348,530,772,669,914,1112,1777,1313,1780,1301
991,39,1160,60,1176,174,950,1828,220,644,1149,1585,923,524,111,512,1084,1266
98,640,1271,342,903,1267,1277,152,272,1423,277,1811,1290,1739,297,713,1517,78
37,1769,1839,310,1278,788,1141,1732,1748,1649,102,290,1100,1242,767,77,561,1831
1183,105,1851,1720,439,890,87,1767,626,1780,90,1793,1279,284,1353,315,760,1752
568,1094,252,1847,1790,229,386,1000,1303,1841,1139,708,1038,1316,1764,1092,647,361
1502,297,992,1266,370,248,1700,984,151,1842,1294,246,55,176,571,1263,1820,148
1534,1134,1675,1125,1778,312,1426,1261,76,908,51,509,670,263,1841,458,1703,111
1566,1575,747,1534,1261,1303,401,80,1585,1693,1188,989,1776,946,818,1564,190,94
1430,1783,1122,1627,1304,85,1470,644,364,1824,859,1648,75,87,1566,107,9,713
485,856,527,1088,1128,84,1297,1291,1550,1522,1274,81,1255,94,1040,1278,1215,1062
245,1292,1306,276,407,243,779,295,972,575,1677,212,484,1282,220,645,862,40
1857,1839,186,93,601,920,101,1737,912,1714,1741,1274,890,18,641,399,847,924
1284,185,265,900,188,1726,645,61,309,1839,183,57,1306,789,1266,677,1305,598
405,1294,5,772,235,1150,1659,1040,1217,78,174,1604,1694,224,786,250,1305,1543
1722,1595,1225,1035,1469,1621,1105,1228,1783,990,863,222,190,546,1269,1707,305,133
538,120,284,25,256,1040,1553,645,1564,246,1472,1133,973,89,269,1504,1082,1142
1804,1247,1630,1245,114,1307,1621,265,877,1696,1690,1034,1497,1580,1189,648,1585,1817
1330,1461,1524,1498,1278,190,1233,1299,92,581,925,51,1305,149,492,872,1072,1088
62,161,91,981,695,1086,1166,908,273,1301,219,1305,74,1278,531,30,854,856
27,1303,190,554,956,1343,303,1027,677,549,499,1585,267,1282,76,442,433,1301
1279,1273,510,973,733,1251,74,270,1123,243,1132,669,179,1648,1305,1295,776,384
39,1583,202,1242,1297,148,1613,750,112,1534,189,1585,755,1553,1290,1332,166,907
309,303,1471,573,1850,1733,1621,1091,1298,642,226,203,75,138,70,1087,74,296
1071,133,1299,1722,1564,1213,176,1182,95,506,1374,1294,43,1257,1126,359,1432,457
1175,1278,885,1822,1421,1275,1778,1734,945,993,1769,1145,162,589,794,3,1076,295
1267,175,1026,182,1041,1245,644,315,863,1842,1590,105,1005,465,484,468,1150,358
588,156,548,1228,76,623,1179,62,233,1234,9,126,271,963,24,1240,78,1266
1067,1741,1009,913,1289,1280,1599,1356,829,494,1307,140,1840,133,1276,491,117,29
1305,1067,263,1847,1840,569,1472,1459,1191,312,1317,1804,176,1373,184,278,1187,677
942,644,930,358,88,914,776,440,966,1830,484,1352,1175,1019,1018,1247,802,254
1072,1297,1787,462,1811,927,1230,844,282,1783,260,1107,484,293,103,1305,1116,74
1342,1752,1819,1054,1554,522,1550,192,156,1843,1804,305,1740,349,645,1580,507,89
636,118,1851,1720,1132,307,280,133,1798,1778,1253,856,493,188,71,1207,1811,195
1334,1278,893,1240,748,1566,1701,1276,322,1777,971,1167,1837,875,621,1242,1367,1297
806,144,745,1451,1384,1284,811,1243,636,1213,297,1278,1266,1563,596,1409,271,30
1217,313,1648,459,1365,341,134,1248,1711,133,253,942,265,70,72,1737,306,536
169,713,990,937,621,978,1706,296,1302,1088,1285,1074,890,97,295,1117,328,756
1191,144,308,176,150,1300,915,872,278,19,1807,825,1640,938,1301,890,1432,1298
178,481,1157,312,1102,245,1182,1657,1676,1208,1305,289,750,220,1278,1167,1746,874
272,862,27,638,845,1305,563,1058,1295,760,68,1260,14,1259,120,537,641,1289
1230,1150,1276,1294,945,1766,1741,1565,73,1167,1190,169,1357,487,1296,508,114,1791
1076,1290,1842,1278,1082,1304,37,1305,474,1324,1007,1677,721,911,1616,395,76,1498
1716,1250,1302,74,1058,1007,743,1230,1580,1752,1712,1145,246,1082,1288,602,499,235
234,246,568,905,1192,885,1852,834,1669,950,1297,1555,1365,1280,1292,1182,1216,1204
25,1707,642,1566,1691,248,80,1585,1455,1686,288,643,1846,1175,781,132,1088,1653
1455,1566,1795,1323,203,1851,1130,70,1296,1733,277,561,478,811,142,1298,855,1278
274,1265,913,256,1002,292,280,244,93,1426,902,1299,807,1560,914,596,775,312
1564,1260,1539,108,1229,1603,169,93,63,120,157,74,377,1329,1276,1669,1781,656
123,134,1719,1454,1298,1536,1581,1333,776,1563,1216,1689,233,333,286,1277,1117,1504
383,1720,629,1805,926,316,1146,685,1301,284,1333,679,1819,790,966,1296,500,1158
999,805,1279,800,1783,1281,772,1067,411,1227,1104,1566,7,1246,1804,1296,77,1093
1115,248,1120,274,484,478,862,1035,1533,574,1237,911,989,302,1569,824,1762,457
345,1550,100,1292,722,308,639,1249,70,267,1333,74,1604,1298,1385,181,175,1599
990,1233,1792,1780,135,1740,1808,1786,96,81,1301,1840,435,1250,475,796,753,1100
1787,1123,1303,1783,722,1564,1101,1147,713,1625,1655,636,1307,1472,1648,1276,1280,91
272,190,1018,1833,363,1030,293,223,1254,279,1102,621,659,295,1246,913,1841,1454
763,526,1304,1084,88,220,1266,395,69,219,1254,133,724,540,195,1294,277,1374
1720,1164,1366,1094,901,1733,139,983,1346,105,135,773,184,68,270,452,1139,1421
39,13,1500,1128,1817,917,70,1570,1305,570,1265,1165,771,871,127,1694,1008,126
1432,1338,118,282,11,164,70,1561,1105,645,55,911,128,1279,1083,236,369,1811
504,126,1374,1112,713,88,954,1073,981,955,402,1307,1702,1306,1132,845,1565,1534
1613,369,1426,151,1595,1844,1609,1780,811,1566,958,671,656,124,998,1294,920,1223
1302,62,1566,1341,1840,1007,1018,1830,1470,43,1307,1350,690,485,1714,853,700,918
1824,93,177,163,310,144,1744,1086,1798,623,739,1489,1816,1123,943,407,1256,672
283,1288,216,1824,89,71,1007,978,1105,1853,1276,554,1683,664,220,1303,531,1278
1307,133,1238,361,866,1302,108,1832,176,84,1217,276,1719,1772,1756,1155,152,1285
1232,915,1068,402,730,1088,509,291,1694,139,1564,1275,1094,1035,1336,1176,1655,746
1145,952,475,990,1778,1839,478,1106,1278,365,640,88,264,1741,1770,645,959,484
258,113,1741,1105,1277,245,937,1011,461,254,456,144,1338,1306,123,239,1265,79
1568,572,1839,296,1139,823,1034,1472,907,1631,656,1759,1812,1008,1162,1182,923,1118
78,821,1289,140,129,1842,1306,177,915,79,229,693,1564,855,1841,966,665,90
1297,65,1347,1293,926,181,1344,1778,588,1022,203,1156,176,911,265,1618,291,306
72,1652,1104,23,1840,1084,1217,701,578,238,1689,402,122,1403,1555,596,1299,1804
1840,1175,1223,49,1279,1280,1181,978,374,1155,589,292,915,1034,299,158,268,1190
1055,189,1811,141,1228,1281,1409,971,611,219,383,1468,1550,90,1262,1251,1676,217
1220,1001,1293,289,1197,1147,312,1290,776,573,646,496,136,1467,436,257,167,374
716,596,1231,1076,847,985,956,1287,1280,1627,1546,194,1028,1024,135,1279,1306,640
223,1223,1157,1445,1302,1149,1686,1123,1073,1300,917,1205,18,312,1829,1838,1074,641
1607,1289,636,235,782,255,811,845,1741,1306,1759,483,147,490,1640,1804,197,27
68,1296,321,1485,136,1291,644,656,1798,844,1591,788,1278,1223,1544,289,254,402
1154,285,1638,1238,1391,489,845,86,856,1030,639,1296,1817,1564,181,1819,1076,184
673,876,1009,286,152,772,400,1293,78,1161,627,1437,1566,1266,981,1187,1673,1426
23,1152,806,402,190,921,1084,996,100,1644,983,562,614,88,1770,890,1353,286
939,65,74,1215,1068,598,104,320,1839,639,1123,1150,12,1842,1534,212,1257,1302
522,46,1051,767,1281,1085,104,147,1712,1276,1300,273,863,930,1778,1188,1682,257
1028,623,1291,1280,1299,1084,18,75,94,1557,861,1234,1630,1804,1721,1440,320,1640
294,27,1732,1292,1776,598,1295,1844,914,157,962,510,640,317,90,259,1131,353
1713,348,939,1353,885,186,138,288,835,1859,83,1374,897,258,231,255,504,293
1472,1108,462,705,1039,290,1300,941,43,176,124,669,140,1787,167,284,139,1277
1842,151,1076,184,695,1564,909,222,1160,1750,1374,764,1492,950,1476,1741,1313,1691
725,92,1853,543,296,1488,1295,181,1218,1444,1181,1084,621,1298,286,289,140,204
252,1501,1139,71,1555,256,1277,1426,905,568,1488,49,155,1757,1479,642,86,302
440,290,1050,1838,83,128,1285,1777,1279,1036,297,1100,724,226,685,1605,1015,1304
986,922,264,29,1773,1385,1767,6,1187,586,4,1374,3,1028,934,1555,200,1278
105,1750,861,484,148,1360,1074,1289,291,63,78,1302,1064,167,645,780,1472,1518
1125,1276,1115,148,100,1681,588,878,1190,1024,1248,185,856,966,934,914,687,990
1741,142,648,1565,848,150,182,852,1292,548,632,1841,1303,950,176,132,1,833
176,1625,1349,1648,1383,712,651,640,95,1279,990,1741,1752,1018,108,121,131,1305
79,1776,1503,1752,914,1720,1043,179,911,291,1052,1290,1199,1494,791,410,1277,234
124,137,1132,985,1711,267,1041,84,540,1224,1136,663,465,219,1745,192,708,350
1296,1105,129,1116,727,1205,1780,1124,197,904,1791,1726,70,399,1467,1305,1503,1147
1853,1723,529,74,588,1326,297,308,81,1086,606,422,1328,1013,1303,1266,1498,164
1721,70,176,64,1299,235,1833,1240,642,588,796,1516,1682,1711,534,251,1084,1472
1164,288,1319,1306,1071,260,1374,93,1129,1280,188,1102,1160,237,640,890,1804,1125
818,230,220,917,1347,640,1675,1371,549,1229,86,598,1306,1472,1252,94,914,1307
1128,1297,1184,16,948,1094,809,1164,695,579,856,1653,166,1552,717,1498,78,656
1026,1655,1041,1543,1179,645,181,221,1150,816,286,857,390,1672,403,1304,1163,1795
1348,1655,875,1601,1633,1272,1307,1566,337,1819,290,1625,687,292,1472,1707,1136,1300
478,1277,577,290,244,953,1392,256,390,1017,194,220,128,790,944,1132,297,72
1470,1566,1781,896,1614,1353,1295,149,177,984,1151,454,1148,1290,1280,776,265,89
498,1303,940,1128,1306,687,573,234,105,1857,1241,1223,1811,308,1071,117,119,1016
966,1187,421,308,1491,1440,1266,1380,1161,478,812,641,255,1302,583,1222,78,1239
194,1094,166,93,1109,307,860,1149,1282,681,83,1059,1700,1301,1622,1669,470,1595
1304,192,1182,133,772,1459,1497,1061,139,1280,504,1469,1841,25,890,74,1104,120
281,1566,955,234,1051,27,1778,1276,1041,661,877,1106,1060,1741,1240,779,837,1364
74,1679,83,984,1276,478,1295,1086,740,1252,1087,1232,882,246,1769,1851,1806,243
911,635,917,280,1470,155,1277,206,1538,1815,1018,372,84,740,1009,281,1294,290
63,806,1221,1715,74,513,1426,1550,1778,174,1298,245,1302,202,1209,89,1108,36
135,1772,1207,46,1464,1518,641,1432,246,686,1832,1294,289,21,1550,890,101,916
483,178,255,507,1752,1147,430,1290,1277,185,1225,1650,1299,720,594,1732,91,1838
975,1257,145,655,24,463,990,1498,1260,1032,297,1426,70,1270,1110,790,1117,1595
369,598,1294,1842,434,1727,353,1595,1257,376,188,990,292,708,1306,190,1699,388
937,363,80,1472,1281,645,1369,1230,656,1674,264,1276,171,1056,1162,770,105,1211
1752,701,1840,713,876,1280,1776,1165,819,329,621,516,811,772,936,802,403,199
354,170,1783,24,1418,581,44,1301,1240,1297,220,1741,1028,1843,374,1011,548,1289
955,1658,108,296,1145,84,868,244,1796,1781,262,309,581,943,746,860,1309,1374
1215,1321,1294,193,112,399,245,587,1307,243,644,836,1798,285,1576,1549,1573,1802
1741,1217,591,488,745,293,478,1022,189,273,1721,1296,121,1845,1267,123,1041,1752
70,779,586,1547,309,223,552,1784,484,956,366,88,1819,1686,898,1839,1759,275
666,690,1307,610,256,379,1056,123,1555,1849,97,478,1146,659,1034,163,1717,1691
1093,681,1208,1648,530,1303,438,1335,927,310,178,1301,1151,1711,1103,1727,1624,108
1294,188,1734,23,139,133,890,285,1491,325,401,154,1769,644,501,140,966,166
693,1579,74,1030,1172,1049,78,1552,352,639,4,164,1306,56,1192,917,1076,1177
812,1301,562,1426,148,1811,263,268,1005,1280,691,549,1432,1697,1839,1197,93,1780
238,1807,1306,1164,1689,816,1320,719,1000,137,952,1711,1676,152,184,126,917,990
178,1287,24,558,6,1783,640,409,644,288,219,956,249,1306,17,1280,770,89
238,1243,1174,992,1215,99,253,1516,1843,983,1276,525,1752,1660,1792,801,610,234
59,296,1805,1538,484,175,448,26,238,1158,1136,639,772,193,1257,514,573,1307
1241,1695,1678,275,1372,151,113,1350,856,1183,880,475,1714,405,1269,70,1739,1051
1844,1776,947,1484,643,1222,157,637,1192,989,540,1285,1720,95,256,1082,74,1319
288,320,1214,989,1290,973,1297,1808,1762,478,950,238,1765,576,1630,574,966,1294
325,1542,1588,540,1273,1839,1229,1114,357,475,1372,1000,610,1717,1284,340,1489,1266
1642,740,1846,462,1277,417,1662,944,1425,478,139,374,1566,960,645,1293,1102,250
113,1847,1128,1245,68,1018,185,531,1281,1225,1275,188,951,1156,812,831,1821,922
954,857,1188,1276,975,1138,410,344,1036,61,614,440,1067,1183,1100,1303,622,1617
913,1518,1225,855,925,1836,137,1103,145,1585,943,571,1297,1688,192,64,1230,302
120,1247,1648,885,1693,1426,484,990,1108,1438,282,1267,1613,1581,1280,1752,202,276
1734,697,737,1307,1759,476,1294,1721,144,589,657,952,1648,86,1811,92,1199,1400
1276,1657,94,1129,1269,697,1237,706,1102,921,645,1087,879,981,1243,890,783,1752
435,1183,353,691,122,640,1545,1003,190,571,1158,1730,1008,1277,1166,303,1721,1071
9,1752,1182,1426,643,548,1086,79,244,502,295,979,727,220,936,640,342,1490
1297,1380,156,265,1279,1225,306,1682,1292,890,1476,357,1307,1222,1073,855,262,1612
1062,457,130,253,713,1776,663,1288,31,1289,572,600,145,392,1223,180,1215,909
1144,1741,139,108,451,305,1277,1536,1260,1107,147,83,953,475,1852,1275,156,1018
806,1756,1587,1847,1436,92,228,640,1555,894,1032,245,440,1156,1609,1778,686,1136
430,436,1825,723,385,1102,678,770,1256,233,1655,1719,1280,1132,1515,1299,104,691
185,834,1477,1839,1787,1491,1307,451,977,1014,212,293,540,1754,412,696,1502,1036
492,1280,1710,997,11,183,645,178,917,1204,478,308,120,1654,129,1275,1176,1387
479,1302,587,1306,1304,220,880,1307,1217,1712,1367,228,1850,146,424,468,390,1426
1603,1228,285,645,178,941,1105,176,454,773,999,1181,103,621,656,238,834,745
1798,437,83,78,1551,1264,1028,574,9,1468,152,1819,955,1284,161,1741,1099,1712
1778,833,859,925,269,913,953,189,275,1225,1819,99,695,1760,509,74,131,1182
137,1514,1030,779,1295,101,1298,1225,1259,494,1301,1752,1182,610,776,25,938,322
1712,12,1811,1406,1347,21,806,890,156,264,1276,79,767,65,263,920,1655,1207
1366,540,1056,885,258,91,591,1345,443,1819,1778,422,260,814,1274,253,401,152
1141,1426,207,1305,729,1296,788,981,540,1580,358,140,27,909,910,1222,779,1307
186,1126,1662,1783,90,642,1279,550,275,507,303,990,288,1855,1133,62,598,1289
270,166,436,970,1305,254,1215,264,70,302,971,1710,919,1151,1667,298,456,165
199,289,1533,1026,481,701,606,259,1325,1012,1807,1712,640,1851,1277,1841,1842,478
288,550,1018,1276,1669,1186,484,1280,1234,1496,104,281,906,1783,244,431,1215,524
1294,1839,662,104,1426,370,1223,850,403,1217,1291,1300,1669,1278,978,303,1566,1476
136,574,1375,219,935,1617,277,1134,1297,1068,1172,255,275,1204,952,956,1549,977
1410,1688,207,950,1840,466,268,1084,989,913,1403,263,983,415,1136,1296,1498,1824
562,658,1118,1781,1279,1780,1448,1168,1299,953,1233,1372,1514,1037,194,253,934,1215
1845,1184,1289,1256,177,476,451,1014,902,1314,197,1296,297,1599,472,1516,1075,1783
784,1288,1599,105,1282,1807,1108,151,592,220,849,433,905,1250,181,88,1132,950
1657,851,1299,1112,1136,123,1027,150,12,1819,1772,897,1298,1851,272,467,165,890
27,927,275,374,257,136,1028,546,1289,1296,1426,1697,1717,186,729,918,256,939
1119,22,1648,1303,1321,54,942,316,1395,1282,167,461,1194,1499,474,1670,1778,219
1025,1780,1015,1728,55,1247,977,1306,27,989,1295,72,1727,112,510,1472,1714,181
695,641,1131,579,79,283,756,1426,1235,623,1307,921,1472,889,644,1432,1159,27
1152,152,1160,853,1669,938,144,1278,521,1849,121,234,887,1752,1296,254,1819,248
57,1691,545,303,1009,1265,259,1285,894,478,1840,723,1099,885,84,105,275,980
1819,74,855,1252,263,792,1197,1781,540,1034,656,642,796,1136,1302,246,1305,1839
1243,1352,1044,1852,1086,88,889,1002,1296,133,293,1266,229,1091,62,1706,619,100
290,1012,91,855,1291,1374,92,1691,62,1302,321,436,1026,1018,1125,1076,740,1804
784,1265,1275,1648,831,70,1158,307,1157,1467,308,399,363,1059,1542,1279,1503,1257
948,721,1285,1015,1292,155,989,731,1173,25,1624,1297,1678,908,71,1007,1136,150
1142,1050,150,1657,45,74,1146,990,1033,478,1752,713,1181,1224,1311,1265,641,123
173,1540,545,394,1038,261,1367,383,1538,255,973,1276,952,1306,309,965,1838,1105
568,1013,310,62,1299,27,157,889,1250,983,201,1307,1566,1696,61,377,293,1241
137,173,619,1230,1016,647,51,962,247,1266,1470,822,1184,1414,290,220,1555,1449
1011,1721,129,303,1034,1566,1818,1418,56,1252,1294,790,1555,1260,1609,932,1804,653
290,973,886,1237,751,1302,185,308,68,432,1182,642,728,1054,281,1230,610,978
1566,746,823,1302,1218,1573,1215,88,643,1544,1310,656,669,1305,87,37,1274,45
1433,809,1302,1472,164,754,383,1585,1817,1616,1161,270,1733,854,920,1732,700,648
131,374,1553,128,1520,1183,1162,303,1374,591,1677,622,1280,1182,1226,1005,152,1076
327,1498,835,1015,280,435,1744,295,915,74,1338,1307,1676,1648,287,459,823,1563
27,1161,100,1562,194,58,137,1276,990,948,1198,807,1731,1742,1744,93,279,1057
170,385,1270,243,889,293,1023,233,178,1752,989,1296,93,1563,83,885,188,6
1756,1778,150,1754,965,855,199,1086,154,1235,656,1783,589,1740,1073,137,267,194
1282,1036,86,1676,237,1184,253,1295,282,1664,768,1778,1265,1534,740,598,1292,966
289,94,670,169,1374,990,806,223,1176,956,1307,266,23,1183,651,152,828,934
1087,894,1372,1028,640,273,1819,4,577,1529,373,264,160,1182,1811,1305,1520,833
821,492,173,234,856,1057,1510,171,1295,1381,282,1258,1791,1695,877,1568,1204,1276
1307,1290,294,190,1289,1787,1555,1043,741,703,644,131,1285,108,490,1183,1670,1243
885,138,28,219,1024,1275,934,1297,88,623,1387,1129,295,531,319,1276,1017,1268
782,1696,1260,201,1304,265,639,640,302,991,1681,847,262,78,1306,1294,568,1349
1289,1584,148,1250,438,879,644,85,337,1616,1372,1152,1492,1552,930,1266,724,1280
1257,1741,734,641,1029,137,1012,296,1296,1426,46,1076,253,1229,1303,69,1021,22
83,1804,138,1285,1297,217,156,772,644,385,76,1754,136,568,1490,937,293,1644
450,1804,955,548,287,254,879,430,163,686,1136,1233,453,356,224,1117,930,1221
96,348,1784,285,1264,1250,1153,1277,1103,147,773,1485,51,1301,1284,640,103,402
1290,875,258,1842,252,450,1279,1287,1306,509,745,1360,1278,25,1016,485,1215,1297
63,1841,1550,1759,187,79,1798,1067,1318,1819,1108,1620,415,1280,1565,1689,1561,1290
1277,57,1289,895,1097,1470,967,93,1575,94,117,1165,1102,175,85,152,1811,78
1435,1680,1145,639,1301,1163,272,1280,346,1372,1374,894,958,709,823,716,415,1854
384,1303,1741,1828,1329,1710,740,1783,1141,71,283,618,93,188,1335,1158,145,101
86,1232,1839,1841,1426,74,583,994,1104,177,1279,746,1083,1780,307,1397,1307,1417
324,1457,975,1371,1036,1141,1302,1305,154,138,1466,890,298,314,24,151,430,798
302,1305,1298,1204,1430,23,1861,1426,143,62,126,1307,494,24,701,890,819,795
1801,811,966,1076,1113,312,574,166,1637,1673,1278,1267,1013,257,688,274,641,91
1257,95,256,176,847,1524,1292,829,645,1694,1123,1741,1811,856,1199,1050,796,181
1552,1558,853,1306,284,1819,732,1093,181,1276,544,1278,403,577,1500,640,142,258
823,123,62,509,469,259,494,1804,286,1154,907,164,923,195,292,278,189,54
1817,1640,1256,768,1608,274,74,751,1290,1585,1041,1566,1521,691,65,1266,126,3
504,304,1136,1424,321,1188,129,772,810,1294,164,1374,1392,1289,677,290,267,1278
81,1852,124,1566,1279,122,915,1078,1838,93,1812,1441,767,104,282,1063,615,903
1291,1853,1547,1204,1824,234,1228,185,640,1529,644,1297,141,1812,1278,1654,152,289
412,991,697,74,372,671,411,467,1741,1292,285,262,478,873,1296,829,293,220
1778,1424,123,223,971,601,1101,70,627,1005,1160,420,572,1565,1123,553,254,854
374,968,1780,1224,137,635,1337,246,74,1250,1134,644,1546,1689,1247,1819,1294,1300
1578,581,1280,185,1306,119,1731,545,1825,832,12,891,261,1238,253,1746,990,280
794,1303,151,392,1080,76,192,952,380,1613,770,1158,691,1744,1776,694,1523,855
534,271,1280,1248,73,1778,455,1307,845,1284,1187,1566,301,990,1555,1224,985,1859
890,1716,133,641,14,561,95,1783,728,915,1280,223,811,156,555,1293,87,694
129,254,1105,1342,1225,312,284,27,666,1555,1088,1181,1585,146,724,772,1018,1281
1855,1302,93,1746,1236,984,62,1591,333,1498,50,1168,779,1518,133,1491,694,1346
1109,43,219,1243,18,26,855,1265,1299,893,847,1720,1276,95,108,696,1076,530
1705,1306,1094,1245,1137,1109,1691,890,1585,1116,1298,1084,1300,1497,954,860,1590,716
1280,1776,1132,1234,1084,1184,175,1670,700,1730,1265,1804,157,1204,492,1748,1018,273
585,1023,1426,74,669,587,87,94,855,1329,1815,1828,1307,1018,1320,254,1298,991
1780,1228,99,117,1298,1295,1296,643,1306,552,23,1225,913,875,1303,590,1098,1443
1281,193,1292,1026,1839,630,1555,1108,1554,29,1268,157,137,890,1027,498,95,501
808,38,1125,971,120,132,1036,1741,83,12,1281,473,1302,1300,146,978,610,217
245,1783,1717,1768,1251,1776,266,1307,581,1199,1828,1056,1563,696,265,1839,259,1281
1290,679,75,247,1100,664,1781,1540,176,1017,1280,275,1274,509,1295,1092,890,1547
1235,1292,656,158,1621,1239,1752,80,1456,1307,1807,1740,1294,1304,1302,246,751,245
1807,270,1780,1559,412,713,478,1732,1365,1128,266,1566,1018,644,1788,1420,950,1160
855,1298,1304,692,1479,685,321,166,1280,852,845,133,319,245,316,676,1585,1019
1167,789,88,1586,499,1440,323,1582,429,754,1778,1555,1541,501,1289,233,156,213
86,641,93,1841,645,1279,296,1121,1250,1565,955,290,159,920,83,1156,1031,718
1036,303,758,114,990,1314,768,1554,1278,1141,1224,1824,1205,851,1388,98,302,23
1184,383,645,98,1824,912,1563,203,1302,494,211,582,1091,151,1133,307,1440,720
1847,1841,1163,900,1728,466,1627,1277,1306,1301,891,681,950,862,1092,1468,1648,1105
1291,1654,12,1402,71,982,302,632,823,1240,573,1001,1783,80,294,904,640,1169
103,896,1253,531,275,185,1564,23,1016,88,293,165,1182,1417,1112,87,246,998
1284,697,186,990,1166,484,1090,1566,77,987,615,1490,219,1272,823,1215,1621,1640
849,1804,1289,461,244,1545,1839,124,1673,1510,1811,27,1524,186,1534,1295,596,1776
1272,645,1066,142,1564,644,1136,1610,89,963,1417,1292,356,1200,934,181,88,669
1084,1303,290,1052,1103,1682,223,1847,1280,1555,1044,152,209,590,80,1518,735,1281
1199,275,1237,278,1472,1269,1821,78,1045,7,1555,1695,990,1161,548,1580,1337,1295
1288,708,1182,204,1183,264,1841,1853,1225,268,1564,1277,134,1193,1294,388,193,254
414,263,1836,439,235,1183,191,1228,134,1811,1298,1285,618,1842,264,227,1300,1374
1178,954,1647,1819,1293,829,1387,450,698,1129,641,1311,478,347,123,181,1673,1017
854,1472,523,1305,1741,78,1286,642,29,987,946,136,415,180,245,65,1759,647
1037,975,649,569,122,123,1132,1493,1741,454,1056,1780,1733,1290,964,1819,478,97
745,273,1648,256,296,127,138,383,1804,285,1837,166,702,150,1839,189,1787,1547
1293,890,173,538,291,1320,656,25,858,1473,183,1294,1523,920,1297,1306,35,1460
1007,187,326,988,24,306,1752,999,370,416,176,924,1226,384,499,1173,1711,914
713,639,100,25,483,1585,658,1844,121,255,1229,914,1432,1712,1296,477,70,1472
811,790,939,1199,928,1777,1163,966,524,1289,1260,902,1034,399,1168,305,643,1160
75,625,132,966,1102,1295,887,803,403,990,1279,1512,1303,963,266,523,1272,259
1564,1320,849,780,479,1441,1164,1838,1294,769,154,1284,1611,1248,1217,278,1034,3
269,1084,114,648,37,819,478,1720,353,1489,96,911,866,798,1804,855,1830,1296
822,1545,280,106,1654,809,768,1242,279,1291,1168,1472,1161,1547,1678,77,1088,1097
231,923,1279,6,1850,1776,355,1222,747,25,135,823,705,1156,1741,337,103,244
937,1194,283,254,65,953,18,1776,268,1279,453,1780,540,1300,1199,223,914,1552
1356,30,1212,866,25,1281,57,1280,1111,1288,1261,510,455,104,1328,297,1057,1305
1041,21,16,203,275,1014,1463,404,602,1585,596,1752,350,1198,291,163,984,1178
1291,959,1518,185,1305,1558,307,1138,1374,1042,1284,1302,509,1294,395,1228,1155,1184
379,1817,1298,123,273,984,450,1648,23,1267,689,952,303,27,606,1772,1277,117
642,1426,1271,1432,12,1028,1686,244,345,1713,915,1840,152,129,227,1591,1241,1694
1219,93,1335,1812,1053,1183,953,451,156,140,1098,1804,290,1744,348,1374,1841,193
1277,403,136,89,635,245,967,697,53,507,286,641,1448,1281,218,1617,220,1700
1285,981,390,452,185,121,1422,373,1191,287,349,341,1034,268,1294,1778,623,27
12,70,1303,97,173,327,770,1491,647,178,1689,471,725,776,95,7,1781,1290
24,233,639,91,716,197,420,863,1293,845,1182,1426,1818,946,1102,890,293,922
1799,1467,1013,1781,1040,142,321,121,1192,1732,220,340,100,1855,1160,72,123,134
1761,12,1269,1301,645,141,490,1426,1302,83,442,269,1403,166,1237,641,304,445
91,1278,1781,223,1565,1534,899,382,1492,1780,272,1032,642,80,1100,1303,1012,1460
1816,928,165,316,859,152,1154,894,1256,487,1245,291,924,1839,694,1699,1292,373
156,748,596,96,359,1064,849,237,1674,1293,547,108,1306,657,185,297,306,1217
1233,24,1841,1679,1334,1579,1300,281,803,1472,1307,303,265,1475,1664,921,256,975
308,834,590,1294,275,321,259,3,1052,1732,86,1836,91,1284,490,970,1358,968
1653,1426,882,417,1601,257,1307,1376,1374,1314,220,387,1042,340,593,1120,1034,430
1328,645,1505,1327,1064,264,1634,436,1164,100,155,1117,190,648,138,266,640,1123
622,1839,122,1778,1154,1118,712,71,1211,946,309,738,379,1307,1347,583,247,811
1257,1783,497,1585,1648,1108,1294,1223,1123,1060,91,1836,1727,948,1778,1544,1093,1660
1372,690,255,1290,1547,244,150,105,1175,253,621,1642,271,882,1515,301,749,1263
138,1156,1249,92,1241,621,1747,1243,297,279,1026,1687,159,832,1435,415,1489,1611
138,1783,1717,1780,83,282,704,1302,436,588,963,624,1851,1177,306,990,1838,1566
1157,79,136,1253,914,781,306,244,1735,1105,312,123,721,83,1123,790,639,895
1285,1115,648,670,890,549,643,1804,374,697,1041,1018,178,234,297,1564,281,907
586,1035,1207,1088,1839,989,1338,1669,188,1396,1304,430,1472,1177,243,1432,369,269
1780,1488,247,19,1141,1585,1566,1277,126,1284,185,845,640,1256,37,257,475,1036
68,970,1235,775,1426,772,165,767,70,1657,71,1781,552,34,260,1683,1266,848
240,1253,429,1577,1014,1028,244,627,212,598,381,1555,396,1366,1217,1851,1282,328
306,1274,1305,1585,641,1778,1604,150,128,410,1278,806,324,1282,86,1102,90,274
1123,914,109,1027,220,25,65,894,384,1320,70,1836,64,997,1170,153,246,952
197,1301,284,1276,1280,598,1418,262,1289,702,302,804,1374,731,533,1239,1540,1532
913,661,318,1099,1811,1706,1469,123,766,166,857,340,1855,292,1294,855,1490,1804
289,1741,95,176,1082,878,136,581,536,1500,874,872,366,1306,713,1299,588,90
1433,1776,855,27,716,1162,341,790,365,256,949,290,94,243,1568,411,11,1739
1669,1489,1436,1648,1284,1294,274,195,993,990,1305,150,1291,1731,1176,875,1498,1303
309,1249,996,1018,1281,544,280,640,645,973,1101,937,1197,138,1260,1216,1420,49
1228,190,274,1490,1552,94,1284,1150,804,56,730,363,1002,599,36,357,962,347
504,141,1182,74,960,636,525,1192,297,1563,670,1353,607,152,1009,25,1710,1706
957,55,1242,553,1182,522,970,1220,1241,167,951,1005,189,1297,254,790,1837,313
1404,1712,499,716,1279,1208,952,1807,1836,1034,886,157,142,1728,151,293,95,1632
1780,341,481,1839,1492,1297,400,522,1096,478,94,304,518,203,192,1214,1235,1136
580,1694,146,1307,943,626,993,1099,1732,1030,595,434,1566,1845,99,1606,760,825
108,54,270,51,499,1741,254,1368,128,1305,1264,116,1014,87,1744,768,629,1470
296,95,906,1390,1222,303,244,472,1299,1296,1189,1675,1295,1306,1837,252,1740,914
177,3,1071,645,395,913,723,1520,1165,1140,274,101,934,376,890,1732,1672,27
890,1307,1279,1854,1246,243,1085,645,1035,281,345,141,1545,1710,1230,1768,636,581
1123,1783,478,1040,1290,270,229,1235,1455,860,1041,1297,1374,1362,821,685,377,589
1198,632,1711,27,1804,953,772,1449,475,151,898,755,983,855,1208,656,1435,137
1129,245,25,167,1712,871,201,1304,148,154,1426,944,893,1752,49,103,1462,1307
1237,1543,1141,669,503,1563,1296,1011,549,1291,1013,274,1783,660,1086,1012,989,1585
981,1182,176,70,636,1807,1269,890,80,747,138,1181,166,1157,1256,1050,1150,921
114,1784,1237,1096,587,1783,1174,1584,1073,478,901,592,1288,1184,1752,23,254,877
1160,1732,312,261,314,399,1296,78,1125,481,507,104,69,1552,1392,76,293,760
1585,264,908,1192,268,641,1028,755,1296,1292,296,1200,1134,171,133,134,204,1276
1696,1754,607,1161,1432,1456,705,188,1230,1780,1108,1830,139,80,1217,215,1022,1293
760,377,990,25,1266,306,234,1811,849,312,286,26,656,1555,1804,1222,1618,1776
147,1598,1029,1613,1084,970,100,503,753,695,548,1733,913,78,1585,1229,867,1710
1265,1275,989,1236,1830,1606,163,1174,643,1192,337,1222,1702,1201,348,1811,911,441
1296,1374,1489,663,408,262,823,1545,1635,418,959,1775,825,1617,1305,282,572,1294
619,917,294,410,1136,1306,1087,1191,181,1852,746,1372,310,1120,91,1231,296,1761
1464,636,223,999,1752,1093,1282,139,297,925,1191,1737,1811,833,1069,772,1770,1156
70,393,1564,1260,866,488,1492,193,1786,280,1243,640,1618,632,51,1223,1307,845
1138,1305,1290,104,754,1584,586,89,274,148,178,373,150,1388,978,70,243,64
4,1280,1243,1863,1799,848,1263,90,220,1067,545,1302,596,298,150,1294,693,1084
133,1120,263,1294,92,1279,1518,1329,577,890,1244,1286,1265,696,1175,1087,87,137
1285,223,374,1566,1247,219,268,1793,1106,1307,1223,294,55,1281,27,272,356,1741
847,257,965,903,899,1806,152,645,1293,1425,153,1648,83,1518,1299,1807,966,1306
1175,1160,470,1778,1555,179,328,1716,680,89,1307,1585,157,1281,433,173,41,1780
1289,1334,244,26,825,49,1182,1672,74,1695,71,602,179,102,288,1200,104,1774
1297,1690,138,1780,1840,1120,644,1776,1659,1223,302,1566,166,399,1852,1306,712,693
1295,1290,821,984,294,1807,1298,1733,1328,704,156,1282,95,225,579,59,271,1224
994,1137,1778,1165,315,989,162,1599,545,911,1415,474,220,52,531,1805,1295,1276
563,645,1819,685,1250,579,1141,974,1307,105,144,1291,374,1304,1397,1042,404,1148
82,994,112,978,1844,1272,1712,1639,686,1302,1242,490,1490,1292,635,1709,669,1778
1360,995,25,399,285,287,1303,1610,1147,855,1298,335,1366,8,347,1595,1074,1555
1076,1296,1824,176,430,186,274,1711,973,12,1161,229,1674,117,1533,292,294,789
694,1282,1843,829,59,743,268,178,101,1274,478,206,466,1091,1302,1776,1166,1598
763,1174,1714,1747,1351,1222,939,469,348,1338,1547,156,1690,1086,1038,362,233,640
669,1295,1589,894,86,1839,1776,1132,194,473,1547,377,647,536,303,1426,1036,26
25,1105,724,407,24,103,1051,927,1732,1133,644,1553,117,1021,1302,656,1566,1668
186,990,1486,951,1267,312,694,1133,289,1189,282,1076,235,1021,1426,1226,123,553
1076,679,1279,1209,1839,1281,1306,348,1007,1216,1298,1282,1278,244,1820,402,1551,599
629,95,1230,272,1789,989,470,596,309,136,1140,775,1472,1634,1266,1618,425,1281
1160,297,1009,772,1778,1307,1045,1589,1564,936,734,306,962,465,427,141,1302,1542
1759,283,1156,561,1061,263,1223,76,305,596,779,574,598,587,807,467,1564,112
891,541,108,89,1524,1305,666,770,249,1099,1302,85,289,1264,1566,723,1827,690
1244,1842,377,903,1773,1741,1699,1149,1305,10,219,1263,1280,1354,917,1184,1811,1440
175,1270,178,268,476,1316,145,620,1263,1720,950,260,279,523,143,100,266,670
133,254,597,125,908,37,409,1166,194,252,78,1125,1267,721,1297,1676,1092,269
811,1279,1426,1585,1574,890,201,374,151,1651,688,873,96,1732,170,641,1387,1145
1295,501,494,152,656,1534,617,981,123,101,148,93,213,1296,661,1752,94,1282
1280,1292,1802,291,1021,279,1161,244,411,1282,1150,1141,1163,1263,995,1433,117,140
1772,27,1785,265,1759,146,1563,1836,284,688,123,1669,1690,545,95,392,822,157
1353,716,919,1302,1574,1229,353,1791,70,19,62,1564,295,179,990,645,1287,1506
1542,1720,275,294,106,1279,1275,1290,1068,700,1563,862,738,440,465,1139,1374,1045
1617,1500,302,581,1326,64,1804,312,1273,269,1291,75,1188,113,951,940,306,643
234,990,1282,98,1497,1276,1292,785,1490,391,323,152,1224,1007,1752,146,381,310
433,1182,1426,1299,1307,296,478,1027,280,1157,1034,1028,893,57,78,1585,1432,278
958,540,1780,1007,404,176,1303,324,133,139,39,1445,197,290,106,867,122,548
1658,1296,964,845,432,1294,377,1129,712,1783,268,624,470,146,1182,1805,74,104
618,1276,857,735,370,1188,1722,1265,484,1058,244,1290,1294,1820,1648,1106,1086,1149
450,1002,77,265,749,440,1277,291,1441,781,1166,1038,152,74,1146,1370,245,202
1096,1176,903,77,376,451,177,1684,26,46,763,792,217,947,1783,922,862,627
1087,158,518,512,1028,1798,37,767,431,89,278,1691,1076,126,1454,1034,1534,1780
1242,993,202,1533,105,390,817,263,1290,1726,535,36,124,908,128,1737,644,1045
260,1240,1191,953,417,100,105,1243,848,1669,1123,952,645,478,1034,1802,1496,1714
1294,27,1032,507,1081,1711,1052,69,900,1076,148,1805,137,857,1279,1093,291,1853
1500,811,335,804,1262,197,1183,273,12,137,1585,191,1752,268,1776,503,136,563
568,845,1237,1564,1289,535,176,1188,1304,178,910,1263,166,1448,1296,1383,519,32
1764,322,1804,723,69,1278,210,1565,1778,1674,137,958,1467,914,1299,306,113,1374
829,623,1697,221,921,191,1164,889,1024,1406,574,1178,971,127,1404,843,1022,1291
67,603,1041,1828,990,570,644,482,875,1136,1118,321,1296,966,104,150,1307,458
1805,779,524,1299,789,990,1839,1741,258,1705,1269,1463,640,1752,565,1830,126,1776
1819,1276,1770,1490,999,1298,1297,197,51,960,202,1262,1301,1648,531,112,974,1293
104,1181,1279,1276,1787,454,1804,324,1163,287,857,219,12,685,1225,279,990,1336
348,1192,639,607,786,1111,1303,146,999,1205,1021,1752,86,1585,1305,1426,1352,1242
253,862,1780,1041,937,641,890,165,9,1817,1300,772,220,123,1067,104,694,1518
436,1298,1609,478,150,183,1432,179,1566,1246,1201,1842,665,1259,697,1307,1350,1783
1289,1307,440,639,1224,102,526,551,1095,69,1819,220,713,1593,1681,92,1604,343
79,1547,1708,848,270,1146,62,1705,1573,1235,249,1648,1232,984,46,596,1217,1426
1426,399,1737,1784,856,59,282,1245,636,1277,1685,374,1811,444,1033,132,1091,96
89,1223,1276,1733,1757,1149,813,1088,1108,1756,766,1325,1284,1266,76,1338,989,245
1138,904,126,95,1287,620,862,23,268,194,1073,321,279,946,1028,392,1060,989
510,256,186,1222,181,687,1734,656,1710,1257,1280,1684,295,69,1534,878,1179,1088
1761,1155,1282,1030,129,270,281,1298,348,148,1085,952,724,1527,197,352,1269,1592
852,1852,149,284,1741,1448,179,1777,39,1485,1180,1756,1125,192,262,487,92,150
1304,1018,288,855,526,613,254,1535,1191,865,1253,299,1574,157,23,1695,1279,1013
273,252,1706,907,1291,295,1295,940,71,1084,279,1801,1289,31,1109,1266,510,522
568,1374,1279,1307,1442,1470,1669,340,1839,269,254,256,138,977,1530,1702,1009,1062
1355,641,29,55,909,540,1226,185,87,157,1266,27,77,140,645,1147,1712,71
656,908,1249,1277,862,1093,70,659,1426,974,494,197,1061,290,284,948,1032,27
123,286,48,184,383,1851,1279,141,955,330,1125,1782,989,773,1038,1278,178,1350
262,134,676,203,103,465,1842,1306,1256,1843,645,1165,302,1303,656,189,506,1780
181,1536,855,58,1033,264,291,694,787,1426,1097,569,185,270,937,24,1305,492
216,190,329,109,1804,363,1840,890,405,1295,287,20,133,1305,855,1084,166,145
1646,1281,1234,357,989,993,535,573,1245,1853,1282,270,277,86,1009,1068,923,1285
496,913,912,274,1390,430,1426,259,286,113,690,1472,893,1555,1754,1109,7,303
859,950,1306,1169,371,1518,1426,1633,292,97,1349,730,3,1100,65,1182,487,1087
1100,1297,108,1303,1318,320,921,24,1053,934,855,1850,133,1257,1340,312,1076,1363
1451,979,1355,1182,1076,1093,1343,1338,722,1780,1745,439,170,20,1307,1389,26,1752
414,715,1282,148,1176,596,1071,203,1712,507,971,1223,1711,1818,1841,1130,656,1224
1281,1229,1018,1621,112,219,1087,406,1555,510,148,1228,1326,282,484,1302,1566,1690
1153,294,1058,955,1757,175,642,907,1307,570,1306,1245,56,1777,452,747,1217,1685
1107,1585,220,1741,1574,138,80,1272,836,134,1276,1817,1093,297,489,295,1403,1293
1570,175,1184,1533,193,1780,1292,996,892,156,920,640,571,79,43,1306,732,1145
1377,777,1807,1141,1808,1096,1415,1163,1799,90,796,598,605,1011,105,1648,1093,990
101,1076,952,1198,79,913,1812,1287,284,1770,949,1589,273,133,369,772,141,256
1256,1294,1292,199,280,151,503,1302,1063,139,193,641,171,1056,238,847,595,1145
509,294,1450,1300,284,1064,1204,224,94,1574,27,908,1155,1741,139,302,25,1292
1205,133,1136,292,435,1372,1448,264,76,1374,23,1580,1564,37,280,1285,139,1108
857,267,218,917,294,645,1287,176,806,274,1029,269,411,71,287,263,1208,466
1258,160,1019,1032,525,618,1647,1292,1082,727,296,1374,1618,380,1843,299,937,266
1034,927,1568,1780,1600,174,890,524,1295,1820,547,306,12,948,1244,1437,1811,811
1123,262,1289,1536,699,295,1016,1295,689,1301,1766,1297,941,666,1280,1805,1035,629
108,520,1752,1372,290,1688,621,376,325,238,1799,1618,1281,192,1299,150,1026,1263
279,230,405,1807,1353,908,738,1553,284,1780,1279,805,273,1293,1229,1242,65,1097
113,1292,20,1189,1294,156,416,920,1141,697,1681,713,602,1034,665,889,1302,253
728,1272,1229,1195,274,365,1712,293,665,1015,493,1178,998,1285,1142,1296,220,336
1777,87,1017,316,72,411,635,302,152,278,740,490,1028,88,298,1285,1415,1851
1446,589,697,1272,1296,1839,1752,508,1822,989,1335,1304,694,69,987,374,1170,1596
221,1459,802,1555,1307,1830,1306,262,1759,1009,1781,1243,931,669,787,450,1682,1278
221,842,811,1811,308,914,943,1086,1545,195,1279,1296,478,305,153,320,598,1418
152,1756,129,114,1585,1811,89,272,883,1304,1591,748,374,1533,277,1145,1307,478
29,984,256,328,1116,925,1276,91,615,522,1511,177,674,253,450,1298,374,490
1562,288,1296,1300,1272,358,265,284,123,1290,912,1279,78,91,157,1168,1256,1295
1037,290,643,402,189,907,1830,552,1608,507,554,777,1105,1256,1284,93,262,136
155,990,1331,531,733,825,901,568,284,1389,993,400,1585,891,121,370,823,640
545,1013,481,1191,219,640,1824,1266,398,573,267,917,1299,1185,296,1168,755,246
805,954,373,1287,399,1161,277,1215,426,1379,977,664,645,990,1374,284,1299,534
1083,100,1842,271,1376,621,1336,775,267,1280,876,866,251,1555,1426,1142,165,1564
968,1297,194,423,390,1042,93,1244,454,1306,146,1018,1230,913,22,104,180,859
282,757,1290,636,1625,581,490,1390,963,1094,1090,806,1415,1294,288,605,1822,773
213,989,907,202,1546,1208,16,1051,990,780,261,1356,104,1040,1426,26,281,89
126,1155,478,305,759,1268,841,1297,1246,163,875,1084,645,141,125,1278,970,30
265,1285,1019,172,1712,1124,285,108,1040,80,223,842,382,1780,1430,298,254,714
1466,1734,1676,1416,1041,1778,907,1289,145,88,595,1227,531,87,76,165,146,126
1084,1288,1780,1291,1830,624,1058,1118,958,291,1151,1215,1224,807,519,645,545,732
46,1249,1434,440,923,1147,1187,1282,856,1386,760,893,598,1861,1256,78,166,8
1505,465,1292,310,1300,686,260,1651,1658,605,257,1093,1249,278,1863,75,506,898
1599,179,692,1290,1216,171,900,1829,1249,645,1305,531,651,246,236,1280,1015,178
181,252,1851,1086,189,828,1804,1167,855,996,156,320,641,456,1625,990,927,1297
1204,1256,1781,1370,75,64,280,1187,1030,223,1274,1306,954,750,84,1843,1213,1128
1374,275,490,1521,548,137,1274,202,686,1805,44,146,220,823,58,915,909,659
992,80,1841,373,295,855,1819,1226,1217,1298,440,190,1294,1232,926,1372,1257,943
1238,285,74,219,100,626,137,1566,1551,163,1280,1759,478,1475,265,656,1633,1837
914,88,845,1128,261,1665,129,1555,1293,1490,977,1789,177,1766,1426,122,1855,1294
1741,1306,1011,1490,802,681,1279,176,1083,1546,258,1547,1202,193,855,98,1123,117
259,274,1279,219,626,1545,907,142,1271,1131,1374,402,1777,1158,1115,1296,883,129
1644,990,306,1274,1850,210,204,281,478,1846,622,1367,843,1012,1596,1344,1289,645
1161,148,1466,223,472,1280,1247,1431,129,1732,1819,255,866,1192,1069,1278,478,875
878,133,294,1585,1132,141,1232,724,18,273,596,658,1778,1276,1174,459,1296,1108
859,1514,176,970,913,1016,862,1347,433,131,414,1534,1549,1300,1605,369,1738,1268
1536,4,59,1805,1242,1603,186,138,305,1804,248,509,529,1783,1819,258,955,1271
1297,1287,374,1290,214,133,183,1077,717,1130,201,93,1096,305,265,1536,310,1780
1783,920,255,1430,1366,98,1086,299,387,1319,909,137,1745,294,27,290,720,913
1781,1571,794,79,1704,27,947,1721,1589,1811,835,412,1016,1599,1224,1291,1700,1230
213,857,1087,126,1595,927,1849,1470,1426,1380,356,640,1724,588,1199,1366,1276,1084
688,285,1294,1220,1302,1291,137,1853,857,377,1118,1840,296,909,1432,1139,78,509
1290,339,167,856,1783,341,926,1084,687,997,1456,1380,1853,847,1852,395,981,964
262,308,1253,1221,1491,729,253,1374,790,74,1282,95,645,641,94,1394,201,37
1420,855,27,1293,1071,767,170,1034,288,137,1565,1145,1500,573,1382,1211,1094,1304
560,392,250,178,731,414,1306,46,133,1372,285,1432,1265,1074,1147,181,1257,126
1235,1083,1538,1801,887,748,1300,669,476,574,1142,730,905,1215,1343,39,529,1155
304,74,544,1230,680,1434,1420,694,1055,302,1496,1798,121,457,1041,1648,1009,257
1216,1068,1685,70,452,1187,1546,1188,1184,356,895,914,1056,197,1182,1850,1840,1566
1278,890,1168,951,642,1712,39,1267,677,1301,201,1266,1564,223,1289,1294,76,998
1225,450,1525,1087,1475,902,1276,1743,1105,644,990,177,1680,249,540,722,574,289
93,265,478,1847,1168,847,1105,1689,1218,1290,104,131,1249,859,990,1052,7,128
1192,1741,1682,645,103,532,1337,281,640,1091,74,129,1605,1281,1695,192,316,656
595,1118,1243,1534,1098,1190,1013,1718,1741,316,256,1276,1028,928,268,1163,1617,145
369,376,289,258,152,243,77,279,309,374,1538,127,151,1243,270,1014,1123,1302
130,1792,1658,70,653,224,155,640,1737,266,1440,1257,635,1290,1137,1546,795,279
85,306,1128,656,1218,1839,1655,100,593,1287,533,1690,90,1252,756,129,135,1446
1337,1811,1756,222,253,1518,307,1585,908,661,1278,1381,1458,1703,103,112,1247,95
634,804,297,890,1374,1112,1280,106,296,954,1250,1311,970,1284,308,573,1279,1533
1173,138,307,374,1245,1288,872,1585,748,475,1163,271,672,1699,308,284,1266,1740
790,1232,1169,1296,1722,855,147,785,585,1307,640,1836,1303,58,1124,1550,1768,1280
1049,193,1305,7,189,1227,1307,1426,1846,477,106,78,1244,583,1836,1183,908,1293
1069,6,1799,1060,499,460,178,1757,1689,532,1292,1732,1052,181,136,1511,39,331
1305,302,1152,1296,96,226,919,270,1224,529,1337,1670,1041,1232,1781,1783,642,687
146,1778,314,55,1774,1717,142,1830,280,151,1269,310,1296,1191,7,447,1566,589
235,1660,716,1459,294,221,1366,402,141,1759,1162,1781,321,1215,1674,312,680,167
1276,128,1302,574,178,543,960,856,1249,1237,157,1748,189,1732,1266,1552,137,1361
1534,273,1555,279,305,1623,1044,103,159,136,201,615,855,1126,914,367,1470,910
588,249,598,1289,1555,168,1389,1089,673,59,943,173,1851,25,1611,1839,152,882
677,27,929,1798,23,1270,656,1811,73,1267,1240,208,1290,1349,1188,980,541,231
1285,176,380,190,1300,536,1018,531,789,1118,1174,1842,1356,273,1296,74,1367,1275
1284,1189,845,1266,275,1305,623,642,1648,116,1426,108,221,1267,133,1279,1104,109
574,1147,220,897,749,981,821,92,1212,244,1844,600,324,91,1704,641,1062,121
1564,1320,1352,855,1268,990,1532,357,1073,77,358,1796,1721,281,382,966,70,1525
588,1604,1415,320,275,1028,540,848,1585,1286,689,943,1742,1125,1490,1547,640,1676
1806,1295,704,152,264,1816,917,157,273,806,114,1842,530,1203,1840,512,1585,505
677,1798,1229,75,1296,277,1266,167,294,1263,1781,598,781,1302,833,1305,1780,1194
412,1712,438,1817,1839,1289,177,320,563,1146,83,1778,1401,1021,643,296,445,1455
460,197,844,1280,193,201,30,1294,97,1585,1804,1752,116,199,1556,254,1533,878
194,1293,257,25,126,1245,694,1136,1284,1744,1484,640,1314,608,1068,669,1028,185
1555,970,303,1582,1123,1608,65,175,1534,1052,888,1088,1145,1697,715,1014,1626,1669
1757,930,94,1064,1113,1280,1669,1298,27,151,134,1182,1380,1137,1691,139,1293,1571
1426,1679,356,1432,1566,1281,70,1285,866,21,823,1346,27,1076,223,1271,1545,1245
1770,1288,1470,1805,1657,1275,399,708,1295,1830,1741,217,223,987,1038,236,1056,1476
1280,126,689,323,186,1266,573,1307,1840,1529,915,1279,982,1669,1007,795,77,1276
776,877,486,1282,1306,307,1291,1844,20,1657,669,579,1710,1618,1648,460,1084,657
489,363,1778,1265,99,958,975,827,337,812,1306,1225,255,18,23,833,206,1275
154,856,950,78,977,900,1547,128,465,1804,540,383,1248,290,772,1585,1051,1732
1476,483,100,1801,1108,990,1542,1138,1627,1047,647,781,274,966,723,86,577,1740
490,440,1613,1086,973,1792,656,1106,1138,947,1213,1098,1009,1293,1251,810,60,1277
251,74,920,1158,144,903,463,950,1292,302,421,126,280,325,1305,790,921,1302
1154,1792,1372,1802,255,1520,1289,1266,645,525,907,1774,27,1305,1415,647,759,203
108,942,303,992,1276,1183,1558,1710,1533,131,256,893,972,445,1302,189,1129,1178
1819,279,1780,401,906,1426,1300,1688,1620,1306,70,267,1376,1104,893,1421,1711,1298
958,255,93,1274,46,1797,770,1136,43,1658,870,1275,859,1298,1824,1564,632,1585
1260,1839,890,65,1026,178,244,1183,1704,155,152,1811,70,913,1215,83,253,272
393,296,811,1632,1741,875,1292,1665,1064,244,1099,278,854,1407,1095,855,1781,957
695,1130,243,968,1708,371,374,1655,260,1277,635,1205,639,1454,41,1304,1316,1136
445,336,1811,1147,290,6,1251,530,1021,327,1472,1671,643,1728,121,254,1128,1019
984,589,1463,1808,408,823,474,156,1687,877,85,1805,521,114,23,425,588,1013
223,181,1686,1302,1671,1566,1306,821,1399,1694,945,494,401,1851,1780,915,1319,256
87,1265,23,1082,579,148,573,966,962,156,1534,639,1145,1712,1285,1203,644,402
395,62,325,266,1104,1266,1766,274,813,624,546,639,293,586,188,255,1084,1141
23,1488,1062,1594,1126,27,452,220,167,907,272,688,1438,911,227,1569,1851,9
277,1098,48,12,1293,978,1035,898,418,1426,188,268,761,1553,27,1547,575,700
148,1381,990,1448,1150,1089,499,1809,721,1646,466,37,280,1305,712,1856,1804,20
1635,1490,50,1138,961,63,1030,124,101,309,1663,189,1841,1804,1393,1689,256,75
610,980,1776,487,740,1733,233,1305,223,288,1807,765,1593,298,284,1607,179,1028
1163,46,810,1851,478,288,1000,187,1493,175,264,1757,279,74,940,294,640,1726
1853,251,686,890,687,1041,265,1444,1426,959,573,138,921,526,732,610,550,1091
929,108,1296,911,1418,1491,1121,1566,1224,1124,1284,70,350,204,1125,137,213,389
189,890,1451,332,69,142,135,1224,621,602,157,997,1299,1302,289,243,219,587
1472,1729,1387,1266,256,141,129,930,1306,566,1720,1234,1528,1542,151,1381,1839,463
1585,1652,1411,163,701,221,1547,769,1678,707,257,635,1828,863,1298,219,615,857
1277,915,354,1279,58,1382,1071,272,306,1624,766,1547,241,77,513,1555,1075,75
1492,100,647,1306,1620,1303,1811,1157,430,1007,113,504,1279,1851,723,27,1354,741
1612,1433,1068,714,908,671,411,138,770,961,1274,990,749,912,78,1247,1233,460
1306,1157,1648,58,86,1278,1847,779,984,1734,540,1555,1841,1183,32,632,576,855
1783,321,1136,169,93,302,274,291,1373,459,152,1534,1097,746,1251,1191,1314,1663
1617,852,450,1280,1264,776,234,1564,1195,77,1226,1783,1199,1343,656,1290,27,540
640,1552,1306,721,946,1276,65,1471,1219,538,1230,427,137,754,1277,440,274,692
677,1306,22,98,233,1565,135,671,279,752,1189,1067,1736,1494,920,1669,1841,1524
228,920,990,914,1759,1552,186,1225,287,91,1722,772,645,890,1566,570,1858,1306
25,804,1434,1851,971,79,1277,548,714,1418,806,132,1616,1804,1817,593,62,1154
1282,265,113,8,243,1076,960,281,197,24,823,935,1842,1102,1164,64,140,411
51,1229,155,1301,1030,1275,1288,956,1728,856,92,16,766,1732,1614,1445,1060,31
126,1182,1712,877,568,1302,747,1801,1399,1308,1249,1064,940,1699,266,18,1285,1007
1280,966,1034,138,584,990,1295,1783,1534,78,1490,1757,484,517,1162,1228,21,1045
294,114,167,1074,816,1741,1496,1301,1132,233,1034,1831,1752,1338,1732,1563,748,1120
599,1839,93,1837,1441,132,1184,717,1485,302,12,27,293,984,669,1737,1011,1220
1108,951,1631,1821,62,324,1276,1083,1351,78,1266,568,954,274,900,466,1707,93
1221,1117,1289,681,435,411,1592,1401,1447,88,651,574,976,729,1457,1197,1266,369
303,826,288,1613,1807,1468,1843,74,561,711,320,574,128,1373,155,182,1136,909
285,373,478,1160,576,1019,1555,1005,728,79,789,259,1712,1426,640,1076,65,1470
178,1076,1075,909,1216,1566,272,320,1741,1752,74,602,1545,98,530,213,297,1279
890,80,1552,750,990,1537,1558,728,811,187,224,1374,1812,790,1780,1538,1263,1132
289,1277,56,306,1205,1552,1041,644,1142,1289,1285,1637,1085,1117,922,1709,1076,1335
196,858,133,225,1488,91,1281,1472,78,1247,770,284,294,1266,696,1058,396,1296
1307,312,112,1012,101,41,1752,129,389,99,1291,890,61,1497,12,1302,1298,18
257,170,640,149,924,1712,1149,150,1012,1718,279,485,117,1276,136,1165,306,220
786,1106,753,412,1104,177,1633,548,648,1824,417,789,86,70,1179,1085,1111,416
99,1842,1299,1178,272,112,1109,1295,90,376,79,909,1369,1285,400,1374,596,1728
990,261,219,1703,1277,921,1585,1385,74,1780,845,527,540,1339,562,105,1352,179
185,1226,1302,289,1513,147,1298,1332,975,1279,293,1276,864,136,1024,1303,158,1842
283,1842,1712,1402,139,1056,1841,632,1804,1302,1819,1448,216,1293,220,1641,510,1807
1349,1307,588,1247,749,114,1257,907,170,81,486,779,643,1731,1290,966,855,1817
525,1672,70,1248,499,1543,867,843,134,623,1580,1426,1811,1276,958,1034,126,1009
1182,474,952,826,984,855,862,1024,260,182,1029,462,181,1770,215,86,648,1280
411,875,95,1585,1366,491,27,1852,294,809,656,215,845,645,141,1659,412,135
1737,790,104,655,492,1087,667,1671,293,572,1656,357,1676,77,1305,1660,1426,463
1346,259,446,1307,319,701,744,239,997,1333,921,984,147,1602,907,1406,1005,1811
1545,127,412,1277,855,1732,924,1384,466,930,544,752,740,1191,26,1278,195,1118
117,1804,1303,88,1781,1128,1770,1613,1741,782,406,1274,152,1183,1299,696,1547,77
310,1328,1706,1780,1076,1041,1176,1749,1365,268,101,863,456,243,1137,1426,405,307
1354,339,1229,244,1175,310,100,1707,1088,1550,304,91,268,1783,1034,1732,1841,222
3,509,700,1282,1128,1233,1284,126,163,285,200,1490,1012,1120,990,1295,179,855
470,1730,825,1226,252,983,1296,144,1445,1304,1762,1117,797,1801,1426,1130,1424,1013
1327,25,219,1367,1712,644,7,888,295,26,1230,1122,1611,1555,108,599,486,636
264,1105,1253,1564,1176,1280,1111,465,1524,273,1412,1128,573,512,1301,509,1853,623
963,927,395,838,1059,1695,1164,476,1534,541,1566,305,970,1620,1183,1112,1268,1207
567,1841,948,1621,1104,1086,644,911,101,1279,1306,1774,1467,1804,278,350,71,457
596,1238,272,1073,567,306,677,969,74,989,1015,1291,1168,1374,1012,573,1224,1752
1161,245,137,1573,1128,1073,1296,1229,513,1842,1012,930,971,1293,1339,1285,25,445
1057,745,1839,1086,1074,221,1302,451,1426,93,1280,1595,1288,1764,1792,132,1009,1145
981,305,253,933,219,1683,712,849,1804,1279,1250,1102,996,65,177,1237,1565,1140
1145,1159,148,1294,445,284,588,296,1580,725,488,745,173,1298,833,860,621,219
970,1126,686,429,186,701,576,881,768,1749,174,863,907,1094,224,574,265,1116
1360,131,132,315,1105,1289,1400,259,1660,1280,1268,889,1535,284,941,72,1017,1303
175,91,459,550,464,1288,298,719,645,178,1296,303,621,68,1290,1263,963,1291
598,811,1409,45,548,842,909,305,176,109,75,1183,531,1097,302,1540,1752,259
79,147,494,1164,1319,1850,1580,18,1660,1365,1676,12,1839,296,1092,1778,20,1293
494,510,177,244,641,1250,1617,645,267,444,1246,74,1132,1279,1304,949,459,1276
777,490,1301,956,1547,4,1460,770,1068,93,281,1589,1332,1566,785,186,104,586
533,1639,821,50,245,1290,94,713,497,950,1665,630,1701,1306,152,1677,59,940
1859,70,137,1819,1093,1367,257,416,529,957,571,540,144,288,688,1307,862,1343
1805,1120,1472,1198,1150,1712,1752,284,1566,1183,59,1669,222,1374,568,1665,1650,38
12,635,1181,503,1076,16,1636,207,644,614,141,30,181,1290,1034,305,1791,264
1831,1777,73,1267,1205,850,87,1347,1732,92,1791,1303,200,1558,1374,1741,107,1155
1276,382,1689,58,956,1619,1669,1281,68,1274,754,704,287,968,91,1747,1792,1811
644,88,1265,1767,77,1045,266,65,847,1756,540,1340,1537,917,572,136,1739,985
178,106,1752,623,289,1300,434,640,1188,1246,478,122,1012,800,1295,674,1778,1816
1295,1754,640,1084,407,190,1034,1712,285,1690,1265,1266,717,62,1379,851,1303,126
1543,1216,32,101,1223,1650,102,492,1242,30,1284,302,575,845,860,242,275,429
110,985,1025,62,736,261,1138,1068,65,622,548,1280,729,1306,1669,1257,787,493
1373,1290,1034,616,1855,1578,776,506,123,1763,63,1022,568,1018,540,1119,1293,692
725,641,1787,1321,1289,976,257,1361,166,23,1297,1721,107,386,1645,1221,45,307
223,290,74,1828,934,1819,1154,897,268,177,990,1485,1807,71,1297,1483,740,1809
148,63,570,279,982,1017,70,821,1290,568,284,1811,913,1521,243,27,12,809
1088,228,912,478,1613,1260,1230,581,222,254,101,1172,1712,535,1033,1830,277,1849
978,84,573,1817,833,1296,746,253,1132,197,648,749,1172,286,1374,1041,183,1558
1129,1293,305,257,1303,357,1307,878,321,152,598,320,859,801,293,1411,541,1042
16,1778,1566,498,1374,92,1293,292,1830,166,1247,1118,68,572,1036,1337,282,1763
243,1024,454,1466,1278,748,266,98,999,186,623,137,289,276,1496,259,616,1215
1256,1548,1846,1014,1104,643,961,1277,459,1091,188,801,1047,427,95,74,656,624
1783,640,411,167,1307,26,658,1552,1012,1016,954,1545,997,1228,572,179,416,103
233,430,3,1104,298,581,1295,1585,1418,644,1049,478,155,46,1129,1641,596,1297
1565,950,341,909,85,1276,1782,1770,1268,641,1304,1805,926,1473,1591,95,279,1192
293,1498,1299,658,234,1272,399,1229,180,274,309,93,1611,1195,68,581,225,290
238,147,1805,88,462,1028,1853,361,383,1345,100,402,305,1224,85,1263,1491,139
1189,307,235,445,98,274,1060,1566,1058,160,1460,673,306,1228,853,1377,971,1604
1245,1843,125,126,1403,1282,689,265,1305,185,677,478,152,223,1766,1426,1589,1676
1808,1528,1840,75,581,86,1677,65,27,243,894,1458,1534,1164,1763,1656,156,1316
1280,142,547,176,1121,1208,24,1292,476,1094,1783,1041,884,21,953,170,348,1279
508,70,1275,1293,1305,1104,1669,704,318,129,1265,7,1052,659,1312,1778,146,1749
1774,497,506,1710,283,1783,575,1256,1157,274,855,187,989,973,134,549,1125,275
1169,1761,1566,1291,27,215,61,307,1086,1781,1472,108,1558,869,764,1783,548,1621
640,1293,220,1068,145,1783,817,1599,1470,684,147,25,1276,29,137,740,1707,1280
445,1472,568,1811,1024,1251,855,255,694,1837,900,1138,628,1290,1794,99,312,969
219,1844,863,1503,199,1279,1648,526,1432,255,960,1498,639,1374,637,475,855,531
1752,1188,977,136,1789,258,58,142,1477,1238,1806,156,1136,403,1834,509,1647,949
1296,1265,244,278,197,870,260,74,1174,1300,629,1759,1272,1778,265,1712,644,1533
1242,1256,322,1189,759,908,163,1858,856,1524,1795,260,195,65,285,1360,1648,699
104,635,1267,188,937,1306,1366,1498,1304,540,167,890,713,1648,1266,1516,1277,1776
74,1051,487,69,1127,220,1731,945,1346,24,746,1842,181,856,216,978,1778,346
1303,622,23,319,838,194,1274,1187,1294,93,1783,1104,1291,244,1853,357,794,568
1238,1098,1781,645,920,574,1654,1141,1314,740,290,1302,1807,121,85,192,1689,862
1302,1821,598,1546,37,1847,1305,256,917,1125,1215,25,459,267,615,220,513,1032
682,132,343,1165,1279,1854,1418,1284,221,972,446,598,1781,1821,73,1292,1150,74
1258,91,1712,980,595,1067,1610,1205,1319,707,1126,286,1754,1307,437,37,1247,1234
74,78,1783,641,1429,1294,1291,1307,1415,960,1778,1535,457,1418,1839,1300,948,1155
889,1752,192,1242,1161,375,304,1460,568,379,234,1537,265,1776,1160,137,1032,164
460,1300,965,645,1839,1732,1038,114,759,894,1585,1306,333,1281,747,885,186,219
598,1290,647,157,76,1415,1246,84,1057,1188,87,1817,489,1114,1231,919,278,1223
418,878,1250,1013,83,1147,1295,1818,1091,1585,1417,1064,1182,105,1376,1780,681,1648
174,1350,1270,596,1295,11,245,1125,956,1188,1294,177,86,1276,1611,1515,1221,146
1432,1033,253,1781,1491,134,37,902,280,411,119,1518,1861,108,1041,1276,1285,1195
280,1191,1251,1589,1033,811,1681,1290,1694,233,274,1734,1266,1148,129,1265,1073,1303
109,915,1306,1305,1232,1281,1092,989,1307,1657,1218,623,1266,245,855,1279,1781,1555
1280,1293,489,1175,1811,889,96,1297,921,289,1421,76,1223,1190,1168,589,1289,1266
993,1229,1040,1106,1147,220,1776,856,272,1779,1781,657,955,1566,1238,1294,848,1718
1441,138,275,289,133,1830,1544,1093,588,875,175,1788,878,286,129,76,1294,1014
1256,642,908,1305,476,124,1163,490,955,1852,1279,946,1835,278,489,624,804,845
1566,114,645,1296,280,78,239,640,67,717,1819,855,1802,1712,126,1820,1472,1028
1247,72,1580,1063,838,990,1208,1277,1280,122,108,1648,135,156,1740,855,1303,1398
538,1140,144,1290,1188,1302,6,531,865,1784,296,1183,1282,1277,150,926,640,890
533,752,1850,1780,1299,23,169,134,291,1145,51,812,822,1045,223,80,144,1769
139,1007,911,1266,1027,624,277,1417,1222,588,296,1198,506,374,307,1248,192,1229
123,163,469,235,918,889,1585,253,189,1503,546,9,1088,1282,684,1741,1534,875
1272,671,274,841,1507,251,1104,1696,348,548,87,12,1345,1260,1099,221,1817,27
77,1276,138,996,1599,85,902,645,1840,982,1776,901,1426,146,1088,288,924,298
1295,1276,179,1269,1776,934,399,1426,855,1815,1355,1714,915,1197,1846,655,114,1693
1469,1277,1350,623,1623,990,1712,157,1285,289,80,1100,1702,1278,1432,1132,279,1176
1290,588,1657,1461,246,64,1191,87,65,923,540,243,403,178,126,1264,881,1314
1073,133,1207,1845,1041,1094,1184,1566,772,766,1182,749,1203,1296,1819,1374,268,910
125,1086,990,997,621,1303,921,1566,9,1778,108,1176,1098,628,1655,1468,1295,102
1297,1591,305,6,967,996,1780,429,819,1062,1132,1305,178,1268,415,195,1595,1291
168,307,1780,1036,176,1280,598,1596,1237,645,1673,1581,1555,514,640,1570,1303,137
1145,1328,134,374,245,1655,63,784,1503,818,1585,777,262,1791,274,148,93,269
101,1290,1543,218,1288,757,315,1514,1811,644,1024,1153,1299,1012,1708,48,74,830
625,856,990,121,371,1576,265,167,312,861,264,1277,277,1305,697,1194,1473,610
1210,1648,839,1287,1806,846,177,308,1291,1840,173,1071,284,1284,645,600,1306,1233
911,1691,1246,916,148,1317,1209,165,927,1227,984,1243,1535,530,1349,1251,813,78
169,977,293,636,1303,1505,919,1280,644,1357,750,1297,1315,1021,721,291,601,223
1780,1723,244,215,1388,291,579,1728,69,121,1574,1161,1040,639,1082,1397,1585,27
645,1732,651,71,419,308,178,68,1306,163,1274,1741,307,890,1279,1056,290,833
270,147,770,1156,1293,1007,1280,126,499,1440,1490,76,128,1304,1688,1769,1278,868
451,74,1216,740,235,1275,1844,575,920,1840,1306,1824,1246,596,1676,881,281,948
1787,990,221,201,1286,728,176,740,1712,1807,1585,1305,1294,583,1396,1741,234,1700
1574,819,286,1740,768,1099,1756,729,1472,1752,1276,1076,133,1299,967,695,297,1429
1220,93,1301,1303,1759,116,272,1016,1547,102,1295,1023,305,720,1711,845,1276,1558
1409,945,835,1290,1531,1566,699,1648,393,1215,1430,305,704,938,1798,1851,1203,1291
485,855,1092,1249,439,621,175,498,1841,128,76,194,537,656,1275,1060,112,593
135,1389,804,1287,219,1191,329,481,307,639,1161,573,1472,1225,846,309,80,140
1362,54,1324,327,1260,1191,1389,907,1538,1780,684,1279,1073,1211,376,1426,1705,294
18,1055,845,282,452,1179,194,1112,58,1038,1276,1449,1488,278,1641,147,80,1707
992,1276,290,491,269,1249,103,485,104,1303,1270,307,411,379,1290,417,1678,1847
1286,272,796,1759,67,480,619,1306,700,1781,1028,1590,762,123,1295,245,730,926
309,138,1732,845,262,757,1420,1278,690,197,200,219,1141,820,259,88,1491,24
362,590,1299,288,1490,260,1296,1153,700,636,74,284,603,1369,264,520,1265,583
215,966,1566,588,1235,1694,238,202,1058,1845,512,1257,265,878,1393,1031,1817,1736
1585,99,1740,1026,1693,1616,129,1781,1015,165,536,1012,439,1648,1280,65,1296,596
749,144,127,286,1289,1297,1847,1278,1295,845,126,1034,1688,1604,897,305,1138,1028
185,1293,855,1202,1184,847,513,962,1295,509,573,1592,1082,1299,1034,593,103,950
1294,1609,1838,1182,452,478,405,1247,69,711,90,62,1206,1361,363,403,855,176
175,553,1605,1710,1175,685,504,1275,1306,374,648,23,1117,1086,1712,1291,1328,1140
1013,644,1741,1295,1862,672,568,908,1234,1474,98,1489,100,896,1223,756,1806,1034
327,1300,1819,76,1851,1121,894,1459,93,934,1024,903,1373,1145,96,1741,838,103
1851,138,1415,176,189,1279,1187,1230,1839,1644,1071,1190,309,1509,879,170,348,757
134,1296,1026,55,356,278,1303,819,610,86,350,374,203,307,1413,1281,690,507
1294,1276,280,439,1307,1272,150,1119,1298,25,1705,295,1585,687,194,374,1288,1115
1073,956,70,1776,1056,1288,701,665,308,792,13,306,1689,1111,140,720,1814,914
74,1745,1651,1193,531,1725,805,613,504,395,1778,695,1211,973,1276,1661,1286,302
1305,683,152,694,1300,592,939,571,1712,1804,1291,1791,253,20,862,1594,1564,1700
950,121,586,1164,1259,169,263,914,1076,220,1491,1049,1679,889,1830,813,1078,4
1286,474,328,1117,791,1224,279,1034,598,1472,1295,953,1305,857,1240,113,1299,1278
1242,1844,234,1104,716,548,1561,246,1196,521,534,179,913,1593,1585,177,1089,1175
1732,374,1623,1544,1303,1215,1292,927,1780,102,1305,263,1778,1574,466,1696,308,1534
1291,273,830,973,1558,12,1112,245,990,1252,1280,1780,1811,1497,166,74,729,117
775,223,1305,912,258,14,1472,1182,978,1282,1123,1452,1534,92,697,300,243,1136
1307,1388,27,137,1018,1481,930,1289,669,376,377,1553,747,701,1286,1282,1445,241
823,1280,103,429,1445,1828,1279,1614,1477,494,1284,1334,1292,120,959,297,1268,66
293,1297,71,914,966,1067,635,1556,893,996,1036,72,1780,630,181,246,984,1178
1798,1150,151,187,1280,1237,440,77,1343,178,1105,1852,1282,1861,1613,275,1365,123
131,163,220,1294,1191,58,1804,1430,1052,129,561,947,1013,1230,1624,692,1292,645
948,1085,247,1290,756,315,386,1339,297,1147,189,220,1276,1128,1544,265,1303,1265
1819,1074,1507,826,279,520,1136,1250,1566,290,812,1210,986,1532,1281,1306,144,1689
1636,928,997,1710,1121,901,740,522,100,294,990,1018,1058,1265,1622,776,1295,669
1106,382,856,459,1151,1034,602,282,76,1340,1841,690,1155,1295,1688,1280,1265,1798
1295,74,1267,1361,1781,69,642,1617,108,72,78,101,562,1732,845,1337,148,1305
430,990,725,1472,128,1521,982,1150,1090,1305,1306,903,427,767,699,478,1818,1289
312,1744,1305,1301,548,23,1097,1517,377,1105,1348,1458,1296,1176,1812,1802,697,221
245,129,1293,1537,94,264,1585,1084,185,132,290,1302,192,113,1290,1817,1839,503
256,1278,906,1343,140,1302,10,1306,579,1700,219,24,913,1752,291,1129,295,501
292,1279,148,1292,254,25,179,1,47,21,441,889,1648,1551,1580,752,1089,506
598,1804,283,89,183,506,1093,257,133,915,279,253,909,295,1829,760,397,570
1472,492,1642,193,1179,43,1301,517,1426,280,1164,192,531,1511,1279,1845,1049,186
155,1145,1374,1494,1096,1242,713,531,185,495,1298,1289,297,73,1489,1295,1810,725
1781,939,775,1676,93,73,1028,260,1118,1076,953,4,1530,415,1292,841,535,1542
74,1225,1068,1160,1314,1689,630,1760,112,1041,264,1065,464,866,1740,1401,1824,452
1297,1100,286,1058,596,503,130,954,105,27,640,1783,136,243,1426,14,1064,806
1769,1815,134,1479,286,622,812,1257,540,990,1293,902,1113,1082,872,1789,1306,903
1290,990,1125,220,1547,989,575,1083,206,903,141,1230,195,1279,108,1182,1845,475
144,1281,1268,1289,192,1799,12,233,1176,1811,1282,1671,1567,1266,273,1172,303,1182
581,256,377,791,308,817,716,148,907,1459,406,905,1858,151,562,1804,212,1138
1196,465,1426,1153,1648,466,158,902,748,1449,687,1303,590,1741,1169,1034,102,1106
1564,404,23,74,1421,1094,596,1290,1136,29,804,1058,586,228,1294,266,1182,1781
1686,1800,504,257,1216,1433,1497,79,1158,136,126,596,1294,640,626,781,1712,532
1042,132,540,1688,652,1112,1536,1781,1290,1433,1161,725,328,1291,1225,246,1288,170
1238,491,1223,58,1492,540,1741,947,1260,585,1776,1285,1780,961,1843,1306,862,1733
845,1306,1523,494,1329,17,167,534,588,1543,1291,1153,1302,150,50,88,178,400
1028,1502,1282,644,1279,1294,1280,1115,427,1817,1321,359,99,95,1232,175,784,611
432,189,290,1843,1088,454,112,743,857,935,1721,291,260,1776,267,395,577,1564
483,590,270,1303,1783,845,1142,1293,1555,1845,289,275,642,1547,1079,1305,989,181
511,1256,193,134,25,719,1734,258,398,1777,924,1282,185,280,596,1166,1817,1640
643,1712,305,155,167,745,1094,1168,581,462,898,1132,275,444,717,1276,97,1489
216,1291,450,129,532,112,1853,1280,185,1071,1185,1217,598,902,204,49,1299,1756
667,176,261,223,1285,1707,1084,1680,494,285,1404,286,1083,527,713,61,117,190
919,1648,1757,1752,1008,548,1294,1289,1842,189,220,459,295,293,50,1076,1385,1204
315,1566,274,1038,1296,1293,919,463,847,1076,499,302,98,483,1488,686,1781,1648
639,528,1450,77,1228,679,1112,1241,306,1301,190,1188,1256,1292,1857,1480,908,1294
185,1502,1819,624,1239,1675,1843,1181,265,1433,1530,1298,1238,679,510,642,973,274
296,148,1780,1655,606,971,531,1374,261,1302,253,751,1125,1748,598,33,510,130
566,1374,1778,1013,309,260,152,1285,729,1306,1675,465,876,920,1564,1763,1274,846
809,282,1008,1721,220,23,752,1306,255,10,1132,713,1842,272,52,1316,629,1566
635,67,912,1632,717,333,105,623,1819,1276,974,1621,68,695,1289,1222,1163,45
181,622,1627,1294,847,1489,148,61,1245,302,908,1460,484,970,1218,1791,1349,259
70,302,1529,564,669,855,1280,1545,280,295,257,150,1211,25,63,1798,844,1262
1215,60,1115,36,1723,1563,1811,931,1338,1295,571,598,1276,1845,468,1552,641,1014
1539,202,7,1855,1780,1243,1263,94,98,95,700,1426,938,1772,1169,739,1157,1290
1780,1034,1182,235,94,1346,492,424,920,1074,1303,84,1640,1843,1560,400,1776,1778
1292,1502,740,170,1188,1819,273,263,1132,1693,523,1024,1472,82,169,1281,259,753
94,1290,1040,985,971,1487,283,12,1372,249,1298,914,1243,137,1241,1128,588,126
1235,92,1294,80,885,1757,256,245,1566,1274,529,1199,1413,1181,503,385,1279,265
1182,1712,105,1704,1523,623,596,1300,1413,911,614,1839,1653,326,766,714,1102,1402
1296,8,407,664,200,901,1241,79,52,1090,101,642,499,1233,273,132,1086,80
1427,219,1307,1290,319,1571,797,1837,43,197,185,1733,1160,283,26,167,1067,503
1722,1265,340,98,669,640,451,1673,1277,647,1365,1164,1703,38,1124,641,1102,907
478,1545,1387,1752,980,243,409,1093,71,267,989,1432,1088,1051,990,540,454,1822
1193,439,1720,100,509,74,445,139,152,1352,473,105,1603,1276,578,692,1067,167
151,1661,779,919,1585,1184,176,1279,1291,90,1478,1565,641,700,570,1364,1548,1347
1847,1496,1159,276,1292,156,361,1296,1276,641,514,1224,1555,1018,1636,1793,700,1505
1554,282,1536,1717,1282,1293,1120,1150,1216,285,1022,916,926,1265,1263,640,1374,1289
419,645,1076,298,234,11,1161,1588,178,641,136,1296,198,1126,793,1306,175,1472
193,970,102,1309,132,407,1277,75,1448,1642,1585,1008,1374,1421,1280,137,885,121
1266,907,27,1064,1018,90,484,1748,145,1776,499,1705,1472,1191,1337,1763,1817,1819
1747,999,259,1640,614,170,1249,579,1752,500,681,123,652,122,647,8,402,490
1172,1157,632,714,1502,295,1344,1307,91,1360,1621,1776,1191,1426,1414,1547,561,1708
1307,1188,1328,397,1547,235,88,221,356,312,253,95,1290,1783,1472,1297,1798,1842
596,70,491,831,72,204,1387,926,1780,93,1021,363,1488,1426,1302,1183,941,31
926,1839,1301,1561,402,1294,165,835,466,1566,1280,1087,793,990,146,983,768,1303
242,992,990,1278,590,308,973,893,220,136,1428,1307,1838,148,1105,1841,1126,101
1089,1234,1250,62,917,451,493,696,1101,907,466,1276,291,275,624,1183,1226,1104
266,1168,1591,1819,1248,89,589,1472,403,1413,1548,588,1091,273,1275,1856,781,687
308,825,1009,544,1426,625,996,920,190,1725,261,346,1360,76,1276,175,1804,77
104,1059,597,912,216,163,699,293,546,1007,1275,278,1129,1449,1432,1145,27,1229
770,1188,1173,1201,1018,1266,1554,485,961,1770,1168,1217,845,163,303,90,517,1108
19,737,3,1267,833,645,638,1844,947,918,1452,780,220,269,23,1290,14,1116
496,901,1153,1016,1472,1045,855,1104,1293,989,1276,1307,507,1534,1017,1265,1819,1298
1718,1297,1302,596,1223,136,1727,1818,242,1340,579,80,23,980,1296,491,1293,1074
275,1548,980,1276,1307,1116,165,686,128,1304,1297,92,985,288,1243,417,1150,4
151,170,78,664,1282,282,975,74,867,987,203,1305,1387,745,114,1566,51,1048
779,15,1347,357,588,890,1695,1398,219,529,268,178,1706,253,918,1265,583,402
450,665,1472,1301,126,266,1720,387,1594,960,724,511,1249,1587,1276,465,1754,121
1112,293,1553,1527,1301,826,132,1855,685,317,206,1094,893,70,150,270,476,1297
1627,1389,1789,270,1712,1604,1752,74,628,194,758,1005,39,862,1028,1533,1811,545
972,1488,263,1076,219,635,1034,1242,312,273,24,747,37,245,1250,1166,1353,1521
990,27,1846,1781,1732,596,261,301,278,213,1444,263,1583,1547,396,69,1550,1648
858,1732,1192,190,1306,937,1303,89,1049,540,399,254,1840,656,685,854,1291,1279
1130,291,1741,1839,1533,1585,1427,966,990,1045,907,1256,890,234,955,1340,189,636
699,1639,255,1129,131,1811,1498,1848,361,291,1819,137,1555,409,1292,1490,588,905
921,1547,1307,1301,873,1770,1372,1522,645,128,392,156,1337,995,1288,1798,95,1270
490,1752,309,966,915,1176,670,114,1774,1644,712,186,190,282,1346,167,713,56
1063,1428,1301,1783,1741,1319,901,460,1164,1594,568,546,42,252,1243,23,220,307
698,1689,981,768,1295,654,1315,1355,1566,1731,1217,1026,39,1565,167,467,875,406
1297,106,1578,568,156,1088,100,757,549,675,145,852,851,112,458,656,1344,1292
1417,1841,1540,1820,88,971,1490,381,341,268,1562,1371,1752,254,1307,139,64,919
1564,1297,150,1069,1737,285,717,1338,1599,1752,1807,1241,409,80,51,1234,1460,937
389,682,1305,265,1093,1302,1160,256,918,272,1320,1310,64,1668,1555,341,952,408
91,606,1274,335,1228,409,273,68,302,369,864,83,1806,1309,274,96,1305,220
1824,1704,27,1555,74,105,1740,1088,976,1842,303,863,1198,223,1461,99,1109,78
941,1257,1722,1115,553,1132,285,684,987,1136,578,134,478,626,545,245,100,681
50,486,233,1278,1684,1555,1305,1841,321,459,1659,1322,51,870,1811,1627,1712,1479
1804,325,369,1046,1142,1449,1712,270,1296,649,1303,98,88,294,1353,1705,1298,1266
1284,1228,1292,967,990,1780,293,177,773,529,1092,353,108,846,1093,1028,972,636
403,548,303,1005,1432,893,1655,705,152,424,1189,669,475,520,1096,315,572,1741
46,974,243,365,1567,307,121,1021,1690,904,345,385,1382,1674,53,762,1138,577
1781,1516,460,1669,934,833,1217,989,1297,781,166,308,1125,789,387,1249,490,1266
334,1805,478,1836,1802,1297,394,89,1665,128,141,1029,1018,295,1183,102,1277,1741
424,289,493,166,1290,1811,173,1022,1491,636,1136,485,1585,596,1298,466,1294,73
1113,424,792,1294,1293,113,1730,79,1712,1566,128,254,1752,51,692,105,1280,357
1490,1312,484,308,82,649,289,1307,1267,1205,113,645,855,1099,1233,466,27,1191
1249,561,293,1361,573,1207,596,987,1051,202,939,1664,511,409,280,973,1722,258
308,507,1125,1555,1293,559,904,919,155,902,1317,931,1248,36,1534,1297,1424,267
1242,374,523,1535,1229,80,1224,1776,1088,439,268,1011,76,512,1277,197,295,637
307,1229,1018,1377,856,332,581,1839,51,47,70,130,424,1340,1060,1403,383,1209
590,466,739,238,968,852,1566,875,222,1776,55,1741,1216,265,96,186,833,1780
1188,1841,1173,530,62,1307,935,485,598,151,1049,890,100,166,1305,76,1223,1277
281,1248,194,1135,256,278,282,1448,1680,391,148,589,1425,158,1595,1281,540,1564
1472,148,1156,509,1150,377,937,1555,1740,806,1714,548,1761,1161,435,1809,1292,133
1811,710,1741,1353,877,907,1307,1274,1257,106,201,128,29,1533,1802,1297,148,1289
1585,596,1546,1288,773,219,1293,627,988,1303,1301,1263,1307,104,1272,1804,361,34
742,1819,131,1829,280,307,1284,642,121,484,108,717,1302,1244,475,713,318,1242
1174,1230,919,1367,1406,1203,302,1295,5,623,1726,1116,700,155,30,1627,953,1741
1007,1847,775,1206,683,305,1305,303,961,1720,1569,1472,230,1840,466,1100,277,1240
1757,1030,1296,233,645,166,646,1782,1075,1168,691,813,1555,222,1273,185,27,374
1297,1761,51,151,1366,349,136,1851,1585,1704,1086,73,697,1831,1821,27,134,293
293,1640,141,1275,1327,258,1795,680,104,1294,221,1770,780,1496,137,286,959,309
1228,38,522,969,1223,186,1279,1840,1106,1306,1563,835,725,1178,581,1811,1441,258
100,117,1300,264,1472,540,881,1366,1266,1303,274,1076,25,273,1301,383,305,140
598,910,1811,561,579,1816,1292,1783,1306,1295,517,434,1520,137,1300,1302,251,1352
93,137,69,1148,1497,1266,73,101,299,1278,1349,478,300,1314,1767,1824,1071,1250
234,588,23,1190,734,1091,1303,640,167,1666,101,1843,1855,1534,1284,1105,275,990
1789,640,940,1579,1201,1313,157,135,472,1752,1840,1722,1292,582,901,1279,1804,23
92,1282,1426,1283,103,1415,1620,78,1482,1279,845,1286,786,1776,1818,137,439,1009
1530,1256,544,247,1343,645,144,1451,1319,256,1468,591,265,19,1293,275,1432,176
1277,1046,254,93,1374,856,4,1271,1016,1841,672,914,614,581,1648,59,150,189
945,1453,1291,1772,1476,496,973,180,1555,1001,748,1307,96,1731,811,297,793,1100
1431,1693,1298,1291,716,325,266,903,412,1280,1301,256,220,27,1820,494,121,882
1739,981,274,256,1282,454,588,141,139,1552,1155,872,91,74,1564,965,983,1851
990,137,414,1267,1041,185,152,1292,1304,1708,1564,279,1814,1592,487,305,1815,93
307,910,1702,658,1468,1288,1283,420,531,155,1752,931,1662,1061,114,1602,1544,137
1655,74,1809,1426,1817,1290,1158,963,239,267,376,1555,1712,545,520,1548,911,1017
779,1669,1731,213,1838,1566,691,68,917,598,1302,341,1061,166,1299,1280,1281,1498
622,1140,1276,855,954,694,302,1780,1294,100,89,645,1817,66,1267,1106,358,263
320,818,1297,389,1217,1110,855,412,857,1267,1285,578,124,281,297,494,1374,1421
1404,642,56,265,953,443,1222,1275,1707,219,1776,261,811,907,544,790,1752,1294
1811,1177,1676,1288,1224,1076,503,999,84,62,673,656,104,1532,1187,290,1062,221
293,257,1418,68,1776,1106,1384,1302,254,1323,126,104,845,1767,1612,1546,1576,1297
27,1278,754,128,466,309,1839,369,1297,1303,103,570,603,884,301,561,255,146
711,890,1660,1059,1279,350,1847,970,989,98,665,1071,1274,1513,574,1518,898,263
194,3,1140,350,1293,723,131,446,229,1208,1181,1807,1294,621,641,1108,1551,219
1268,1666,1705,1304,1207,190,478,640,1263,1335,253,1196,1229,784,88,1217,484,131
296,120,197,1819,253,280,1337,1586,1125,1506,1432,1276,274,269,1326,178,1479,1265
1163,890,1564,1347,1850,1136,80,1115,253,528,1732,1285,1585,257,1067,56,1223,289
179,83,506,1647,1474,274,1374,478,1734,1572,1279,1491,623,745,305,279,925,958
1103,1214,376,370,1277,478,1294,1703,1550,150,122,1164,679,274,1147,283,239,1332
673,632,1292,1303,1161,1151,1350,1182,278,37,190,907,1547,752,478,940,151,677
1031,1289,303,575,65,1250,640,1678,262,1177,1298,167,726,760,483,263,1278,939
1303,244,273,1274,1472,1009,1830,1737,150,191,1612,223,289,212,1534,1141,151,99
695,1072,478,1095,1120,1547,1685,1087,253,1029,390,1555,683,141,243,402,1296,246
291,1585,632,588,666,1847,889,1648,55,1109,1681,1303,1781,1280,1284,1266,292,1147
648,684,166,1778,1840,1305,260,147,937,1034,1141,411,220,851,645,265,103,675
354,209,100,27,1240,823,1298,1778,440,506,1847,175,1293,1808,16,649,1363,518
942,296,1265,185,1162,1761,91,851,1224,1379,1163,285,1534,461,640,1296,293,1076
145,1026,1472,1830,1320,629,831,103,1298,896,1293,256,21,265,287,1115,95,260
1780,235,1365,785,1311,1770,847,573,640,166,133,1544,568,264,147,902,1009,259
1220,786,684,304,598,92,489,1780,833,1840,993,664,254,530,1566,365,1246,1770
34,1585,435,827,1266,707,25,568,1033,1250,1036,993,989,530,1297,1564,1849,1781
691,1303,648,1230,1562,1444,238,1288,1296,1707,1804,1552,1440,716,151,997,70,244
316,1351,1404,902,71,1276,1191,1804,975,754,1144,178,1029,598,461,980,215,540
1287,596,759,570,1193,1284,1373,1281,1327,1307,669,1305,1595,656,181,1247,90,440
990,903,856,751,275,1027,645,1296,255,1447,25,1358,1330,160,31,759,911,224
132,1518,863,258,303,1256,1292,123,181,12,134,144,1225,1667,284,147,494,349
436,1120,1132,915,1832,1141,340,1734,952,923,1285,277,541,1780,312,1818,976,772
192,1595,24,521,1012,1107,944,1216,919,857,845,1114,1183,1025,189,1276,241,1274
1295,796,648,1277,190,1574,132,27,1843,531,1306,705,510,386,604,1285,801,459
187,1130,1409,274,100,476,1307,894,12,833,1005,1160,1612,1847,795,1370,1851,1861
598,91,1181,1732,1804,804,1249,1426,294,955,22,1135,1095,883,270,157,1278,253
258,478,507,1830,714,487,989,1459,179,1584,1288,189,512,1169,491,174,287,212
1397,1585,79,201,1804,686,186,224,1702,657,181,1770,1566,1290,506,873,415,1774
1472,1307,1579,279,890,137,1279,1300,1119,568,644,1697,221,1165,1266,1303,1096,138
1294,1098,1076,69,1064,1318,189,91,1844,155,1233,1265,610,1778,907,1818,107,1533
1206,259,1682,370,1613,219,276,445,1731,1565,1694,921,1290,1440,1547,27,123,1585
1276,1292,1029,113,1400,1564,1294,151,244,1128,1007,132,37,1302,71,1601,984,785
645,1595,253,531,131,1307,1752,681,1305,715,271,1584,656,192,832,288,1699,1038
1296,1182,1303,1276,574,1442,1561,39,1204,1069,1224,989,596,694,1482,1132,138,656
917,238,175,1657,1281,1660,273,1304,1748,374,645,1093,904,975,367,100,1216,990
644,1301,574,234,1720,811,1292,74,641,1298,1073,1155,1257,1853,656,86,1037,1240
1818,636,848,1275,1295,523,934,1105,139,1693,254,121,1348,488,337,1182,1289,215
192,1599,176,1064,913,1128,1235,1009,688,1648,133,1595,1510,1305,52,1752,1443,1318
102,1168,1811,1498,163,160,1192,1385,374,128,1325,272,1073,1242,253,1841,86,942
829,883,581,1564,1414,1777,1199,133,821,1304,1298,402,245,190,99,847,4,917
1136,19,490,1647,1296,235,857,596,374,724,1591,301,1278,912,1597,1083,776,223
258,144,1320,320,1721,286,885,482,1302,1290,1277,1374,1564,171,1062,1280,946,1343
62,1852,1579,811,1525,1552,63,1687,1627,407,1727,1305,1566,1222,12,1752,165,279
1781,151,138,89,989,1278,705,862,1260,1545,934,67,62,995,884,1121,1128,532
95,1162,296,1115,1301,993,1230,727,1266,1306,1307,1555,703,826,960,1743,1192,1741
1488,440,114,1266,137,131,308,1233,1496,902,622,1036,1289,899,279,253,984,576
101,736,190,1265,143,106,1123,955,76,616,420,1781,1251,320,1555,740,1266,1274
1277,763,1161,25,1361,1769,51,62,641,1798,478,140,27,1278,621,1818,706,1564
1554,1303,1290,276,1288,212,956,1257,96,756,736,256,191,156,312,275,62,1817
648,134,1166,23,1152,1176,1294,859,1575,460,1648,1741,540,707,1274,27,152,1266
160,1288,452,1585,439,1521,1249,1298,596,821,1,499,1442,1366,571,305,327,1306
990,1144,217,1368,1258,686,701,933,1305,1668,643,1669,1235,937,123,1034,1024,1276
100,12,306,1113,682,537,858,302,1076,1154,1305,1160,173,1141,163,1033,951,136
127,588,140,112,70,595,590,1780,872,1191,152,1296,475,126,273,3,308,1279
1397,1817,1049,306,1035,1723,1052,243,181,405,1776,684,1304,354,152,1123,24,1387
789,200,1078,1397,1077,1652,161,1533,86,1603,147,1374,1277,1015,1091,489,562,1034
641,1288,538,901,1533,1831,1018,307,1784,707,1052,1741,1492,840,689,102,410,146
172,256,1454,282,1850,80,827,1282,305,1297,1249,1585,1166,1182,544,337,1429,987
1125,1599,1128,645,1113,1291,1290,1337,676,1534,1300,921,91,1191,1648,230,309,1106
1084,1207,290,1279,148,1168,25,740,1807,812,1303,1768,936,60,1300,910,886,1855
990,184,580,643,1279,890,855,1804,186,1748,1305,187,135,996,1136,548,920,466
94,1180,475,1325,607,1829,128,259,136,713,1290,126,654,1853,135,1630,309,1534
727,173,610,1783,1031,254,1336,719,1804,185,767,1011,989,867,175,1188,1469,1017
123,134,77,833,23,347,934,254,855,220,656,1290,61,104,1777,913,88,917
30,1728,1623,1366,1301,98,1265,133,308,1125,1007,1372,1825,600,1307,1851,1374,274
950,893,1039,271,1088,1667,238,1240,269,490,1839,1294,1472,244,1420,93,1028,136
4,917,1297,244,258,1780,855,1294,751,951,173,419,475,491,1357,503,1278,1778
490,188,1404,1544,1464,146,357,1294,1773,1280,468,1680,303,1587,1165,166,254,157
1709,1533,288,1305,1067,374,146,856,74,1549,156,1426,789,1802,1781,1129,878,1778
276,137,1011,1258,548,666,835,1284,1238,265,23,1824,1041,1302,29,890,1115,321
1831,835,1778,762,1841,144,1179,573,123,129,1804,1638,24,1417,1558,1277,105,790
1564,1741,1243,1233,1260,1183,253,671,1116,691,1696,12,166,1274,1566,1034,771,296
1653,1839,1277,830,407,1564,1182,1569,1732,506,1203,403,306,1295,1497,495,481,70
671,1180,548,1183,1169,1467,77,185,312,1558,234,870,1307,1256,1513,1566,1216,1701
123,978,1127,709,1276,1303,1732,24,1361,918,1306,1284,1680,1165,1009,1288,1592,827
588,466,189,990,1501,1780,138,296,620,1743,1277,1638,1183,1278,26,1613,1769,1560
481,1752,416,1840,639,687,166,1074,990,851,1242,1234,1384,1168,449,1296,145,83
293,348,613,1230,1302,949,1629,596,1274,50,1597,1305,204,192,1550,1647,1280,1145
890,878,1168,997,171,1542,1579,1068,167,1778,1741,235,445,285,952,138,1146,252
990,338,37,832,1307,319,1741,1739,872,845,589,1784,234,167,105,1648,104,890
1195,674,1224,348,1780,1025,148,953,691,3,69,952,1333,25,573,1274,470,873
1319,466,554,235,1007,878,1303,148,1469,1073,1249,1230,74,1315,1647,1182,1088,268
1678,1279,46,175,1374,1305,1275,293,1840,561,74,1042,257,688,969,165,231,1465
318,1230,1680,1653,875,462,193,635,178,641,1310,1566,488,583,1840,1182,190,579
1051,984,1732,1553,701,626,1155,1741,1183,777,990,1543,1267,1530,1282,131,427,1483
1554,1783,1819,1779,945,1340,1281,194,741,197,983,1169,186,838,1839,1276,128,909
974,259,636,1192,487,1073,957,393,294,1306,1289,1267,1256,1480,309,268,146,1243
823,1247,1754,411,855,919,1333,1543,610,1084,98,1233,1780,1432,524,131,890,104
1745,451,1279,1290,161,1094,920,95,149,1284,1361,265,126,61,855,249,1851,128
1285,1649,1837,121,382,1566,418,266,961,1223,958,201,1241,234,930,872,1229,320
509,1841,296,1174,1403,1100,940,1549,98,613,1303,1068,181,1225,921,599,76,179
