1117,1741,1569,94,1374,767,186,993,70,1566,1766,150,1307,1838,1291
350,23,1784,823,990,1222,354,273,1056,1577,30,1349,1361,1702,936
1590,100,946,1450,1280,1564,1169,1123,1024,259,1680,1297,559,202,927
941,1303,876,283,1389,260,914,1148,335,102,1289,943,592,88,1307
106,86,1101,827,772,491,23,863,1628,1545,133,917,1588,88,763
216,144,779,1542,259,760,1009,773,1555,1303,947,21,1299,1374,151
62,557,1279,647,1225,1783,770,1436,978,134,1068,1823,914,98,953
1741,29,1338,916,598,1280,1470,1296,1667,126,1019,370,767,105,288
74,1830,179,819,854,126,1517,190,1289,1293,213,1587,217,1542,589
197,950,1091,775,1221,1829,1706,490,126,106,245,23,260,506,1776
875,1839,275,114,1094,1076,645,263,26,573,87,1099,739,921,510
596,186,80,529,1534,1256,1284,324,264,271,279,585,55,1293,1262
1585,90,235,1727,228,1266,190,1297,294,465,1424,691,767,106,436
1016,68,475,596,1300,1150,1783,1733,1290,1780,674,1068,995,1753,1374
123,893,1805,1265,1329,260,116,398,1533,1153,1419,1798,1740,1083,465
733,349,1778,15,1284,152,1038,863,1481,726,920,1769,265,1076,1843
636,413,1182,973,691,1128,166,258,1346,1488,328,278,444,1766,23
1144,1294,1657,1467,95,1282,1306,1136,65,134,533,1780,5,1564,1752
855,752,227,674,1279,1304,92,1252,1007,1662,918,126,1278,322,194
1809,1188,645,1115,25,548,598,1770,1710,1555,16,1276,120,1304,1146
599,80,643,669,1108,99,1517,1752,216,233,1296,89,1298,1217,153
1165,1290,611,1432,898,902,1169,1240,805,495,216,57,170,1038,46
163,1712,610,1740,1097,700,1298,1056,1007,1593,92,1367,1533,1836,142
286,1432,219,1825,1851,1712,1284,645,1337,657,775,1288,77,1303,811
1658,1066,233,1817,1704,1183,399,1016,1768,992,67,482,645,101,1306
133,1543,890,176,1838,1029,856,1581,810,942,95,1598,227,138,1302
1132,25,278,85,223,1746,1745,1566,1301,1099,1804,264,1306,374,203
641,257,73,1240,395,91,203,1648,1595,558,291,172,1141,1759,1225
820,1524,588,645,1305,1048,140,1536,1566,896,794,256,62,1855,924
113,321,990,1125,1280,163,268,100,105,1846,1277,1250,1015,661,1726
223,293,271,156,1272,140,1086,128,1292,25,278,1280,268,688,256
1432,1581,885,1764,1215,219,162,807,137,1279,143,901,867,1182,1804
863,212,1277,1686,1082,296,644,1718,1744,88,765,563,131,1599,286
980,1136,220,1303,1282,1692,1741,1067,1717,1306,1147,640,1721,176,961
265,1712,825,1595,1758,1282,472,13,530,1301,271,889,1546,1297,290
1279,990,253,574,165,1807,1230,1694,1566,127,1306,1839,1290,1741,99
1353,1566,150,307,571,1374,25,878,1820,1110,295,178,153,101,1564
885,271,1304,165,862,615,839,1787,1756,192,1244,22,834,1218,177
1289,829,1026,926,665,244,1114,1188,1052,591,1094,227,1546,400,1234
877,234,864,852,310,1276,1205,918,1485,1115,1265,269,181,1086,479
221,417,233,690,1074,189,1285,1694,288,499,1839,1744,400,1276,1817
1277,860,158,677,548,134,950,1530,1290,87,811,253,310,1846,1303
310,1564,1024,1680,1648,1837,141,163,59,857,278,79,286,16,1307
713,1472,1188,1595,1291,223,1734,108,1679,1640,645,1716,130,1312,1780
855,645,254,1008,1084,114,1280,630,197,1028,1294,1766,671,1533,1286
1433,890,1012,1277,430,267,1279,108,656,596,1301,192,653,990,1188
459,621,990,1040,1190,905,1154,1824,1732,1648,1741,751,1263,890,1817
1432,1704,1034,270,1294,636,1564,121,540,889,747,175,361,1289,1239
459,1036,1417,218,572,875,1854,708,1157,530,1343,1552,145,645,475
1449,977,1030,857,1719,176,851,1306,1307,805,1224,37,1787,1502,144
281,1139,1686,1588,1693,1005,395,1776,1755,1279,542,503,466,98,789
1824,769,1125,1269,1234,649,83,1285,1240,713,321,1165,1756,729,1278
83,266,71,913,214,968,219,159,1343,1748,1277,26,984,138,591
1184,1051,959,1544,917,445,436,430,576,1243,1089,325,637,939,1350
1699,1109,1267,844,819,281,588,990,640,1752,1741,574,292,1168,1296
1369,1380,1804,1016,1156,303,1778,374,1022,1276,405,144,233,215,1542
1668,45,81,212,1056,631,169,1034,1669,1011,322,1228,656,220,186
499,1472,545,1804,306,233,1842,966,505,1265,589,307,103,766,270
1293,1198,1388,1349,1778,914,483,920,263,1784,739,1160,499,767,1510
126,453,1215,1467,1268,1778,607,1278,115,1426,331,1263,296,1669,1841
201,121,1791,148,90,684,1296,1781,1185,588,627,1585,264,1303,250
1011,678,1596,845,1817,1232,1299,690,1564,1128,1179,651,203,27,828
1250,1036,1533,1429,137,1187,707,306,1490,1861,1648,1469,1498,640,589
901,978,1217,484,561,1305,1048,1751,1821,1215,1292,989,51,74,402
89,449,118,739,490,907,1145,1551,1292,953,114,656,1704,1740,1306
1256,1199,1281,748,915,1752,1327,1190,654,1708,305,275,740,246,1026
1260,1470,1418,459,1589,697,950,1781,588,90,320,1844,1176,1805,1290
12,990,69,135,670,589,1302,833,1426,1806,1798,794,1855,1153,1300
1126,1009,913,459,1076,1017,915,1555,1624,287,186,1522,1685,531,292
1353,1089,564,896,1662,151,277,943,102,645,1280,137,1279,59,134
1301,1585,37,875,1190,780,1703,1293,1103,89,151,654,1280,190,1026
306,1089,907,273,875,1650,1518,1263,1015,1299,724,64,908,1074,1819
267,376,1783,253,758,1294,123,1284,148,1133,894,943,1489,562,490
1766,190,309,872,247,1419,1227,345,1272,656,1290,121,27,1432,857
1696,722,1224,410,1821,1702,307,266,406,1417,1297,1652,325,1155,1072
1129,548,1223,1087,1490,42,89,234,1564,423,219,1285,1307,655,893
722,1228,1759,302,293,20,1161,677,132,779,25,1282,984,463,307
645,1243,1791,1291,291,1839,1294,696,243,1699,1074,695,909,1184,1277
918,327,1290,724,144,733,1837,1842,478,900,1175,220,346,588,137
24,1477,1216,990,489,1689,621,1017,1432,1294,1121,122,294,581,482
1165,1252,812,1272,802,996,1783,899,1281,12,1846,1295,1547,1139,856
49,1305,722,1068,1288,1847,812,798,640,504,957,1247,1307,1534,621
1023,498,1534,1574,27,185,1191,1260,1780,179,1648,74,66,1216,1585
692,310,1783,1776,1560,1294,1612,1490,307,1179,1146,1034,1561,165,716
132,412,312,1595,1250,75,1257,95,144,274,1228,1060,677,192,731
773,134,1640,126,1534,74,1549,1194,105,970,222,950,377,99,144
1749,890,1268,703,1820,192,27,857,288,806,627,465,954,1010,272
1281,149,1492,1806,1415,1294,296,1015,281,864,275,1821,1172,647,855
1304,1294,1301,1147,1289,329,1063,25,585,484,1265,294,1306,1585,1279
1804,1276,302,1266,3,1291,284,642,1289,1752,1278,1490,943,1294,1111
478,1374,288,380,1145,1295,1819,331,1783,724,1781,291,253,1265,636
1524,1296,1183,1379,1265,58,176,845,275,1132,873,790,933,501,908
262,1817,648,1778,88,1745,245,277,656,112,1302,223,1839,713,1004
527,1340,436,1071,1648,616,1278,1780,16,1855,685,157,60,1256,76
277,1351,997,216,1627,1550,260,1124,870,640,1699,1272,902,1093,1524
296,1531,1356,573,1279,244,1430,1368,1811,90,1566,1497,1292,713,1781
1432,623,1267,179,154,141,780,1519,1125,51,83,217,25,438,1064
1215,998,39,688,478,1804,1306,86,1852,574,265,294,235,1260,1290
915,234,705,9,571,1837,64,1617,772,1630,1780,1036,1545,1550,1648
625,468,1787,1839,1426,131,289,713,698,643,695,1285,656,89,1293
365,1741,1303,947,1791,23,914,645,39,1134,952,571,1284,74,1544
1289,694,503,473,993,1182,1292,894,79,439,1280,661,644,254,1307
588,1409,1841,308,1538,1432,690,1314,1190,666,1132,62,135,1275,1728
1665,1232,142,1778,196,596,244,23,1783,1067,79,1294,1470,1301,503
1305,629,1741,255,581,331,74,478,1689,1277,152,534,1274,1306,984
1166,1472,1136,1182,1295,1298,278,178,1566,149,105,1234,770,381,320
1640,91,112,186,1279,1305,294,283,642,938,1755,1137,160,948,234
924,1267,1260,271,1234,70,990,1811,1389,1754,1426,658,1181,1055,567
1306,390,1302,570,1017,83,1436,220,262,1266,66,754,337,192,1047
458,1041,1671,1374,221,1115,1783,1312,975,1274,292,163,1216,130,1377
561,280,399,636,1288,1243,1091,100,1828,312,1306,716,90,163,1073
952,1280,1822,1432,1780,1591,990,1032,861,1568,196,811,989,579,598
458,561,1489,589,953,1133,569,623,1284,1819,1118,1490,106,504,1240
1373,104,1789,1799,244,133,1104,1502,1054,1276,749,263,58,1648,1045
1021,669,246,1811,1713,1374,70,1126,1192,255,354,1648,1607,370,89
1417,494,1181,1297,507,1127,907,1691,50,1452,982,212,1242,853,1510
510,1112,220,1862,1306,279,1277,238,265,903,1280,965,669,1147,1830
504,1783,650,1851,1304,74,268,552,1566,1426,304,271,1790,1294,17
1276,1162,1307,1554,194,170,254,615,995,1618,117,744,1172,527,405
273,146,99,175,1555,1857,1840,567,963,990,1290,1768,173,1249,1778
68,646,1633,294,1830,94,870,1740,1294,1026,289,1021,1555,194,1281
1096,152,262,1516,1485,55,635,1296,1155,773,520,1781,129,1714,1783
285,774,1279,1822,902,1036,268,476,1139,1251,310,1332,714,499,787
1529,1580,1720,70,1564,229,108,1749,1303,1125,1838,1587,966,1093,607
1281,1783,1564,1055,900,705,603,498,986,1306,415,626,148,133,908
1270,773,1281,510,590,806,1186,1554,572,264,75,1286,1039,219,1280
295,1732,854,1467,1183,90,1297,1532,490,1220,148,197,147,1595,266
169,885,1374,190,272,1777,1518,943,1640,1253,203,1291,1565,1299,1154
920,9,128,1748,811,1279,121,1432,1649,503,1304,1549,192,1820,747
236,1191,1279,1472,185,687,908,971,1837,1035,262,1306,881,1303,369
1721,1223,1096,1594,1340,937,1620,177,279,889,132,273,1855,374,220
152,1778,139,1197,458,1431,1337,1555,1301,123,190,1305,1113,636,1734
688,1076,63,1182,645,1489,151,552,235,764,89,568,228,1779,911
918,1430,1804,1506,290,1841,180,1034,103,583,488,1778,1536,1348,1131
1776,121,848,268,16,811,176,640,23,1780,229,1125,1830,659,1778
1060,54,930,1408,57,1523,417,1778,927,1169,1301,1064,978,1861,623
912,186,305,441,281,152,907,1182,1292,69,1232,516,1148,1373,744
1372,1162,151,684,1279,1644,186,1182,1012,681,540,1340,1287,1534,565
1472,1741,1564,227,864,306,885,1513,1555,245,1836,136,953,1002,718
1281,639,1263,255,1812,179,293,677,957,913,1246,1352,1242,1732,1617
103,907,219,806,565,292,1272,121,1648,818,299,544,306,1307,1156
264,12,1280,655,1012,1621,49,369,509,1752,1106,1819,1374,450,35
503,3,198,434,1097,602,69,984,604,1426,1171,1150,1093,1706,467
366,145,948,24,658,23,1060,643,1281,1710,1399,1789,1292,1106,983
65,1301,1290,1680,778,776,1503,1262,1170,1851,317,189,19,222,614
1073,246,583,1691,717,964,1305,220,549,1207,1196,1105,1372,966,953
126,763,263,306,274,1046,928,282,1293,1215,1604,258,256,1270,916
1649,1290,972,258,78,990,1276,1712,1214,134,1289,1752,1300,160,268
1199,357,176,178,599,761,916,800,1058,1243,395,875,1545,1564,1804
219,1514,27,1585,1007,744,790,155,1232,1392,478,1613,392,485,1300
1068,357,1426,1291,1228,303,1093,1294,1288,1374,1286,309,1290,132,1161
129,875,170,1477,1112,1693,23,101,449,164,1036,1447,1145,1220,857
1809,202,113,540,1677,999,213,1306,749,1111,68,206,1780,1556,661
1843,1863,807,1780,1558,1281,785,664,1432,104,181,1009,829,142,1307
1068,233,87,1156,374,852,136,1005,1086,167,645,1286,1648,1374,713
1288,1042,950,893,725,857,908,149,277,1566,1059,1427,290,1305,536
75,1034,465,1073,1292,112,860,445,1129,1585,1183,123,669,1511,126
307,691,1303,152,584,1256,12,1329,1819,687,694,1087,1242,1281,1305
270,716,924,842,1154,1847,72,781,1804,1058,132,1071,867,418,83
1073,1181,1174,1305,1488,49,1276,533,202,694,219,1830,132,1563,1307
7,951,1187,1778,433,645,220,1741,656,1528,1096,1374,1069,434,1375
1229,813,166,1307,598,70,1556,1296,1669,1182,1804,295,1125,85,1564
1752,1268,1714,1296,12,590,1305,1340,807,1513,1281,1648,1770,303,193
220,1388,382,1305,170,1034,212,151,1741,259,1627,258,1585,309,557
220,1712,855,107,1282,233,903,934,1198,511,749,94,805,1818,70
1564,90,1180,1285,127,1374,266,142,788,804,418,1229,652,1228,273
1189,1084,1335,1761,1484,124,582,1732,1051,348,1036,953,254,1154,203
215,1152,297,142,1070,1247,357,1278,1307,262,135,343,1281,269,195
453,76,1240,1093,1446,189,1366,515,340,1732,1280,61,1741,1291,1426
1123,74,383,1593,1522,1176,1783,758,690,112,12,358,931,69,1212
23,1204,1752,1711,244,558,256,400,1034,70,900,1432,1543,1148,1615
1502,18,1136,1110,494,1260,1673,1711,848,1301,986,644,1307,425,279
997,77,1103,645,646,23,1259,416,1334,243,200,114,1242,1183,65
890,1284,973,1293,1307,878,1281,1498,1564,1314,1121,570,105,290,549
1275,1302,319,867,293,151,1147,1301,855,62,890,912,144,401,1296
815,1307,973,78,164,1728,1074,945,643,212,1426,1444,1024,667,877
1592,530,1307,280,1494,25,38,37,956,1251,1846,320,577,294,4
267,1294,890,1430,1486,1658,134,1440,273,1845,1070,33,1741,1230,1084
1121,405,640,257,1598,776,889,120,1302,1188,267,605,894,1234,957
1564,1796,190,187,892,1028,1292,1246,87,1551,120,1305,1565,1278,358
1488,1617,1282,1177,438,286,246,1806,1564,290,1648,864,129,312,134
1300,223,1620,88,332,1807,1696,152,219,104,140,1690,658,286,975
1243,1463,18,1612,1259,325,984,1838,1039,989,1299,615,303,1564,346
275,1160,244,1683,927,845,761,1029,581,702,88,1292,1179,937,1293
856,188,302,645,1128,1307,1248,588,166,290,1073,277,1287,603,669
849,877,989,1652,436,137,822,531,1811,1333,1316,781,914,690,1620
1303,58,1229,993,1304,1297,1084,189,1306,1773,349,937,203,150,650
1628,281,222,1112,978,1029,12,1175,1289,1184,793,903,862,105,1613
67,175,402,1775,1187,1278,636,612,1677,1282,1072,383,568,740,94
897,1291,1033,296,1823,1139,24,146,1,1084,1269,962,30,1555,531
272,704,251,1711,29,958,843,1307,83,1731,1564,1038,809,358,1749
552,1276,1031,202,292,285,1285,754,581,221,233,1799,666,1084,1839
238,1585,1722,1076,297,914,1572,1294,62,189,1709,494,1648,181,1721
1566,191,243,724,407,1861,273,512,178,760,1110,312,142,155,156
1306,1546,1374,422,486,937,1284,729,163,1817,1363,337,890,746,303
353,507,931,126,994,478,1842,173,262,1712,474,571,63,1686,154
1002,1857,1811,138,1544,830,186,493,894,1301,1032,1374,92,696,1673
141,640,123,614,1138,1247,1302,1547,1082,271,1737,283,1679,295,511
1534,1525,548,156,289,1432,1250,965,837,1100,1304,259,253,121,176
890,126,1292,49,233,1207,1443,74,1303,1338,664,968,1418,1804,1723
402,744,1502,91,865,755,170,648,447,989,112,70,1366,1761,639
1566,1701,95,781,1270,254,128,512,1303,1695,190,770,1774,1374,164
1291,1770,1798,725,1634,224,146,588,520,1429,977,583,894,690,962
88,298,826,1125,235,1257,1137,855,1595,1830,92,1245,1398,1078,893
1265,63,250,264,514,645,1793,1640,1374,1225,122,1093,1005,410,60
1176,12,1168,770,1564,773,1469,1593,202,1226,61,6,849,38,504
312,878,1204,479,191,1856,1306,114,93,734,666,320,1852,651,33
853,178,275,1302,1224,1829,284,393,1249,1157,1712,488,1851,274,723
273,293,116,108,992,405,1429,784,1178,178,760,1752,1566,1293,100
656,395,255,1366,258,1088,1757,1276,1288,253,155,285,644,1335,1086
1285,1690,1817,112,696,712,76,1847,1133,1075,288,1161,1280,165,475
1296,285,1742,177,842,1143,495,1224,1783,203,494,148,1290,961,182
1176,207,1508,341,151,1267,1034,1128,1811,316,1487,911,358,112,1693
1806,529,220,244,980,263,1472,1386,1426,261,644,318,1094,961,1295
472,271,1329,131,1291,39,1068,272,309,875,958,664,1838,1632,181
264,989,1340,598,1246,1244,1426,285,1289,616,374,1165,145,335,548
78,1566,348,1804,733,1288,811,854,857,1123,102,1242,193,1266,1607
1024,626,213,690,1293,785,643,1132,1299,1290,1841,588,514,1585,1314
14,140,1301,4,1028,1292,42,1648,1337,199,889,1268,1847,1778,69
1292,1296,1238,90,54,1076,1359,1293,1736,1646,166,1847,867,340,158
1232,265,845,316,234,648,1132,1476,1294,17,1754,1301,1311,1669,278
1299,137,265,642,1188,1404,1718,1300,1037,1296,999,1756,122,320,309
1099,1271,186,1272,70,689,1175,640,1804,669,156,510,74,193,1293
665,80,1095,1748,73,1279,1007,1024,99,197,1306,1339,1138,1278,1556
1620,561,436,1305,407,1313,1682,465,459,583,1374,1295,1348,1560,1732
199,366,1102,165,1279,592,1141,445,700,1334,1085,1490,512,260,114
1097,1105,1667,193,279,1417,138,1094,648,1545,574,27,1853,294,1284
1203,1314,1788,426,922,294,956,1472,1536,181,1741,1549,1256,302,555
1150,1860,1157,1087,1192,1781,1849,1288,1279,27,542,1543,712,1335,151
1643,1200,1307,1085,23,1051,1542,1415,489,374,1823,914,1251,126,87
264,308,1294,90,145,1094,1842,178,640,98,1274,1105,451,1197,668
1212,1741,156,1296,766,1449,1302,1761,479,1147,1224,1176,1303,452,1293
766,1176,112,1333,1012,310,176,88,993,621,1093,890,978,1287,295
506,643,265,1216,379,640,184,259,669,19,118,960,910,941,1752
1280,85,1832,759,1509,1546,1589,1225,1184,1279,1677,701,139,292,1263
308,1799,964,145,126,1442,260,955,1529,91,290,1282,250,367,152
87,195,280,1199,267,221,1849,255,656,1026,864,1234,1154,583,579
898,924,154,1533,621,1112,1296,86,1566,1819,768,286,1518,233,219
1658,708,823,1291,730,669,1125,859,114,946,233,1279,113,166,1305
623,1080,1851,268,1780,989,504,760,125,126,708,875,692,265,1257
957,310,125,1830,1540,1798,1568,816,928,1683,1242,1128,1516,151,475
1278,1432,1277,928,1342,679,1553,101,562,1199,1303,1016,177,25,1069
157,187,280,1265,1229,1574,141,1116,744,1148,1585,1145,126,669,1564
1769,1128,1168,1840,1564,503,945,181,1752,75,571,645,1279,581,1026
890,24,1138,1771,1554,722,1298,411,1780,636,529,83,436,1647,1007
129,197,509,909,62,95,1076,561,315,1192,258,1466,938,1290,1544
121,509,1294,773,35,335,1610,1026,937,1332,483,1303,857,282,1752
27,1691,1620,1112,642,903,268,1518,89,1160,797,1648,648,265,66
990,1011,167,280,833,1299,632,1109,1648,1457,275,1555,236,1229,1763
274,952,1276,1550,1851,305,1026,581,21,343,265,1741,478,136,1458
1303,426,1285,1280,263,320,478,1690,325,1282,105,721,1648,1604,1395
142,485,284,1382,1851,1648,1841,1802,1141,243,274,909,1479,1850,946
1026,1302,1069,1064,1084,494,1310,1303,1180,1278,1477,28,1287,529,921
296,591,866,1534,1016,157,857,630,764,306,1839,511,1115,1277,642
914,105,379,1029,1303,113,1701,1297,1555,175,1855,1712,198,1130,640
1472,452,268,598,1183,1118,94,526,1806,1159,350,1583,1839,700,1145
1554,14,1415,952,1055,1781,61,623,357,694,1426,1498,648,1366,1374
1733,1841,157,1082,505,24,1787,1467,203,23,1381,1761,1346,316,665
567,881,1233,1300,55,259,1309,842,806,1276,453,1307,54,568,29
288,1195,1841,1144,16,598,466,485,984,1297,220,1682,334,1741,1711
292,453,1141,1720,706,1853,1424,1290,685,1161,1188,704,1432,91,1018
773,1690,914,334,1296,575,287,305,167,1188,1123,290,1036,885,818
677,12,451,307,149,1125,1665,917,288,955,1686,1256,667,1406,776
1036,23,415,981,84,253,1250,152,136,804,758,1162,1267,939,1069
545,626,253,722,589,796,1289,6,1229,1472,320,179,1188,95,934
1349,1292,1819,186,1841,1121,204,621,472,415,659,1087,1280,1005,1014
7,62,1603,811,1333,1277,540,220,898,273,1618,1197,1056,753,914
1741,1296,25,670,621,1008,816,1221,399,1471,113,1757,1459,956,253
1290,478,753,18,268,896,421,460,277,571,1302,1222,1279,984,1555
862,1233,1744,1179,1289,542,292,1358,687,1109,1452,1374,640,528,101
1422,103,567,833,805,848,713,1752,258,453,1005,1277,1856,196,1082
1585,1284,187,1249,1291,1294,845,583,1752,1306,51,1352,266,298,72
945,99,1780,260,27,1522,1555,1307,255,832,1709,917,88,1699,806
822,1230,1776,145,1216,779,216,1761,1232,1298,1458,148,1648,1282,722
1239,193,1272,1250,182,272,1374,1531,1657,8,1778,1416,1233,506,378
1566,21,170,183,1688,23,1507,1097,914,1848,65,1846,913,1432,1374
296,1284,221,1274,581,1409,1105,156,802,989,259,152,539,529,1642
146,656,1617,1840,221,425,254,1415,1828,773,328,121,42,1334,294
1295,352,75,921,1233,494,1280,1859,24,278,1018,1164,1555,855,1768
9,1302,1298,1292,297,1263,621,376,61,904,69,122,90,1297,176
88,1457,212,223,254,1277,278,951,1811,1210,1776,1786,1589,920,1052
105,1831,2,1292,245,325,833,1123,1303,697,1811,282,1125,904,1307
1290,1357,1298,1582,242,810,681,967,1150,823,1287,1161,1804,509,898
1450,999,1105,277,1293,1160,990,1234,284,138,128,27,1236,490,965
1672,630,1800,978,752,996,137,113,918,1280,144,459,157,1695,1584
1280,570,1291,574,185,512,915,590,303,379,1281,1180,1295,1554,577
1019,978,835,269,1041,1301,862,235,1534,69,878,1271,302,185,1290
1284,1210,1404,863,1289,58,1084,140,374,1238,1298,1300,332,56,1223
876,883,715,1445,967,1276,1761,1294,1188,1752,1108,1290,1291,955,1223
58,1307,1292,363,1564,914,259,706,1752,89,989,601,1349,1021,222
1305,1387,465,1586,180,540,1121,1838,1254,1445,1374,1678,810,1301,56
1558,983,1308,263,1304,855,1432,1032,1577,1552,1566,499,833,308,1792
253,468,126,136,1841,284,109,1245,1085,736,1305,1844,257,961,1582
134,1350,1292,1294,1291,465,1000,1276,243,1248,930,1128,1213,1305,983
1329,588,163,1712,226,1146,96,1034,880,1219,417,190,1019,785,1703
1294,1266,159,1840,1648,1204,454,1397,1819,134,1073,1305,1288,1290,1261
233,273,1113,197,1241,179,313,670,271,1752,272,1648,297,269,127
280,1403,101,1526,64,134,1092,70,1435,1299,63,501,780,1792,377
1277,1743,857,1164,1084,292,298,78,1208,1198,1256,1172,1290,1295,1780
1752,1852,127,1403,1276,1104,1289,772,1111,1669,91,1175,1247,1451,190
627,200,1156,166,1432,1426,112,1125,1076,911,1210,1735,1555,1306,252
1326,1657,1136,406,1732,1296,87,1847,271,1272,185,1307,256,133,1815
989,466,574,1453,27,1640,307,472,262,1250,507,908,805,570,984
358,275,1209,1265,1302,1541,79,1294,115,27,1844,1230,263,815,1384
1509,128,764,269,1811,989,1787,1301,1279,660,1021,229,310,494,887
990,359,1280,1326,1654,1432,187,61,1013,942,162,304,1819,1842,418
185,1840,1296,70,1306,1778,1650,105,1589,760,1648,1759,125,1298,1085
1042,1426,1007,134,1288,845,870,577,12,180,1752,1378,286,598,683
1415,253,1851,1076,234,1279,1071,1566,135,1398,1238,1282,949,1585,491
159,260,648,245,479,1566,259,173,828,1708,1532,956,1219,108,573
1302,1329,1289,1548,1536,1307,801,126,1299,1782,70,1059,1845,639,986
747,974,914,253,581,621,1303,990,91,99,1406,1246,641,666,1001
362,640,1162,1540,188,829,850,135,1242,1706,1566,510,1740,813,658
1228,312,149,784,170,1295,177,496,811,763,1780,684,1035,768,1490
188,179,770,290,1306,1302,581,1199,289,1017,1265,382,174,548,857
148,1484,104,1113,1358,163,1780,598,363,572,65,423,596,269,767
1276,934,289,1112,1246,990,112,189,1780,246,479,172,270,101,1070
1288,1232,1184,259,1154,1804,1307,713,1555,176,476,878,1037,990,1488
736,1029,246,309,1374,1669,621,747,1711,631,784,1809,254,262,1490
1301,180,1224,934,952,437,245,1253,1272,177,1648,1238,1817,676,1417
1140,1343,1619,1787,1740,1840,842,1019,1284,103,430,714,873,1013,229
1307,1534,280,1662,1028,1726,251,967,470,250,1589,472,911,74,1650
1470,108,1300,1124,670,1566,191,1297,879,909,1804,731,436,1555,88
65,540,1277,223,186,1306,1847,1694,788,1578,855,1321,66,866,1105
1301,151,1074,1858,643,629,1205,1811,1776,104,1052,113,1386,1202,1307
733,60,862,1592,1281,1276,1740,104,1243,844,406,1432,1213,258,1278
92,135,1086,265,1188,1232,1625,861,61,169,1723,1780,602,268,1296
1295,294,887,99,1108,75,624,939,154,1136,1230,69,857,104,779
1622,1792,1296,623,58,257,976,1598,1556,375,1804,1247,223,79,1517
474,295,1807,1183,1301,1180,893,872,1230,1415,1713,1541,78,181,1546
1197,1216,303,581,640,766,898,1155,459,1306,641,120,1855,1836,684
990,909,1486,1268,1679,146,1071,1006,486,71,855,1101,374,483,255
949,579,1045,1160,959,990,909,1306,1155,1279,112,712,121,533,1295
789,1264,1710,664,169,1292,1743,61,1184,318,1088,399,27,573,982
150,1380,1374,1052,1372,1706,1276,1533,1171,1549,83,862,325,1863,1089
544,1145,953,1703,641,863,200,1105,1671,572,133,490,1432,399,277
1224,22,219,120,1280,490,1817,491,621,171,900,1183,894,76,1281
302,864,1259,1648,1192,1188,1249,1699,1105,1408,399,1280,911,1401,548
1312,159,1045,1284,190,1188,1425,105,939,1281,1011,1807,953,140,472
1847,492,1307,1781,856,504,1166,1084,1648,223,1007,760,959,167,635
254,1288,103,845,70,1543,297,296,1223,1005,1004,1305,219,689,890
253,645,286,950,219,430,1662,74,1084,768,1625,1187,1014,1266,335
489,1211,916,1181,1711,1290,669,921,145,120,1128,1246,135,1220,1276
1289,1338,1359,522,105,1296,855,152,470,478,385,1337,1853,805,86
905,402,80,320,1844,1013,1154,24,1294,285,25,1018,195,735,462
1292,235,875,1848,1181,1012,351,973,1305,445,305,320,1303,274,303
1074,62,215,492,1571,1290,149,1518,999,285,1458,133,503,1138,561
1017,299,1291,906,1662,1594,307,90,526,1374,921,1843,1518,268,644
1336,383,867,78,1305,179,989,1278,1838,1158,701,58,1296,1585,1187
1279,1404,1496,376,913,917,669,768,785,1400,23,1012,295,1739,136
263,12,901,1806,80,1547,1161,89,268,152,293,141,1846,264,1093
1232,70,920,1297,121,1778,365,546,1266,592,1145,1830,934,1738,112
856,1223,1296,86,1778,81,1276,1320,878,914,130,639,1279,1208,1210
1020,279,39,1280,37,823,1539,816,1365,1426,233,1299,804,167,1393
59,966,306,716,383,459,1702,68,1851,292,1215,692,157,1136,680
263,1265,561,857,185,26,1285,255,1296,938,1260,273,1675,1291,267
1295,1175,1563,144,1282,278,1374,1280,1557,1723,272,1776,436,1279,261
1444,174,25,1125,1349,1752,1250,1129,1426,133,1829,1176,383,637,1754
913,555,970,1147,265,69,960,31,1712,506,1288,1291,1566,244,911
1032,1292,1264,1165,1348,1840,1007,193,1277,1751,1289,197,488,862,1388
823,1669,1811,1343,1228,62,323,1289,578,950,1271,764,374,1277,1712
579,1030,1284,1657,1094,1121,146,25,976,201,71,139,942,673,1488
1230,100,1712,289,1508,1547,710,995,890,645,1641,1132,570,1811,1858
12,1281,49,1040,1286,1488,1696,296,308,586,952,1537,1136,23,78
1111,99,1,192,1147,862,730,697,118,1280,533,1285,90,1628,1830
1233,1300,18,641,112,1277,1472,950,1263,142,193,65,640,459,1852
1648,1182,1007,88,902,1819,204,1156,1830,212,1529,288,420,501,149
1290,911,90,171,1748,805,80,180,507,105,1838,1306,265,264,1021
1505,756,331,1676,1280,1192,656,446,1052,970,1106,348,1297,1752,1293
669,688,461,274,268,23,261,863,1357,614,101,1293,1842,961,713
1851,713,392,1285,748,194,890,197,1466,254,892,989,53,1795,735
150,958,1467,1416,862,1137,120,1851,495,1227,1294,571,573,1176,1548
968,1076,1277,615,1087,945,1215,934,856,1064,1568,171,314,1027,306
362,751,1009,1654,152,268,103,1258,873,235,1302,1778,256,607,259
1206,1741,261,399,1526,918,37,173,1560,24,1115,296,1807,307,1754
656,1566,92,975,990,1160,1221,716,1828,71,182,1516,290,875,20
91,1695,458,193,1169,89,147,1682,914,1314,179,1411,289,37,88
473,1102,1641,246,1669,1320,1071,1280,1717,330,1272,1232,278,1296,149
1841,1279,462,1299,244,1220,185,1005,1067,31,1297,1566,93,924,321
1333,1087,1239,1811,1318,1648,374,1552,1102,316,763,1851,59,95,804
1762,113,1302,685,635,266,623,1207,1021,1714,1292,890,920,434,989
1306,1075,70,946,1192,1553,1752,453,274,1841,1424,1547,1278,499,573
1158,1764,1611,1293,1286,287,1403,1477,1796,7,951,939,133,1271,1160
1076,907,49,1286,624,90,519,1787,1030,1651,470,1457,74,1150,288
1547,891,568,25,1467,1781,990,1564,967,1761,91,1752,194,694,296
468,859,1643,162,1752,636,219,1276,1712,268,290,138,1521,1380,1789
989,1189,1113,1300,62,1276,324,1192,166,1295,1697,1284,1255,613,59
1112,1213,1374,1172,1689,530,1301,496,712,1828,80,838,807,79,1064
167,1245,93,1292,12,435,677,1493,1305,74,1266,157,219,1414,1804
305,453,583,962,643,1318,1026,827,1409,372,478,976,262,1752,112
1799,1851,1105,1136,1719,1128,1787,1150,1182,1288,919,1303,925,256,220
989,1296,1195,1382,1018,1564,588,1806,713,1793,165,1183,1125,1232,1305
724,1334,588,265,557,1051,170,1451,584,1125,201,538,1780,1585,1257
962,623,1727,821,1239,978,78,267,177,275,186,340,243,1024,1840
654,1276,1607,549,694,745,122,1342,1280,581,1843,154,181,1235,430
1748,466,1525,131,1783,14,960,568,954,1112,1533,1840,112,176,894
1294,990,1278,1482,295,1448,1282,1847,1558,415,1819,1288,811,27,954
281,956,849,278,938,1372,104,570,643,272,1280,659,1840,889,1564
192,1211,602,101,889,1642,1257,1295,509,1121,1104,822,264,643,169
1017,1007,1246,229,1005,1555,327,483,1502,1179,1696,179,150,934,1741
1307,1280,23,385,379,310,506,303,736,218,1237,588,1268,1234,221
114,640,847,993,917,166,1837,1757,1071,1105,297,641,936,134,635
253,1712,867,308,273,573,27,768,1305,1819,46,1275,269,1035,30
389,1696,1082,1362,695,1162,1577,128,656,137,907,410,1112,997,1492
1156,142,1846,854,1295,1576,1670,1279,280,641,86,1571,108,1824,560
56,1412,253,277,729,716,572,411,77,274,1106,1728,1088,1113,1695
397,271,581,918,571,1160,1227,722,1705,232,1299,479,335,77,1780
1160,1655,596,76,1192,813,1139,581,1302,691,436,1201,1405,856,697
228,1266,1752,1847,1518,1805,95,645,1036,1484,1555,530,245,902,855
912,1610,1052,357,1129,901,681,152,909,1839,179,141,529,105,1397
1159,974,98,220,288,995,151,1838,39,86,305,1432,1247,1328,863
908,1303,1863,1204,1490,1279,928,540,1120,185,1472,1292,640,1040,1516
1451,1744,47,990,640,1305,1303,1104,239,1509,1174,151,254,74,69
589,638,549,105,1609,1348,775,1045,713,1087,1266,361,1120,1290,1752
151,627,872,1305,1052,1841,553,369,283,1281,262,1583,1564,1520,404
1662,18,103,12,554,1434,202,112,1299,1304,130,1566,855,293,601
411,268,1546,1113,197,1280,21,1673,190,1307,254,1404,1058,1294,431
1660,105,841,1801,302,1301,1780,615,641,144,341,102,1101,1591,59
1041,1087,37,797,991,896,1367,1721,302,1232,893,1476,1472,1619,645
175,1132,811,1279,312,926,55,997,220,1387,196,745,670,1776,1295
1846,17,579,911,379,87,1027,70,465,1433,163,1776,270,1488,452
950,948,1780,70,1011,1550,1566,1803,733,128,669,348,642,1778,610
1418,1291,707,1781,915,133,26,684,1086,877,76,1436,148,1292,296
1150,103,1374,548,158,1744,677,1571,239,573,755,466,123,1732,1296
596,246,198,245,1534,693,376,1469,974,234,59,1444,857,818,1199
1278,973,1281,1294,521,1691,669,1280,1776,1547,1101,845,913,130,152
1161,314,548,166,170,424,1265,1182,1631,1009,1821,616,134,55,965
320,1432,257,1842,1353,298,1648,177,205,990,1044,1562,1231,627,122
1091,1147,1367,483,37,945,1711,89,812,999,1237,1546,1741,74,1401
1386,235,1427,57,1291,1220,294,1374,1388,1034,913,1247,1230,908,1361
1249,131,1293,79,806,1403,159,1710,1248,563,1700,434,1472,643,855
1125,254,100,1472,129,1053,907,665,290,445,185,1533,1842,1230,155
1182,1830,194,171,1294,12,137,514,955,1595,850,392,990,1296,1246
188,1739,128,152,438,1545,1280,290,219,1657,644,1764,716,74,1297
549,306,936,1498,1598,128,1294,908,61,296,721,253,307,8,335
621,277,1012,1182,1285,1752,1223,989,1256,852,1216,51,723,1566,71
925,1243,1319,427,1289,1227,146,1598,83,1554,1029,234,251,1712,681
192,1853,182,8,1172,146,1360,1030,1627,903,867,1801,875,1110,1296
1181,178,757,1242,1034,1555,1223,298,1042,126,644,1072,59,150,70
106,1819,1248,1216,989,291,644,506,100,1066,39,490,1330,1289,1841
689,1068,179,175,597,1540,1251,229,1276,1833,1039,1110,1125,1581,1839
23,389,1290,1299,262,1284,93,1357,1462,714,640,685,1264,908,1141
1068,1151,681,1257,1305,933,770,811,511,244,1216,98,828,1227,283
245,779,570,134,1836,1286,1580,647,1732,94,27,1756,165,476,1034
1301,859,417,1515,292,1223,286,1289,1294,1470,1546,594,77,645,1852
849,1297,1307,1799,229,876,473,371,713,1210,1800,1349,1288,1761,65
81,320,1352,1374,1682,1441,27,1300,1490,100,1226,1783,1585,1281,167
1461,1285,1278,1276,1291,113,76,1213,1792,990,1663,70,1294,900,785
1230,120,644,245,1705,463,1295,267,310,1426,1706,1017,1303,1657,1266
1860,267,1555,717,132,1533,66,945,1246,1769,133,298,308,1148,1741
621,869,1263,23,142,677,1655,1028,74,172,1040,179,208,1136,985
516,321,1266,1801,1554,140,548,1704,100,278,484,998,1285,1297,113
1808,1824,121,855,1547,77,1390,125,1648,1145,1395,953,245,1017,1306
1282,1566,416,74,1784,1333,1404,907,1171,1265,296,1285,999,291,1804
1012,898,1036,253,483,687,1076,173,554,3,644,908,1824,1279,95
1546,1289,1852,150,105,1276,1181,391,632,1049,254,833,325,302,598
202,1488,1,152,1250,253,1555,204,947,1052,1830,687,1142,1776,1540
1819,292,137,1536,98,644,1176,5,1074,990,192,198,1564,289,495
30,1294,1316,779,159,1791,895,928,1830,531,1245,937,1093,1461,298
694,1291,131,635,1280,1778,1554,485,1498,648,1830,1054,101,1534,368
284,1281,1774,1811,1024,811,1546,128,1162,1581,911,548,237,56,1034
151,150,1289,1523,983,784,1162,989,1469,1074,615,907,1277,767,928
523,1233,235,197,292,1076,1267,220,321,1741,1180,1248,982,370,548
1809,1564,184,27,1295,301,1292,950,176,1276,833,151,1300,234,1243
99,1711,11,904,1534,246,1233,1230,1468,308,914,176,137,27,1712
203,943,307,1372,1691,821,83,157,640,1307,430,101,90,1247,751
669,1177,1779,1839,907,1840,1121,1256,1074,1281,164,39,1534,989,104
796,309,752,1296,137,1287,645,1706,148,282,854,220,707,644,1183
246,1348,457,103,317,1172,645,552,267,1207,1836,1491,354,179,803
125,260,768,1274,91,1298,1555,268,1182,1647,890,503,1304,1301,1400
181,680,1249,1278,128,544,18,1585,1304,1710,1839,299,1326,1657,170
1128,1472,639,990,1326,1649,178,1780,1246,20,184,1272,27,245,139
1263,1372,1426,1034,665,934,1429,167,1124,356,1732,882,281,412,1260
1279,156,1811,127,531,965,1821,757,945,1529,1061,821,1434,31,1087
379,1754,1291,689,713,1564,90,1036,1448,1290,878,1673,1296,1566,1748
131,1296,1778,1290,229,325,570,1282,1679,231,1036,753,254,1525,1673
1191,348,627,303,512,1807,1289,1417,39,643,990,1040,1329,1307,1338
152,1365,890,1175,64,220,1776,250,403,68,818,766,200,1670,1830
273,175,1278,1292,1235,620,1712,312,1102,377,983,1355,102,656,245
98,183,1280,1545,704,1023,1547,966,436,478,155,598,114,767,1089
131,455,916,478,1056,656,290,1843,70,175,1642,1296,1783,1084,291
1759,310,1735,639,1294,641,1374,774,1688,1426,1022,1389,57,87,1297
1292,672,703,1837,1367,1366,1060,890,411,179,999,1074,1565,14,708
1566,145,65,1068,989,1113,196,915,897,1188,1807,1115,377,1554,1778
863,751,475,1145,242,462,62,1840,479,1712,760,256,1819,137,285
175,81,200,186,1282,279,1182,864,270,1769,1372,529,841,18,1426
1776,1344,1284,598,1282,1521,1306,131,541,149,1373,475,1741,256,1783
764,727,1778,864,223,1547,598,297,1278,1249,176,984,1306,429,354
905,983,244,80,658,1158,1448,296,450,1296,1195,1186,1585,9,163
37,134,860,98,1822,658,1534,247,1137,1811,1176,1181,1836,1199,1296
1029,233,221,1789,1303,623,694,641,1127,1191,574,492,1119,1307,297
589,1276,950,789,1406,150,996,862,834,916,1155,644,186,1685,94
1671,1585,1139,1752,1105,614,1366,1183,545,504,296,740,123,557,84
261,980,202,93,1224,151,1809,86,150,1776,1791,1840,283,103,445
1089,554,1840,531,494,1162,1158,12,420,37,1276,606,1112,38,1566
1335,1620,219,296,940,139,1277,1222,1302,1281,926,1778,1285,1819,333
290,1835,305,144,990,1707,533,43,1585,590,18,302,466,1299,1088
221,120,274,1781,1819,181,848,1280,1284,475,126,1153,836,1433,1277
530,1275,1545,1306,1291,1280,185,1426,598,1553,593,1841,310,1292,1119
1249,1128,613,1279,320,643,685,1265,1092,1071,926,700,288,985,956
1374,1819,1307,589,643,151,700,1853,1068,1778,1429,138,1288,1183,216
23,1717,1183,906,1548,255,1711,1304,389,1094,987,1264,1406,907,196
280,1589,81,1268,778,1285,656,93,1048,474,165,166,148,1503,1280
285,1222,1759,1223,1294,583,579,1036,354,1451,951,930,479,1778,1216
1564,598,645,728,1832,1295,1566,185,1417,1618,1626,1029,1521,79,466
59,997,80,1566,137,1426,1145,100,1294,1136,611,900,45,1735,214
1305,1669,494,1832,455,13,1441,894,1836,1148,954,1599,1447,133,583
1184,1849,1149,1648,644,1780,1233,1259,1263,319,1191,297,1499,1417,1299
1029,955,1028,1719,632,1113,1305,133,478,1489,1498,103,1222,1197,279
857,1296,1320,51,265,135,938,285,1053,1732,855,1555,1075,740,540
451,1564,112,990,306,1265,1659,1778,1640,638,3,58,1340,1076,1242
1585,1724,1722,1113,1518,547,1295,366,855,102,1278,1146,1609,157,89
297,1261,382,1280,269,748,1712,1266,1247,1830,253,870,735,531,1777
1279,1170,544,903,476,1563,1688,855,917,1293,1304,935,76,185,136
1741,764,262,531,645,646,1566,319,217,292,1030,990,1387,968,1470
1717,1187,1533,134,1243,1074,1224,1841,328,1506,1702,452,249,1015,1028
1783,148,892,949,1259,1691,760,701,1811,176,290,1266,1741,166,1168
1300,679,46,767,114,141,640,152,1764,27,855,315,1304,765,277
292,1247,308,903,811,195,1841,879,435,1480,1030,1401,95,1752,1853
552,1811,206,1056,916,1263,185,503,900,84,70,645,151,683,1534
1705,255,1347,74,1260,268,1406,1248,1470,857,163,598,645,659,1151
286,490,1287,1095,752,911,460,146,929,268,16,1776,907,128,1474
24,1132,1250,1299,1305,1105,1536,579,1003,1320,1374,348,70,1127,220
1783,1018,1444,25,1802,4,293,1552,1094,1844,1547,415,93,1683,235
1818,1099,1533,67,1851,93,478,1276,600,1589,445,245,1487,1611,3
478,227,937,1138,1472,217,163,296,258,1249,1251,4,1298,1098,1523
722,683,1256,166,525,645,133,185,1094,1276,1426,243,57,253,1086
990,1036,1006,1515,188,1817,173,1290,1026,1008,1732,1432,215,1276,1213
1752,1778,275,151,197,942,252,169,1808,259,303,112,46,1011,137
514,1472,292,146,1,1176,1819,983,139,1776,62,21,1029,303,1250
339,1016,1292,1278,964,54,1486,1689,136,49,1244,1055,123,748,1266
1374,770,1105,1282,742,112,265,512,243,1741,1245,1074,602,387,1085
1859,707,1552,1088,235,857,1840,1604,1473,1648,287,343,977,945,111
725,527,1280,1098,1840,144,1566,1783,297,811,1305,181,192,637,1763
574,255,116,293,1436,425,1294,20,1016,531,1455,1324,1293,1441,171
318,94,26,299,1426,1847,82,548,98,381,1296,645,1274,688,1284
1145,1278,1394,1554,1305,140,162,1048,478,335,1265,894,645,1267,27
70,1774,1280,816,693,51,1296,1778,1291,462,1717,961,1007,1349,1467
1424,87,1407,1051,1291,1470,990,1686,1166,279,1691,1639,1151,1851,70
1819,1159,1180,1285,478,374,4,1164,1294,1749,1752,956,1470,713,1811
1016,1566,94,1305,644,3,1720,278,568,350,1776,1250,1757,1418,1286
1304,1028,1648,1045,296,723,89,1534,1100,1439,830,1472,1230,1591,1279
1472,136,1741,1278,110,1132,1506,1136,1204,1372,1804,1852,1,376,1257
1294,23,656,193,909,1132,141,101,996,176,1491,1159,900,476,890
1824,155,1281,610,280,503,681,790,1575,72,1118,1688,112,1058,2
663,579,486,509,308,296,772,177,1278,157,151,1596,823,129,990
286,103,306,219,316,1278,1290,1741,583,285,809,504,100,1303,990
192,984,245,1741,1305,1426,1279,1298,4,260,570,1749,504,122,262
256,80,1277,1607,1016,1279,496,1076,133,1542,1489,74,1694,264,374
640,1379,1108,74,9,561,1680,203,1034,1371,909,1107,1839,1837,1084
1306,78,325,656,163,193,1424,1811,121,756,919,1319,1820,1691,415
596,884,648,845,1553,383,1265,303,623,1780,778,1197,640,521,700
1082,1637,1269,1182,1552,553,1278,1125,1741,823,917,273,444,572,117
1306,645,74,170,80,229,1294,147,503,1353,219,140,989,1348,1731
103,281,770,1821,645,494,123,1087,1329,994,1774,277,623,284,1289
1783,179,989,7,1853,277,1306,494,1279,1288,954,767,127,45,290
80,725,1361,1160,415,1734,207,474,67,621,1101,1838,1087,685,572
1792,694,112,1147,305,1284,963,146,921,74,1307,562,1100,303,1568
938,964,309,756,1128,1158,70,1306,49,790,697,414,214,1182,1844
1275,764,312,87,1374,1555,640,903,402,699,1566,96,670,1426,1307
1276,1525,1499,1284,1415,1781,140,163,777,1727,272,1277,1839,1624,1585
116,127,802,140,894,1779,1819,182,256,1441,648,1681,1030,219,1780
322,1585,1188,530,1280,144,1012,181,1148,1192,122,980,1341,277,574
663,545,180,1295,179,123,1811,306,1752,1781,1648,1282,490,1221,60
1303,1277,921,1263,1811,736,173,178,1807,87,1778,1489,146,150,1842
947,1604,147,1776,430,43,670,1340,1300,1023,1621,1201,49,136,1296
22,1741,1233,294,146,735,65,3,121,629,67,103,499,868,274
635,1233,1279,1168,287,98,1306,189,474,1366,266,221,1181,185,376
573,167,1287,254,917,265,728,80,59,956,1426,104,273,1285,51
979,1688,1745,413,1295,1428,1156,772,831,1836,1804,1612,337,1281,1302
1780,282,401,1648,1781,1280,1255,1021,270,1225,1295,1702,1668,1161,1470
1137,1302,72,221,1534,641,219,1712,999,1320,1211,1818,1343,1431,291
1279,356,1250,86,921,1281,894,126,440,1844,1511,1243,99,473,945
234,474,1425,253,1265,990,422,1565,1432,1581,1217,640,82,105,444
307,253,100,319,409,1844,878,1246,134,1374,165,1260,1306,2,1299
1741,1851,953,176,1544,167,234,246,172,407,1152,274,1182,171,77
1294,1731,1207,1426,1251,1215,1292,181,1297,1804,683,640,540,943,1781
1842,1108,185,1289,93,1424,323,944,1215,1234,1851,1276,1544,1011,1076
989,755,23,1238,990,102,1160,757,1158,977,1705,325,1121,1305,123
826,78,1189,390,1183,1548,1384,1783,1839,151,1555,1805,1306,248,642
1150,178,101,1696,284,181,1360,845,1330,74,813,55,155,26,1819
289,1088,1035,1337,812,1184,1659,1534,27,1182,1722,845,1518,485,148
303,535,134,91,1772,1711,705,1732,1566,324,670,656,23,419,1294
1101,24,851,1069,1817,100,989,1306,1387,142,1739,1118,1026,287,655
1318,1426,1294,1733,219,1722,1113,88,128,508,1276,165,1298,1303,1487
78,1067,1373,55,142,1279,361,1262,1257,138,1625,1521,62,621,1662
1042,1231,35,1278,362,1825,321,859,581,1296,60,1246,142,1780,669
1113,199,3,644,475,407,1192,1695,553,1084,1128,1851,1293,1652,1297
982,977,296,1291,325,1757,1306,1292,141,1208,139,499,1052,540,387
1839,1242,915,979,1287,1005,1542,141,917,309,27,4,34,1280,1468
278,1286,1500,694,778,1740,1842,1432,270,1018,1186,766,1265,1818,918
294,1307,1133,190,855,25,87,1161,936,1101,1480,306,58,764,548
1115,1292,136,102,1290,206,137,151,220,1215,1276,363,1480,1302,245
91,689,589,1465,325,150,1116,1306,653,509,270,1585,429,1091,1595
1335,728,598,1290,1224,591,76,1030,1837,1095,685,99,1285,990,995
1817,1819,83,220,700,321,18,1340,326,1360,148,196,1299,1177,1445
363,376,1132,867,210,645,104,572,569,1712,1498,857,1837,51,1544
253,1700,1022,1288,636,1167,117,1795,1234,1018,1486,1263,282,1859,1470
927,1805,1215,915,285,1111,772,79,1282,644,52,621,114,706,1293
1564,1639,1263,120,1498,990,643,506,273,1349,1659,1585,598,656,588
170,1260,287,692,1752,971,1842,973,84,1230,1561,241,1761,1678,1426
585,1607,176,1281,577,223,724,1040,531,1579,554,1838,1147,1307,1094
1430,1279,1817,68,1286,1847,645,1824,977,1853,1269,1547,131,695,1712
16,140,774,1296,639,1265,1555,890,1765,1040,603,1426,103,148,1472
1121,193,1705,806,1566,1853,1348,649,1249,1227,724,108,1525,1692,1776
1257,1581,482,116,1303,1036,1106,1167,1563,1800,738,310,268,476,1353
1457,1181,1776,1152,134,645,511,1817,652,640,600,144,1368,273,503
1279,949,1852,126,1778,1418,837,799,12,1806,56,1280,1500,681,1704
1166,295,1360,176,855,1529,191,967,23,1266,220,1462,1011,1591,94
1304,1454,1492,1768,528,942,1789,151,137,503,1284,1289,875,1778,967
223,433,34,1306,1547,23,833,1510,332,285,134,193,1154,474,1533
776,1547,1137,694,1030,891,1781,147,475,862,610,1256,914,242,1274
855,1152,968,1245,1652,990,78,1615,306,1112,175,27,953,1086,870
19,167,134,240,1240,587,665,1093,1470,1078,1555,890,1009,204,1710
1243,278,220,302,243,135,1266,1515,636,1222,1426,1289,1669,246,985
737,148,1224,177,1526,155,1554,220,823,1301,139,1304,989,245,131
854,145,220,363,79,751,1293,1314,394,285,1397,511,807,4,945
1778,478,1266,169,179,1291,214,1267,1205,1732,113,802,993,966,1076
1278,303,102,280,1734,77,1839,1117,310,1388,1191,863,1294,1430,1306
691,1164,220,574,140,753,1076,1266,287,643,392,273,867,801,700
573,874,280,79,1000,1488,285,1304,973,1778,262,148,279,983,267
1303,906,1315,1284,1136,192,1182,1673,75,1234,132,1555,1064,128,806
105,1302,104,262,575,907,288,1305,1146,1038,656,1789,1345,1322,245
309,1426,1815,1076,1295,1152,444,152,1120,765,124,81,1064,1251,483
490,1064,1045,265,966,1293,132,23,1798,86,1191,1278,806,6,1302
1702,70,828,1217,1853,134,319,1648,723,1119,85,1320,443,467,904
1265,73,121,170,1541,1440,1296,193,298,930,975,1272,1304,955,821
1217,711,126,151,1598,238,1566,847,24,287,1289,1279,914,128,426
688,1282,76,1278,725,74,1033,503,121,1485,166,1566,210,1275,1306
1346,1157,1671,362,186,937,1490,1218,1456,1280,27,1134,279,1343,402
888,320,253,302,74,1285,523,1830,1183,1320,1459,598,1282,1082,801
1819,178,70,1347,1141,1741,1839,890,1770,1432,1566,1031,1341,104,23
1297,1193,1804,1826,570,1277,1360,865,1147,541,976,683,1561,645,1060
452,610,1038,1357,1294,1181,1328,574,1156,196,770,1277,1263,1374,459
108,823,1260,917,1173,890,1554,1627,1804,1223,747,990,1702,920,1747
1080,1783,1398,1301,483,221,937,485,832,1715,1066,1281,672,185,1839
1292,126,644,1804,1302,137,305,850,943,1276,499,204,639,267,217
211,285,251,133,857,1176,294,1032,115,1685,1492,254,1839,1237,61
1472,478,1111,1595,1781,1189,1285,257,1651,1112,1149,117,855,262,1306
1181,669,282,1197,157,1801,624,563,1770,1296,1752,269,79,465,1344
907,904,1281,1168,1048,1295,1533,884,931,430,1555,1028,966,1426,108
1352,220,1136,478,1564,103,700,621,1257,27,1476,76,1217,694,1279
1530,1366,826,74,1517,556,1246,330,531,304,133,1058,478,1213,1534
835,406,1298,1669,890,1360,1555,754,727,1303,1284,1332,849,228,937
103,1030,80,1297,65,752,136,1280,1165,1770,1182,1778,562,534,1722
1591,1690,1383,144,716,1787,1480,984,280,1306,474,1305,422,1566,1032
1305,1777,1339,950,1312,1086,1553,1137,540,687,1166,256,279,1741,164
1032,1844,1389,1585,1444,79,306,1712,548,410,288,1279,1241,852,1455
307,1818,1533,1235,1068,1292,700,1418,525,136,173,766,1206,396,770
889,357,1819,913,60,885,1253,919,263,37,754,978,1284,1808,1566
118,279,1307,1106,954,912,1470,253,1828,74,1651,708,478,1635,245
27,1282,1727,420,1187,1821,273,59,669,106,1052,1489,1842,574,138
645,588,977,821,139,748,92,1555,18,1558,16,1780,841,501,656
1756,1268,1592,1830,1640,487,648,238,1278,128,615,95,1088,1040,695
233,1297,645,1276,371,59,1306,990,656,552,1799,1284,1841,203,889
581,806,1778,1230,1183,250,1307,1275,1227,86,462,684,1022,1808,1535
1104,1147,1096,656,273,1530,1778,24,825,1544,1165,900,1112,1266,32
1861,917,1679,656,1296,234,220,1306,269,722,1625,1839,1780,1297,134
1804,254,1076,1841,648,690,1534,90,290,1191,497,1690,1798,663,931
713,18,1780,1443,399,1795,1485,292,1291,74,202,280,1697,186,403
75,4,1174,588,1847,1292,690,1555,77,1147,278,1277,793,150,1811
1294,1296,1406,1550,1648,955,178,271,823,1588,1777,921,1781,826,1553
700,1550,996,1303,636,302,821,1121,25,246,1277,310,1455,1811,1060
814,1842,1248,1276,1088,834,1305,1549,1648,1301,676,713,411,65,1127
1305,1092,1277,1852,1160,135,67,478,399,1250,274,235,484,1109,460
197,1239,914,270,1007,645,234,1285,1805,210,637,1234,1293,1211,1426
825,1839,1290,554,1279,252,1125,852,269,126,1155,219,140,912,1289
424,1777,1284,70,929,1301,1296,1298,1084,1169,709,235,1076,76,1289
855,437,450,1426,1001,993,639,309,1555,263,229,1290,150,1223,1507
415,35,621,687,540,45,1784,243,1099,1107,127,1182,273,1566,1489
985,1813,145,1802,1344,377,1464,1421,108,1274,1282,1599,150,1741,862
1819,1268,407,1606,180,740,950,1307,1830,285,1111,281,324,1585,1017
1374,1296,1093,1862,1781,1748,272,645,1251,374,12,265,942,864,1235
598,1305,1294,912,967,571,1213,455,993,577,478,316,197,538,645
1298,1682,1216,671,1036,643,978,1355,1282,81,746,114,1022,908,949
154,1284,1708,1500,1140,653,521,319,819,59,221,1026,935,967,1819
1184,644,1296,1277,619,356,640,1018,1293,705,1274,948,1837,1289,1516
114,1811,1853,1374,169,1841,1303,252,757,1862,1160,285,1426,723,1298
44,1547,186,1028,997,1216,1752,1798,695,793,1855,1531,1243,1774,1810
509,598,684,1266,953,184,399,889,171,955,1585,90,784,1052,510
327,253,1565,1145,1285,25,193,1066,112,293,1296,1820,170,1018,145
1128,1005,1541,588,290,639,889,1041,1712,1347,4,138,1305,81,1276
1564,12,1542,453,1809,1220,1115,1192,1051,990,1282,877,1084,1787,657
87,175,1013,974,1247,176,540,932,335,1770,1086,60,256,596,215
1234,1781,53,1148,145,1293,641,134,271,531,1839,1290,27,859,294
1284,1566,685,1788,1674,1654,486,417,1076,1354,1804,902,1280,436,94
132,1207,1819,561,233,365,1284,772,422,1259,272,1783,69,624,1172
129,1763,25,269,516,1345,1838,823,1420,352,1009,1671,1291,307,1448
1018,1282,28,205,305,278,781,58,1288,87,1280,1054,235,288,108
853,833,700,1324,642,1028,1043,377,1306,549,586,1303,1472,1223,152
1026,1028,973,327,1847,1824,219,1138,1094,1266,1012,281,1230,1732,1095
954,645,390,1200,1299,188,1082,402,890,568,245,913,1754,138,1296
878,580,274,1332,1841,158,1281,939,1778,1792,1555,21,990,706,61
1176,1811,813,246,954,1235,112,938,430,1426,298,269,99,1290,1041
264,276,76,243,1287,1712,1012,106,236,34,305,1021,297,656,1778
1761,1706,265,1439,39,1277,260,1249,875,1128,1859,1112,1648,535,1051
632,1348,651,137,1369,305,1018,727,1285,570,260,17,1291,1307,1187
175,956,266,114,1385,302,890,133,1160,132,911,385,847,279,265
1491,357,1732,621,400,254,598,1459,1292,1761,562,514,980,402,1349
1078,1089,133,129,907,1291,770,1334,920,479,989,710,1430,1188,77
568,1082,630,108,1150,178,1585,735,855,290,275,700,1296,859,1306
1028,365,152,1230,1759,1034,713,1514,759,838,1770,1294,70,75,305
818,291,1302,1566,311,1300,1110,937,1068,312,1779,1184,114,610,1276
89,24,1853,1108,1780,1291,1181,1838,302,587,535,1224,598,1859,1256
1752,1320,624,216,1280,1555,984,1199,1494,1781,177,1764,1685,1284,1025
1249,104,1175,265,276,305,1128,219,30,1289,1086,990,105,1412,113
669,156,1266,263,1707,773,1123,1093,1528,1222,1484,1100,113,112,713
1223,388,265,213,252,1404,86,955,219,259,694,1566,168,47,700
383,527,400,1307,1029,856,192,826,185,181,105,233,466,1585,1206
220,303,344,481,701,1770,1568,1243,270,1232,290,1213,1800,161,257
181,1112,230,1802,904,532,1281,530,192,94,257,1161,1811,1627,1297
1144,312,1733,1510,33,1040,133,1305,1776,907,1068,319,581,1677,123
1515,928,1108,890,1289,1277,1455,358,1230,1509,427,1150,1741,1278,1689
1640,24,887,1851,175,1093,1246,1136,1303,1294,913,805,656,1276,1313
244,1195,1648,1443,614,1285,990,530,316,93,146,499,853,1276,183
1765,603,945,1658,1132,1285,488,131,1785,913,164,1094,1520,108,195
671,275,913,1276,855,1592,1627,137,265,1217,101,138,197,1702,131
989,992,1145,93,140,341,1303,1220,1296,1305,1781,1005,1778,376,1266
162,1243,74,220,1305,1125,823,125,1547,330,357,1517,1816,989,769
68,223,822,523,270,1430,1068,1784,1564,890,1830,793,1424,1234,581
227,1716,1566,1303,1374,531,1809,545,1839,235,139,307,23,591,286
777,1563,1791,284,479,1470,1301,427,96,1741,1225,95,902,1305,318
1441,1276,321,1777,1305,606,1088,1062,173,1155,1798,244,674,253,148
421,1128,172,1249,1071,1278,666,321,596,1750,117,943,1248,459,55
312,1259,74,1818,23,1519,1226,1780,661,493,855,38,1013,1116,1817
1228,1079,494,1289,1307,1234,1265,81,1372,361,1374,231,86,1816,1832
306,65,301,1841,855,202,186,1145,1352,1836,120,75,1669,584,1648
707,1440,112,239,1850,1776,1136,277,190,104,1106,1751,506,94,1169
549,1669,83,100,1290,967,1722,236,1120,81,324,478,257,93,284
917,1252,135,1752,104,1732,1327,1294,1846,1071,1306,1706,250,621,146
1016,960,1566,245,997,1305,308,1536,1648,1295,1307,186,1191,1633,233
1339,1648,1282,1277,952,1298,512,872,4,228,790,325,1636,294,1245
640,1804,499,645,1623,1034,1342,176,1529,694,1860,385,1333,49,27
799,1117,158,74,914,636,291,170,1840,129,376,937,1853,1759,1292
76,1640,921,142,187,138,1307,953,623,379,1274,1676,642,1120,220
1472,1026,395,879,1419,64,114,1819,1078,1013,1215,773,1034,25,1082
848,644,973,640,1842,982,621,1689,807,839,91,1277,1648,390,1169
797,913,1136,1130,1569,494,1045,1251,1328,550,1811,928,1472,974,129
1819,1503,285,1839,847,1265,1489,545,1547,1441,180,52,219,175,802
561,136,1374,713,1302,145,71,905,1333,1569,8,1674,1472,928,695
1266,1158,477,1291,1555,734,156,1113,1819,1289,1034,1280,1136,1238,1270
427,363,1278,1088,1043,817,1123,1741,1076,927,509,16,1710,885,692
1299,163,540,804,1829,1136,660,246,1178,256,185,325,857,400,539
1718,978,1247,1292,1234,654,1741,268,526,832,1259,1534,1223,1250,175
1460,46,945,1300,1678,1266,1256,1852,309,942,1752,1417,1296,1215,128
321,400,450,1141,1227,301,596,1277,748,1217,148,1290,1237,1280,628
1426,160,667,1787,833,125,1300,55,298,522,1045,370,1233,148,641
69,260,1304,348,645,221,1106,128,1734,261,548,1625,469,74,862
1210,1303,596,686,1550,133,1294,1741,1761,275,641,948,1231,6,1824
484,714,1711,1276,156,640,1480,89,855,1155,1714,1403,1224,1585,647
271,208,244,1020,1769,155,1689,347,1307,95,328,77,173,433,1279
572,1011,1294,480,2,777,1089,87,70,1296,1225,1290,1783,177,1132
691,1263,966,978,694,243,953,1292,1305,656,321,275,1287,129,1780
78,1564,1488,890,318,1374,166,1307,437,1754,523,623,1207,185,1585
277,1279,1471,1306,1265,767,1148,223,86,1240,840,1060,156,1132,501
598,470,436,1374,732,1284,548,833,213,123,1052,448,166,24,177
937,1621,304,1648,145,1531,1134,1426,1402,666,1191,1280,1440,1532,1568
289,12,1433,890,303,71,1426,1726,800,1279,1306,784,91,122,1464
152,1852,1374,105,478,544,1289,1275,989,773,1086,574,74,361,1566
1554,729,18,1136,399,738,4,763,1855,568,133,1809,176,186,163
966,853,1064,4,1288,466,880,457,521,1303,1353,758,1343,141,533
157,86,642,1236,1836,1374,893,1771,1669,646,27,917,925,323,1297
278,1036,23,296,1244,81,1743,245,1077,1818,1166,185,589,113,1595
190,1193,27,123,1780,896,1572,1538,1093,219,1305,1251,1303,913,258
1265,1418,1240,773,1676,1012,1781,1116,1294,1025,902,303,89,914,1332
108,189,199,1039,1807,862,1776,1341,475,1426,1052,420,1555,167,335
1655,1164,361,640,1169,1298,1173,108,222,645,232,87,1064,284,1301
1279,920,1278,902,302,1432,990,481,1305,1307,856,823,128,641,318
855,1358,527,1616,1146,1564,1370,289,478,1175,1680,1277,268,50,361
245,990,112,137,1188,194,914,403,99,776,1289,659,228,1030,1067
1307,1000,220,1106,1305,825,1795,223,855,754,417,123,1276,92,163
91,745,855,992,73,953,1289,280,1005,70,1796,1846,122,1490,402
1312,1294,279,1847,598,1595,1472,833,644,1070,381,737,936,193,1257
402,643,1188,1166,688,1352,142,642,717,928,163,914,1741,136,951
492,1375,598,160,154,1306,1303,425,1118,322,1293,753,1191,574,399
1648,1132,24,100,634,862,287,333,1249,1280,1226,647,1671,1191,283
1191,1659,281,27,1138,1277,229,1744,134,149,1173,157,1195,1741,1726
494,1281,1775,381,1286,305,1294,291,979,1629,647,855,150,1622,62
645,680,1348,290,61,1676,1301,1304,1295,100,1084,1028,293,1131,1330
863,1432,632,335,1172,842,1293,1276,288,1306,12,438,1301,1297,1266
1247,1841,1289,1278,990,1276,206,74,25,987,490,165,81,919,1585
1335,79,1195,149,1230,1036,596,461,990,1851,696,1746,156,150,178
1269,1528,1120,1573,132,1305,712,494,1822,903,1836,134,1133,746,954
912,279,641,298,782,229,548,1287,640,276,474,256,623,69,1741
1290,1293,1129,1013,309,1640,1815,1247,1306,152,199,1551,585,755,1352
1378,716,88,1035,1038,78,992,70,272,279,725,100,1300,1840,1015
1007,897,1585,644,1123,1745,1632,1199,136,713,966,179,1251,363,1160
1847,1226,1195,686,1014,1759,194,215,1566,1242,890,691,74,1657,532
105,1041,959,1732,404,296,605,1781,1784,145,1155,478,74,27,80
1021,114,701,833,138,1302,1701,1729,412,126,251,184,88,255,1585
912,1136,302,103,1426,1261,335,772,1041,1793,1303,1858,395,373,1807
147,1195,59,991,12,290,1259,1162,42,1222,150,6,77,213,1278
703,172,1073,135,749,859,303,1657,334,1036,1778,1514,437,1168,1643
129,223,562,353,112,726,1094,1285,1648,194,121,572,148,303,806
648,259,1295,163,1783,1049,1648,1598,1276,1151,1182,51,689,1376,1145
1299,247,1230,587,1555,1225,696,540,1024,146,256,877,306,1712,1533
253,116,24,604,1510,1340,490,1819,1093,1426,246,259,1430,1292,1228
1166,772,939,1280,806,1752,1847,811,258,1210,1572,812,448,1187,222
1552,1432,288,1070,1317,1712,1492,1566,199,248,906,1137,1198,1555,308
877,171,166,1584,1756,296,1278,1552,1103,1712,285,451,99,1564,122
999,190,70,880,693,1294,144,1306,729,66,1307,1223,1681,1285,1830
1183,1017,440,978,77,977,1102,1299,1007,1775,1289,1549,172,296,989
779,203,370,835,1524,1776,142,288,901,154,269,1745,635,13,475
139,185,149,1249,1295,1153,877,1083,211,497,1550,583,50,1285,1248
1861,1302,1294,656,148,25,855,63,1352,88,150,907,690,722,562
807,911,1282,1013,1341,1712,1297,1307,1564,8,286,266,228,1296,964
123,459,462,155,1677,135,1417,980,1018,306,1682,952,319,91,1774
1091,741,1851,856,104,640,540,824,1115,997,133,1554,802,1277,582
1374,1372,11,1737,466,163,749,1289,1161,1669,591,86,257,491,1752
1206,1749,1389,1245,1468,1732,1224,645,70,1188,151,345,152,1353,1676
990,1074,1092,1564,1049,1225,1807,1306,987,1791,188,1280,850,712,324
1839,440,1306,140,642,1355,700,76,407,1175,1470,361,297,1012,845
1141,1215,297,656,24,921,1303,1064,1204,1722,16,999,296,1036,740
60,1298,1506,1432,1117,1430,699,1182,672,46,1396,1732,27,1660,985
1301,345,1258,69,1098,529,990,934,713,263,315,275,1574,103,89
1730,1298,1648,146,756,730,1302,202,284,989,1296,1373,641,1546,1767
1307,62,134,1820,126,1426,898,1814,75,963,622,71,1491,926,1717
1231,362,1488,819,1681,459,864,1211,509,106,190,1302,1226,967,1128
267,972,1286,1819,11,1844,1555,1183,1321,1258,1302,188,1721,132,244
1305,622,178,697,275,1837,894,1002,1028,302,1494,913,879,1591,1279
643,839,1056,645,1745,131,705,109,58,201,1257,228,1277,1566,9
139,954,1307,1282,478,1138,26,1712,1101,961,1056,1118,1622,1612,1294
1059,114,246,1006,640,503,219,202,917,19,1290,1147,639,1184,1324
221,1222,414,1235,656,751,953,1661,1125,1566,126,62,1106,648,1731
467,12,1741,691,1470,1234,1262,1276,1036,303,1811,982,139,1733,1068
918,540,1013,219,1086,1585,1154,1774,1022,112,163,1260,218,1097,139
1564,1668,1336,966,1279,1492,1257,104,1855,820,526,277,286,328,280
658,217,1303,41,211,913,712,985,1648,645,295,1359,1745,785,1305
302,1288,640,432,1780,214,946,1249,1302,1801,1192,1263,1176,548,139
1372,1221,74,141,506,128,549,903,1741,1585,688,228,1252,1209,265
1073,114,582,603,1210,285,87,1426,405,1240,898,1076,212,132,1301
1276,150,1015,1181,618,1307,960,1265,691,1011,692,101,1585,283,1296
175,644,989,572,1167,645,901,77,1018,1284,1154,1575,294,940,178
1839,1041,128,1596,76,1184,1228,132,953,356,195,1200,1304,1851,1189
29,269,733,1132,1724,658,1074,1341,92,1172,913,1019,902,287,1618
745,1744,691,704,1158,1306,75,142,1088,955,1776,1501,176,1296,286
1566,72,1778,265,1073,886,1215,1009,1189,830,936,893,624,666,145
1744,1298,69,1238,308,540,176,945,913,14,1299,971,1007,1307,1752
1676,1049,1073,1362,1279,1041,1298,303,292,1843,320,862,77,1296,480
274,24,466,1747,1294,381,1491,1797,956,81,844,1752,243,1859,706
234,923,94,975,1490,1153,641,1007,138,1661,716,468,699,262,1640
1105,976,74,540,1531,795,1302,114,1,1182,27,1791,1145,170,1007
920,197,1372,1102,223,163,1290,145,1453,1546,30,1225,1124,856,504
303,716,767,121,798,1847,1296,125,1268,1303,71,1355,1836,16,181
95,1278,1673,1249,1121,1518,269,1426,1292,383,141,320,274,916,1014
1182,920,138,293,58,211,35,913,108,166,1574,640,1811,1290,1472
1451,1291,1116,1544,627,465,69,1233,72,862,1099,1290,489,189,45
253,1594,668,181,792,1547,1014,1774,1819,123,1586,1069,347,1430,561
1229,284,1034,357,1205,143,1585,1160,4,177,452,1260,754,1648,19
1752,911,1040,1016,1166,1467,1696,254,1304,163,730,924,1305,1401,1558
1727,645,1839,138,1851,1314,1812,1125,290,1706,89,1159,1712,1307,532
1805,979,980,1432,956,1028,61,1837,1843,1178,142,1290,831,1564,423
1677,1216,1585,1249,1613,236,238,950,970,293,1303,456,546,179,515
649,70,1275,612,1544,204,1719,932,1141,410,1145,1155,1306,1086,1841
1150,1611,1126,320,1012,1648,828,177,1276,1840,1066,174,563,1352,771
164,289,112,1265,1304,234,46,245,1302,12,473,1036,999,1754,1595
794,1086,1795,1801,80,1648,1388,1692,1161,1296,363,772,1721,1372,1273
1360,670,173,1160,1401,1299,76,279,202,1273,107,190,1648,1811,478
310,1011,296,229,328,830,113,1566,1555,246,982,756,725,1276,1298
1279,1840,307,116,1839,1534,1249,123,258,1348,862,1340,590,238,598
84,1018,642,1778,250,141,220,1235,1470,1780,106,856,1278,728,1851
1282,1752,25,823,124,1289,460,1783,1817,1298,683,1333,287,1748,358
1550,89,862,1395,1608,203,129,1155,1111,108,215,136,849,934,177
1260,1295,12,1840,807,285,984,163,1179,1759,1830,1028,989,1293,1184
879,93,140,37,162,1809,148,1040,812,147,1027,1160,847,150,1017
1198,83,1144,1152,697,1051,1132,1143,1389,615,1409,1426,1298,811,1181
1297,23,1299,1804,603,399,1284,1778,134,1545,1330,1711,113,1163,1780
1087,1279,358,1305,1489,1802,93,691,1145,1167,87,1606,1372,1270,1018
1169,1598,303,1207,363,1489,1447,1440,1261,327,954,478,1015,1596,934
185,554,531,1275,640,255,26,907,49,845,712,937,150,1677,1829
937,452,161,1232,1595,192,1798,1182,890,1201,1305,344,1383,913,177
1300,93,1333,833,308,540,209,302,1299,357,470,1290,1036,1183,1400
478,1732,1182,277,1156,955,945,190,1348,1239,1244,402,1171,1798,524
1112,1778,1648,697,123,1314,1320,1346,116,146,753,272,1294,295,700
952,194,1847,55,1285,1240,27,1277,636,377,945,883,993,243,877
856,1182,1804,1113,1002,623,411,65,1071,302,273,1640,586,467,985
855,177,1293,1294,221,890,444,1795,1679,766,363,1804,284,1839,651
1405,1299,1307,74,1687,1276,574,1303,245,126,134,640,1692,998,250
139,213,1293,95,257,1269,1277,763,253,415,1272,1817,1843,1303,78
638,1161,1036,806,776,1276,1752,645,151,1487,938,665,55,1397,298
438,950,953,1240,713,993,603,1342,490,888,244,650,1291,1234,1276
129,589,114,1778,572,219,189,92,596,173,79,1538,1783,1549,766
786,1348,909,254,1501,973,122,913,655,1617,770,1291,1288,272,1087
1242,974,1741,1365,348,749,154,1386,1301,1275,1093,856,413,324,916
1091,1420,1051,598,713,1279,170,284,387,1790,547,1098,1303,1223,990
859,1033,951,507,136,1492,23,134,256,1282,177,946,363,1057,1851
317,268,1463,1472,235,1088,1289,1284,140,174,510,857,88,970,990
1549,1304,176,993,314,490,589,927,1296,912,61,415,1534,1518,1150
1296,981,1016,80,377,1837,784,1732,1017,93,1302,829,909,913,1289
1230,1080,1074,84,467,1554,767,1276,1619,992,1804,879,875,289,478
1389,1811,1173,470,142,24,951,65,98,288,1547,1743,1181,292,897
1844,1607,94,967,1303,877,1778,1374,1284,189,459,474,1357,636,108
259,270,58,1182,1343,1291,112,1817,466,1041,274,1250,91,234,1432
263,291,636,941,1068,1105,61,1299,1734,1260,1711,167,424,269,1036
1052,1828,1063,626,1706,485,1817,545,1401,263,50,204,694,1029,1789
1396,190,645,189,461,1084,1378,286,78,1197,1334,1296,348,294,255
877,151,1306,790,83,531,918,1842,1795,1490,1276,888,993,1307,186
1842,875,74,1299,1306,1862,1297,1761,1555,170,1266,1282,1279,94,1454
993,70,152,283,1304,460,1470,1295,768,1218,1680,823,1198,1585,1821
101,1702,603,268,108,308,1225,1292,281,1240,1297,1043,823,589,171
1181,1533,1291,1125,1115,990,658,1133,308,220,1282,1756,99,894,199
1761,791,1278,950,700,1454,1752,345,1088,922,635,253,1434,123,300
1302,1293,221,684,1104,321,258,310,848,875,1071,71,1809,624,1210
287,1783,1338,812,749,1680,1692,1788,1306,259,1034,1018,475,249,921
1305,1105,1298,525,994,1034,688,221,1289,1122,360,1030,804,745,128
707,1257,1297,1292,155,1289,234,1306,114,755,1732,1034,947,1502,1669
253,265,281,1243,931,20,624,641,104,884,1385,1467,222,34,543
1343,238,139,78,1732,1349,1037,1803,999,253,1103,918,1848,695,125
1305,284,669,167,100,1277,1552,149,1354,1302,1778,915,27,253,234
819,223,1807,1585,1133,1274,1431,1656,554,912,745,1093,259,955,1776
1819,307,108,292,1426,1432,895,203,149,1084,155,918,294,525,1301
394,1349,136,1089,1252,1360,1564,159,900,18,337,898,478,358,1260
333,509,1104,1093,134,254,1282,93,1011,220,1306,1243,1349,919,1277
1798,1098,1545,877,100,645,1819,411,679,72,1305,1146,950,1328,1225
309,609,1188,1374,1278,1851,299,69,1538,157,1162,1304,284,552,307
1486,669,561,197,1099,1838,742,1073,101,974,1307,1284,309,1426,84
392,203,413,1116,65,1333,1763,1527,1303,1163,134,1828,157,1850,725
802,1276,86,716,1780,730,929,22,1781,700,466,1679,1088,1837,24
478,596,223,1306,640,1401,89,308,1257,1297,772,1280,1325,151,484
596,392,145,65,1301,1418,828,1565,1778,141,1192,146,1164,1736,1280
1364,277,1534,1666,116,136,1510,142,913,1350,244,814,1515,1806,1783
1258,190,417,681,1279,990,1224,286,1808,1146,1018,342,76,305,1388
260,1631,1179,76,159,1105,1275,12,1498,510,581,914,714,1106,878
677,1182,156,1534,186,159,1304,1076,604,308,940,903,725,1611,476
1680,287,1853,572,297,644,158,101,307,1306,1176,1278,1570,81,1790
289,733,455,478,1100,286,302,1086,106,1279,237,919,1173,1295,1585
1157,1690,1117,635,1108,824,93,1542,1158,1752,990,977,855,1754,1534
1555,1169,167,164,160,855,1566,27,1761,312,234,1844,636,1200,105
302,128,1029,1295,1490,1307,86,287,1041,1823,779,284,1227,51,1421
1090,1251,1822,1164,139,1294,4,87,1579,1094,1496,462,1048,1250,1518
100,935,337,1188,1182,992,913,621,1566,1287,832,494,1276,1032,129
1240,855,914,163,1246,1569,115,785,1217,581,290,1676,766,954,1509
302,278,11,287,692,674,952,202,1019,1300,1280,99,1179,834,644
1676,63,1029,945,1336,1288,467,1163,1224,1388,955,1276,1279,444,1567
645,1811,1627,290,152,1296,1655,70,1591,138,867,579,166,121,1218
1346,1212,23,296,390,961,126,307,1048,979,1585,909,745,1472,369
1741,292,1279,1066,645,832,456,435,668,1,465,1012,1169,253,1303
640,508,1299,1854,458,1222,265,855,557,614,1776,1594,812,1353,100
120,745,1335,1303,1242,1258,216,695,1167,645,989,1564,1296,157,156
430,642,920,1802,1306,433,1781,1720,1618,1604,215,1841,757,1830,1276
1308,1247,1476,1756,640,1617,294,1173,78,656,906,522,1103,1306,1604
495,247,1134,169,1302,784,577,572,405,305,1568,823,1234,103,104
1108,1076,1555,1279,1123,76,1298,100,1635,898,146,1425,411,1620,1195
1013,111,1169,1401,1732,996,1207,151,1662,1034,65,1493,921,1086,1327
1301,291,573,275,1183,1296,1697,8,157,214,1547,133,1282,452,1288
1106,1040,615,126,289,1722,903,1571,579,1133,1277,1290,1752,234,1278
643,80,1279,1845,1397,1303,287,1132,953,1293,358,305,1787,1520,1834
918,223,1296,641,506,181,1151,27,1611,95,1847,656,898,1532,1585
1087,95,1071,278,571,1115,947,25,1063,1593,136,305,980,302,1840
288,759,914,462,1752,1301,62,463,1172,1543,596,625,1343,581,382
1752,960,1296,1561,1642,1283,95,159,80,365,957,1284,686,1585,1333
1143,921,273,501,146,623,1651,737,1566,445,1593,1296,1853,1297,503
490,1019,646,1403,1360,586,647,1793,744,1018,146,197,278,440,201
1291,410,1340,713,1843,200,762,270,82,672,947,1018,1155,1242,848
438,27,291,659,1258,1566,1116,491,108,106,260,1790,264,811,1851
1307,159,1292,145,357,104,1225,459,1290,863,1148,1306,913,1276,294
811,1514,1727,1273,128,1265,1851,382,870,335,380,1295,936,194,155
696,1761,877,251,656,1229,1853,62,120,574,743,945,98,597,1276
1136,87,193,1208,1279,1304,1779,1290,1192,1145,316,155,724,1276,1853
1238,27,1282,151,1187,140,1085,1568,1415,896,95,62,1288,1106,1566
856,104,523,269,1819,1028,474,172,259,1286,91,100,1337,767,1307
141,254,1305,1555,1303,1242,55,320,1012,1279,129,541,1249,1223,1191
194,1754,979,420,952,1257,656,1778,566,1540,806,112,977,934,1076
184,276,596,18,70,759,273,1301,615,1296,1625,1585,1041,1353,828
665,960,424,77,1445,990,478,179,713,1761,1781,402,1374,71,557
26,1304,1279,772,642,1642,1292,1089,112,1711,527,1221,538,517,1291
950,1015,190,1176,1811,281,1708,268,1291,1296,1354,399,245,1076,1276
1426,1066,1270,135,606,90,917,1313,860,1296,1696,303,197,815,445
779,1302,503,1256,26,820,748,733,727,1298,64,190,357,122,690
499,1841,1281,99,48,1303,642,596,475,1214,1503,1307,1319,485,65
75,557,1016,297,312,1204,257,1232,661,321,299,351,989,1426,1167
1302,1301,144,1259,1853,1092,376,1388,572,103,349,1829,123,890,684
1757,1844,1305,1472,1652,1741,897,16,126,101,93,1086,94,1280,788
1237,729,1585,1201,995,1038,37,1280,1282,265,1564,900,416,287,821
748,1798,1501,1142,479,62,1277,292,1350,1176,644,1230,1614,658,1478
175,1326,1112,716,969,1607,263,1534,295,1115,1311,1851,1052,1562,1264
83,87,671,399,100,25,263,1525,1615,1811,641,1298,1272,900,296
1034,816,1073,949,1159,141,1279,292,1297,1798,1207,645,140,137,1242
1784,1293,1280,74,641,244,178,1518,137,1650,1294,583,557,265,525
867,1093,1277,1208,953,119,1742,937,1843,885,1585,872,1669,964,1103
1145,179,934,672,484,839,1297,955,163,1345,332,1773,1266,979,1640
1752,928,948,185,439,1432,155,1201,581,1210,253,686,1772,1389,197
1820,223,1648,863,18,1839,734,1299,541,956,1669,992,1030,1841,356
570,1278,989,1034,1776,1103,1706,971,1642,1323,1711,1165,303,90,462
700,1488,13,292,170,133,1286,890,940,1522,24,1197,645,306,219
163,651,802,1860,695,1188,1692,1478,278,63,1720,829,1524,1248,1294
990,971,462,78,77,1566,765,12,1702,94,937,1289,1288,247,772
645,568,1781,1408,1557,157,984,1307,643,64,139,1776,1175,1168,1087
309,283,1308,861,1128,445,993,598,289,1831,1298,349,238,1034,226
1297,217,141,68,807,1840,188,478,1145,1585,25,1094,1236,931,1279
374,207,91,1534,942,613,357,1282,266,1036,705,1088,1041,92,1712
635,411,70,1775,1292,140,12,947,1092,856,259,403,813,319,1272
475,123,1555,919,1426,106,1673,990,173,260,14,1819,1447,1500,640
1305,465,1776,917,1302,507,478,202,1552,386,1690,669,294,179,282
258,1819,1824,1513,402,966,211,671,59,982,1098,1281,27,125,216
784,1397,1286,581,832,1006,1648,1780,1320,93,724,910,91,890,1281
1190,1776,234,1167,1387,1136,163,1754,422,1817,199,1763,885,990,306
755,1374,304,1074,1780,1547,1310,1555,1348,1094,147,997,1753,299,1280
157,1278,254,1053,1570,1266,77,1550,1564,1776,863,1280,1754,1835,606
1564,1353,99,410,1748,30,1243,845,993,86,288,885,923,1115,1781
