299,1529,146,7,1041,181,148,1289,1306,1294
661,1371,1222,167,94,373,1850,548,421,840
632,249,1296,1297,476,852,1136,893,1299,1461
141,1062,562,1128,245,1472,641,1281,1432,1611
1235,1332,1274,1250,657,1374,1778,1803,23,1432
588,946,259,86,113,648,1076,1266,1447,185
319,1249,1302,547,1251,503,478,897,1699,1783
1780,36,1276,579,1490,1839,1277,1655,1842,43
1280,1712,1092,1091,1561,747,80,1356,93,1243
1585,104,1219,1357,1737,237,253,527,574,1463
1389,585,838,765,1462,13,645,78,945,133
74,151,1853,1644,128,274,377,374,860,1174
568,1534,1147,1850,890,27,1632,430,1121,1458
1327,432,126,990,242,700,1859,1258,1613,1091
83,380,1105,1089,978,1307,1217,87,228,1168
261,1804,235,909,181,1141,1552,1363,69,807
322,190,1711,262,870,1290,1249,1281,432,1241
126,1266,141,599,1658,1830,70,1013,1819,1174
683,359,91,697,1492,279,1652,1264,1818,1257
432,138,374,896,1094,1310,1166,291,452,1469
1354,146,1229,621,566,531,157,1752,774,717
746,970,630,1472,829,27,1136,90,296,1811
558,1067,1833,806,898,1521,1680,681,955,1585
1294,820,135,1566,758,1268,1763,1747,484,1176
1285,1292,1566,233,1498,74,1266,1006,103,39
1256,855,1082,986,165,182,59,244,885,296
968,1280,762,274,783,1300,125,1296,641,1688
1770,728,1851,1619,1217,70,445,596,1199,406
1603,1159,1280,62,286,1534,374,1417,287,903
273,889,108,995,590,959,1660,772,62,694
1712,1759,27,913,724,294,62,1197,1586,1305
896,606,1276,781,1355,1524,1357,76,274,253
1,1034,1211,1190,91,1217,219,913,1296,314
1108,478,1069,1858,185,134,1555,1739,1250,1260
666,727,140,217,1108,914,1246,834,875,1104
1041,1034,1690,223,1669,1305,476,810,921,1142
1818,254,963,921,1792,812,1285,709,1292,1550
1266,1300,390,1187,1657,1307,1839,1776,878,1804
1808,1642,1566,1198,1839,952,1295,503,257,446
1018,1401,1225,1073,947,1688,1307,179,138,534
560,1158,842,1426,1092,1497,287,1811,645,1390
158,212,451,1523,478,57,592,1349,1033,93
890,1305,1353,1585,108,621,284,729,259,1426
1589,1521,446,1142,481,286,1058,1128,1218,910
12,325,194,1585,1187,1128,645,268,166,1560
1289,1282,895,152,950,1049,144,1072,27,89
896,254,23,289,87,1570,1566,376,1279,1609
1154,1284,1737,1299,243,1146,1265,907,1306,669
1307,1736,823,1180,488,142,1276,171,1192,1152
1846,132,415,712,1085,867,907,1436,894,259
1301,99,76,1374,937,1383,656,713,1841,821
1007,136,108,140,1434,218,1160,1292,1233,1294
340,61,1585,1086,1236,1734,773,108,68,1164
1850,209,1426,1305,890,988,1304,1265,1816,1072
354,972,146,901,16,87,440,917,1806,503
1097,1648,217,1585,390,1426,135,996,1041,1304
1332,956,1058,1297,518,825,412,830,1740,627
1141,275,1248,1246,1285,1585,296,1518,1097,399
514,170,163,919,297,1564,1347,589,70,1197
240,23,907,1281,1094,51,380,1839,1130,1545
92,95,119,154,244,1566,1617,1215,256,1183
1564,626,120,533,445,86,874,1749,1252,1204
297,623,686,1144,1712,1608,71,274,1538,1790
128,78,1732,1741,1307,1372,1088,1301,1222,1017
27,1696,716,1353,1279,318,772,1792,1250,1229
1425,1759,1855,1163,1102,776,100,714,341,16
1051,785,531,474,1266,1438,829,1569,165,978
1284,1695,684,450,641,691,312,1199,918,473
1230,104,264,134,1259,374,1851,267,921,1644
644,220,1748,99,1559,17,263,912,1778,75
1291,1500,1552,146,1426,474,1340,1741,1634,1241
305,1022,50,1595,296,184,1789,108,1084,1393
1280,156,1839,1301,299,1277,1712,190,466,1166
466,1041,1362,23,1222,1778,61,1191,836,1705
256,83,720,1262,1145,822,63,1648,1110,691
535,1298,101,105,683,1815,1752,268,269,1183
155,1036,1418,893,1281,1228,639,1295,147,1819
1296,179,646,76,752,1244,1277,1731,507,152
1282,1080,1695,610,134,1445,23,1558,868,596
288,1265,1013,1585,1534,113,1182,1431,1279,1340
151,606,1302,967,1790,1245,561,862,915,201
1780,240,1585,1291,23,983,402,73,1778,1179
984,1292,886,1220,1372,505,1566,129,1148,661
1704,523,1280,100,1741,913,773,62,176,1472
504,669,258,1841,1749,1210,1078,1585,961,436
140,1320,785,163,444,1607,1759,1269,627,203
1041,764,1562,890,116,496,1298,1544,275,641
686,1534,1133,1700,247,111,1764,894,1752,100
430,738,120,1280,1441,1091,706,1819,186,1500
1354,1442,128,930,1521,1291,59,1644,1033,1042
583,108,1679,1826,770,188,1166,1281,197,503
1518,276,243,185,1302,70,138,756,523,545
243,1657,993,1777,818,1290,485,1245,25,285
379,954,181,15,1547,1357,918,1159,290,374
1564,1542,885,1446,1552,467,1104,148,134,1306
749,918,220,1067,474,221,1564,1166,509,867
1305,751,415,12,1251,901,1339,823,1502,1580
450,478,123,77,632,204,1280,1086,911,1246
621,364,835,1295,623,1030,1736,1343,1851,617
1232,571,120,1356,1712,1266,685,75,230,1248
1152,1500,36,787,1021,864,1633,1296,1307,162
1712,302,1243,183,54,219,70,1290,1548,1780
1353,1297,1552,1262,79,354,194,1666,170,494
265,954,1355,1294,1225,989,1563,1403,1774,1286
1277,903,1784,255,245,1305,1294,546,268,1266
1657,1303,450,990,1181,1811,120,1073,308,0
1108,243,1167,538,957,782,154,1811,536,181
1804,1005,1607,1654,1306,1304,668,1092,1593,1648
645,656,999,70,1299,243,1303,1182,1014,1289
955,1105,1785,152,121,1589,1329,1585,872,1776
1028,651,1134,871,478,1360,315,228,1508,202
101,984,243,1313,1028,978,711,931,126,1547
91,74,1136,495,1289,1849,1161,864,1307,256
295,101,363,98,1307,497,1277,141,1432,1790
399,290,768,590,1809,254,1133,958,1187,1249
1333,1265,118,1616,1299,765,1467,749,1659,1304
971,279,190,272,1228,1732,1118,354,1266,1052
321,1222,1543,694,1121,318,1612,911,283,974
823,724,398,857,1638,913,1544,1021,1687,979
1218,1245,264,1255,1570,1752,282,123,1187,943
219,897,296,606,1611,885,1732,589,186,713
1417,1276,90,267,2,189,1133,1181,1552,1759
1456,645,972,1009,1302,276,1781,1511,283,1028
1842,954,744,438,274,695,1552,544,17,1243
984,1011,88,896,1279,96,342,176,722,56
1695,1250,1783,186,23,1736,1395,222,1397,551
1432,913,21,1585,1195,399,1265,1011,614,217
1420,950,1770,104,243,322,523,312,91,1074
722,167,245,478,103,76,1093,767,266,999
192,1302,921,103,93,623,289,1296,1851,1440
1839,739,313,1312,1585,1077,1712,579,945,1059
845,1363,1804,1198,1285,847,1819,1307,141,1817
1595,716,1280,249,1534,244,752,1271,1549,246
1413,909,1168,1296,1754,1265,1607,23,1169,87
1068,1276,1182,901,1843,3,1277,4,123,45
259,157,264,1777,1076,1147,246,278,1071,1423
1786,1296,715,303,895,1237,557,655,88,861
1798,1295,772,190,1077,1103,1299,1585,228,1667
926,1291,1026,606,1285,1298,1694,561,288,128
1257,1138,76,79,755,1224,1432,1844,1555,1187
729,1485,116,914,1811,205,289,128,1130,104
623,222,128,1167,1719,1278,11,105,20,421
1291,1242,980,74,37,1024,83,926,459,1780
1619,327,23,805,123,1804,1108,1267,1260,195
1282,26,140,1390,1299,279,1776,450,911,134
1654,1016,1042,243,374,306,873,383,18,704
1200,1547,119,1469,259,35,736,1007,25,1256
819,221,554,133,351,268,292,700,1303,167
352,181,1160,377,1303,362,298,164,1776,1514
934,767,1216,157,697,1285,1552,139,1276,165
129,683,1211,1842,1013,56,788,1492,274,74
127,1212,376,1585,369,411,914,148,201,1756
1029,58,1397,764,990,4,1125,987,1675,1278
694,1181,1745,599,721,272,233,489,207,144
257,374,285,1533,664,915,677,1307,1841,23
927,1296,1263,1110,994,1100,1217,262,251,1783
1293,980,796,445,921,321,693,1276,1535,586
1778,296,629,1520,1510,1658,1201,845,265,1511
93,16,581,1058,767,1280,27,1706,1481,89
1472,1092,220,15,553,1540,1425,175,950,1233
1665,121,193,964,531,1628,71,129,877,1426
1298,1564,1844,385,1819,848,725,1279,1286,1382
1728,623,1280,155,1717,108,129,26,1140,16
186,1676,1732,259,1288,1547,621,1248,645,1069
700,1592,589,881,1738,54,1545,1307,1306,550
904,148,1853,1793,114,1300,1625,153,1237,306
120,601,1197,1295,467,175,530,155,1235,197
1302,131,503,1199,1017,1056,715,1083,436,1240
1585,1819,947,328,27,292,978,952,1193,267
383,1721,1819,481,990,1137,960,256,1450,223
1282,1277,178,1713,1288,1759,943,1295,274,237
1432,855,1811,1087,1737,900,1781,90,912,881
490,1372,1227,1282,165,75,1251,1229,531,80
792,1108,547,157,420,713,1564,195,1374,69
1689,918,1778,1720,259,100,1772,690,1290,1216
596,1136,1152,862,24,1223,967,1556,934,1678
1266,256,645,1229,903,1671,1290,221,890,1426
1182,1225,121,1086,454,1166,116,1189,91,571
29,1290,253,1837,1279,296,1095,261,1853,393
1500,957,1638,132,12,220,156,24,638,1821
1246,163,245,279,978,1248,1144,1058,1555,1741
1303,686,897,1103,204,855,1215,177,890,1160
296,1293,49,634,818,953,1700,976,76,1666
491,1350,1778,1284,1168,292,1275,98,1657,479
1291,309,147,58,171,1084,74,667,229,203
713,123,233,937,1243,492,1374,1670,1230,589
1040,1017,126,1547,265,713,598,847,1669,1611
1266,755,1060,80,588,1389,120,1007,905,1028
1265,76,1276,1017,1215,1561,1011,1285,645,493
20,1774,474,71,857,235,466,1192,1353,120
1841,1727,1223,270,1566,1804,598,1121,1418,1224
1844,1104,294,1223,1242,189,34,181,1121,1441
1141,2,920,451,271,1095,1191,173,141,322
144,298,62,312,1459,32,536,1620,1316,1256
294,1278,189,1347,1292,1300,478,1374,1299,296
70,645,1555,1302,1344,855,608,1564,1247,976
919,1163,1022,98,1306,669,1761,1284,913,1758
989,1780,572,1804,1280,1228,155,1811,1284,1030
1780,356,12,1306,290,478,234,138,1294,1333
1143,624,1674,1430,151,1281,1585,1250,152,6
1648,367,1277,349,1034,1092,959,478,104,208
1839,220,1602,1284,792,1266,532,284,286,1233
1658,1288,1148,548,598,890,269,1161,454,650
220,1289,8,641,1247,288,1114,81,285,178
1303,1745,1292,108,1297,259,1238,149,204,857
598,1115,511,958,1179,418,1145,1245,103,1845
1695,1281,137,235,92,115,1305,144,1166,123
1138,1114,1182,74,867,1741,254,1211,856,997
1314,844,259,494,138,781,1784,266,990,1430
194,1804,606,417,1140,1741,15,279,263,1366
1280,1518,335,795,246,284,298,789,505,1131
256,1280,554,1555,361,1772,1012,380,376,908
1330,1278,726,990,733,27,640,88,115,1187
1648,1302,138,1278,681,1307,716,1679,1851,568
1032,860,78,823,1839,1291,1846,271,759,204
1447,1469,645,1041,990,361,98,589,75,478
1290,1447,289,781,440,1012,958,201,297,1566
1026,313,655,1296,1566,49,1776,1759,68,1341
789,128,963,1499,1117,417,197,747,133,1280
278,223,1819,470,503,509,222,636,280,589
221,1321,1252,915,1093,1819,1279,1780,1092,1598
589,591,671,1547,1056,867,1819,1227,1430,1307
93,60,282,188,435,193,1555,1071,292,1226
25,1728,7,74,1169,913,1016,890,1282,707
1147,74,1613,269,1445,1506,100,830,1296,1673
1267,511,1533,923,863,123,1191,1333,590,1426
954,1550,383,907,95,149,598,1721,641,1302
890,1822,1472,1297,275,267,560,1238,1307,268
245,176,475,6,1547,1225,235,581,987,254
911,27,1303,922,762,25,1555,1319,1844,724
1095,540,257,745,952,282,268,581,1300,271
190,1184,1345,821,1806,630,27,245,574,1288
740,1281,875,1219,1852,128,1164,1239,1270,137
1155,1237,1511,1280,523,1265,1295,744,1088,23
645,1712,503,465,1374,1777,540,482,150,675
492,1752,496,117,1289,302,850,11,91,457
321,1257,395,1296,1348,1585,644,459,173,871
989,1451,1296,1085,623,890,83,1234,1389,1532
1184,1123,1819,1076,349,956,460,295,486,293
288,1147,1455,291,27,272,976,459,83,255
121,1296,128,25,478,1106,1280,136,1443,641
1166,1348,918,617,283,768,1200,87,1492,415
1302,1375,1733,1605,27,959,1291,1752,94,1021
503,1303,1246,1294,731,1292,1744,221,515,374
1236,199,114,1712,1430,178,181,474,1306,948
1585,996,1300,1280,74,147,1097,154,165,1011
1290,1560,984,895,80,789,1020,592,99,1595
254,340,1646,297,1426,473,990,1161,977,395
1478,475,832,1840,1819,1276,199,1545,506,713
903,1077,1056,672,1249,148,1079,920,1287,1298
74,956,1198,379,1677,1426,457,511,1673,1284
918,136,474,190,1756,485,1296,1240,100,1784
1300,70,1564,300,141,363,219,201,1012,223
1358,154,1242,1348,1533,1303,1291,1671,1007,1275
1299,1295,445,1229,62,134,1227,931,163,234
152,1032,76,1566,984,1230,261,527,1402,855
1789,909,741,1565,983,278,177,1056,938,1156
1242,166,721,256,1781,1233,1529,115,911,1084
809,1547,849,1305,1337,1702,1265,1840,244,640
1677,1818,100,1215,1547,1058,1679,166,1056,160
967,711,1840,515,1314,1188,1806,1065,117,1187
1071,221,288,273,1183,1741,898,1675,1787,890
596,1298,790,181,490,759,415,1818,914,1176
1303,1426,273,1564,1258,1811,179,152,1300,1143
1330,131,1303,74,1555,1051,1265,1774,1307,734
112,656,769,431,645,1293,1490,181,142,1712
914,343,1697,1008,856,88,289,1501,69,1273
76,901,893,1801,178,77,1278,1208,716,523
1300,1836,1621,1741,1290,1277,1007,1764,433,31
272,1356,71,306,890,45,79,258,1097,1296
294,1794,507,478,647,24,127,1426,1843,979
1784,907,286,293,26,203,913,621,27,1176
165,1302,1155,152,598,1276,1279,1440,95,1048
603,959,743,280,27,1282,645,279,178,270
134,632,648,1741,907,1119,1554,1566,1184,1199
1741,374,1095,1365,460,101,577,60,1130,78
665,137,1592,987,636,1518,572,114,1838,1432
192,1792,138,1030,1737,1781,856,613,1417,71
1783,60,999,1851,1276,21,1564,1805,1297,51
1547,118,1058,501,1063,1352,855,669,1492,123
946,1028,577,808,1301,70,879,1228,768,855
1622,103,1027,152,289,1028,1780,1731,192,754
1712,890,259,888,1739,1611,1826,1177,146,245
1550,1284,383,1440,106,656,1305,1163,1279,1265
220,358,364,1804,1245,1123,1278,270,941,584
821,475,1305,1036,1640,1353,1126,419,1223,133
953,73,197,377,1225,1379,1430,1319,69,1100
1349,656,1811,697,264,926,45,122,644,907
1138,170,82,295,337,1086,1224,1470,1060,392
645,1217,606,89,1527,165,131,184,253,1082
1249,1296,1397,145,890,1540,1277,265,1797,1534
1104,669,397,1730,822,706,596,296,688,1374
167,1234,1547,1068,103,713,1086,1573,1160,302
125,74,1067,993,845,957,506,1250,1112,228
919,1369,139,157,1811,1841,134,1595,587,202
1145,954,1248,1527,1778,1568,144,624,1689,1298
233,1265,1622,51,1752,245,88,1278,546,1109
1145,55,1144,1648,1217,1589,166,1304,1432,572
1164,152,263,403,1052,244,1555,253,264,845
588,1507,1051,938,1034,407,185,296,921,1174
514,636,1751,851,919,949,1741,1295,1488,72
607,1276,727,15,484,185,1824,1490,1819,166
1792,1555,90,1790,1021,128,80,439,61,1285
221,244,588,103,1182,25,76,125,920,1457
1637,478,1295,1541,348,138,1307,1290,1169,1151
86,603,1372,819,1036,1699,1804,990,81,1599
984,925,1124,1018,1591,1276,1534,246,907,1074
980,890,93,1290,1163,1070,281,31,1696,1484
12,201,1080,1847,1571,927,1234,133,54,216
629,1279,55,1289,1266,261,164,65,1012,1529
129,1228,233,76,487,856,1841,919,78,85
1830,1227,214,841,1585,1677,811,589,1676,1674
712,724,1780,1805,1295,1160,1084,1378,1777,214
1551,806,1142,1060,269,309,1648,203,1654,998
1290,479,360,574,1552,1684,846,623,646,74
1748,97,533,1426,101,1040,1092,1307,1441,581
445,1332,444,1303,104,1456,1058,166,153,1688
648,1778,919,26,644,1522,819,1532,1817,591
589,1296,1024,693,512,260,1145,1298,1585,1801
1034,1843,171,615,1123,528,233,1727,1086,1265
268,1024,589,1305,1306,357,312,641,1373,1280
1292,1286,957,1184,194,84,566,1275,408,199
85,1284,1197,1546,890,1390,1533,1401,351,361
1669,1297,1778,148,292,490,94,1847,856,1280
120,1804,406,990,504,1115,1291,1769,253,296
1580,1199,726,1804,829,1037,490,1742,823,598
1787,411,1188,560,1086,1303,725,995,1830,1566
1759,1568,1763,466,1233,1585,1781,901,1279,284
1237,188,281,243,1307,1257,87,70,27,1490
531,159,552,1004,1279,157,270,897,1249,508
951,379,702,113,80,313,1811,832,1804,816
1697,1426,1851,382,129,1294,120,744,1305,1490
1758,919,1543,1296,366,943,1299,134,596,714
772,65,740,308,27,151,165,1455,579,641
48,891,1248,1300,1276,295,1544,656,459,78
1610,1181,1543,1243,138,1280,1679,914,1277,918
1681,727,1441,23,53,677,62,1372,280,849
1551,253,299,294,59,1852,1211,1295,278,1433
493,177,1056,1129,877,1181,132,1819,62,1778
1034,627,1281,234,1861,636,878,706,532,1241
1296,1811,1279,1132,41,767,306,1426,75,645
1281,77,70,568,1222,1778,293,977,1804,1193
1292,655,104,114,917,1288,1132,914,1049,1245
686,1307,1156,669,1272,745,586,725,238,1740
1290,1129,438,1279,766,1404,789,845,1121,1295
1129,1215,56,656,740,1029,32,895,23,295
1648,288,268,752,819,1284,941,1585,589,1712
1217,1293,1279,503,1304,246,1853,568,1534,1256
557,259,1265,520,1555,1229,1341,768,1783,868
233,569,1555,1290,1353,1524,1343,133,374,1284
847,24,185,317,374,1017,1112,905,891,1157
832,1050,205,1811,1184,1280,1826,284,286,29
1750,1449,209,1289,804,310,1404,63,1307,1505
909,934,309,1789,292,1131,1585,1074,914,944
778,1024,641,1853,220,945,175,963,254,268
1358,949,691,1297,1374,1303,121,1179,142,280
474,1381,266,182,317,915,640,763,1752,1757
224,866,1289,337,184,1800,1772,953,845,1771
940,1582,99,1306,952,1130,1741,1265,79,1500
478,169,596,1432,1780,776,1199,601,1115,1265
1787,1135,952,1817,117,1274,1272,1291,191,1307
98,23,1330,363,1784,68,175,579,1759,689
1606,856,1778,1336,191,203,1188,7,642,798
289,1536,79,1295,1133,232,1776,25,1091,1824
1843,588,952,749,581,383,1276,1284,23,278
665,1344,1060,274,302,70,1778,1296,1031,492
1098,478,1257,1303,807,1839,1085,1092,1470,1449
369,1257,807,220,1660,1306,61,656,1702,1156
1555,724,1788,940,1693,1288,1291,244,1277,823
1067,1426,297,645,1843,82,244,1276,27,1783
1412,1395,19,259,220,1302,479,954,812,1294
234,694,1824,1071,256,100,87,1470,273,274
642,80,920,1302,1279,65,1298,189,104,494
1316,291,1566,96,890,1751,1128,1242,1783,473
298,1125,914,1277,1472,275,1348,1704,1251,645
1695,54,1558,1128,684,251,989,1842,621,187
976,49,1424,1279,1101,169,1278,259,202,954
1235,990,767,18,596,1385,308,1507,323,190
610,852,636,177,105,989,106,178,608,913
541,142,1182,79,277,285,845,1563,1279,122
148,499,845,287,1161,694,164,552,356,250
189,1579,194,478,1252,1217,1307,873,952,1100
1859,270,926,1195,120,189,291,221,1374,512
889,684,1076,246,1280,1293,285,296,971,905
1284,238,1801,291,1069,146,1051,1533,1230,1248
12,1120,1276,1222,1228,878,779,1036,1588,691
1012,1804,246,1751,216,347,108,1702,530,113
1063,658,700,1774,1279,1566,298,222,307,1853
437,1788,89,163,1298,908,1289,2,1217,1036
1297,1470,496,945,1783,656,60,679,375,598
903,1277,1267,89,779,74,1306,1095,8,268
1010,480,445,1005,745,383,727,147,407,284
1741,1173,903,1585,1093,1539,1139,1295,1477,1306
571,1819,151,987,139,1741,1558,1851,152,760
1008,1780,656,583,956,129,219,343,1268,989
1250,25,1296,1241,99,531,302,1096,865,185
891,138,1778,179,1279,779,1047,629,1721,39
907,1192,152,1566,955,1845,639,1853,801,1284
1384,181,1013,855,235,952,1566,917,1558,319
313,77,954,70,1648,1457,1737,909,653,202
1048,811,1778,1190,1741,1278,1365,94,270,971
1296,1303,275,1751,589,296,690,1217,1772,1280
1389,1279,270,940,1026,1488,455,83,1510,699
1681,459,1712,1242,1418,989,1667,1840,1275,716
12,157,246,1306,1305,1304,248,274,76,233
246,253,641,312,1566,654,163,1678,286,690
1243,1281,531,1304,1370,947,1468,632,475,1778
796,915,165,1740,292,760,1430,745,1546,277
1583,639,454,419,992,1128,1343,856,1082,1424
72,1116,923,1289,1288,270,694,1688,1687,367
1841,1801,24,824,993,1042,1568,1067,188,930
1298,104,1265,157,186,409,1067,1034,1182,322
399,1282,1678,967,1585,261,645,1030,240,1177
877,1183,1019,1265,1840,1045,1718,584,1829,1711
121,244,1167,648,828,62,740,1042,1099,156
1518,1752,1611,246,293,974,409,1503,234,1307
1804,1160,1542,1365,1165,1116,91,903,645,1781
772,523,798,645,1260,59,559,863,1428,1226
1236,1238,484,291,1688,893,1547,1295,781,983
1247,1270,1281,253,440,545,811,1426,1374,134
596,1648,233,950,1094,1134,1116,1034,219,1830
935,658,1732,1842,1089,855,1718,147,1849,197
1162,915,1199,1299,228,256,1307,855,930,440
142,645,1684,951,146,149,1280,883,1216,517
291,1299,1013,1199,611,1663,434,1166,1112,1296
229,53,674,174,292,754,27,1581,989,197
644,1774,964,1809,1279,1182,150,9,1362,179
1088,1191,697,665,159,934,1547,1305,923,540
1752,1663,1756,219,733,1138,293,656,269,1249
1581,527,1335,1296,478,1123,596,106,1564,1251
1307,877,811,554,1306,585,335,1732,872,1276
532,282,1007,289,1307,1445,223,59,970,1822
1228,1037,1291,629,1048,686,1784,492,1660,14
544,104,1522,277,1549,1248,619,1303,946,1770
290,135,1366,585,68,833,395,152,163,374
1307,1676,7,590,694,1502,1215,1328,1658,1242
1778,1277,1488,343,1290,685,1440,756,1146,531
1280,1627,1124,1306,743,1534,1486,1182,823,1555
1374,1783,1521,1807,1288,1563,960,222,93,1148
1297,1161,1778,989,6,281,1230,1578,1636,147
1384,58,639,1648,186,641,1760,914,1468,308
87,59,1811,577,1295,1686,489,146,1423,1273
581,1599,242,145,1780,1778,1197,228,1518,1289
1228,374,1159,1285,1295,929,875,1349,589,192
725,150,643,165,977,1274,1648,1386,625,719
24,890,1306,1566,1138,1498,1276,320,1256,1158
1026,59,58,1326,930,959,1023,912,1555,1805
254,1565,625,1448,91,1148,221,899,376,179
643,820,1299,499,231,220,1472,1088,288,466
219,1783,1134,1294,27,156,1359,131,1420,1302
265,174,988,1623,1298,1307,990,1207,890,1847
177,219,1836,478,1280,88,1780,1270,511,1631
74,1263,287,1278,1541,1821,320,954,78,1070
581,494,1284,1776,66,70,377,270,1289,1566
535,1777,995,58,62,264,1074,302,483,100
865,1042,1297,966,356,473,1163,93,477,150
63,1291,108,990,1741,333,200,1277,633,1279
820,705,186,292,568,1298,611,1846,80,861
1778,966,1089,684,1426,835,856,1092,1303,860
1441,964,271,281,1086,411,1289,84,683,1840
1041,173,938,876,244,1182,358,1034,290,841
90,1374,708,256,990,1778,548,370,1488,1188
1037,108,713,917,530,1585,1643,264,587,1154
764,1306,1550,1842,302,1503,656,1108,294,1780
707,114,1120,697,1183,1298,1811,635,978,293
938,753,1467,1374,264,977,1090,1011,1585,1839
1116,128,1839,269,280,197,572,820,1439,462
1293,120,84,983,763,135,1741,762,1472,613
199,166,915,647,1029,1530,726,708,1018,103
1285,389,1531,438,245,1011,1083,640,1060,163
761,148,1780,98,450,647,1229,176,156,263
246,1426,535,1789,1093,207,1199,937,1265,1037
114,1024,575,1307,669,1055,1763,946,1817,1087
1136,588,44,1783,1490,1282,660,1125,135,506
45,1034,989,1243,219,1169,412,1455,177,240
993,257,122,966,1299,890,1066,72,300,1476
1370,1040,1305,286,353,219,1120,1076,1232,176
520,1074,645,177,157,725,293,1781,220,1264
1704,216,1132,348,1285,1613,674,1075,833,1297
1137,623,523,1574,1843,1847,97,129,429,791
186,935,257,785,1589,312,1297,1708,700,1300
1741,1517,1776,310,1356,938,1293,1842,402,1491
695,1829,387,1307,849,1225,645,1277,402,121
1285,256,436,525,151,140,1472,621,1019,1076
1277,1138,177,314,290,151,1821,1198,1339,1153
1076,1776,256,0,287,943,1019,199,151,1712
952,1498,1780,1690,649,767,779,1306,956,891
1294,394,1278,823,1490,1853,914,1206,622,1302
1092,642,630,1320,1780,1839,1423,302,1280,400
639,572,890,1028,1303,1298,1290,37,1840,253
138,836,1763,166,1781,701,1257,264,912,914
1781,1125,408,401,1093,1297,261,206,307,231
1067,1821,953,288,243,1688,147,29,1307,478
24,1073,1305,634,1067,1201,913,1083,535,1043
984,465,1546,1817,27,417,29,1807,1270,1278
908,1181,1184,1553,571,128,638,411,1034,274
877,1472,27,808,847,503,538,129,228,1303
1472,319,1537,480,966,62,1071,1284,1161,890
1216,713,1780,58,1102,1566,61,123,789,284
540,489,701,832,295,792,1072,287,1276,1297
1555,1268,253,1112,766,1034,1514,636,1444,1292
1302,478,928,185,100,151,1580,1222,984,145
258,1082,1122,451,724,183,543,328,725,135
268,145,862,471,108,148,141,1199,1437,1266
1284,1480,1182,1629,377,106,643,1647,104,298
581,525,1040,194,806,1105,151,1842,1266,1338
902,128,1121,939,1184,1234,694,1116,947,1200
588,66,626,1337,1811,990,1307,1566,954,1653
1778,862,151,1284,1859,298,1298,979,1845,337
178,114,1038,158,621,1005,1512,1749,1515,126
281,990,121,306,137,445,127,1585,243,926
1366,1841,1305,1239,137,95,90,452,80,1781
324,1266,779,946,1713,597,422,1621,1804,1486
295,1307,1105,1365,554,679,1733,644,1028,1295
126,752,1224,1116,641,995,1288,1432,1225,1547
555,530,736,1294,86,32,133,186,1281,1097
303,588,1545,117,201,1578,1504,999,926,190
430,991,1714,92,926,1029,1676,1685,1744,1224
1696,99,1135,1145,152,1578,1290,443,270,1751
807,905,296,1217,917,362,1183,556,1303,640
1689,1740,1276,893,1742,1112,1305,1285,863,950
1839,1532,1374,330,235,93,1497,1086,149,957
655,1174,863,1566,1169,141,292,1521,280,1276
1116,1154,506,1229,310,189,1778,68,1554,58
1074,1290,1472,622,1281,255,1241,779,971,364
919,1744,588,1695,1106,1620,411,1804,1186,1228
1256,253,233,356,1501,12,1213,126,1741,1775
1266,408,138,444,265,170,220,77,200,622
1778,1690,1478,953,167,1371,1078,1034,1853,132
180,1714,213,547,201,112,907,1549,434,163
1254,859,1564,34,1273,917,846,1790,1513,1105
1279,293,75,1675,163,26,348,376,412,1550
1617,15,1012,266,1278,1150,220,1610,1770,1160
1778,1673,1012,260,1289,834,307,506,1136,302
1697,257,1321,1280,1175,186,1294,1071,1415,1293
669,320,1712,857,1817,36,1693,1704,1084,84
1392,1529,1485,349,88,140,917,1084,1819,27
118,955,1137,640,1824,1213,138,1265,607,1290
1726,1849,1041,152,156,413,278,1223,1437,570
256,1230,1520,490,746,1298,266,1616,1276,64
586,246,1778,700,1303,1513,1111,387,21,1248
749,1270,924,126,606,1518,257,1041,234,746
23,1668,21,65,1007,27,1215,1034,25,1076
1811,1307,1009,1595,523,504,830,89,1068,1296
75,1100,586,1750,1300,309,1304,128,1184,1792
1320,433,105,1137,1492,445,1585,121,20,166
1374,1163,727,694,1854,1432,133,192,1712,550
1303,284,621,570,214,197,76,1553,694,1659
283,220,298,588,1417,1532,1140,1004,173,77
1026,274,1761,1148,1037,1076,1074,1737,62,890
101,1781,192,745,83,708,1397,411,1582,64
647,1449,635,1789,478,306,235,87,302,1101
475,1708,23,1306,681,598,1291,915,1661,1773
1006,1781,132,155,1681,1280,1282,571,1279,537
1195,1027,202,867,1847,1492,148,1246,1444,1860
918,1030,282,1566,285,1684,679,280,796,1807
1112,1197,1824,1747,297,1780,1426,1653,913,126
71,100,984,575,885,628,857,1349,1280,701
666,1476,919,1116,27,423,132,419,45,1064
6,225,1282,1755,302,270,132,1265,1670,943
12,1759,70,722,1364,1187,534,484,83,1545
100,245,1160,454,1306,1129,1162,105,1307,117
262,80,1456,1367,867,402,953,996,202,1557
770,1076,12,1533,412,248,271,1140,1053,862
640,1356,1105,1296,1416,603,1381,1784,294,1145
121,1326,1842,243,358,1005,1544,857,170,1850
18,656,623,1842,1175,635,586,164,830,1829
1564,1188,1275,291,1192,1050,71,180,1781,198
1584,1285,1188,1112,98,6,220,1779,1328,590
29,1415,1239,967,475,177,123,1263,93,1071
731,1397,1333,957,748,1292,1127,1305,293,1130
1630,1553,151,1851,1262,219,1182,1292,596,1239
533,471,1624,1151,1296,1084,671,178,1455,829
1030,246,70,26,156,1225,155,1290,914,1689
1840,1500,957,153,306,275,532,89,1621,489
561,1277,531,1772,395,12,973,224,1528,1841
1833,562,1769,980,1015,913,221,1741,544,227
1564,1285,264,1491,1284,262,308,1817,641,860
1349,1648,761,1460,114,1830,1780,135,1320,1280
700,1289,1426,562,1534,1691,434,688,294,1162
139,301,1374,144,1535,296,1378,1839,1292,433
931,1163,1036,935,253,1150,1596,1659,1285,1811
1268,1290,235,123,1849,1454,1426,636,1513,277
1374,1235,1426,1546,924,137,1250,1821,640,1754
615,1153,1051,908,1842,167,1648,634,624,49
1536,160,1352,621,971,1306,1702,483,1028,292
1142,1073,357,501,1306,1040,148,181,1601,856
361,1074,233,1306,1228,1741,208,1804,1424,995
639,128,1147,284,76,1278,713,1076,1836,285
1792,656,193,259,820,161,1018,25,1165,28
1259,1008,111,1621,1296,1275,381,101,142,1216
193,532,736,1284,278,1771,510,122,918,1222
1161,813,1185,621,881,457,693,1680,1393,286
1303,287,25,863,780,669,185,1687,1260,92
1306,1546,89,845,465,234,21,1183,101,220
1415,427,474,1307,997,1306,815,1244,787,309
715,269,915,130,1291,1188,1187,249,121,1012
79,154,263,1314,802,845,1514,279,506,1408
644,1811,984,568,376,641,1069,363,725,484
126,1288,108,1558,1395,1289,374,1188,1707,1372
1109,170,408,16,1448,1306,1067,1441,457,990
306,157,1474,1298,1279,1182,112,1566,629,499
990,35,1562,897,930,1225,403,1296,190,1294
467,1052,939,204,1279,1167,1188,550,1552,14
645,105,1829,181,1299,500,606,289,492,1527
147,270,1276,64,288,1824,1752,1302,1533,279
418,1285,185,502,1099,1112,104,193,194,143
181,1555,1858,416,23,274,927,1156,593,148
57,194,1437,1728,915,1276,1555,163,50,724
450,1306,133,177,1617,167,219,812,973,1280
9,285,730,1276,1105,908,1177,312,1557,157
1184,1374,1101,1616,185,1305,386,123,9,151
789,1225,277,118,645,39,1687,117,693,89
760,1032,861,554,1136,855,990,177,108,1216
1728,257,1610,1098,1014,1558,1290,1291,1279,1278
126,950,1152,1496,948,341,181,1297,1678,1534
292,1534,277,1108,1792,1011,126,310,1394,1112
62,1303,199,677,1007,1852,273,265,146,86
216,193,856,1284,574,191,1032,1290,1319,912
1778,1547,105,96,980,279,623,1572,376,1711
1113,1242,1737,87,513,1374,1564,61,645,685
1199,295,801,704,156,176,957,89,880,1474
659,168,684,1282,987,1116,904,1131,1702,280
74,1854,1069,1781,534,1811,464,472,309,274
22,169,1282,91,134,179,1811,1852,1729,296
399,152,87,1067,65,426,24,694,319,1712
1368,990,1492,1123,279,1372,119,8,1285,304
577,221,914,1284,1604,128,234,697,848,87
146,947,990,1374,1502,1300,298,282,152,1233
1305,1842,951,1188,1441,463,890,1845,1613,1037
209,1041,895,1229,1303,498,1430,1662,1574,1218
1236,1210,1682,76,1295,59,623,70,1374,489
1321,861,1108,913,1134,1058,1188,415,104,872
201,147,598,1426,1692,309,1254,307,748,347
1754,279,1455,1542,283,790,1290,1860,1399,1306
669,1759,1338,1298,81,898,476,1842,805,126
811,24,784,1652,1812,1123,548,1257,655,914
132,1293,305,1860,1631,1148,303,1162,384,877
372,1203,132,45,533,503,1778,875,96,1566
1583,207,385,1021,194,296,1292,998,247,964
278,1273,134,1281,979,731,811,100,258,847
99,290,1188,1287,1845,270,171,1470,275,738
344,1216,1276,306,552,1656,75,100,233,1301
1290,724,529,990,1307,101,1706,1242,1238,1416
321,1306,1069,220,1544,1294,857,605,1552,1748
1627,1288,1601,1136,888,589,478,176,912,1220
1781,1287,1374,1339,459,982,748,82,1021,1462
264,268,638,1468,1036,885,903,1058,1589,807
287,219,1296,1307,1468,1239,65,1699,70,773
1276,1039,25,989,632,903,639,717,1162,988
289,1094,1165,222,299,1295,1201,1566,1125,1276
767,292,1564,1207,1099,1112,967,867,640,1427
1166,123,779,1566,1305,1142,93,1134,152,1225
1112,1290,1548,887,1327,615,656,123,138,890
206,1136,872,958,965,270,1175,49,1624,188
1062,1350,151,274,916,1294,277,478,613,533
1302,1306,221,1710,277,1783,851,1716,1235,1432
1754,1342,1843,382,1001,406,1307,239,848,1305
1146,1276,653,25,1191,1243,591,451,1123,1784
849,285,1136,1836,1247,74,1258,1353,1676,1704
490,1455,27,356,1780,901,1566,1306,358,581
525,501,785,645,1220,1305,297,1432,137,466
695,759,892,1529,980,902,1051,1134,623,1741
127,1671,138,865,1277,134,917,265,534,990
1491,641,45,1498,117,1229,25,1821,174,272
1387,1068,1779,1851,983,796,1252,913,1298,1034
146,836,966,277,1265,575,788,1112,1775,105
581,583,953,3,1672,219,1303,1574,1753,1808
136,157,1426,1700,101,1479,256,1801,473,260
1666,467,1612,286,630,392,1364,1812,984,1248
1276,1201,105,956,1828,1309,70,1237,667,1818
1071,430,101,645,587,1084,1787,1542,890,1647
1687,219,1302,1090,71,1528,598,1183,108,716
246,4,636,1517,1092,352,70,1266,890,1265
700,531,1366,308,1277,921,1819,194,1711,461
248,1265,1304,435,272,913,665,533,1759,1613
1041,1189,691,1230,1191,856,1076,499,1544,63
861,1585,1293,108,1354,893,1408,263,1123,74
1302,150,907,1374,69,937,283,822,993,233
435,163,1756,1319,979,90,520,1840,104,108
1232,890,1154,1258,16,280,1140,295,953,579
86,221,973,1365,1104,1320,36,1199,174,89
219,1805,1398,290,1480,1266,1372,1820,1791,1276
1846,1277,1263,895,390,1291,1260,746,254,1847
1045,1093,540,1641,170,1076,729,801,914,93
363,27,1217,713,1399,285,1516,1278,846,68
275,1741,305,903,1294,259,246,1142,1105,1666
290,516,217,740,802,190,1201,165,1804,1565
1307,1230,1328,959,943,117,1279,408,142,478
1222,142,411,1820,664,1292,1388,1547,189,1844
1646,48,955,422,1741,1374,1156,713,1697,598
693,1101,739,273,673,945,1032,1472,682,1033
824,1566,1143,1230,1064,280,303,993,1034,255
1320,621,1274,1292,1761,1783,570,89,187,1301
598,780,1780,1812,256,62,1028,1741,930,534
1070,996,1183,649,661,1285,1566,1276,672,108
1167,990,1277,303,1307,1182,1199,1851,333,101
1276,1744,138,157,566,294,1518,1171,186,604
1358,410,1188,875,1481,294,1280,1044,1216,1449
1613,126,1454,1294,1295,950,91,1348,1272,1094
111,1026,1296,1531,22,1417,203,1408,598,104
1498,583,1550,190,466,1679,1830,918,1647,1778
1850,953,1296,1092,691,1215,1770,441,1404,246
212,531,108,253,1773,1306,473,572,294,1677
76,705,1288,863,656,98,194,1322,1164,644
1444,1618,245,1839,233,1178,1126,885,1156,1024
903,1167,128,1566,953,1817,963,799,223,348
264,779,552,140,1426,1307,166,999,1851,113
174,308,1183,1773,1720,560,806,1348,1151,992
748,23,1155,91,1566,987,139,142,1745,632
922,875,678,286,1548,12,1851,1126,1275,955
1232,1300,462,609,1842,781,321,346,1775,1296
644,112,98,1710,708,1426,748,319,911,987
641,71,1781,1804,1300,263,520,508,266,246
1280,933,502,192,914,1817,1284,455,1132,750
1820,478,1554,1280,908,646,1292,268,1339,257
259,545,1007,1094,133,885,395,1555,598,789
150,25,939,596,1207,89,77,1223,1566,51
849,1076,1062,1374,197,1123,994,253,1818,635
376,531,309,331,1041,174,124,95,9,1284
1712,1595,644,1095,770,260,906,1216,1305,1489
1300,1268,909,92,1507,1355,807,1585,319,90
1311,1350,255,59,1382,1307,1779,207,782,1160
96,1842,1780,661,1297,1190,1300,1211,1757,779
1285,269,970,1780,1255,1851,274,863,779,1229
133,198,25,1215,1305,1527,1294,150,1106,766
913,1585,851,990,142,1263,12,573,476,383
1018,77,764,284,1279,304,920,275,1307,923
1288,1279,128,848,1847,1719,571,1050,469,1127
1282,223,990,283,257,548,1128,94,141,760
337,767,1106,1090,1095,901,1388,1227,65,1181
1011,950,898,1657,188,1018,1301,299,346,654
1300,971,1537,1781,284,640,108,1304,957,574
1093,152,1242,325,266,1839,1188,866,1292,1068
116,1566,1241,1257,260,1158,559,1256,762,484
186,1456,1792,198,504,1341,251,201,571,1285
101,275,1566,89,120,327,1181,885,1752,999
1291,1840,147,127,1383,1299,186,1648,1736,1323
1741,1625,1158,1804,669,370,186,1282,531,1105
956,1307,289,1299,68,1685,1839,644,1643,1279
1297,951,989,1027,814,845,918,298,214,859
954,1386,749,1289,920,846,236,1301,649,1560
644,627,890,635,3,649,1476,860,24,485
705,287,555,302,603,479,977,1052,1123,1148
1778,70,490,1291,99,104,1374,1763,264,139
176,1097,1301,1841,1426,958,1534,1293,1586,1302
1068,1819,1295,1777,1161,1289,645,1364,901,1148
1850,339,950,80,78,77,1371,475,139,469
536,221,95,267,104,908,1120,94,1579,813
1752,149,1280,1161,1774,137,1165,1608,913,131
1294,1784,181,292,1605,1296,405,828,361,71
1841,220,1409,352,1284,1305,39,466,1807,847
1134,1753,1166,1232,255,178,62,1192,257,245
194,1089,1192,1529,1820,290,1772,1851,875,1566
1662,634,1298,1741,648,763,1735,1136,259,106
270,906,1278,253,165,1013,1028,156,790,1125
1296,1305,1190,160,704,176,1216,1445,307,1256
919,1732,1145,178,1045,1006,1067,727,1307,596
700,1228,1165,1432,133,1086,1278,1246,1851,292
223,952,598,868,920,1277,1676,792,80,1247
503,309,1321,177,1294,1290,990,848,1163,3
624,486,1145,1752,63,1655,497,142,250,1580
1545,1271,1312,278,1855,1496,1566,645,608,1241
757,302,289,656,1300,139,1618,1306,1279,1824
259,917,170,1279,145,102,926,1595,1292,114
855,478,619,1297,1524,1495,27,198,914,1291
297,1290,452,1470,1060,1427,1819,337,1590,1332
802,469,297,1294,1376,978,1284,577,1829,942
1029,1554,1288,1496,851,288,1840,1035,694,486
156,185,779,289,1294,1228,1303,323,103,1757
197,1752,430,717,1301,642,174,610,1083,1296
1738,51,1278,644,1236,1839,990,1294,1623,1084
890,889,1555,1725,174,197,185,1830,1569,289
136,1113,531,504,570,1357,70,1182,746,256
486,963,1120,245,1322,1542,1016,1278,1289,1163
679,1265,26,1756,270,45,212,1593,24,1441
1546,1792,1250,273,1613,636,278,508,1752,48
128,1011,220,308,1306,1585,1859,666,756,95
1577,58,842,583,147,694,86,1301,1776,165
896,206,148,1566,989,592,1687,103,1555,1168
238,1837,76,285,585,1074,175,1300,946,890
1812,925,639,1179,1291,1397,835,389,1501,1302
78,368,1709,793,1063,1281,186,640,93,121
1550,1279,253,175,1555,243,1012,430,1302,1309
736,197,982,1784,880,220,260,1568,264,997
1745,245,1770,1041,1426,138,70,712,1839,548
24,1278,1804,1213,256,1279,1301,281,878,1182
55,306,60,713,303,1743,220,6,1396,9
748,857,297,989,489,27,1617,88,273,894
78,1712,76,1348,1741,1115,403,1710,1817,1752
9,504,669,1566,779,648,1712,78,1293,1846
1648,1087,1413,1432,402,941,1498,1188,1409,1034
93,1287,277,1284,1839,82,1553,235,1278,990
1280,478,1302,192,1128,1419,943,926,1069,79
549,1287,292,1302,373,967,1754,1279,829,1722
377,992,1224,1039,268,645,1852,1688,465,990
1398,265,1112,654,71,293,193,598,990,1374
190,203,1757,1276,173,1839,1277,170,714,1776
1347,10,1777,877,1051,1302,354,44,919,1403
924,114,1511,1676,1781,619,117,321,1609,978
266,88,228,220,1841,1360,1829,1084,1291,515
1426,170,740,112,1303,632,644,1741,76,688
88,1349,1323,805,878,1295,983,1199,1292,94
123,1098,1842,1374,308,1268,18,401,1310,101
1666,548,70,724,244,855,277,133,1183,234
1230,9,74,1270,1261,1014,977,1277,715,290
17,269,1217,844,193,1240,778,781,645,1742
932,1246,1780,1664,1059,296,146,1278,1025,424
907,295,1459,425,1374,1757,177,126,730,1294
931,70,1191,76,1223,1304,278,231,288,411
204,347,999,1295,911,136,536,178,1005,1648
1543,257,478,1245,1182,697,1533,1117,651,694
1307,203,596,1585,1574,990,1007,114,1840,100
645,990,976,1058,1840,727,1696,993,257,845
923,1839,1662,1847,378,910,1265,132,1068,1192
192,1567,1117,1432,22,92,284,847,1251,1282
1234,128,19,75,177,885,1163,1564,957,142
114,406,1374,1240,253,658,882,292,135,1731
309,1521,1565,1182,1205,1279,1840,1161,930,380
379,1290,1302,832,1084,1780,101,1659,1225,1374
1529,1040,552,1017,714,845,955,169,177,193
1315,1353,1084,645,1479,269,288,1194,110,1787
23,1297,1555,151,257,1277,271,1124,645,1767
340,1568,1121,1410,1468,1150,990,1291,1752,674
246,279,1608,174,1088,850,533,986,418,1335
123,1555,1149,189,363,1302,639,690,219,147
534,1862,181,478,998,1290,1198,42,877,1732
540,893,103,124,1265,152,775,885,564,1123
1108,104,253,1703,1410,127,103,1182,454,96
832,1839,279,589,272,1029,1477,155,690,39
1123,76,1781,1292,335,1476,219,716,281,1552
1276,1167,1811,1488,722,1160,267,294,744,1780
137,1160,1307,88,986,287,1741,100,894,1752
441,1276,530,579,1228,264,1265,1060,1566,246
374,466,283,274,84,263,73,722,86,373
909,62,1288,1130,362,74,1286,640,1182,989
704,940,1199,1859,1284,108,269,1738,1553,192
1839,1056,1845,176,1752,419,510,37,1280,1585
1580,1316,752,1804,1222,62,968,1307,1772,1776
1648,243,1304,27,1600,756,826,56,958,770
105,1772,1599,1068,118,1043,1280,166,1024,461
1140,88,1568,645,1809,1681,1086,84,1530,757
284,598,594,1734,920,1247,220,1257,1331,1839
1145,92,1426,203,274,67,1224,101,1279,363
1267,1555,1288,1249,1305,1533,245,1374,950,340
90,1123,1039,602,1303,188,335,1106,1357,1161
1094,90,151,1015,1197,1338,231,1426,1585,978
1782,1781,20,645,1718,127,1503,357,1479,374
990,804,294,253,1213,280,176,1826,123,506
1842,1382,1100,1811,553,103,1193,190,1230,1199
256,433,1805,574,975,1337,1174,14,656,1163
308,277,1084,1842,689,1098,147,1745,354,118
1297,222,1087,114,256,833,96,1476,1570,230
1838,141,28,104,1093,1291,292,792,268,133
1500,491,295,63,739,1851,136,170,419,1499
713,1399,197,1183,151,1167,1648,693,692,1847
1088,421,772,573,145,1389,1022,284,811,1404
71,554,1318,133,1819,123,252,1265,1759,1266
264,129,478,1128,89,1476,273,1029,833,1697
1280,893,137,1147,1123,253,1132,826,289,1126
1128,713,1497,646,644,1278,286,490,220,1850
374,138,1487,630,1472,244,1695,265,1859,596
1279,598,340,1277,654,128,1013,77,1276,220
1366,465,1140,289,268,294,253,23,350,936
1754,140,1804,472,96,1277,1026,1543,1187,1005
155,1017,88,101,63,66,995,684,1145,1183
1208,1281,285,1679,176,1289,274,1768,548,890
374,1182,243,138,199,601,1307,1613,890,1638
645,1149,1302,170,1151,1276,1830,18,478,1246
185,1711,876,14,1783,1297,1449,25,1288,469
1247,240,1198,337,509,1636,1554,1301,1257,138
58,244,1281,1658,1044,1125,16,112,137,1401
1076,1218,696,865,1374,83,1038,1296,1104,1260
51,553,294,1065,106,1134,1307,1741,144,374
1783,1763,968,265,1075,1366,1409,434,16,1028
803,1595,690,1780,1321,352,1673,123,853,569
1289,989,688,221,274,220,411,141,1016,1097
234,166,796,484,29,453,1492,1802,96,1776
1398,934,1811,63,597,320,948,435,412,1128
786,1215,178,277,656,1102,249,1281,946,163
636,1041,389,1106,109,990,1534,568,126,177
51,100,1804,1028,1580,258,1298,122,33,817
49,1176,29,255,893,1160,1184,1295,1787,478
1257,189,156,1199,937,1153,1564,1286,478,1271
1076,292,1501,1761,1218,641,596,1102,353,499
1842,107,1290,9,966,490,1271,1238,557,572
1748,1153,120,636,294,1745,775,914,1844,152
902,1298,1817,1712,862,294,1148,302,554,1847
1765,150,366,990,294,1222,1697,141,666,1585
74,13,554,131,861,260,1681,272,265,1208
270,649,1319,835,930,903,1092,296,891,269
1585,996,1572,1426,335,252,302,1173,1175,373
1561,1056,1093,1289,193,156,1337,1853,823,595
959,1303,1459,1804,1109,105,740,1279,587,292
1568,1282,914,1657,592,1844,1290,1000,440,1024
1335,1617,1349,1093,164,1570,646,1538,198,1022
312,220,148,548,1621,296,1303,671,247,51
1360,29,1818,1595,1486,990,1774,1741,152,25
1384,184,195,121,501,721,1539,1555,1843,1302
1121,862,1276,1842,1297,87,201,548,1296,1566
28,593,74,220,453,872,478,876,1426,523
1290,327,917,1752,579,1082,1348,636,1282,1853
1076,451,1294,1266,1811,167,966,448,25,1293
1534,1780,1807,1556,755,1088,990,304,505,681
1352,1118,254,333,1819,656,1128,70,1097,1602
1146,1129,1297,1773,254,219,112,1860,1085,978
135,1541,1187,238,1046,1166,794,118,1091,1752
35,1303,70,1122,145,265,128,121,285,1295
190,302,72,872,1306,1245,517,1235,1764,1756
219,679,833,285,789,531,1201,1280,648,1754
903,1052,188,378,303,1296,55,121,966,1417
1498,1840,1672,863,867,361,1681,694,1566,44
919,125,1109,1188,1284,1126,1404,1716,1093,1749
1349,1671,141,1539,1490,1249,1809,1240,61,1220
1284,835,1564,89,1265,1490,1118,190,18,22
1316,1481,1769,1780,307,78,293,1555,1228,1076
1524,1116,383,1267,1349,111,1417,1305,1302,1842
1815,1301,1347,163,1263,327,1669,1138,1348,1290
148,1306,1771,17,1547,1188,233,876,1115,989
1176,596,581,188,562,1819,1289,136,446,656
568,399,1628,700,1156,714,1063,861,223,533
993,178,754,1006,1590,645,1266,1284,1776,597
63,894,95,39,847,285,1550,890,1737,1059
1297,1847,308,1350,1136,74,1190,23,1566,176
1290,1757,41,1650,898,1851,1348,504,340,1300
478,133,197,989,1344,312,1626,489,277,874
885,203,388,221,1432,1307,256,297,1263,301
1152,1199,1300,266,76,1246,569,1074,284,293
1282,37,1496,1492,59,1132,33,1432,1302,1192
505,1830,905,1278,1788,435,1307,1741,1118,1074
1339,694,795,54,150,459,1018,265,310,1334
588,78,1728,1293,1278,1536,1262,25,1185,1851
1064,1534,1382,717,70,1067,1305,1564,104,244
928,244,1110,1776,271,832,1215,972,1188,259
1294,1282,133,394,316,1278,214,108,413,138
1060,562,632,297,1291,896,63,804,1860,148
66,479,1139,1111,1176,27,1426,1710,1048,642
145,1511,1086,1021,440,1307,857,1296,238,1233
806,280,1291,138,193,1621,1073,1236,684,234
1294,1732,1672,1280,495,1076,1741,287,70,133
1001,127,296,1503,1524,356,1307,611,1131,1172
1657,1128,1333,1304,99,590,1265,496,73,1679
312,955,1275,1336,766,179,1294,163,270,476
100,37,598,745,925,1798,905,1087,863,1002
1015,100,1778,1829,92,992,833,1669,244,1752
1307,1741,316,377,1846,767,294,150,1818,1259
87,1585,1780,194,814,1353,679,79,1290,1249
246,1741,1242,1365,1732,1435,820,108,1778,1533
1596,1293,1284,86,1786,70,1711,286,1230,1819
1691,1257,101,1778,506,380,382,1757,1071,321
1844,421,1076,144,985,1585,975,544,302,267
1182,1232,1555,1732,1206,293,735,1016,1307,112
1182,1234,922,545,992,1571,484,1250,648,890
1253,1225,80,1409,58,89,479,319,1555,1736
271,308,1263,1279,1426,1302,74,1290,656,598
1281,1266,128,1824,1071,284,1679,808,80,905
95,417,1068,4,32,1084,86,917,278,288
278,845,1234,764,1441,857,1233,1611,453,78
195,1558,140,1305,498,1677,949,990,134,1467
1305,1164,138,1307,167,137,1762,641,93,1263
1648,1343,37,969,404,1161,512,863,1198,258
23,1780,424,1285,74,1229,694,1307,504,1349
1307,169,956,45,1547,890,379,1103,1311,94
194,1345,187,134,1431,1168,1783,1660,507,145
809,877,1264,740,589,1844,1702,114,949,647
1302,657,277,911,1583,1783,640,768,1215,1766
133,1447,926,1292,1762,199,197,1411,58,490
253,220,305,219,112,823,1276,947,1472,1426
1840,1160,1265,1280,1289,1233,535,177,599,308
197,220,418,1780,1239,1332,1409,95,1307,1741
285,1221,889,136,1287,246,885,1748,197,272
1217,41,1525,243,1128,1804,1806,1712,104,436
1191,181,529,280,291,190,1792,186,294,1280
1123,76,1548,656,1818,1288,1290,156,1585,7
1303,1655,1060,1290,486,1257,1744,148,1220,1260
243,669,1299,488,956,687,925,1659,1854,1303
131,544,1851,71,1278,255,27,849,1125,1840
1088,1804,1011,957,1303,80,141,88,1306,632
693,1247,1303,484,1299,163,990,1251,686,75
907,1295,607,181,914,1440,917,363,282,1638
114,1352,178,1830,913,656,989,20,504,1087
1025,1051,1151,656,382,182,71,1776,259,1028
1288,1294,192,435,1262,1280,1290,750,1292,668
1120,176,494,715,1087,730,1240,254,263,772
1139,367,1780,559,1748,176,1266,1160,1016,1798
161,1374,1460,552,953,1662,478,1168,621,1372
1284,1467,1721,289,1097,93,440,383,1100,1017
640,1668,506,716,357,1854,1265,79,1288,502
845,309,132,598,1223,1648,1732,1532,781,1285
1561,1477,1669,568,1621,789,1286,15,690,1318
627,89,1228,277,1500,1145,1012,179,681,999
1217,1182,1160,1780,354,700,1811,234,870,1373
1847,322,215,1266,1276,290,202,74,669,1384
1307,91,1555,1377,838,58,1741,103,1113,177
198,104,1844,1242,796,1708,1786,1076,1717,1694
111,596,1699,201,545,1224,270,1343,16,1293
1045,135,1310,350,966,969,1141,1028,606,1066
1307,1353,188,1115,139,620,1555,85,712,270
1411,220,1233,166,1498,1198,271,1130,1305,505
74,399,1256,1115,1195,119,1807,100,1778,1856
