669,1120,793,1240,1404,447,1277,920,1022,1279,1294,864,1099,1780,1547,1095,848,515,1743,1307,308
269,1385,915,1332,58,939,1300,477,27,104,951,943,135,903,129,548,1501,59,1736,368,275
1741,124,1294,145,507,1176,940,1560,1285,857,1596,1217,402,441,645,220,768,261,1534,1306,122
1426,284,843,643,303,277,70,509,245,259,1294,1182,784,1276,540,1741,655,963,1303,1433,1662
1314,69,1308,397,1303,1035,86,452,1432,640,374,898,1304,1267,531,919,1781,1566,941,1289,460
1841,1171,295,164,165,478,1082,713,458,965,606,1470,1266,1228,1566,1245,99,970,918,1009,1817
197,131,645,1564,582,961,1839,1141,370,490,1243,1409,89,70,623,1230,27,1263,590,177,353
1284,978,1627,304,1697,1285,262,1621,700,989,1302,1279,438,132,292,1657,140,1426,18,1294,305
185,497,640,1243,1791,565,1829,91,1103,901,1136,1551,1267,1836,170,1306,1630,120,1605,1383,1648
303,671,1165,1249,1472,363,140,1299,362,598,285,1654,382,1468,545,27,1307,1672,1128,1166,699
127,921,1276,58,287,309,62,235,1740,1852,1266,1641,1790,618,284,936,1076,640,621,1296,1840
929,890,282,1845,1307,106,1556,1805,264,1235,1426,1073,243,197,1265,1125,1565,1128,1012,1230,1819
1292,511,321,1693,1277,233,1372,1197,213,1841,1226,478,276,1741,1703,1680,123,959,150,1421,390
577,955,1795,571,358,1291,1255,1817,1853,1733,1017,1846,1277,722,1127,70,294,557,573,374,305
100,739,1304,1171,82,1780,1266,1290,1712,68,1287,104,126,140,215,13,589,1572,1314,1294,1783
588,197,243,415,1247,522,242,1422,1086,1216,921,1564,1272,1264,1776,58,186,489,82,1201,504
1852,309,202,510,262,980,1409,222,374,1271,964,1291,642,219,1548,776,1704,1165,1276,256,1182
1250,1792,506,450,856,285,875,1566,917,78,165,1290,256,1275,204,1726,1862,1276,1092,1840,588
234,1718,1433,645,1851,1291,199,853,239,1726,1840,918,1706,23,1276,1271,1280,1077,260,1301,1250
278,1304,56,1673,402,1176,901,1074,203,1052,1080,150,1374,1615,492,1166,1303,1301,822,909,98
1817,294,939,1349,126,88,316,1807,381,889,1278,781,1417,1852,1855,1188,1788,148,24,1100,583
1293,924,740,1250,424,1676,197,185,925,1853,656,291,1807,773,1302,1819,806,1415,565,119,768
105,721,565,1444,1555,725,919,350,1688,598,1082,1778,1005,1216,128,973,1285,1240,1278,530,1294
1749,914,1752,1559,1182,1568,1036,218,297,146,12,382,1844,65,89,279,651,939,266,787,20
1741,1168,845,1728,993,1292,133,1523,1711,402,1181,194,1278,479,1094,581,115,419,1567,1553,193
1082,1028,1274,1307,1325,445,1853,1176,77,687,57,418,1280,92,917,1275,27,864,1775,1555,1733
1247,859,105,589,536,3,165,410,194,132,120,917,170,854,254,574,1087,100,1292,1837,870
1738,1217,71,1280,1432,1289,766,1565,1230,1195,214,1190,103,1011,130,1149,1841,478,1459,1305,8
1857,1182,1147,1692,51,1759,832,274,267,468,1566,561,70,1034,694,219,1152,852,1783,1051,262
70,723,1457,1290,1177,1651,1809,966,1184,1125,411,1032,286,473,1141,1804,1030,1374,788,1838,731
1336,1064,1515,1781,26,1098,103,1305,1188,1235,245,1501,1276,1654,1445,23,495,588,1297,70,1808
294,914,1034,1167,1038,97,2,1306,1284,1276,1067,1000,640,4,748,893,1509,307,645,1289,1095
613,656,1182,1362,25,103,1191,977,290,1128,1376,194,1279,1542,1276,169,1554,1712,689,1265,1251
602,377,78,1266,284,1160,129,1811,1678,1097,1278,305,921,1161,998,641,770,1290,142,106,1722
4,162,1299,1548,1585,70,123,1291,1489,1098,640,707,601,1426,1819,427,1052,259,845,973,1288
353,1294,973,39,1334,497,460,1266,574,1536,1314,284,1770,25,289,1106,779,1776,1026,1542,684
190,1280,1816,381,291,632,1298,224,1289,253,49,133,944,414,1,23,598,1772,1722,615,1781
1347,302,1432,803,1578,1004,172,1566,1472,1276,1246,255,1772,641,1303,456,511,1741,23,1857,1839
636,84,1290,65,940,185,1266,1555,220,140,1717,898,1184,1432,1225,1834,91,234,1133,1182,161
524,717,18,484,291,639,244,458,1162,159,1109,579,890,1189,321,915,452,1306,266,1300,1640
244,12,1691,1826,80,520,561,665,485,252,114,884,1275,1165,901,1145,802,1373,1243,992,312
638,866,223,152,725,198,1182,1799,1012,287,1168,1215,253,294,459,744,112,1366,190,1455,55
870,1266,1432,294,1187,862,278,1153,676,279,1281,1092,58,999,1279,1084,125,1374,1037,657,1112
1284,73,276,167,656,1679,1265,638,243,1758,1028,140,1626,908,466,1161,1818,128,1307,1214,286
1603,70,713,455,407,185,596,482,1142,1839,1198,1225,1174,1276,751,1093,909,48,1156,121,1335
531,70,716,1034,1593,1566,855,673,8,1830,435,787,244,1305,304,27,1819,403,1301,1781,971
1457,6,1314,262,1804,1348,641,1507,1839,1472,136,226,1235,55,175,1306,964,1426,1819,741,1296
376,1534,177,1728,138,1737,185,772,1640,1704,478,908,35,1250,1282,44,176,1291,246,173,267
928,1294,1819,1489,900,941,1564,736,907,744,1026,266,1028,12,1280,103,219,1804,681,172,1722
598,1331,1310,1179,175,298,958,213,253,1550,257,1260,641,1307,1215,1441,1711,645,1822,455,1094
1267,865,290,823,987,1780,810,1301,244,656,1278,915,1082,35,89,475,1289,1280,245,1574,55
1781,186,141,581,1088,1566,1175,1650,1776,199,623,102,1752,496,201,594,1297,840,1306,1064,949
1095,1855,1719,946,167,194,909,590,1374,414,994,823,329,291,264,95,1292,1752,1177,1353,779
1649,1257,658,259,1305,126,25,1280,777,1041,811,55,1290,1159,12,181,1096,1467,827,1741,1267
152,141,1034,1271,1014,1297,307,717,683,656,176,1247,1173,157,1724,1278,255,1520,382,451,669
287,1256,760,478,1254,1280,1284,1516,1306,1550,1675,1721,1401,1703,1159,504,1684,573,908,1074,1266
27,485,1257,1507,760,772,1305,508,134,265,905,855,51,495,597,1021,1635,1296,965,1307,1721
1778,1685,234,1564,700,1374,1304,807,93,637,1279,1150,855,582,686,954,1840,1132,280,919,1807
69,929,128,173,641,1240,726,1804,1178,1145,106,1840,235,1339,162,1839,1281,540,665,105,1277
992,1290,1183,1296,215,45,640,1284,1278,1549,902,186,1059,1061,1240,1113,1234,223,905,966,35
889,58,1305,572,1374,1804,793,1291,1675,1276,153,579,133,213,321,1341,1190,403,1036,980,623
1228,863,545,1426,1026,63,1427,990,807,1256,767,1354,690,74,645,495,1082,383,640,165,1355
122,1585,1012,855,290,856,176,830,126,589,831,724,1164,957,59,1603,1555,1183,643,206,1648
70,875,1290,1294,152,856,279,254,186,867,74,221,320,1302,810,248,126,989,285,413,855
1256,908,1289,1018,1767,1752,1374,1805,269,790,645,766,24,1064,74,75,69,643,907,1087,550
940,1207,819,551,289,1191,890,308,92,1806,1780,1065,290,113,1781,1159,649,1172,1049,492,1228
429,1302,760,1839,1279,1391,264,853,639,694,1732,908,426,253,1291,136,148,218,902,1277,1467
1240,64,1621,1665,1647,1841,1569,1836,1302,1303,583,1307,717,916,309,1752,120,1712,1033,86,792
280,1183,1263,1293,737,1009,684,1225,597,863,1279,1245,1547,1303,126,1817,991,1276,806,598,707
796,1570,924,1783,1188,254,1294,1040,890,1280,1347,87,1763,1732,219,1579,1462,1780,1543,1285,1432
84,440,478,739,1250,984,277,256,86,71,305,1033,1819,187,641,1566,259,170,1293,286,659
50,273,478,694,1798,453,1708,108,1492,100,651,1347,83,1290,1183,286,189,658,940,943,1266
1849,1724,1805,1648,492,1158,144,1175,268,644,1401,918,1417,1014,1285,1445,309,1362,367,253,1088
1757,129,1650,1101,1161,1279,1074,863,656,1472,336,1201,715,925,1545,1648,290,1339,532,1060,245
1648,890,272,919,1780,1752,195,152,150,1158,1265,1256,1815,990,334,270,913,1819,139,1259,243
1294,1067,770,640,350,84,1585,766,1243,245,1297,1215,1321,989,513,137,1371,285,234,27,1030
136,1226,1242,422,1002,965,972,1074,1657,1051,415,392,1280,517,88,1005,626,754,285,1804,4
257,370,730,170,644,243,1303,1620,966,1304,78,1234,951,256,142,307,1722,235,670,889,1222
554,798,1858,1030,273,148,1184,138,619,883,1705,598,938,1295,773,268,1555,922,476,144,738
1778,1807,708,821,1732,1536,98,83,1821,1783,753,1216,1292,1288,1285,91,156,1697,190,1158,173
990,103,140,1304,27,1803,1281,943,1278,939,603,557,1296,1299,25,263,564,1550,179,55,1447
170,745,1132,289,1027,1088,1682,175,489,277,890,1295,1306,1712,1773,1303,1294,759,1302,25,1605
695,243,1776,902,1453,1700,971,324,1227,23,966,260,1492,574,1060,1275,823,1752,1808,357,76
554,165,1788,238,270,1197,75,1230,948,767,997,862,451,589,135,1013,1235,604,946,1208,308
1489,1622,1307,77,1737,504,294,1120,1224,340,43,24,1490,1564,1290,939,1028,292,1305,1111,1291
1426,260,150,644,1642,1096,70,87,1598,1798,151,976,915,1436,1267,90,1272,257,1374,579,112
144,1781,1284,1331,1026,531,1692,773,1161,6,1289,220,296,1121,131,274,244,1428,70,645,1210
466,1839,713,1276,864,359,1272,1076,1741,862,248,1525,728,1374,930,398,1265,1546,234,1228,869
905,1643,1601,1585,356,1807,12,1801,1675,700,239,432,1188,589,1265,1396,112,902,333,1190,315
483,588,303,471,233,1284,248,914,1503,280,325,1302,1109,381,1147,383,1018,71,418,37,917
1296,216,1166,1199,1075,990,55,290,1262,1712,436,974,87,593,302,552,323,1752,1542,621,72
804,1320,1538,148,574,151,947,1566,433,1347,4,1739,753,1417,74,1653,221,20,1022,976,247
1263,1565,1808,1485,644,1291,680,221,138,1226,24,1250,316,1837,128,335,1230,59,1839,974,862
340,263,847,1783,268,1237,1303,192,77,934,1620,890,553,1650,195,1291,1016,1116,587,568,741
713,78,918,592,922,180,1781,1348,808,847,621,532,956,318,1225,1217,631,1608,309,1397,719
1688,602,991,123,253,1037,1259,1780,277,206,1708,747,1837,1018,890,1152,1011,279,1292,1120,129
1521,22,24,1574,238,128,1229,1302,1564,220,1648,132,1149,464,1851,65,1291,70,845,320,1613
23,258,35,787,1490,1552,677,1294,990,114,656,890,178,949,623,744,1853,942,1795,1659,1343
1233,1839,616,793,96,274,1707,1846,1452,1220,1741,1094,588,1040,1306,1720,538,506,186,1238,1778
1275,1035,1225,87,166,562,1741,1608,1851,1305,494,1366,773,1417,504,264,906,1321,1032,69,1268
640,238,1861,1230,670,1290,861,1277,1819,1426,845,722,989,81,823,1296,1741,509,1328,188,235
1706,289,910,1585,1267,1554,23,1297,290,1586,1830,1277,1318,1201,1106,956,875,139,859,1712,320
1175,95,1181,150,571,273,1307,906,656,197,1524,1804,855,1142,442,1296,1251,1404,1279,516,1759
1676,645,1191,1732,1741,598,889,1216,1780,1555,1300,1698,220,1228,1849,1828,1193,1820,255,1705,1086
713,1108,76,617,572,951,1295,1849,84,190,581,74,1340,1290,1525,1182,275,1174,1689,1307,674
1068,1403,797,383,985,788,478,450,1472,689,181,1272,665,392,1824,156,165,98,1270,1564,1092
488,857,93,1093,1239,334,1304,150,1699,157,1191,1209,1036,1275,1302,1279,91,1064,1059,1353,489
1712,122,761,1773,289,1566,273,959,1279,1661,1287,855,138,649,1375,64,1249,1555,1531,923,88
890,1229,1071,863,939,914,1289,3,484,1125,1304,1534,1522,91,1301,55,1442,299,1285,1476,445
335,1851,190,581,1307,120,1302,1716,68,337,1289,175,1145,1742,621,1087,245,1350,1505,484,79
1840,547,509,1787,102,123,1297,499,138,416,1440,23,1076,1319,519,1468,74,1295,1296,1153,1781
112,72,785,789,69,245,1828,93,53,77,1313,148,83,1620,1303,1098,1566,666,1851,1167,1092
162,1769,671,170,49,976,1357,1017,1791,865,665,623,1088,1404,282,669,1294,1201,1780,1853,877
1372,220,1492,1005,921,874,278,690,468,1046,1374,1655,1223,70,514,1348,1706,86,1123,165,1259
1004,1710,656,1150,104,280,1096,1280,1141,1294,595,1497,685,27,166,1009,1840,1585,717,534,273
375,278,957,645,103,79,1230,1228,894,1349,1013,462,1620,1648,908,221,943,1305,540,133,126
343,30,966,877,27,589,74,561,134,105,1389,1363,557,811,26,1564,221,1432,68,1275,279
1374,1836,1256,23,281,502,546,151,1208,1302,1279,1811,1585,1657,912,1047,971,853,561,208,1804
118,1153,1036,1429,68,831,50,1343,1805,1839,162,1207,1417,127,768,1282,23,1104,1280,1276,568
383,74,102,397,245,305,1084,294,1068,115,578,1585,1314,486,1851,207,98,1292,1332,1035,1343
157,674,94,861,1082,969,62,1459,1288,1397,72,1546,290,1666,664,284,1216,479,855,1712,1265
1277,1276,907,1479,1470,2,1291,29,641,158,128,1019,1266,1070,303,677,1741,617,1678,1842,964
1293,1303,1557,287,1819,1266,942,182,1409,1289,694,606,1256,1630,261,383,1157,1287,708,285,979
1780,1610,28,990,1147,25,297,1680,275,1054,1290,1627,1854,987,1075,915,712,379,1741,1166,1840
1819,27,1293,1706,133,190,148,170,1240,1850,1712,801,118,1811,1612,681,410,484,1296,147,380
1686,561,1321,1265,1292,1379,1095,863,1417,644,857,1282,1421,975,194,265,123,694,993,1355,292
1290,148,303,145,1292,74,1689,273,1268,1221,1450,105,478,998,1256,499,99,725,1602,531,644
1741,152,186,88,990,166,289,167,1811,193,1279,55,736,1125,106,645,1254,1608,1089,1280,722
178,138,916,1781,1372,853,1585,548,441,656,92,1727,1011,772,90,1284,1566,1583,197,139,1806
1488,1804,1282,1167,200,645,1296,573,1250,385,1549,1164,286,1406,1374,723,599,353,1851,1298,359
478,644,521,1741,1543,1423,1818,69,807,1112,296,1841,1292,1188,374,265,189,856,709,225,444
1100,1150,1603,286,132,1430,16,985,1804,980,376,254,415,4,206,70,1853,381,176,95,177
236,1554,469,577,1204,275,1292,618,626,901,1294,309,787,807,1307,644,1264,907,75,1293,1297
1340,1445,1635,298,1013,69,1418,283,165,278,656,1145,1650,641,194,1295,821,1584,880,475,1612
74,1356,1076,374,528,1300,21,1303,1807,1742,955,1641,1301,1771,914,70,1197,1307,1296,1266,1288
752,915,1496,1851,1230,1074,50,1168,967,65,1436,714,176,882,1820,664,1242,1778,495,1279,1457
956,93,418,1592,883,1821,419,275,1037,1482,746,486,499,257,1036,1008,1300,775,784,1125,305
177,1320,1472,1145,1819,103,25,940,86,790,76,856,1804,1805,656,791,1266,1026,1294,641,1459
681,1613,1279,1012,77,1276,177,270,501,258,1229,45,1669,1721,312,694,288,706,1691,1014,890
52,1269,1019,1646,1443,712,316,78,80,1030,885,437,1048,930,1373,573,707,1397,1224,588,897
1305,1669,1247,581,1228,1798,1668,182,1780,927,114,1271,1741,1757,139,1155,1862,1121,1844,1056,105
1810,1188,1294,1558,1017,1225,779,714,1830,697,424,940,1691,1230,90,550,1145,1277,1374,949,1100
137,1084,165,154,1270,509,478,636,747,980,1013,1267,1841,1233,1686,1470,1343,1009,1804,263,29
1307,1416,760,283,1545,1761,1459,23,181,507,1276,123,656,1081,479,1289,950,1166,185,1306,1500
1305,953,1298,1288,18,370,1752,675,1555,1324,1281,1268,1836,1013,991,878,1747,914,1301,644,572
973,907,70,1752,1759,1125,1651,572,1149,1030,862,1226,1307,847,1300,307,1732,522,186,255,1183
1099,156,717,1685,78,478,1798,1003,1771,57,23,125,1164,842,1076,1279,1566,309,865,1387,924
669,863,402,1148,292,343,124,1796,917,1544,918,1220,677,1620,23,282,490,1811,459,1068,1695
98,1300,1307,1071,708,510,80,740,1099,1298,675,901,1256,235,1299,1280,950,1282,94,1276,939
1697,596,185,504,1096,1669,213,89,363,1272,307,1732,1436,1804,569,1277,1215,717,1113,1005,1692
1166,83,1279,25,1160,1830,193,1337,306,639,1621,87,1150,1306,1294,253,863,1307,1641,1085,88
1012,656,1843,688,1093,1731,1704,568,1175,748,1791,1712,175,1008,523,1108,1290,1628,1741,1275,144
1591,1206,1472,70,224,533,1214,1776,260,1318,970,309,1288,1706,754,186,100,1691,1279,694,1092
1304,751,1125,785,1301,1557,1730,214,1249,1213,1223,1470,1267,177,526,223,1625,811,1661,992,980
275,436,1689,1830,96,70,166,1259,105,751,1648,823,128,198,565,1043,188,696,1285,1352,1276
499,1787,1808,163,1216,1566,290,1472,144,1709,1756,1776,864,1011,344,288,1844,1182,1775,212,1841
1156,1673,890,1564,1404,1098,1374,1500,1648,235,1747,1033,189,254,833,1306,1752,1741,262,71,549
1286,772,476,872,503,1252,1732,766,254,510,324,353,270,1303,478,1306,1585,1324,1361,1084,1181
262,1290,1430,623,445,1459,22,1067,105,614,25,26,465,129,354,1781,857,305,782,1213,320
483,332,1157,809,59,1412,849,914,1279,1307,288,854,1808,677,147,1330,176,789,847,917,1026
1190,1250,1286,75,1230,931,105,625,1727,656,1129,1297,188,902,1374,156,1829,679,1812,1182,1149
1382,1232,598,643,1828,826,1811,1105,740,589,1163,950,411,83,1287,685,1327,1018,1221,1289,1430
1408,1618,18,946,564,1685,157,1712,245,645,747,1508,272,233,150,337,990,449,604,187,407
1521,1617,1306,723,39,1374,76,1294,1282,1663,529,80,621,705,626,1508,100,1183,722,1159,1472
909,190,1303,1153,1819,1805,139,448,630,1250,1783,358,322,1119,178,162,911,80,87,641,1323
1307,27,765,1094,1295,991,974,77,1741,381,1333,560,1075,1288,474,670,1497,35,774,1243,1489
190,623,176,29,1752,1546,875,1759,27,1576,478,533,640,231,148,219,998,1279,167,894,1509
112,871,1312,1036,137,806,1613,5,1778,1439,4,374,291,1712,253,256,395,306,1084,1293,1052
1287,1289,75,293,1604,867,1690,1169,26,70,972,1389,1084,1155,124,219,707,515,152,1189,77
6,811,1182,1305,579,1547,108,1045,275,934,1299,400,1307,665,1005,824,1036,1830,129,1676,1017
23,1665,1093,1067,1098,833,27,229,690,478,256,1290,1447,76,1041,1130,440,21,1263,306,912
890,818,1549,1111,645,1836,119,914,976,1839,1819,1470,452,1265,1359,1295,1446,957,207,1160,1658
1161,264,108,1279,1178,493,570,1783,382,532,279,1819,1277,499,1564,908,280,737,829,8,1291
1470,1032,273,1257,304,1489,220,1768,778,993,1279,1068,909,1776,256,1850,907,598,1426,245,287
477,1137,944,374,989,813,687,266,1732,806,163,1534,1223,293,198,1847,617,974,320,130,1295
594,1125,297,1612,1064,1276,1036,629,819,977,1015,305,1511,150,757,70,185,312,1524,1235,254
1492,1304,533,1220,98,833,984,1752,857,123,316,510,596,1361,1128,664,1295,452,613,89,1847
307,1278,86,1063,920,856,194,1276,4,1216,1296,1232,847,911,1804,88,1396,1350,26,465,1293
338,1089,1853,1778,1534,1830,1780,1467,840,574,279,74,828,1484,1849,1515,1846,1071,762,1167,1784
811,1732,267,123,1472,177,257,499,853,1391,802,238,1036,1801,813,1069,1267,1116,1805,779,1778
383,855,74,1290,27,909,1064,1277,93,1091,1289,1844,1305,259,507,1214,308,1243,1072,280,23
1306,1542,260,220,1145,1852,890,728,1305,1667,1230,1132,984,1307,234,1502,1065,1626,1697,1424,1279
28,1746,531,1146,1148,764,402,54,621,1282,327,169,1843,1197,1780,644,1328,1389,59,1480,399
1276,1756,1133,842,251,255,506,1237,1142,1284,1492,119,1307,1839,241,536,267,70,245,27,1274
964,1128,442,100,1161,1563,1711,233,42,808,1097,494,243,490,199,1699,892,1555,547,1354,1290
1041,1566,804,256,1120,78,461,1834,1752,16,624,613,74,1205,1406,1262,848,441,305,1275,1152
716,3,862,1338,286,618,1564,121,1648,18,1840,134,129,309,142,1374,859,1843,213,1292,990
1276,1817,1811,1303,806,90,374,606,891,1458,1215,641,91,865,856,146,246,1160,101,1813,122
78,37,274,29,1238,1847,1291,1278,1561,261,429,1035,617,170,1049,268,324,1021,572,720,165
1555,268,678,146,953,61,1534,1300,274,1132,1366,10,499,568,1291,475,106,1128,1569,1585,1007
1337,915,27,991,445,1491,1627,722,1818,1163,500,1294,1843,1502,1077,1574,892,1073,1477,1206,1555
1017,402,192,1115,1191,291,1741,1076,231,271,279,804,1295,1757,400,1277,220,1012,88,99,331
234,1086,484,1595,266,1304,281,740,1257,148,10,1768,181,643,49,59,1243,598,379,256,1706
165,1267,195,775,1277,1229,275,95,1822,1224,1806,306,914,166,62,1305,1783,26,99,1805,1256
1068,190,1643,1012,1500,28,610,22,1819,253,1585,999,844,1451,473,1279,234,536,1659,1302,1282
101,1530,23,1589,639,1430,1374,1117,1277,70,184,277,1026,1482,1555,1435,528,140,1781,115,1015
70,1239,467,1257,209,1270,1215,1787,286,501,918,21,1300,1291,720,246,772,1263,1503,195,78
530,450,1841,292,1474,999,574,990,1748,1166,1086,588,1191,1281,729,478,146,57,1182,689,534
1012,1850,18,1732,1334,1712,827,1554,913,1294,1301,1088,341,1009,1222,282,1314,656,597,402,1230
1822,397,1278,1277,1707,1012,424,1697,1256,1306,193,1207,26,1830,985,1783,27,1468,1305,644,1778
1585,948,90,1300,1776,763,61,253,1374,1679,1245,1260,1267,64,86,251,1839,1844,35,274,312
489,430,1472,1348,18,107,1029,1503,450,1105,37,223,1279,389,133,147,297,140,930,1178,1230
1806,103,540,1712,46,1781,1604,577,88,531,1291,717,1278,379,929,121,236,1279,1276,1298,754
1076,454,1116,745,275,425,108,822,303,1417,1328,1290,1289,70,147,1288,195,281,363,138,233
25,1314,383,138,302,991,903,1249,63,1160,765,165,1294,1780,1289,290,944,1253,1378,1393,1217
1754,271,170,644,596,956,1285,1175,1712,1286,99,549,914,1103,277,1069,223,20,855,4,324
241,1362,1774,1189,1294,244,1024,175,68,1279,1859,1290,712,106,1152,98,1711,1211,1819,259,659
134,1648,1306,1820,189,1556,74,823,1654,200,1154,1279,1330,175,1017,1447,1280,1155,1282,621,302
911,87,890,1111,402,791,1302,1174,1680,1627,1277,274,987,917,266,571,1851,1306,136,303,1344
708,266,328,319,1682,1084,1619,1018,67,640,24,1301,374,290,721,1013,43,746,1298,1337,129
1275,1353,219,1669,152,1389,1639,173,1472,814,126,961,826,1332,970,713,1192,954,103,1374,1282
541,27,539,121,79,375,114,245,1840,1648,1280,1741,1132,588,740,1804,1830,1281,137,925,1254
1564,1542,700,1246,461,1301,914,1675,1566,220,1187,978,533,1777,1102,855,976,493,1129,223,428
781,99,1472,1107,645,1018,1305,1469,348,280,137,1426,117,1034,138,76,62,118,983,1028,275
1285,1581,220,1836,277,1778,833,1249,990,1748,1305,1494,848,80,488,1298,1007,1844,1127,375,1538
1638,274,1125,2,445,1285,1366,1759,548,39,282,291,1280,669,359,686,1188,592,621,220,1166
462,1841,1426,234,1257,621,61,639,113,1583,722,1687,855,745,1839,184,645,1074,254,579,1513
757,1372,1118,579,266,371,1104,911,113,1173,1568,365,742,903,640,223,874,89,1374,521,374
850,669,135,859,77,1360,987,1829,623,949,259,965,1075,40,640,1305,265,266,1840,1048,999
939,57,656,1711,1291,306,1748,283,1538,68,1340,70,1072,305,294,1165,148,400,237,59,423
351,728,1278,1293,796,878,1784,282,80,67,1076,1270,979,1306,217,503,342,1290,297,1148,459
566,152,1712,571,185,763,621,1752,1776,202,532,418,1288,1095,1804,1815,403,1741,847,704,1754
1290,1275,1564,46,412,1710,269,1199,1728,1470,100,1207,188,1114,138,1096,685,291,930,985,1037
1372,279,997,1482,1591,94,1669,316,1314,1305,1794,1224,122,1005,1676,574,632,292,1418,166,222
1550,1576,247,864,176,1036,1829,356,1500,1520,710,119,45,1282,70,185,995,200,407,3,717
177,1154,1243,1565,260,1093,1277,1304,1548,1415,695,1103,1294,1488,1028,1731,320,1012,686,913,911
144,548,1223,563,307,198,1099,445,1193,95,1832,1410,752,1026,1722,70,1084,1662,1783,195,1279
887,790,61,1178,1844,92,222,1303,489,1648,335,1821,1279,1680,1125,1590,1289,135,1266,1296,164
959,992,1306,83,524,1215,100,23,186,1689,340,197,1305,17,659,802,1076,303,807,1038,1276
1306,1298,93,1348,65,760,73,642,256,294,84,1307,1249,1279,146,1374,1266,1296,87,1294,157
1217,469,956,1543,656,886,1290,585,970,104,771,100,91,1085,199,1242,694,1291,890,1225,1302
417,1270,4,70,696,1710,978,1266,1341,707,214,229,1289,114,1555,30,374,1040,1033,1286,1741
1295,768,1309,588,1752,34,157,139,235,919,1297,766,114,1550,913,273,1595,1552,589,1362,407
1581,1076,919,150,1762,305,1548,1780,1578,105,1267,990,1182,983,1513,1279,902,512,1123,1804,1281
1043,835,1153,1072,1176,713,548,1701,478,989,244,1168,555,1280,610,1297,884,1207,1199,1276,1136
1741,123,1306,1242,137,695,374,966,1307,148,1160,1791,234,114,954,1168,917,1292,1695,1839,1472
23,910,1259,1295,1844,1064,1566,1657,126,253,1306,863,1692,1302,1217,420,1160,870,121,1301,1787
1839,1063,1179,66,1851,901,305,1285,921,139,325,1741,268,36,148,656,1034,749,24,1181,1689
123,312,315,548,1282,644,223,1108,1038,1307,1243,83,1558,990,1679,165,1278,946,1280,1729,1302
246,139,1676,120,27,621,1322,1313,294,61,1518,995,70,1291,1337,1648,1056,145,1022,475,1780
537,186,1477,116,102,568,1648,1306,639,641,1296,1050,879,293,1019,1421,745,23,953,1251,1168
1828,1812,1169,261,1795,1158,1282,484,1305,1032,359,787,923,1297,485,990,1609,156,701,1847,27
748,993,1290,1279,1276,1296,1028,95,65,1820,1222,253,1818,479,1234,950,1138,1852,1009,494,219
290,181,1383,913,258,114,1314,281,983,101,596,32,664,687,989,307,1618,1367,1216,1732,1574
93,543,1306,1628,1400,220,921,454,1498,1426,99,1290,1011,811,1539,1350,1601,101,179,1721,92
18,1297,262,1603,1853,1301,220,1267,71,1769,1305,896,1426,1490,1237,201,1086,309,1108,1097,176
1183,985,1312,309,119,416,645,583,306,99,179,1353,1307,1585,606,1224,1604,167,1076,1047,1712
1289,27,694,25,1288,1042,917,1102,1099,1217,93,281,283,479,1165,1172,1266,24,1197,303,187
1808,1753,1118,411,250,208,148,178,189,1701,468,902,273,112,1263,1538,1128,1257,990,120,1244
1275,1454,433,1206,1824,141,800,12,833,1569,424,1242,1068,1302,284,182,255,148,376,957,740
1224,1824,1534,1741,1341,343,179,126,1298,973,1279,640,725,245,1038,1284,691,1281,1307,312,287
1301,644,1183,1233,867,1169,697,70,983,91,1840,1312,985,279,1049,1216,1066,58,677,865,1529
429,17,1432,76,194,1021,811,1805,137,890,1585,114,748,1298,143,1334,1105,1282,1552,474,325
426,1333,297,990,4,1242,105,1007,1149,478,63,1068,1785,1158,412,415,1304,1712,570,385,1476
890,462,140,303,270,148,1305,1290,1285,217,558,1113,520,708,667,1294,530,1621,294,1138,1370
1804,1752,487,114,390,798,152,1267,166,950,687,1640,1048,104,80,1132,1040,455,854,1783,79
193,312,1042,743,1234,568,306,475,1216,1400,990,1349,1754,1650,964,1555,754,695,1278,267,621
35,375,101,436,1093,1341,257,610,293,1644,338,287,246,536,74,1313,596,1183,112,1171,562
926,165,117,1123,135,1277,611,1366,88,955,908,1282,128,780,1307,696,1623,1651,1498,278,645
833,1729,845,1555,186,179,261,1285,150,1122,1830,881,1277,964,1781,275,394,266,1098,92,80
114,1279,76,1789,101,550,618,281,979,644,292,990,1071,1605,147,1741,1811,1409,1288,193,1850
645,1300,568,484,126,905,1297,1770,1304,1781,176,776,1513,1838,100,1502,177,12,811,320,451
1291,1773,863,148,1339,1059,285,193,1374,312,890,1134,639,277,12,90,563,921,835,1277,1657
238,907,25,358,1294,1607,535,77,902,123,656,1786,1759,1152,280,1654,1741,1067,193,1426,137
992,1543,1225,938,1276,1733,1182,13,204,1036,1282,166,1341,1607,1801,1148,548,727,1566,4,1303
221,1620,1293,1681,902,194,1128,69,1274,396,1145,1064,948,1005,1501,417,1534,507,75,167,1752
376,903,290,1287,478,644,1343,1752,1749,70,150,342,1288,112,170,1305,841,258,645,270,306
1279,1780,1291,191,1301,1611,433,1180,140,1296,931,952,531,511,1002,308,935,623,1183,267,1213
82,257,1210,135,1819,1325,1236,1294,990,1409,1286,462,327,984,1138,1691,470,938,1247,1732,1451
885,254,1843,496,256,1648,1016,1756,51,1255,222,1591,1840,139,1291,1604,1841,291,1301,92,990
1648,305,214,645,1579,1272,1160,1177,1041,1426,93,86,1240,140,1362,990,4,1350,68,541,1820
1741,1555,1125,1692,468,811,1306,1246,355,285,1235,532,1817,1329,414,23,1048,1015,752,729,376
564,1290,255,856,113,287,1272,1280,1845,1150,258,1230,1033,990,1191,31,1533,478,1040,588,1294
807,664,1224,296,1657,1222,451,1679,1007,244,1839,134,271,990,1470,1119,1377,1546,1060,1555,890
297,475,293,23,63,88,1839,1276,905,93,77,1830,855,147,1366,545,641,1072,1182,382,1136
74,1547,1299,913,9,1230,157,337,1112,689,23,284,531,1374,175,245,1148,1773,1243,1276,178
1280,403,1737,1853,889,1191,884,1757,870,1182,1305,917,1294,18,1830,150,137,90,201,75,1835
1034,1517,29,177,835,327,1674,157,91,229,768,94,1305,1737,1228,400,1220,1544,338,308,1297
1555,272,914,284,1084,190,259,740,1585,1712,855,1566,1018,1182,374,1099,30,896,27,1191,220
1268,45,1697,103,845,989,779,999,509,95,911,166,288,226,1223,1192,1281,696,1163,13,286
1780,132,902,1281,529,237,1289,282,639,960,847,1120,1712,890,540,1779,1276,1566,1183,1697,1294
890,335,307,1374,74,1092,1553,284,77,150,29,297,1093,596,1780,641,675,462,253,588,27
55,1346,1121,1574,139,1712,1002,934,955,1768,494,18,1472,1296,1282,1019,105,722,220,33,990
1738,112,181,1316,1488,386,918,1733,1286,1298,267,287,103,270,1801,269,219,1839,641,984,574
806,74,1555,1289,1154,440,1819,897,381,1282,122,911,147,543,1775,1722,1807,613,1805,990,178
1238,1489,39,645,1426,1579,17,151,953,121,1294,1082,1564,1732,639,1284,301,730,475,115,1179
1094,821,284,1819,1533,1305,1574,245,890,27,739,548,1292,1648,1018,203,1215,150,449,833,1076
767,914,1074,898,71,206,1307,295,1819,466,1539,27,645,1151,1263,1658,268,920,308,197,363
416,1293,766,1265,1295,1289,148,25,135,1292,1529,700,138,1160,1307,1566,1784,140,26,180,1613
1281,603,467,641,1125,1726,1157,1307,100,160,954,499,219,540,501,1279,1488,917,146,1097,738
128,907,1024,806,1175,1721,290,1099,1648,998,1291,1269,1,1160,1722,438,80,134,1228,1293,308
1547,514,1417,1704,537,148,1282,72,411,1555,846,1346,1732,1838,1472,1566,540,1228,688,67,747
275,301,267,1013,1709,258,909,1247,540,148,440,1778,81,641,525,1150,269,1691,535,779,1311
1367,123,478,219,1398,783,730,126,410,267,1523,962,1106,418,137,79,1217,1689,1840,1305,1669
1805,1359,923,915,1561,998,141,890,1245,1294,68,1199,1778,146,1673,1804,1354,285,1062,639,1206
1242,1728,27,88,350,1555,1302,760,1741,1623,290,1298,61,374,351,275,1804,1651,975,158,1847
889,943,1034,89,152,165,175,343,1247,151,1083,1113,516,855,294,1804,754,1227,1555,1546,1162
1564,1276,1776,914,374,842,350,1106,1273,1816,1752,181,529,1417,1278,855,1689,536,1812,1817,1112
294,1741,1366,1013,1284,281,1550,1807,1237,883,1673,1253,70,767,1205,1554,889,949,1593,104,129
373,104,890,779,926,344,567,1128,445,89,1298,1297,1000,1123,1798,1305,190,1280,246,264,1355
144,186,1190,559,913,1075,374,1784,81,890,281,1476,1300,603,581,328,1711,1426,27,491,509
1158,955,1190,1280,75,282,1770,1150,256,1085,457,1292,1732,146,1335,1020,857,1060,1549,1002,190
1459,1593,645,418,914,98,1741,1173,984,954,1251,1280,195,41,1534,297,1279,1300,1759,1544,134
1001,461,1778,1407,286,244,1783,492,193,908,190,1144,1126,1279,1676,1275,374,1819,875,1242,1538
1585,1836,329,1470,685,1808,1844,1030,1294,1811,309,1504,989,1168,239,703,1728,479,430,193,1842
1776,887,1181,42,1069,190,79,1460,1531,1042,1374,321,1536,145,1099,1550,575,379,129,1013,1657
1136,1449,1305,1009,62,1302,203,126,186,744,759,65,360,1841,395,1544,226,1077,278,54,977
159,640,1330,354,1076,1356,128,1307,1854,1128,1132,1563,1125,1224,661,72,1115,268,1277,514,1426
1052,229,241,1129,589,377,817,142,688,929,1104,294,39,1289,1805,92,343,415,1778,1284,478
967,255,984,740,903,1552,1095,129,1307,781,1295,713,1190,88,221,101,395,15,181,1278,1215
1161,1076,1804,1266,1807,1476,862,1216,220,394,93,1459,105,177,908,70,641,1222,1277,1275,76
1441,933,1090,852,1306,1284,1759,335,117,531,1807,108,857,532,640,966,686,303,821,280,907
1263,1533,1544,1224,1517,138,1271,1293,265,983,219,1155,49,1607,1279,636,1250,146,823,1222,234
25,246,937,37,1819,195,970,1278,484,457,1058,1270,165,1084,1223,1518,1740,1284,286,128,1176
1741,308,811,1305,640,758,689,1082,531,654,127,175,1041,1016,92,195,943,220,119,1720,1039
902,778,1291,1711,303,103,283,1350,674,222,767,27,117,645,1150,632,192,698,1305,1597,855
479,598,1113,1306,1691,1415,805,990,1741,1293,269,228,1840,120,1507,1338,1246,1000,1207,1304,156
731,136,94,1714,1776,687,327,1536,96,1075,1136,1804,656,1488,284,1227,196,940,295,946,1008
270,280,265,511,1295,551,598,1781,179,1287,1457,1818,1088,341,1223,858,793,137,132,1147,139
550,1076,1146,807,92,559,1247,658,1075,1179,12,1820,1239,1214,1090,1397,855,1342,1294,1861,950
176,503,182,1305,1821,1245,1585,613,829,1728,1770,101,1030,835,974,1778,150,1426,571,1741,636
126,221,123,96,1705,644,177,965,1238,914,880,1123,1752,98,1628,1284,1187,345,422,1783,1654
1555,645,1426,900,939,1711,28,137,776,945,65,1240,1254,1234,1237,1551,303,105,1017,1299,1547
974,540,1304,897,1857,1842,274,1374,89,1295,193,823,114,315,286,640,1446,1783,459,302,1571
632,1112,1123,910,859,875,1819,373,1829,53,824,93,166,27,120,134,634,274,1365,1332,1208
1020,954,1770,1348,1144,1278,452,1295,1211,374,1838,1578,574,1392,135,1293,87,1279,1550,296,106
1780,259,233,243,205,1299,1494,801,1564,1313,1279,1235,1284,1291,1838,622,409,644,1290,1294,100
1560,1348,1598,989,1741,45,67,1694,493,1804,1564,275,995,150,306,1827,1499,1307,23,89,1472
1584,978,501,1790,1232,1295,1737,1284,1752,337,1071,294,306,1785,1260,1841,1440,264,1659,285,693
856,221,179,151,30,1715,1555,725,1305,1277,402,1340,1343,1534,1276,781,1115,1778,178,1689,955
220,467,1301,1530,1712,1741,30,950,1106,1714,21,640,289,176,1234,849,1225,784,312,80,485
105,280,583,268,24,1467,1604,1161,1250,140,99,1752,291,1276,1856,91,807,85,1304,1076,717
152,1585,1236,1298,1307,1627,1561,1267,995,989,1227,1706,1266,579,907,99,1722,352,777,1302,136
238,98,1479,1123,466,744,463,1083,1285,1182,1095,170,1759,212,122,939,1770,1161,430,1012,943
278,138,74,290,235,104,88,613,492,515,1305,1855,924,686,1094,1362,1718,1566,1272,1778,509
722,1182,1759,1067,643,645,1078,1024,178,1716,540,1846,1844,1364,1111,146,160,84,1005,1804,1841
465,190,510,1017,308,383,642,531,1084,759,12,150,596,930,1303,566,1119,1246,1305,129,1167
273,1498,1376,294,321,1305,1414,268,1634,1214,1294,1289,112,290,1257,1160,1374,1523,1840,1798,1074
1348,1281,996,307,1298,281,1259,856,284,1543,574,1333,1432,1752,672,859,1257,359,122,973,924
1472,1585,1307,262,175,1191,77,363,1037,478,833,639,1284,24,1550,1298,1555,1842,951,132,1855
25,170,630,547,1136,817,1271,1168,645,203,984,173,607,968,1581,1079,1339,1091,1274,943,509
335,1257,1845,282,1304,131,169,450,418,776,1787,297,1366,1472,444,1148,1293,1266,927,1741,1259
1265,1076,184,1516,451,902,377,1611,1191,383,167,966,1188,1233,254,683,1607,193,521,1085,452
1314,1674,1247,325,267,1839,1350,1267,625,323,259,1566,1083,1088,946,108,1154,165,1389,1294,936
898,1469,165,151,220,1183,1549,137,493,588,855,922,1280,1467,1752,48,990,1179,1836,1073,1297
246,1093,97,1855,1648,597,879,298,287,1284,1583,1185,1757,1223,102,1168,689,1074,164,221,672
279,1218,1682,866,1352,1084,805,1353,640,302,1274,1595,1294,68,596,1183,152,1339,474,176,1176
1780,1182,867,1141,1138,179,811,645,1012,1254,1291,1550,656,1859,103,178,1040,268,1817,1034,765
644,302,1188,1639,1752,1289,921,1548,1271,93,1193,186,1695,372,890,1298,136,1291,1282,1150,17
1770,687,418,828,192,830,1178,309,65,1500,87,1099,1051,140,233,235,1076,290,1401,1169,203
1029,1704,296,101,297,706,152,1337,27,1669,450,1073,1087,1566,1500,1294,725,879,392,901,1229
310,1297,219,180,1681,627,1306,656,1303,232,74,1582,1032,1353,1028,1201,241,1842,1226,1294,1740
811,852,1175,266,70,371,137,1775,1184,1832,303,1744,44,1741,1076,1141,77,746,1160,53,1216
1224,1752,1276,1781,1124,181,76,1621,281,65,614,1349,1819,654,70,696,406,1207,284,258,267
1291,740,1732,1263,915,176,87,1307,223,1053,1305,890,285,1009,1350,1243,101,1811,990,1842,1280
1564,656,715,1073,1072,308,1295,1045,1749,460,383,767,220,1282,1302,1129,139,859,1585,522,1819
150,700,116,119,112,364,1801,603,12,1262,656,645,1170,680,297,79,152,576,927,519,1109
25,203,281,167,92,872,1279,1240,134,1220,274,69,303,132,305,65,990,1290,1067,1082,1770
126,494,244,1644,243,293,1224,1404,70,1566,83,1789,905,819,262,1290,835,85,1215,847,196
1765,656,645,374,590,1299,98,1837,646,756,1233,1297,260,1669,303,1658,1543,640,1705,1804,94
700,1426,1076,659,461,262,1169,1284,1026,1561,1216,1719,1732,1257,1276,1372,1432,830,1103,87,1183
1292,1585,476,193,765,1307,914,686,717,1780,149,174,1353,1296,581,450,1851,719,1543,90,919
1343,342,478,1074,1276,1088,859,1621,874,811,917,835,646,1296,374,1071,780,271,467,976,1339
1707,907,867,354,1270,1257,1811,1566,853,864,1674,1306,1116,201,243,651,1417,1347,1781,917,285
1158,954,167,1544,565,985,1533,244,265,412,1069,1305,133,1162,288,1276,1501,27,1356,148,995
46,1199,209,1076,993,1289,1059,1353,1064,1290,22,1555,1801,1265,271,730,1082,133,1372,1130,499
890,142,972,1426,545,110,1290,1457,1300,267,1227,53,1783,1012,1287,65,1552,1295,1306,1842,1277
341,1110,451,1305,1659,249,119,1545,93,87,688,1343,1839,1155,3,1472,972,1840,70,1752,92
1299,1270,1668,802,598,478,243,1222,95,1504,1541,1145,1303,94,840,1729,536,688,999,86,170
451,190,1260,1166,475,1279,1467,1372,92,1186,413,1154,1853,902,1630,137,1509,914,957,1841,1658
95,1426,1289,1024,548,248,85,822,1257,161,141,452,121,1247,212,1076,1776,1226,510,1108,1669
953,1491,648,1564,221,484,790,254,598,1554,121,1128,1279,1855,1305,656,1433,4,1192,1234,1529
1183,1296,1275,234,1598,265,1128,1123,352,1585,157,166,1750,1076,1174,484,1389,1811,1039,200,221
885,167,1291,1243,1732,761,588,1303,292,500,746,46,1222,133,1581,366,1778,1741,1276,1302,1568
27,780,1166,1188,1610,146,1768,270,207,831,264,1088,269,127,124,856,1353,714,1197,1843,339
1238,1038,376,1123,78,1780,1776,114,478,25,325,1747,834,567,1719,1068,545,88,1294,1299,1523
1233,968,1278,1491,1618,929,393,205,1295,1305,185,83,123,1302,880,1063,103,1267,589,1068,1745
434,186,148,283,1375,1648,1599,1301,1036,1302,559,249,1306,112,764,1469,1307,1076,1284,1374,175
1266,1585,854,303,921,186,244,321,1430,1278,306,1182,403,832,770,1306,579,639,910,94,180
997,1674,353,49,1076,1289,1290,490,285,727,185,200,1242,953,903,1128,1830,599,1432,1472,1323
1087,1243,1303,103,1073,644,320,266,1712,1291,260,655,315,278,76,1500,540,857,1364,782,1090
1276,489,642,644,436,1173,178,1372,913,1291,1564,686,813,262,24,598,641,286,848,1811,1157
1289,49,1712,147,627,108,1695,1740,274,1076,1747,955,1318,25,243,1741,278,285,1839,1652,1675
1297,63,1306,1296,1462,1585,1777,4,879,1129,1715,629,1263,919,78,1301,102,473,964,1128,509
373,1179,1257,471,1727,83,743,1167,596,1300,272,1284,1093,302,290,1852,411,1564,1618,155,1585
1651,467,525,1861,86,99,999,1218,1585,1169,1388,2,809,1580,1268,106,460,1836,147,176,856
1543,1015,493,1138,875,1276,1040,1288,1295,990,1843,289,531,579,312,640,1265,1721,583,1131,1026
1277,651,298,1279,1263,435,914,1846,293,1345,1863,204,573,157,629,86,990,478,1811,1108,436
1210,502,1778,1840,328,1843,1289,1830,1152,1312,722,1257,142,1180,568,1741,858,431,381,202,509
202,1034,250,1093,1296,1814,90,208,656,768,1270,1692,457,1618,645,79,96,1604,529,1145,460
1307,1242,1474,1711,1069,948,1343,509,234,1555,853,430,1176,444,1088,540,966,1353,101,1566,133
25,1850,1282,1220,24,506,33,1269,151,1040,1289,1295,292,444,1409,913,1759,91,634,69,1048
1222,890,723,877,1201,56,503,1605,1780,1483,192,1585,1073,1298,275,1100,497,779,1246,648,1225
925,1609,1086,445,689,95,1191,1585,510,570,71,198,982,1076,639,649,487,404,1282,1284,1361
955,261,258,63,1179,92,1731,1741,1071,275,658,1290,152,591,707,1480,308,1817,1617,136,990
1681,1289,1401,70,989,514,1439,1734,586,990,220,277,1147,87,221,905,399,176,1015,1271,1550
1281,104,658,1312,527,1305,87,1094,1225,1231,417,1148,1841,24,890,729,1819,1688,811,158,245
1041,1780,131,100,1752,1278,11,1766,917,904,1777,70,1585,1289,139,185,212,1714,367,1266,342
1297,302,223,1839,919,1752,1279,1165,1034,1061,561,65,1093,966,1806,1300,1741,1539,188,845,197
1113,973,1474,65,1790,127,895,768,484,1071,990,166,1306,1753,494,94,368,613,1303,645,1168
86,71,944,1780,219,833,645,1427,1583,856,333,799,801,954,27,907,274,1662,262,267,1410
62,1417,1546,320,76,722,267,1741,1307,179,1648,1631,1046,270,1225,939,741,793,1280,902,1197
1106,369,1222,1292,1123,129,770,1801,1477,645,259,163,739,713,1263,1776,720,1285,392,780,1065
955,531,280,141,1529,483,1243,170,562,1302,1542,1430,260,1555,296,202,1294,1089,127,272,1811
1798,1737,671,252,1294,1624,1239,770,644,487,295,1267,1182,1176,40,598,137,682,436,520,1125
1593,1430,1367,1062,253,990,381,79,1706,296,1217,142,352,17,1065,1204,1311,1138,1182,897,955
1306,136,180,596,1097,1248,1787,1532,1852,289,992,416,18,1087,669,50,623,1847,1164,1276,856
1297,1432,1051,1851,1036,88,1372,1305,1853,349,1022,855,596,1306,1369,1072,1752,1290,998,165,1648
231,1136,1472,1282,1225,755,74,335,1403,147,1841,32,234,1285,1228,475,918,1399,1163,285,1343
1555,269,1183,823,836,243,1159,234,1752,101,1727,1374,280,1303,1710,671,1266,281,197,1306,312
1289,1769,1585,1280,1537,1296,1145,795,325,1094,1752,429,345,1706,804,91,312,1776,1301,1101,275
219,1432,641,1132,759,312,823,274,627,1704,1654,1804,255,289,1028,471,1801,71,534,1426,74
671,708,138,1088,297,602,1247,245,1758,1266,1282,1547,140,1232,1749,917,1417,12,1440,833,181
1544,399,1129,1658,1289,264,945,925,90,494,463,1457,1520,1167,1307,862,149,596,312,716,157
1806,989,990,177,374,862,91,946,14,917,550,1182,1138,966,1068,980,1009,910,1258,851,1276
1360,656,908,549,1028,1305,641,1467,1518,865,1281,1279,515,24,1093,1222,1711,729,1354,274,120
275,86,645,1778,194,1234,669,1101,739,83,522,740,908,1817,101,455,20,478,11,716,255
982,246,972,1234,645,1791,178,60,1648,785,129,870,655,1172,807,1547,12,313,811,37,100
1166,662,659,1273,1056,954,990,1276,377,75,256,1374,1555,92,1840,1550,624,1306,1086,779,1721
927,1546,74,374,1052,135,1804,105,1067,185,181,87,1225,1306,296,101,1249,1648,1432,1020,1163
544,1749,533,274,176,89,1011,7,14,321,379,975,717,890,604,1188,150,881,1811,178,1305
287,1513,1695,296,1729,138,1333,875,1303,479,877,1207,1155,694,630,27,1840,112,139,1698,289
1346,1022,681,120,429,1472,1752,623,1304,348,315,1005,790,984,1851,440,1279,328,260,1564,126
27,577,101,855,1016,1849,193,97,494,782,784,1303,1161,507,990,775,934,1539,261,519,1249
89,203,1013,27,531,862,361,128,1776,1415,1551,7,1729,1169,293,1839,1431,1139,1291,1374,1545
750,1360,1014,1704,1292,937,1079,1195,1207,284,165,1301,170,875,1280,1183,33,954,1116,1655,916
156,1296,282,1303,104,1780,155,133,1156,1544,1545,1028,1149,27,752,1399,1520,1344,1254,192,1248
337,91,175,1299,475,1233,466,1712,1355,638,7,120,308,25,103,133,915,883,141,212,1184
405,641,918,495,150,1269,1076,1180,1243,990,1285,627,936,1291,1026,1365,341,797,650,967,856
1265,1564,1145,1263,1155,901,1748,1566,59,640,1303,1762,28,478,1306,1336,961,201,581,1280,89
1294,222,524,403,1851,105,89,52,1202,490,642,598,1711,1217,304,64,1369,825,1230,1289,1722
1355,284,9,1292,1570,93,509,587,1028,791,484,1051,148,1426,645,1751,639,86,1805,105,132
1230,510,1567,100,1783,984,137,200,1166,1811,1830,18,103,1233,754,1086,94,1294,1778,1852,1546
1052,168,58,1448,1670,1372,1285,1306,1491,1305,144,24,1828,760,221,1303,1654,176,1811,263,756
1781,404,277,772,129,386,1564,1253,1839,823,1297,1039,1233,450,1843,1335,701,430,1088,645,348
1040,235,911,1625,1302,1222,1796,466,50,227,901,1551,1343,92,1705,220,1642,1851,700,1217,679
579,58,957,1492,568,289,806,1293,845,754,99,433,945,1498,1555,1254,266,641,1007,292,980
767,1768,100,417,1842,1827,598,936,1303,76,1476,420,536,144,1754,1426,245,1233,1168,158,308
1296,149,3,73,877,289,1550,1781,1347,353,1469,1712,190,27,990,1125,1016,1223,264,1001,474
1452,487,1304,403,175,1837,1182,95,815,963,1034,258,357,476,90,699,1819,483,1105,720,1774
1282,1298,45,1781,136,1253,853,255,275,321,1610,285,1276,27,855,1076,1318,1265,1389,1301,1028
1293,145,640,1280,142,623,84,655,937,272,197,57,1595,1447,1279,94,893,74,1290,696,1481
59,89,1072,61,1440,87,970,1243,1603,1093,1281,377,341,1230,608,1066,1790,1208,101,100,1276
1276,178,1355,990,1732,1352,1374,1483,148,934,770,114,1375,138,1279,1248,1067,219,1266,94,1673
309,905,699,74,1284,361,1585,644,893,857,1579,105,669,1025,1776,561,1712,1277,1276,1279,63
1061,1216,1305,1524,1564,478,1542,15,309,494,200,1238,282,91,1303,1243,847,1280,737,515,965
1145,916,889,221,27,1279,990,127,1183,478,64,291,39,103,1476,346,26,494,919,1298,1752
165,953,406,12,1654,1524,880,634,728,1084,1841,479,1288,132,136,1281,158,1811,656,752,356
504,642,667,1474,851,1236,1830,1654,262,1777,352,1275,3,105,245,193,645,644,866,694,1034
150,1276,627,219,1658,1298,186,1757,281,1751,1110,348,879,1040,1853,605,1329,1011,921,133,1162
1051,45,33,1278,89,1759,167,25,1276,337,361,1240,181,325,862,1830,1547,276,1664,27,790
276,377,1298,494,84,1279,848,436,475,123,1054,112,1420,94,1265,1278,504,278,1304,1026,1287
1783,1036,306,1807,1642,1781,1470,907,1778,1643,1280,122,1545,1302,52,1585,92,299,74,289,792
1720,114,1585,235,1783,796,1028,541,1007,1845,1434,1287,901,905,1068,940,175,41,977,1584,1162
411,367,1508,289,1819,293,829,305,1028,1725,332,186,22,166,694,28,1550,141,1693,1566,489
1566,1260,1805,1409,950,956,1378,1382,444,220,140,1096,1110,262,691,645,27,1289,890,25,1059
1163,1160,151,937,141,257,1189,1564,1083,1432,1790,1771,1841,1230,22,816,220,1214,1109,1676,1307
1076,1584,503,86,219,114,692,1182,223,570,903,916,1052,1029,1457,1011,273,736,645,875,192
1266,641,1259,877,1296,614,1284,586,1552,1243,1150,841,1278,94,1165,533,645,1026,407,1426,57
800,565,318,1303,1640,137,1276,814,914,23,937,1534,283,106,475,1741,1498,1005,674,1329,1290
243,459,1591,1224,244,114,1289,642,1136,1432,1306,185,713,1416,891,1374,131,1743,1013,294,1744
1272,507,49,1242,1125,1257,772,93,1305,1861,1015,636,1172,1444,1292,656,1551,865,1271,222,271
1621,1188,1374,310,26,645,262,90,789,1290,1475,651,1104,1651,1282,861,72,699,626,1243,1011
1294,1224,1302,212,683,915,970,558,134,1281,995,116,531,197,1186,1305,57,331,374,71,588
1585,1437,1660,332,1496,918,658,1018,284,106,1297,1851,1741,796,990,768,1564,1265,1763,23,759
1621,137,1838,65,343,1017,197,989,194,1040,1097,384,1298,1282,1801,1030,66,25,1051,848,823
102,1293,222,1533,40,359,1238,307,1024,1544,1103,1082,901,669,1569,1840,503,642,1055,1374,724
1276,171,146,433,165,1727,23,1566,221,1007,1055,1332,403,1374,270,918,990,639,155,1689,106
990,707,441,907,1041,259,270,1222,1712,1301,370,479,123,265,596,1616,1722,35,1470,1600,1781
950,548,116,70,514,295,275,1089,206,504,1288,235,1585,270,156,753,436,1780,759,1642,166
165,927,1160,82,142,429,1553,219,1289,989,1711,1501,531,1266,484,634,645,265,1041,1302,1103
922,1499,132,476,1660,914,990,229,1648,1472,1249,1776,80,17,943,133,1712,1374,907,1279,1252
128,1216,938,655,1731,1585,1294,74,1238,1555,1244,150,134,935,494,1278,1123,623,16,373,1610
318,553,1307,889,643,104,523,1426,282,1440,188,1425,1244,1036,140,1246,745,1841,273,1700,990
1804,1172,1278,605,66,162,1182,1851,532,1682,1290,1041,185,411,505,1289,889,306,933,965,644
754,857,302,845,1279,870,382,636,1843,1432,569,272,85,1013,1371,1741,62,1277,1053,133,1197
938,1108,453,309,645,845,936,495,373,1428,23,1161,821,1306,1348,628,1711,1022,1433,1295,1343
489,1291,1629,1347,1754,1048,879,894,639,1024,1279,1297,1618,179,1305,374,166,1296,307,221,174
1084,1611,1394,1739,1285,1306,990,1591,92,1052,269,1048,419,833,254,121,1106,1034,1294,283,1778
545,278,1473,466,1275,294,65,103,220,1250,282,141,1299,95,27,257,126,908,939,266,1819
1837,955,581,1183,1792,1298,1297,656,1307,194,918,1208,224,95,1068,973,915,903,1116,1566,93
308,848,808,1333,252,665,576,1239,1237,1707,1148,95,1585,1277,691,1554,1289,1217,290,1279,706
1392,1585,440,1365,1293,1429,1659,533,1307,415,595,984,823,1499,1409,1552,1289,1061,1068,65,1150
220,1372,1848,1116,726,133,277,1114,1741,1538,1804,264,1293,1834,669,77,1141,1432,25,843,166
1165,1265,1777,202,1741,1752,1307,1067,1453,189,1354,856,285,58,1293,1296,323,1326,1493,1259,479
176,482,570,181,1304,1289,246,1417,1307,356,984,856,888,1533,105,163,295,284,445,1251,1804
574,645,417,151,104,1346,177,1071,1712,166,1277,859,1332,722,1504,222,12,1620,138,1279,1163
1164,823,274,973,656,1175,1773,1395,255,451,1761,229,1571,167,1277,1036,1050,1314,1295,1068,911
801,515,1839,95,1373,89,173,508,181,187,725,78,447,1374,374,273,70,1084,144,989,1804
156,1519,746,623,1301,854,955,176,607,1811,97,1245,128,775,596,193,1752,1254,796,234,289
696,1007,26,295,1712,152,885,1290,1182,1844,1658,168,178,220,594,640,1169,1051,1526,1125,450
285,1229,144,1280,296,1306,108,927,1243,1488,1015,1749,1299,393,1600,1692,77,1836,1307,953,476
128,1702,1118,1092,293,27,12,538,1026,189,1450,1027,155,1279,1740,1281,1846,159,1186,411,1280
135,656,1284,452,1800,176,268,807,1648,930,1216,219,1468,266,1334,113,1328,193,349,1289,1169
229,566,1125,181,400,165,16,1346,136,178,283,1314,286,1237,1305,1011,490,1780,1263,1221,79
1306,274,1702,1367,70,137,473,135,753,1069,780,1782,1689,204,1084,265,930,568,91,1374,771
1285,1265,834,1304,531,1116,1306,95,1049,11,833,103,946,281,1141,1595,258,273,1276,260,294
1124,12,1034,1604,596,669,291,574,754,280,1354,1065,1840,203,819,303,1850,907,686,644,730
1028,216,450,1216,1302,804,452,479,1846,658,1387,177,1052,1155,151,1172,708,1840,1293,1197,205
194,1285,1183,293,321,874,1154,1247,1565,201,1491,1303,297,51,1855,561,523,415,1276,1074,1847
1805,890,93,630,126,382,1302,1553,271,1306,151,687,1511,1298,980,1624,157,643,787,1085,277
926,253,79,793,1749,1290,1769,1842,165,536,1182,641,147,730,1246,699,904,966,1790,846,1183
1372,291,1712,62,1466,294,926,1555,286,894,1401,165,694,1648,938,243,1732,1289,120,922,645
651,1125,150,515,1818,259,530,1182,213,1669,895,1804,321,962,185,1305,65,948,1297,1716,466
1852,1817,258,1120,1069,275,259,1529,1841,1128,1188,1449,475,1147,1851,385,1702,1843,1704,190,645
60,125,1757,1302,133,1303,525,732,1804,223,1222,1472,823,191,383,928,882,1300,279,78,356
1536,677,993,707,1303,782,1291,818,712,417,1737,588,381,374,1021,642,961,596,1204,1225,1565
76,1828,132,574,213,669,1840,144,1278,265,65,1232,1189,1613,151,1063,1566,1027,173,284,1801
118,475,94,427,1067,641,645,745,982,1307,109,540,220,919,134,70,1302,860,940,157,54
1745,1296,138,1648,170,640,648,134,681,773,1857,686,1305,257,1566,1278,479,993,71,1224,1028
890,1566,509,68,190,1088,1639,1139,687,258,1347,1539,1853,198,1472,855,1284,1207,656,1787,1732
1732,108,128,93,189,1307,1374,1529,1287,596,1299,1476,798,1585,1289,470,644,1676,1181,419,150
641,833,181,1692,1230,1518,197,829,1564,678,303,163,598,1819,459,1108,1295,1513,233,275,302
890,388,139,7,1266,1361,1068,294,642,264,748,88,912,94,1197,1183,62,643,990,1237,245
855,531,192,163,1584,174,478,29,955,903,1536,1695,890,304,1303,178,1034,1243,1625,75,84
1784,253,1155,276,1301,150,1711,60,743,308,1302,1502,1203,1291,523,1846,25,1225,255,1074,70
656,938,1500,1467,1277,1026,1839,1018,1158,1296,507,1840,1563,1178,194,1242,1442,1289,154,73,1585
97,656,978,1661,270,1490,1223,86,291,302,1290,63,1449,585,1305,99,83,123,990,1179,138
74,1819,135,1427,1242,1314,920,1224,1305,845,990,1490,1741,132,1374,89,1250,279,232,268,562
949,250,114,235,1534,280,598,853,95,1781,273,520,1592,530,989,731,152,137,1292,138,743
572,1280,1102,1239,998,511,1276,763,1820,1294,1071,376,190,880,1780,1197,1279,845,151,12,49
870,1003,1290,1239,823,659,570,790,289,1210,25,421,1159,1187,1018,901,636,531,1307,1069,511
950,621,1284,272,1731,1409,423,559,1648,1847,944,106,1114,90,388,1801,1305,1302,89,669,729
1298,808,415,356,1620,1811,1097,1704,990,228,268,1074,1307,303,1173,1689,25,1585,458,1199,606
422,1441,212,1045,1326,320,1463,1296,260,581,1145,27,1488,286,1600,1291,1685,1305,627,1150,121
1752,195,274,1778,1758,1295,1565,885,1268,141,1293,1338,733,103,1513,547,19,286,1019,251,1307
1222,1496,952,1272,751,1374,640,845,1737,1804,596,380,1558,574,1101,1741,1297,1304,979,1005,658
112,22,1082,966,271,3,165,1177,1235,950,1840,613,1278,1706,475,1426,1330,1574,688,1372,93
1727,916,430,1234,1828,1250,1395,389,549,1689,809,457,71,1534,1302,935,1069,1190,1329,1741,290
125,1302,1276,554,1191,1316,1232,1240,256,1296,1053,645,926,1289,1182,1104,1211,116,952,27,1701
1703,1298,136,193,1555,975,893,27,1304,983,1681,361,684,1204,527,281,478,1215,1123,297,25
1036,1780,950,856,290,176,1595,1298,553,303,141,1151,1282,189,1260,204,1841,175,383,1105,137
478,865,811,795,1761,997,917,275,1212,727,1564,1555,263,912,766,1760,1225,1163,296,49,708
1111,1802,790,312,888,1430,1183,186,1566,1561,457,5,212,1302,548,1129,1164,1091,949,553,1277
1683,91,919,94,494,1846,103,84,1029,27,189,658,1456,1716,1650,845,65,489,1811,1776,268
1228,495,953,306,415,1544,12,704,1280,523,8,190,265,1243,1752,412,1426,861,1011,1260,1863
1305,251,1132,18,801,25,178,1141,1217,126,1243,1498,684,1463,1293,1333,532,1775,1614,1022,327
1846,938,973,1223,23,966,1646,598,1550,1278,1263,1064,1492,305,148,1185,1417,1848,1555,1847,1711
518,1302,1751,399,61,1513,364,1291,56,354,679,1820,190,1804,1169,1279,3,1722,133,510,653
1692,1277,1119,1293,1278,942,101,913,1129,1073,1093,90,127,1108,597,150,1750,1236,856,1726,290
263,478,1752,541,1292,1467,244,1295,1297,25,1182,1844,585,1741,1195,179,83,1002,645,256,302
1467,429,1161,246,1032,74,1585,1808,25,842,399,1299,1564,294,453,190,138,305,656,928,192
133,1372,71,1076,872,1780,1472,1314,1225,1470,1097,1144,961,549,99,1251,1550,572,186,70,194
179,1658,1801,1784,1490,485,1850,1296,625,86,1572,717,1160,106,554,529,591,1289,1279,38,1640
1299,302,1356,100,117,1293,294,1276,881,833,1166,1306,415,1303,194,151,145,255,24,305,656
1722,499,476,213,177,1080,193,1026,997,568,1547,164,139,1276,509,246,626,549,1319,1342,399
1290,1299,1188,1508,383,1033,1087,942,860,1564,1712,274,1240,152,1655,291,893,917,1085,1028,1169
274,474,645,290,877,1293,1237,1711,1381,1444,873,382,1840,374,1778,280,1691,1564,291,1289,502
1566,583,852,139,811,282,166,1288,1191,1476,766,90,254,74,1259,1243,312,1291,697,1271,422
1490,1303,859,91,246,1374,123,139,1547,220,489,686,288,1804,475,1379,1191,918,1093,806,71
244,645,101,1307,84,540,966,1547,1426,946,1191,143,644,478,1476,648,113,1236,810,1748,430
717,535,1070,1121,1598,805,911,641,656,603,166,100,1300,579,1029,1470,591,279,1680,1108,192
1224,1490,163,939,106,93,598,1304,132,379,27,201,1741,1703,1087,264,1534,1851,1518,669,640
253,1305,1473,89,180,1480,740,93,1320,1155,267,100,1125,940,184,140,506,997,1757,823,131
1472,1840,1306,1742,1123,28,483,1266,1084,823,769,1836,100,280,1331,98,724,165,1000,1442,955
669,1175,1302,1285,1269,740,499,878,890,1346,485,1653,1471,57,1840,1145,1300,1711,837,126,989
1095,1197,1498,943,314,1182,1524,1555,1612,1291,1306,1499,711,223,179,1294,345,833,213,960,93
1291,499,319,403,489,151,1595,385,234,108,694,989,418,54,601,696,1648,103,51,1240,1818
530,1243,1291,568,1564,312,1118,1280,1129,949,294,327,1829,98,1224,1168,101,1347,1305,1276,950
878,103,1049,568,195,334,1819,1272,1426,188,546,1307,1279,1216,1306,1757,1834,1432,1266,1294,961
1181,181,1253,487,305,527,1374,1603,647,954,615,192,706,918,1288,1204,268,1284,1250,242,1282
1243,1115,1356,168,1585,478,1761,511,108,1108,1657,1275,274,309,1732,1175,327,185,1155,255,1418
1842,1297,1428,924,1566,272,93,601,1455,1300,318,289,1627,1490,975,1307,186,1488,1285,1087,27
974,740,1783,1752,943,1073,1184,1792,1555,1838,978,1702,1566,86,286,657,1677,1818,1240,291,282
1289,918,377,1085,1267,54,1043,984,1516,883,304,197,1778,788,1574,1206,1771,495,1302,298,494
135,113,1300,1704,165,970,1306,1804,265,915,957,87,1073,150,188,1217,1733,1536,903,1125,919
885,1566,1817,307,1811,660,1711,132,12,99,1585,1291,1298,93,987,1013,206,1676,74,1246,220
1374,1041,1790,1648,170,890,26,913,187,1279,974,263,1284,1274,1104,260,641,1566,1796,430,1569
740,1744,533,245,1296,188,1242,873,1846,1418,589,561,1560,796,134,1278,59,1820,311,1084,1448
131,1844,1502,948,238,767,1459,1307,1094,1125,1781,1846,4,1341,1224,1566,1722,1292,237,1599,1680
189,1819,654,1053,1285,39,1077,573,1833,1260,1290,1702,1207,461,1040,273,233,1319,1781,990,917
1585,178,131,1258,1163,1181,1470,284,913,297,902,1076,12,476,108,1234,692,1123,245,774,890
1776,1307,593,1294,1289,656,1276,1242,1279,275,1173,69,469,591,62,223,1585,990,219,1671,1284
1267,1802,24,478,139,825,672,1711,1291,635,1804,1847,1208,961,1585,223,320,245,93,572,1276
1213,49,1038,1282,1741,165,854,645,1648,245,888,1492,137,1585,492,614,914,95,188,1294,506
1091,1036,1585,1432,83,1291,27,175,1741,1307,867,636,1076,615,141,1281,990,361,845,272,1305
756,1239,478,243,745,1547,1478,193,1299,244,349,536,1856,1829,1254,103,1288,1042,204,1339,282
533,1157,1005,1184,315,494,1373,760,1302,1664,1562,1338,377,1281,1668,534,1474,1374,997,1260,574
257,1361,328,270,581,977,253,1552,847,211,238,1192,1840,265,1278,189,1300,452,1074,1754,1061
1279,377,1746,253,1838,87,504,899,859,254,181,857,1744,1657,1188,1741,1807,108,1307,1792,1839
27,1840,1292,319,1284,264,1278,86,1811,177,1463,596,185,907,1861,598,204,898,716,1174,1741
1840,1354,407,1291,882,156,212,833,1295,403,450,1299,1426,1839,265,287,1176,1678,1306,1819,1034
1054,893,1521,1088,1627,1299,1305,866,1295,63,1263,707,734,1062,1823,1217,1360,1648,253,1178,940
1183,245,24,1249,804,1840,942,507,184,1132,70,1137,1778,1776,637,163,1161,1305,235,1807,166
1276,1776,1277,1274,1592,1217,290,912,1564,1752,1139,990,1084,1517,27,1042,1064,1863,1279,182,1463
1339,890,499,943,290,1581,1293,1783,133,785,25,1291,1776,169,1183,1003,1724,1752,23,1676,570
7,99,1079,573,1086,278,1303,1098,451,993,1712,1087,1434,1319,1781,12,548,1459,302,1041,426
219,1076,1448,656,1804,275,112,1305,644,1279,1306,1284,20,713,1288,1845,1599,1851,172,25,1343
1648,789,1190,1303,307,1229,1555,219,105,1307,801,1777,25,1294,990,1281,1776,828,150,1192,1188
1306,1842,1839,83,475,1076,884,1279,686,912,229,1460,1289,1682,278,1417,1585,1840,1295,308,1034
92,561,74,53,1607,1546,1489,1112,1837,127,944,4,221,989,1669,1299,624,1689,253,644,1036
139,101,656,1320,570,25,312,1710,993,91,1411,927,1301,1292,253,1642,478,1298,1452,12,261
1372,1436,1424,754,1802,1234,122,21,781,1291,451,1223,1165,1167,615,1780,303,253,1289,1805,1272
128,1274,1191,1184,1445,1010,1489,1545,1250,853,1052,1156,724,966,223,714,1279,1217,1376,1290,907
9,953,1432,802,1295,379,69,623,146,1807,586,133,1285,285,309,960,1533,750,417,621,1276
356,996,1068,186,192,1229,1301,358,823,507,1076,574,896,802,1281,265,1552,644,1088,1036,1125
293,1684,914,1648,307,185,1103,342,296,1225,1402,894,325,1255,1229,856,1335,253,1138,1681,1237
357,645,1555,1294,101,907,3,1105,297,1730,1778,1188,94,60,1648,1289,627,697,190,92,80
105,1843,137,645,1566,1085,1071,128,129,100,694,1039,1233,246,295,1153,1307,318,23,127,1224
232,1352,1301,603,1367,120,924,656,1585,1052,269,90,1015,669,1131,1350,1266,1265,1289,138,12
1289,640,1759,877,92,1084,176,1720,1806,1555,972,1421,376,866,315,901,95,1278,1815,530,980
403,1564,126,890,184,435,1290,946,1182,65,278,684,568,928,1401,1539,1091,44,1309,1266,333
723,1684,374,988,1417,252,1086,1325,922,1290,1426,920,294,1781,180,270,952,948,1074,1064,972
548,914,1347,282,132,1112,856,1278,1566,1830,632,25,1303,538,1356,933,906,151,987,990,1166
221,315,312,1670,568,1129,1768,730,1083,1603,46,496,1814,1472,1784,1712,1208,789,1278,255,1279
1839,1140,347,1623,185,1384,1084,1532,203,681,1249,53,1078,1585,1278,987,1279,349,1819,1297,291
140,768,1012,1278,640,1123,1327,1155,451,256,760,1659,383,1692,1620,1585,1699,154,972,197,233
235,160,1493,1646,623,1098,192,100,1781,83,592,1817,1130,497,739,899,265,1848,1280,246,624
135,76,411,623,581,500,1711,1267,181,1191,27,1564,989,1275,1141,1382,1257,1307,1076,284,80
928,1706,75,1661,1291,1840,1114,1555,1552,997,1472,1281,531,1294,1613,641,1292,1192,509,1640,1627
1720,92,989,1343,1134,855,312,103,134,69,220,1282,100,1267,1658,1295,543,233,269,1076,598
401,997,1301,624,1718,23,97,636,1105,1164,319,265,1689,1145,309,643,370,1488,1294,1332,847
1320,277,610,634,1648,128,270,725,918,177,1217,1365,1375,1545,295,770,1074,1332,142,296,1279
618,321,762,1279,1139,806,244,491,723,1585,23,307,1290,1688,287,285,86,733,937,167,220
202,789,641,76,359,1300,618,106,1222,79,1018,1183,1118,105,1358,1544,588,124,1280,1029,284
23,461,857,1075,27,1299,384,619,103,1280,1086,554,78,1804,98,148,574,313,989,1291,949
478,825,656,664,100,348,1241,1301,752,264,297,1847,1564,1290,1004,292,1099,1279,203,800,1539
1597,1574,71,1430,1409,1243,81,1302,94,415,1412,842,1292,1303,663,1101,713,245,833,1770,669
749,162,234,570,1154,268,1490,25,595,478,671,1719,1373,177,1752,18,624,243,707,504,170
997,307,656,1277,479,525,1265,255,53,1281,1294,1518,459,429,1328,488,664,1213,279,1592,176
807,288,875,186,1730,221,286,918,1153,645,1280,1173,1605,1282,1555,1192,1426,952,1089,1279,1482
507,1318,1129,186,955,1332,1267,1013,1524,80,1265,1148,145,121,1050,1205,1278,1648,1681,1646,327
1852,1094,1681,609,462,24,113,999,694,1195,833,1547,475,75,289,94,1426,165,1026,99,1225
1357,1697,286,1678,1289,279,1175,51,845,1555,176,540,104,1280,349,121,1206,1613,1278,1290,297
1155,1296,954,76,1724,510,921,1555,841,287,238,101,1101,74,152,136,723,418,1732,212,1275
525,1297,117,219,725,269,1290,1289,1267,580,1811,473,1468,1279,312,257,105,1278,1145,1234,641
565,1136,305,1692,1277,1012,254,478,886,1026,217,190,507,639,624,728,1563,1298,1266,93,1018
321,420,1119,373,1174,1112,1726,764,1242,1290,1819,27,1306,123,1175,206,1060,294,1151,1092,1071
954,1128,1307,645,850,558,1427,1728,1804,146,1294,725,644,1414,1512,433,1781,156,973,1257,990
256,686,1604,1566,280,155,1301,953,146,1457,1560,476,1374,1276,1082,235,613,102,635,112,281
811,411,83,363,202,20,1781,766,1302,1055,1741,106,1294,1288,1843,78,1818,1496,928,1369,56
931,1007,179,360,1292,989,1372,1279,25,164,1770,253,1334,759,1280,57,439,1464,383,1506,1776
190,1841,1296,243,23,486,568,1164,1804,1783,206,246,397,1068,296,1838,1731,1386,953,1444,660
1074,1426,484,862,499,1761,1367,186,1334,1031,912,94,296,1566,253,1068,1725,1839,70,1756,193
1215,173,1780,1016,1013,1481,474,1798,1804,572,1409,478,842,1067,295,1728,694,936,642,101,86
291,178,1549,1290,29,1697,1525,491,377,504,307,220,151,574,1700,1725,656,253,185,473,268
27,410,1776,241,296,210,245,968,452,696,999,200,478,203,1741,1297,1288,1577,1071,1306,975
1302,1778,804,1700,979,1294,76,997,1249,1296,1720,368,267,1792,272,615,1647,25,1192,1029,1804
196,1819,26,919,1705,1062,104,909,1012,1072,656,996,649,485,39,503,556,17,126,1250,1280
1246,656,499,927,136,114,293,1307,1277,1302,245,1279,1263,1305,1284,140,807,977,821,1408,716
841,1320,594,155,1841,150,1277,690,874,145,698,1770,1314,52,911,187,960,294,1397,1231,453
574,1305,62,1564,103,843,1780,59,661,800,730,1292,287,531,1191,1303,1836,246,1095,114,485
1069,357,1547,1281,1247,854,475,271,389,253,1033,235,27,310,643,1843,302,1532,4,1609,645
914,1845,1851,1183,1294,29,1285,319,349,856,219,1303,882,683,125,1548,1849,1442,189,23,1458
1861,1206,1781,92,1697,1374,359,153,907,978,141,563,1504,920,105,278,27,1555,1739,327,1565
1069,199,1446,558,490,1843,1295,462,1182,1280,694,1157,1161,1838,280,322,139,1555,49,596,1757
1260,148,592,1084,723,704,1566,1370,1719,121,1265,488,1819,289,459,236,1671,1279,713,272,39
1607,1254,609,40,700,1294,1811,1432,540,981,1426,190,651,640,559,473,763,1068,529,950,785
513,1585,1285,244,873,531,1238,1564,1514,1396,1045,537,638,744,1644,1024,344,569,1778,35,1843
1281,1445,1306,273,1297,781,1805,370,249,278,331,1118,475,657,445,18,1597,1733,606,505,1250
526,875,479,91,1113,862,1150,189,286,1284,1272,1643,1193,1280,1534,1338,1176,677,1307,739,1383
1675,319,1595,214,189,1282,1303,1306,26,1284,87,1285,116,1295,1741,257,262,713,1840,1234,991
1280,1490,953,1780,1290,920,923,1741,1348,510,1836,411,1489,1629,23,1355,139,1132,1710,293,1335
223,455,1850,1084,1338,75,621,910,1490,1109,1034,1423,1041,1285,1236,1783,495,1770,29,1011,1563
1160,1164,73,1669,905,121,1280,88,1041,1390,1007,750,883,1334,1787,1851,807,1320,1532,743,1687
343,1783,1207,1024,267,800,519,1224,865,847,1807,773,175,639,1801,692,1301,486,63,785,88
1058,1659,1724,238,640,1252,124,293,1300,81,1802,28,74,1780,275,903,1648,1137,919,185,277
220,1841,549,1029,1130,24,1122,1291,152,806,402,74,137,1171,1329,1182,1032,354,150,832,254
1839,1045,1113,1298,498,657,811,130,67,1855,1493,1498,95,1138,533,1280,144,1846,656,1784,315
291,190,1223,503,1477,253,272,548,204,1784,69,1307,1547,268,1034,296,1029,1783,1277,361,1121
1201,309,89,418,410,581,930,1301,1426,1141,1668,141,151,1306,1323,717,247,1246,827,1216,188
847,270,1389,947,1293,344,949,267,1778,220,1214,101,974,1165,1788,1228,27,921,76,1045,1305
262,989,1303,1711,104,715,27,142,263,1613,785,1084,246,120,700,58,779,1266,731,259,140
1806,1309,776,397,196,1112,1752,1302,240,325,244,1803,1143,83,1459,1769,1487,1284,311,568,1277
1555,621,220,1303,509,255,217,856,989,177,944,1752,137,1534,707,274,1776,1457,164,212,1302
1294,577,940,717,1276,700,310,1681,46,112,421,465,914,323,1233,638,1307,1781,185,1817,229
1289,890,277,1263,647,531,1837,637,1403,223,1741,125,6,1358,1019,1855,1190,1039,198,1279,148
436,1752,267,554,166,1151,1302,1104,521,1362,132,1281,414,993,105,151,92,133,1280,308,587
1289,645,945,972,531,930,1301,104,939,1165,1677,721,1167,1279,1819,1039,294,1041,1270,915,89
1490,370,1774,644,133,509,25,761,993,186,1130,487,1299,1028,961,1277,962,1651,645,1307,377
1141,233,1133,1206,1432,734,1235,27,4,1112,1361,1093,83,887,769,1846,1192,1150,1195,268,146
589,956,700,1383,233,89,1287,1235,1238,176,1791,1139,104,12,1555,1112,877,105,1276,269,1300
1307,1479,374,1036,829,639,961,88,920,890,540,1712,1306,143,1251,725,1348,18,1432,1278,1034
1111,101,285,124,940,1781,1262,83,1838,1586,1620,1297,310,273,550,172,396,1296,1306,621,4
139,1566,1404,403,1305,1554,811,134,1817,503,1281,1165,1125,478,620,195,181,937,1218,1585,1289
1268,1546,1712,1472,1293,1277,1250,494,325,1593,197,1747,138,1093,1743,1790,438,1727,501,1090,601
1151,1819,272,582,1291,294,24,1566,1040,948,1290,1067,1787,1162,88,1281,980,136,632,973,640
1831,1128,890,199,1741,3,1585,1630,598,252,49,1815,940,278,71,600,259,476,1145,597,1285
1277,71,736,1374,1003,325,39,193,546,1094,942,279,1744,789,730,1100,144,307,1432,1306,1222
1542,51,1752,1064,1182,399,1291,1306,746,1279,484,1502,148,1746,264,1776,1076,529,1192,1002,1697
1669,1846,460,1301,540,1182,92,1258,124,74,1501,1097,1840,280,1172,1306,1585,285,889,90,1651
1039,1722,105,100,1090,93,1233,1294,1280,286,505,284,481,887,261,49,266,94,1830,1129,1859
222,1147,157,1291,1470,1285,520,1307,1644,925,1804,1281,536,451,879,1585,1299,462,1342,775,415
1067,1278,1239,465,1274,1778,138,150,1659,536,149,1137,303,1774,565,105,931,965,890,1257,1614
175,1165,181,123,1199,1173,1319,496,357,121,1498,905,1278,1467,1072,1248,1418,1712,692,185,901
24,1271,754,80,1300,639,118,1861,446,641,270,374,134,287,856,642,1161,841,254,1469,1100
905,644,915,1175,1218,1040,919,478,152,218,357,1232,431,1058,573,1145,4,1,70,1841,1353
1712,21,930,669,914,872,169,303,1,106,4,1780,101,1546,288,890,724,939,1074,1757,253
1765,1642,1705,955,747,106,919,504,272,1306,1199,990,254,1452,729,161,588,201,132,1169,1374
1804,1298,1288,780,289,1216,265,1094,1280,1780,1449,493,1361,880,668,1323,879,1712,1299,294,534
174,917,1550,1800,108,545,771,1298,23,117,106,640,1052,62,1058,776,983,961,1201,177,307
1418,305,112,1789,1282,1474,794,1307,95,1182,920,1088,640,128,176,141,1529,1014,1260,1306,381
60,1371,918,356,1280,1089,1774,700,722,233,780,24,1217,1423,1210,1305,4,165,297,1682,1298
1778,1839,1175,1148,621,279,1294,1182,1247,99,1317,640,1274,1616,1648,1123,950,1016,1160,541,1492
1521,1005,1217,1276,1778,1700,308,602,1303,188,1106,707,172,640,327,1805,645,16,282,1292,1076
1287,93,1426,264,1176,1182,1838,1281,96,872,1066,641,175,643,664,58,1676,222,588,1679,289
1700,1299,1686,725,167,212,245,1454,1316,1444,917,1811,1798,1658,217,24,973,890,1094,913,1288
647,1695,1288,700,544,978,1273,1111,890,496,376,1296,108,1285,695,285,1149,199,598,535,318
1250,1145,1314,471,1265,760,1371,121,274,1299,1752,656,1259,1084,489,1230,282,171,1126,402,1759
1553,540,990,1539,1028,1384,1017,245,459,1273,234,1586,1799,1230,179,295,756,1776,1249,293,1281
306,175,1113,1575,1217,640,1307,1319,194,1047,1253,1268,1753,1129,78,782,199,1280,1259,341,1852
1276,355,1024,1534,273,220,1727,1778,175,181,262,133,1386,1279,1349,1804,1832,1352,145,89,1161
595,1154,89,303,683,1029,1306,1374,1298,1801,1052,1291,430,307,1337,1785,1627,1155,1084,656,867
1277,764,993,992,818,843,962,57,1778,88,181,833,101,328,772,312,112,1801,197,1608,467
1183,1118,49,290,236,494,1339,1783,1007,1105,921,1680,1263,596,720,1291,403,941,181,645,982
1844,639,285,584,1453,1318,158,1069,903,1732,1021,507,1188,1293,146,863,309,1178,1564,312,23
197,1291,955,575,1681,235,149,568,1684,774,61,22,917,284,1145,1846,923,509,1457,1132,1279
760,88,258,928,1086,99,478,1294,1028,1232,1161,991,644,490,1732,1205,811,693,902,163,1820
1296,1290,1804,560,777,1305,1076,717,78,1005,80,559,1280,46,264,1700,1809,917,265,457,1149
131,976,71,354,305,1256,192,253,747,1637,1472,1801,1200,1301,1014,1305,78,1290,1757,1728,1300
297,399,1555,294,1511,1088,1103,697,821,196,256,1305,701,1424,459,1362,1294,75,27,1296,199
1297,246,1364,1276,1289,126,374,1343,245,53,1189,501,1849,1183,1504,1301,1417,60,520,913,1024
1008,1216,16,417,1300,1295,733,1182,1542,1732,863,294,126,827,325,1547,1307,1804,1343,645,95
1807,1780,269,1161,1757,950,1490,1,1032,1295,564,1028,474,937,1808,126,989,122,69,170,656
1424,716,107,1013,1303,1752,740,64,1276,12,105,1294,268,126,290,989,867,156,1141,294,114
474,1052,889,1780,1566,1278,1153,235,945,1548,93,746,1567,792,268,303,1776,0,280,1006,146
1741,937,855,1655,139,400,1841,702,1224,1280,862,396,1426,907,1242,294,176,23,1163,1084,1784
54,1016,117,386,93,1290,588,1781,1195,1585,1819,1230,1084,640,25,504,641,867,1272,89,1266
920,1804,279,157,1313,1305,1694,747,1534,219,1472,1295,540,1302,823,1058,832,1011,181,193,1307
913,303,1005,39,176,669,68,81,1084,285,1178,1418,589,1266,335,76,12,1743,226,1306,1198
437,1298,1118,1303,607,1306,1284,978,760,136,1302,1280,1191,831,1076,917,185,973,93,184,74
1302,1292,990,309,190,540,1014,95,123,62,374,142,823,913,1365,947,697,658,709,1282,189
1847,282,1146,1585,995,1490,590,928,76,266,1732,1206,1358,1287,1284,644,1199,1296,1248,725,1270
1561,233,265,1279,275,70,167,1398,188,181,573,235,983,522,1783,512,1292,612,201,1290,1233
256,99,632,1002,185,779,233,1773,1842,924,1457,1396,1811,154,295,1289,445,908,550,1747,77
632,357,504,781,1296,71,1671,1204,1648,256,728,258,1280,199,1472,1852,1567,103,867,59,36
126,1291,1412,1303,1327,1585,1115,730,190,1030,1167,870,1842,285,1783,51,84,1741,335,1276,1306
857,1847,1116,383,1229,1781,644,81,1361,157,1481,959,145,139,338,911,94,1588,1811,827,202
1545,256,197,95,1181,928,1852,1537,1282,531,1176,681,1303,1300,664,996,112,280,275,88,83
1138,1109,219,1473,186,1840,645,1041,161,105,221,832,1595,470,273,953,907,245,1158,1201,1844
1153,1291,319,528,1389,291,890,142,167,478,914,1689,166,1272,1277,279,265,1778,488,1064,1648
22,1280,548,371,186,7,641,1068,155,1302,71,723,220,178,1367,20,636,588,1281,642,146
1277,1086,1291,1558,615,1064,661,858,65,1136,1265,984,1101,23,99,901,1026,1113,890,1450,59
1136,1230,989,1368,639,262,1060,220,948,998,15,713,1552,1564,1741,1216,568,1732,147,175,1249
1374,1266,1781,1294,1741,285,1029,1205,107,1049,1039,86,604,1123,911,1710,996,192,1402,635,1278
1103,1810,1682,181,1648,1555,1573,394,1301,194,175,77,833,1064,569,945,1292,148,1623,441,296
990,1300,706,768,1292,727,949,1196,545,644,956,1195,70,1593,1297,1202,1225,312,1714,468,23
370,1555,1674,531,717,148,160,1067,127,17,189,918,508,74,1279,298,162,222,166,1307,1495
1302,740,451,1195,1169,607,1303,12,221,1017,838,1811,38,1741,234,1783,583,1640,1607,704,3
713,60,203,359,1353,1296,296,245,1552,640,256,297,134,655,1005,635,1441,1547,907,4,306
21,1114,1145,1739,1132,1373,1564,1715,568,606,1278,980,1014,77,1247,1651,1284,1297,995,224,279
1021,823,1294,1272,279,1164,488,83,1238,539,1324,548,278,731,275,890,608,417,185,516,198
167,656,1315,27,256,1074,1276,261,306,278,1145,69,723,1281,186,1007,244,1088,1804,967,263
416,267,87,1401,259,23,1585,88,103,243,1552,1505,682,187,641,1020,146,1801,1029,78,1211
1741,1279,993,1841,519,254,268,919,1277,164,1063,1041,1448,190,1299,858,1770,757,1532,269,966
1531,1520,356,1277,114,855,1088,572,934,1280,665,1306,328,1073,1847,1373,1499,1292,757,1132,1741
506,354,269,235,985,561,1015,610,77,885,475,1176,204,466,937,116,138,1789,439,89,411
363,590,1140,505,1222,1853,1113,1305,907,1092,1276,1374,1839,248,890,1145,452,1317,1604,96,1030
1192,664,1293,267,1740,141,308,1279,1113,1087,74,1127,1292,1298,1585,1291,112,325,623,1271,259
833,1795,1851,508,907,1108,1087,99,1712,1357,947,303,987,321,955,960,1306,113,108,401,297
258,1306,740,1194,137,248,1550,1585,1802,1279,931,267,1099,918,136,1076,337,1280,71,1739,142
1819,1566,1306,1555,1282,1236,962,194,1781,756,504,885,1440,200,76,1274,9,1741,1492,309,1283
117,506,256,1218,371,436,1373,1500,1053,395,1256,889,1776,999,989,12,721,1741,139,1304,1082
79,1589,1553,1281,1276,510,1353,1596,1736,1137,399,1542,1230,989,1770,1472,928,166,23,1817,1293
133,174,640,1289,540,297,1445,736,1129,1566,1295,1015,1633,989,972,469,1518,809,1095,1489,984
1279,1732,1113,1258,596,1360,559,270,87,1168,298,1306,1266,1516,1048,1305,1440,470,640,282,704
1022,12,1058,1752,647,1204,1741,948,23,114,1288,258,94,510,1653,1257,983,1305,1272,263,1061
1314,644,989,926,153,876,1752,857,1654,1577,136,1018,967,890,898,902,792,285,780,952,1306
1301,1402,294,1008,805,1534,415,1297,1808,1840,1585,1794,1279,944,1436,1643,863,1179,1287,965,1129
621,976,581,126,1104,272,701,1547,190,1783,1296,283,896,1277,144,292,423,671,265,697,807
948,990,989,802,1082,1250,1584,100,1749,335,167,254,1303,463,275,1160,969,1746,1256,644,56
83,1181,76,93,114,1736,1429,772,540,352,1294,1280,253,401,1509,1361,1295,813,104,756,115
126,24,953,1745,148,408,1201,412,1619,1191,1222,671,1666,914,134,833,162,121,1432,1294,307
1277,316,1695,1034,1266,1555,705,975,754,1762,19,1298,1774,177,989,1341,1128,1778,1818,1563,236
623,1780,409,1648,1292,429,1084,1054,966,273,639,656,26,1633,681,190,1260,274,1840,1277,1148
1223,1302,1741,151,766,598,1490,1673,754,1102,211,1141,867,973,1147,167,467,1819,1306,1285,1279
1846,176,83,1784,310,1501,863,1290,291,142,127,1472,492,165,579,60,267,139,1276,1302,1122
131,4,1234,938,263,966,344,890,836,395,990,727,681,917,1076,1019,1305,265,927,718,853
1754,1297,598,533,764,1844,27,1555,63,603,221,298,139,1810,265,264,908,1041,1455,93,1702
78,1191,192,640,478,133,1208,1228,187,1778,716,1839,377,1243,66,83,1568,281,101,536,411
167,1490,1741,1417,73,819,958,380,1306,1307,525,875,1781,68,1804,1286,804,667,74,1846,1289
1146,1741,1704,1806,1270,1278,1016,1125,284,941,23,478,536,645,146,1272,780,35,24,137,91
124,848,1598,1843,491,74,1426,1109,832,1768,1348,590,739,724,247,1069,186,302,1773,100,1540
1739,1430,951,1641,1138,1298,1306,589,1450,1776,642,870,80,24,772,106,1518,1299,74,257,1558
30,220,478,645,1278,1294,877,308,1334,676,1305,1217,1490,278,1613,1277,169,1368,189,1805,1299
614,1297,1396,648,286,948,1306,21,1781,134,197,779,1282,1151,1585,284,950,1150,1249,281,1309
1244,310,1426,308,1376,1699,1026,27,133,1508,1296,936,661,1282,550,641,62,151,417,1290,739
967,1479,823,903,63,1542,246,1719,25,525,899,1089,220,1296,962,165,177,1780,255,24,788
144,1007,377,1009,149,1286,1756,1846,570,914,1717,1779,1682,622,1534,636,1052,430,476,252,1276
1634,1266,645,1669,1696,505,62,1286,1158,302,934,1426,285,1307,844,361,1417,1306,740,192,1418
1266,328,180,349,222,1293,1732,290,608,1242,1183,1291,264,257,955,255,1292,1034,1342,293,573
1329,544,1811,1534,1188,1490,722,1741,1728,1216,321,1302,728,1087,1681,862,641,1100,1305,1306,144
1276,7,1030,856,223,1445,1278,1461,1808,752,89,989,1566,1781,885,289,1374,1595,108,222,1076
1555,86,283,947,1015,1029,1285,99,978,525,1026,1305,1639,1028,1143,1547,1014,935,26,1739,943
934,995,70,598,264,822,1301,157,1770,1778,446,1306,745,1780,890,254,694,127,1160,989,1292
252,100,1282,1150,57,1677,186,77,1307,62,973,94,1279,1421,903,190,1496,1671,402,1284,452
1041,231,325,1250,636,1499,644,199,1049,640,1116,1591,70,71,1115,1819,1305,1842,177,1426,1806
1752,73,1007,1242,220,97,1068,324,1734,1277,749,597,372,253,1069,1819,1216,1136,295,184,74
134,1269,1274,1839,140,1295,1732,308,1259,1329,1041,167,630,645,1695,123,312,93,274,845,194
562,351,1555,1198,1838,1138,624,1161,1284,581,124,698,1045,87,16,669,593,607,179,1238,656
403,1374,640,234,990,979,935,645,1291,523,1306,1135,472,1182,1307,1000,126,789,1783,596,150
139,253,1533,132,1009,1120,291,1534,478,1426,192,950,272,193,553,1145,688,990,1648,1292,1489
642,118,572,191,291,1102,1569,614,1374,1224,112,94,1804,190,842,1555,221,1296,1088,105,1295
478,1842,166,1132,1533,253,479,1290,810,1291,727,533,995,1669,1433,46,910,150,607,1542,1296
808,1474,1294,492,1777,548,1147,540,503,1544,596,1627,136,598,384,1245,118,1106,1303,105,645
441,1585,722,79,284,1792,1306,256,983,1629,1236,1657,1566,112,621,491,880,1067,1688,510,1031
466,1281,872,1290,1417,1285,190,425,71,1776,766,686,1640,1470,1125,833,1191,913,1295,130,1007
1306,697,1756,1078,787,451,287,75,1713,1286,137,907,29,356,148,234,1068,193,1305,1459,1829
244,957,1076,1294,1847,569,1306,74,1150,889,24,397,255,357,104,1300,1781,306,645,1613,1704
105,1513,1778,548,1783,950,1148,12,1801,485,922,1754,88,146,835,740,1489,1534,259,640,643
1778,907,1771,170,871,990,128,1084,193,202,1278,224,1182,1120,295,1013,475,1582,63,273,1759
1328,1683,1374,1850,459,1256,1301,1267,1412,1777,1276,303,284,1096,1236,27,623,1225,31,287,12
1114,921,1374,1274,990,825,142,567,1208,184,715,1293,283,907,133,709,1548,535,566,914,919
153,1286,1781,29,1334,98,1741,990,516,4,1290,725,63,1136,1071,44,1361,1460,1152,212,1682
1050,1242,176,234,155,1547,759,1711,1712,1483,100,1444,1266,73,695,1752,903,1175,265,440,950
129,1276,351,627,462,685,137,194,390,1564,268,260,244,1711,1250,828,1182,1289,1745,75,1224
890,1056,1651,691,843,1104,1305,1095,274,1290,552,756,1372,602,588,637,697,1275,559,1053,953
1256,1171,204,1851,368,1285,243,1297,1290,1434,944,1723,270,504,596,1263,473,1291,898,142,1136
751,1280,1367,164,1232,1260,1217,1277,273,853,325,1805,244,1250,1781,1203,100,371,74,1287,1819
1360,877,1297,415,57,1550,88,741,106,403,181,770,588,459,1294,27,927,530,1757,142,1434
1353,1288,1125,165,280,589,1490,27,1332,1192,54,946,1067,1612,768,1314,63,229,1795,202,659
94,739,1024,369,760,131,1235,112,669,248,1103,23,147,194,92,1305,305,138,85,1290,1136
622,49,879,1247,1013,320,144,1041,621,890,4,912,499,1518,382,1681,93,1044,76,533,319
1289,921,1239,1222,1507,78,1409,1783,1547,1076,1741,937,1726,1174,1074,1065,1254,137,96,1595,712
574,1279,1029,1086,16,1285,1372,1721,1260,353,1191,455,27,89,1289,1426,425,774,451,642,1547
114,1284,404,273,349,963,272,958,267,76,297,1548,329,396,458,644,1337,1575,782,727,133
1261,1741,1145,1441,796,1280,917,588,863,1039,557,1306,1267,1136,1752,945,73,1780,1271,1246,280
644,93,602,140,282,1490,1189,658,938,21,1778,127,1082,1279,306,961,264,656,978,1291,1298
459,1101,128,1030,1266,1846,86,197,1007,854,117,1286,1623,1444,217,1257,1843,105,343,531,1316
1744,574,235,1299,366,236,1301,545,269,523,821,980,64,1230,1080,1182,1807,1853,1636,165,915
1539,1669,1236,659,321,1242,605,644,1285,945,1134,1296,1426,939,186,575,1249,1516,167,978,721
1017,1500,811,1295,1299,306,1231,1669,74,890,430,148,149,27,1235,197,912,557,1648,796,713
1295,319,725,125,1719,1501,1290,621,1216,1266,592,206,1318,1200,49,162,1030,614,1011,1234,494
501,259,614,1294,588,178,1688,1472,945,1555,90,1297,1217,926,163,1585,70,1011,5,1164,1497
220,1040,363,656,263,1277,197,1817,950,613,737,624,243,1285,1305,1082,39,1309,285,1421,1744
822,806,1248,1550,12,689,1806,1108,1669,104,1302,1039,42,861,1281,76,340,1306,707,645,129
292,1763,321,768,1187,1014,1016,427,1783,1296,1297,1476,1413,1010,754,832,1432,155,943,911,1781
879,713,1752,1146,95,197,391,581,733,707,1417,1781,984,1655,644,16,747,1491,1585,834,1026
878,177,244,1748,152,1041,1839,1123,1036,953,1149,696,1344,697,1361,144,441,1250,460,1570,1648
1100,1792,1012,1296,1850,486,1302,520,1282,1551,642,548,1113,1485,1289,36,848,1223,120,469,290
1126,864,138,1839,1472,1613,995,1178,1040,922,908,1129,1853,1546,175,228,120,1555,265,1098,1445
1778,890,269,77,411,630,223,1136,71,1242,1300,1120,92,679,258,153,1128,990,1302,1536,301
484,1741,166,1564,1008,1819,4,573,1781,1281,588,258,1351,170,1119,1432,1430,804,1034,1777,79
1175,1199,1306,1458,1509,1842,140,1610,1120,220,20,1417,1299,1097,1741,105,472,768,112,287,1067
221,267,906,971,1585,914,532,1778,820,1217,265,1070,1704,956,232,1228,1188,423,700,829,91
1468,207,1041,1644,1839,1625,1120,308,1126,1534,1201,1279,1284,506,1034,1732,845,307,1828,269,235
525,103,598,328,235,356,937,406,989,95,645,1225,151,574,1718,1008,1535,644,1498,1282,552
252,1432,1375,1082,142,220,998,173,531,1455,258,91,194,197,1531,37,1401,607,725,289,61
71,533,1183,696,1811,1295,643,190,137,1776,1304,1566,1329,1182,1285,129,1279,1497,1157,1085,70
530,665,22,219,809,135,676,1511,258,66,1030,1595,148,938,1569,1478,1343,566,782,636,1105
180,1296,1273,93,954,290,524,1179,1805,1309,568,847,11,1707,1525,154,506,1330,1426,920,91
381,1034,1288,1341,1184,798,1431,864,1564,278,820,967,865,1083,132,710,642,912,1192,479,685
159,70,697,639,1002,657,170,1294,557,99,613,643,286,680,1296,1228,1277,1222,480,645,1852
1155,553,865,182,284,1585,84,925,93,927,140,303,1291,316,1696,1041,1559,1803,1084,872,1859
1192,291,1224,990,1741,1819,178,1851,466,136,1278,279,12,1538,1021,954,95,1024,571,1752,1130
1266,1276,92,89,1175,256,1374,1105,1068,1451,269,1307,4,855,1839,1133,1783,982,882,990,332
1303,176,247,479,120,1076,1062,419,1199,1190,694,1281,84,213,990,1279,1092,823,383,24,184
1073,1585,140,374,926,65,344,1012,1208,1284,195,1289,877,1240,355,1089,531,541,103,588,1448
297,1705,1347,585,1356,1833,1599,568,1302,139,890,507,636,103,178,76,1778,1554,1668,189,1307
890,1832,1217,656,1274,1146,585,267,629,939,114,855,988,1562,1094,663,1817,1585,1489,1128,554
1129,478,296,1470,548,185,1706,1830,716,55,1770,1457,164,1154,629,222,27,286,952,200,1352
163,747,140,1191,12,178,1030,522,1223,292,1100,766,43,1791,574,1036,506,364,235,103,258
829,993,828,583,990,1604,1585,1304,1776,978,1257,1293,1426,27,1741,811,775,402,977,162,1063
730,1303,572,1417,569,440,1687,251,259,1335,713,430,316,77,790,1064,887,380,1307,1472,531
1726,303,952,233,1206,1778,451,1842,934,743,1622,351,1811,941,607,119,376,1292,23,656,700
1525,222,243,490,621,1835,1635,653,1828,1648,1566,1289,1753,1746,1035,1132,1224,913,589,1426,1717
1216,1147,1397,1146,1225,1585,288,1217,189,1007,1750,1502,978,517,158,656,1333,1236,890,805,1301
670,1817,885,1290,178,25,1223,135,1374,909,1125,1292,883,1017,1808,1491,895,128,170,1613,1257
1804,1756,407,1187,302,18,950,152,1246,695,51,1280,86,1076,1277,267,1207,784,172,1527,245
1257,1544,185,857,536,1265,27,407,1295,890,1128,1146,990,1285,586,123,74,1260,1555,1131,1309
593,984,485,1279,1016,581,1645,275,939,1158,717,1717,1532,967,1294,1136,62,7,1579,1284,61
687,1651,1294,1236,311,1643,956,958,220,1304,149,1861,1728,171,1288,1029,1566,1717,1307,645,139
1132,134,1058,181,1681,373,15,1293,1281,1294,224,1795,23,500,380,162,1818,608,179,478,475
293,1266,74,743,283,1291,1071,1745,1307,941,78,221,750,285,202,126,1640,985,1804,1781,273
151,495,166,870,1831,259,1203,1362,1068,872,178,1457,221,147,918,848,1333,1741,855,37,24
1303,640,128,896,1720,1169,1373,1257,585,1776,1307,655,146,1296,1223,329,294,1032,1822,190,656
952,81,990,1501,821,1470,1566,955,977,1223,1285,1164,1087,1293,201,519,1242,291,996,1191,165
108,24,133,1223,267,1688,1088,795,1585,242,979,1276,923,1222,1728,1028,415,31,1625,583,1148
1547,1776,1040,1121,233,1765,1282,511,1082,875,101,1585,636,23,1472,912,374,885,1180,1029,1313
1248,165,291,990,888,146,1168,776,991,1263,1474,528,108,1839,1307,890,1745,1067,294,1741,49
290,697,1154,167,150,1465,479,878,1332,1553,70,1751,897,203,913,804,3,621,273,771,956
137,974,280,1299,1374,595,1671,1377,167,235,1498,285,893,287,51,70,355,136,1294,1776,1108
1432,258,890,170,754,655,24,1838,488,1280,1417,1128,1296,1693,1246,877,926,1459,1809,512,1016
249,598,123,615,641,1471,101,100,220,422,645,269,282,1426,1277,920,454,1307,356,1184,190
640,1516,78,900,350,1243,1710,656,157,684,659,250,927,71,710,1842,415,1299,1030,963,89
920,656,295,637,91,1034,108,756,772,1669,1128,1564,142,282,233,750,687,1780,1801,1627,13
1278,898,549,445,964,950,76,1365,1169,1215,151,25,233,478,164,1678,890,645,285,553,140
1277,799,756,969,27,483,1808,997,645,1095,593,1018,1300,1470,802,1761,284,501,62,1302,642
847,140,1539,1199,115,1224,1811,294,114,1836,1658,1756,656,1276,259,1298,100,664,1076,1097,1490
1028,1096,1542,990,561,268,1648,1564,1077,283,24,1689,1265,63,1305,1017,414,1306,1270,25,259
1307,1105,1374,353,1582,694,1195,1078,1280,904,379,1048,374,86,397,552,12,150,914,69,1071
772,1199,63,1334,1511,1850,182,656,1091,390,1104,1811,1741,1264,137,1660,138,1116,1851,695,1317
664,1554,1093,125,257,1374,460,93,150,129,1648,429,1280,88,1305,251,1237,1837,229,993,1822
1291,832,1566,1704,290,540,96,1489,1055,296,75,1014,1294,197,1781,1675,1042,1440,114,999,1102
1463,1307,1279,103,1280,1566,1300,1842,257,27,403,718,280,314,1524,948,189,287,1298,1592,53
76,195,234,151,223,1326,397,294,1704,291,1712,1281,1298,419,826,1150,70,165,1299,640,1280
1584,995,65,1492,1436,99,990,756,921,1653,1297,6,66,975,598,621,694,1838,1555,1293,274
128,848,724,166,1781,1778,266,1326,610,1219,1295,1277,1367,748,713,26,1566,1476,560,327,219
1290,309,895,741,655,1566,113,70,885,644,1278,476,1267,134,1836,1648,288,1279,247,78,908
1798,1276,199,65,604,745,117,991,1844,287,1303,1623,1836,960,1087,1116,645,552,1534,984,1295
827,1688,1758,656,806,64,1536,631,1585,511,1732,1712,1330,1489,151,1094,1033,1847,841,694,155
262,1338,509,1094,279,1194,179,369,1136,1306,779,955,627,1698,1329,1498,1068,1305,1289,1164,1036
1432,1076,1302,1183,79,262,187,760,521,961,275,220,117,47,384,105,574,1282,99,749,550
1290,243,27,221,1740,272,613,570,1780,1270,1845,1251,297,1066,1307,1182,1793,765,1009,1741,1041
1022,1741,1648,1840,1605,26,1294,570,1640,684,27,666,1203,1136,984,288,1277,255,1163,274,320
913,990,823,253,139,268,1780,1555,643,1722,1294,1001,1534,235,202,233,1851,1289,710,619,727
164,245,1241,1599,1538,531,1604,1011,104,1275,1145,279,1552,1741,1319,996,1031,598,101,289,1566
1769,1490,23,857,1301,951,1113,856,294,408,1279,39,235,863,399,65,94,1287,76,890,1670
1621,1804,1285,478,184,1062,438,49,1565,1829,1634,273,530,982,1111,1224,1276,1298,1303,661,1293
1052,74,491,328,66,69,1290,1545,1648,178,150,645,1832,101,1490,1433,1399,87,1814,881,291
1291,77,105,953,104,156,643,1585,403,1007,1240,440,1525,575,1783,1279,1066,1244,294,112,302
179,197,766,982,950,1741,1382,939,832,1451,1321,1817,1110,1127,357,938,1607,335,91,151,692
1752,86,1174,1215,674,146,1292,79,1294,290,70,104,748,639,647,1028,919,597,533,772,101
162,1021,1064,592,1812,202,1280,725,130,1356,60,768,1781,1732,383,62,1841,409,1291,308,1545
873,74,680,890,583,1569,121,1841,222,339,289,43,1009,913,27,1844,1302,1184,1326,80,101
1589,547,24,989,90,1654,1657,912,596,889,1284,482,1759,1841,1021,1476,1732,1781,200,1279,1712
669,1145,1303,773,465,1585,1389,244,1332,768,248,696,1299,1193,1092,909,1354,1278,1732,99,1415
279,905,264,1199,1201,99,92,134,903,1168,374,342,939,194,1555,95,140,320,90,1852,1192
823,1294,1477,1296,294,937,91,1566,1142,1115,610,1065,989,1682,1307,1778,1281,1279,104,507,188
478,1147,181,1841,235,1332,1277,581,1138,1565,1840,1320,1540,34,845,106,623,376,1215,1015,1173
422,89,835,1068,897,1305,1804,1219,1424,1284,170,713,1279,1021,1306,911,1302,296,90,151,759
58,1265,1518,857,250,1101,1731,1804,1432,545,506,1677,1128,1112,76,1287,37,644,723,123,1145
1598,1838,1297,1627,113,1631,579,1365,761,303,914,621,1819,970,95,1642,1205,1084,1306,708,729
457,265,231,598,1141,1204,1280,1425,123,779,145,18,1496,162,490,1320,133,23,973,1096,327
1028,104,172,1104,282,1824,1711,1805,91,1161,1611,152,256,884,1103,427,1306,1204,606,989,808
1027,298,1543,137,1287,1469,612,907,1064,1161,1694,292,1241,857,478,187,1802,84,1374,1274,1115
432,1856,1220,1534,788,1678,1277,1284,1776,457,1552,979,476,250,125,255,1275,733,1032,1850,226
1729,1306,1846,1238,1052,220,1250,1029,170,1247,145,462,1180,1102,1651,1752,1028,1123,1627,1265,1271
471,245,121,1191,1011,202,297,641,1490,1022,21,188,1778,74,1559,1093,240,88,1169,1761,1132
1776,693,1007,1585,713,900,181,1266,1467,1013,1838,1363,1303,327,87,139,1426,17,1795,1733,1115
644,1467,1840,240,1852,1769,1648,1276,508,1367,1008,175,56,411,890,701,275,193,1441,181,256
1160,1279,233,1554,1776,824,317,1426,1162,1297,1839,1855,1804,475,58,1649,856,1458,1616,1553,1669
856,1063,864,1332,1207,1028,306,1017,1152,1445,915,1273,992,294,989,855,913,138,179,1270,407
953,221,478,491,1752,100,126,852,969,1269,1125,1307,1113,1682,1304,467,1105,1835,1783,390,1466
94,87,18,1329,1166,1118,815,1800,490,303,898,680,170,1280,27,446,1839,1835,484,58,1417
587,1266,289,911,1712,829,1297,1399,1225,144,716,1842,1585,166,535,1303,139,265,1253,163,588
814,573,1243,999,1641,1311,1302,890,91,789,903,156,1306,1429,1256,492,193,1145,810,128,1346
257,1307,748,479,546,857,76,278,1836,1146,1306,1278,1253,1821,64,1276,980,754,1020,292,1098
93,993,1432,292,1301,1280,382,1134,686,585,1085,1850,882,982,419,536,989,222,885,496,645
98,197,176,1422,1711,199,201,1304,1292,1104,148,916,402,1222,151,908,1502,1503,470,377,301
28,1696,1613,1305,144,1585,101,1166,49,284,913,815,1449,1216,1137,1712,743,270,1288,465,807
1306,946,755,1415,65,1811,1295,1564,653,1276,414,1119,139,133,229,1340,1307,1266,1712,640,308
1135,109,1089,1801,752,55,953,1663,165,1438,970,180,78,864,825,18,520,1783,164,255,641
1819,79,271,402,136,1509,1248,874,106,1841,1105,1099,453,89,1566,989,910,1538,903,1191,45
789,1217,287,249,1824,634,186,262,470,254,1579,612,220,1781,1252,568,913,826,476,74,141
1278,644,103,760,1566,22,1170,1804,508,1689,578,1242,1104,934,816,66,99,926,25,942,1077
1604,283,465,1783,1087,259,1161,1294,1342,1348,1627,645,952,909,1274,1798,524,137,1154,1513,280
80,1307,1837,176,837,1815,579,1840,1691,379,1094,864,91,901,1280,114,309,18,1303,990,12
1294,1840,1589,224,955,1100,1783,308,1450,1102,294,402,316,872,1546,220,167,134,1152,321,333
1285,910,1685,1289,537,358,302,1585,374,229,1334,275,1296,1225,288,128,1302,1555,953,1045,1291
685,325,144,917,132,1307,1203,1093,470,1134,1091,1285,598,1611,1299,1815,1175,185,1685,1648,648
1841,1840,70,181,1633,489,1549,1118,83,1033,1280,658,997,849,1282,1573,1082,204,724,417,1103
645,890,1276,570,259,262,1233,545,291,1857,1374,1149,820,1741,1102,1217,499,489,221,1078,1013
204,1016,687,167,1316,33,1622,188,194,189,1851,1403,1847,952,577,258,491,1545,128,470,175
452,295,194,1564,960,1279,1466,554,1293,907,210,266,1853,606,1164,4,1552,904,264,595,1075
254,54,644,1287,75,966,83,657,1298,90,828,1039,447,1830,1546,582,1087,530,127,284,1732
101,1110,415,857,478,548,823,1511,773,1486,915,1279,1278,86,1460,165,129,817,78,191,1465
63,292,294,1544,811,1263,1276,28,1160,1005,254,1844,857,185,1301,1555,478,1516,27,827,155
1269,1801,1305,1787,1461,1303,847,649,1276,659,1266,1807,1804,1731,645,1052,902,1741,511,478,1199
773,63,156,1818,1277,76,833,525,374,1263,253,1019,112,1374,1688,284,631,1307,452,1306,133
1661,1280,1034,88,382,1058,1555,459,378,624,949,1426,154,403,129,1335,1711,274,405,200,185
829,1817,1717,93,1300,1298,1306,1237,323,753,917,279,1296,1406,255,1105,1424,1293,585,267,1297
1243,244,1162,598,1289,1450,1294,1534,920,1811,1256,1529,400,412,1467,197,64,1154,1277,1413,902
267,1002,1225,1110,695,74,1372,146,220,192,9,1446,781,1316,51,1023,1276,280,374,194,289
265,790,1306,1781,1296,70,1288,990,142,1730,1629,1564,1289,640,1091,1105,917,1829,253,112,1157
1232,644,1290,1019,1537,1018,487,173,716,693,1303,1677,1300,122,1807,1215,1470,1147,444,1035,1014
1126,1647,430,1353,1260,296,1169,687,320,374,1583,753,74,295,743,1076,68,1568,1277,918,122
1648,919,1783,1534,310,850,1034,914,1445,1183,418,760,77,74,1269,1306,1288,1163,1198,1064,856
202,1534,554,1145,220,85,144,74,1280,384,917,1139,588,1036,1300,1228,557,1094,25,1158,75
1520,1514,222,3,166,1197,598,1547,1176,1280,217,142,1640,1528,296,98,1798,1534,1295,885,1138
868,681,1276,948,1621,62,142,1547,1839,1305,185,151,981,1343,640,1534,1034,718,1781,1304,511
55,1406,1792,615,1662,49,374,1697,1007,1278,234,1088,995,1470,1260,325,1041,1120,312,1776,898
165,264,1628,70,1291,178,682,458,678,1819,1804,115,1289,1843,596,1607,960,126,139,579,1783
1615,1585,284,309,1472,1247,70,128,914,1277,1018,1505,1513,1282,1306,1555,1280,1299,1049,1593,152
1005,11,1289,1349,1819,1780,1296,1369,1015,363,979,148,572,509,779,524,108,1277,1187,995,77
285,62,248,137,1544,1242,1820,91,408,1148,1296,960,640,1136,1018,1700,1657,950,1585,1306,1257
382,1001,307,1143,1585,348,1555,1054,136,34,671,1482,1303,1297,536,750,592,1013,291,1291,1591
1091,1564,1382,155,1620,676,165,702,81,918,1237,1555,1294,1225,239,1215,142,163,1332,1830,645
811,1564,1274,1147,937,889,459,1741,66,1803,27,1585,1248,1296,1841,1025,89,748,1727,1259,1292
1049,410,1298,1655,703,1256,1182,1558,1233,1381,1564,268,1284,510,1426,640,536,256,1149,181,138
748,93,589,973,1265,106,1074,70,1511,1839,197,399,1847,1853,1276,853,879,1230,199,259,914
990,1076,151,1002,1687,893,1843,1290,1786,1271,1141,296,223,1566,278,1348,265,286,861,1752,451
1585,192,1847,200,407,7,1292,650,320,1415,997,267,1333,1519,914,635,1467,1175,1328,277,1577
137,219,417,1547,1294,596,1303,272,289,1204,1178,939,1268,1499,1727,1297,1279,902,297,731,1780
1296,1285,149,297,279,1282,220,1545,913,126,1273,832,27,1348,917,57,1739,1294,640,1284,123
132,1285,1500,1290,1534,1237,1296,1552,1051,1634,1724,1703,301,62,285,528,1019,1695,234,17,274
113,1289,1772,740,1007,1469,1098,1540,1444,583,1038,176,1550,1016,303,1348,1819,1534,643,264,776
251,267,999,1863,185,723,1065,990,303,1297,1793,1778,1549,1278,245,1299,1546,28,261,1671,7
1179,1566,220,137,1463,1223,1243,957,1279,65,771,474,297,858,410,79,955,253,1294,1304,850
1089,275,917,951,1820,294,1292,1224,1276,244,957,993,201,91,92,25,1049,87,1030,76,88
299,832,990,1808,1207,473,46,1400,1302,1775,1468,210,1580,1282,969,862,139,664,415,25,700
152,1195,759,501,1339,16,1183,101,574,377,1188,1264,1229,275,95,343,1198,1166,1710,277,1427
1726,682,224,62,273,1828,604,824,444,1150,181,1484,101,1285,593,1097,647,1096,1116,936,1551
727,1467,966,1279,23,307,1299,478,430,279,925,183,863,1543,691,253,1223,92,1306,913,577
1555,956,595,1082,1432,1307,772,1294,1807,1711,1352,1521,144,208,1249,86,798,963,989,536,335
436,1140,1569,1546,651,1308,1303,1098,1305,176,12,610,223,775,1349,1839,144,508,292,1658,877
998,694,767,454,1804,1456,485,1855,908,1700,1648,245,1710,428,1800,1281,1672,1278,1547,845,148
1413,957,1598,1167,346,193,641,1285,1741,288,137,23,934,1238,462,139,1547,1534,75,645,263
1088,891,821,284,337,290,745,1415,1291,1172,1295,83,905,1130,1852,714,1440,956,1098,116,699
433,1301,1780,994,1374,894,1182,1174,1171,1585,657,306,136,623,902,1554,123,1305,1279,1125,1223
75,1426,705,1249,83,906,165,90,1726,308,1805,552,430,1678,1398,1568,1724,1247,1088,792,447
1849,1276,167,1477,990,235,634,1172,1082,1085,1241,307,1423,1759,952,126,374,948,103,1248,1534
1243,1294,24,270,1305,961,1588,568,917,1288,1106,1066,363,920,1568,475,1824,1015,1279,454,1031
1787,1248,1368,114,1332,1028,640,1287,256,293,856,1708,99,146,1300,1291,1811,955,1162,956,450
1372,1303,1152,1534,680,1279,23,1240,939,823,190,917,205,1454,306,907,86,176,725,136,855
577,483,1305,383,112,907,650,1194,1741,1314,1676,302,328,890,337,1230,1640,807,624,1228,1279
1761,823,270,796,1388,1840,325,1554,967,18,939,1527,374,39,119,541,992,916,918,1228,481
1034,459,101,639,1751,92,963,1704,1276,1175,99,108,281,833,285,1266,1617,1114,919,632,1780
918,372,1614,263,1745,714,1732,1061,955,1165,262,277,669,1783,509,90,993,1326,1353,1295,70
255,1241,1108,1718,210,315,1257,812,1304,1297,321,268,472,90,585,826,434,603,965,955,582
