1176,1304,1192,955,161,890,135,1062,233,474,694,1089,257,74,1092,1347,833,1026,1302,253
292,389,87,875,1083,533,1540,320,643,303,512,1680,1288,112,109,49,1718,1306,1374,589
333,540,1607,1801,24,65,1014,955,1279,313,1254,1282,25,879,939,1704,1470,243,1820,1718
1681,1574,65,541,341,908,1583,1294,1138,303,290,263,1188,906,1128,498,918,213,836,127
1249,853,88,89,434,1040,867,911,1566,1661,1301,207,484,1523,1105,1280,1426,669,1287,921
897,1085,474,1855,800,745,193,695,507,530,1018,18,639,645,1457,1302,1290,1758,1276,1114
1847,23,1175,1808,1166,1843,1295,132,1279,1372,43,1373,1804,1341,415,472,1259,304,1076,1187
204,907,293,912,97,993,163,1289,95,853,825,1454,290,1536,177,700,27,1007,819,784
760,1856,1277,1297,1374,87,1717,62,1058,645,1062,635,862,686,1372,632,713,941,1840,946
1485,70,623,114,1292,1682,202,119,1689,1223,686,1161,1690,1279,18,1741,1173,1299,820,598
1451,1163,1297,148,1136,897,92,1284,1289,641,1243,1276,533,101,1400,729,1355,697,113,27
427,1271,1564,1844,1223,305,230,1254,262,1227,114,982,273,101,234,938,1804,1409,603,1016
1270,488,926,175,622,713,1274,1330,98,279,1016,1271,1811,833,499,973,605,1290,1822,1862
193,586,64,642,1279,285,341,1244,1217,581,223,260,1299,961,1776,1475,136,24,1199,934
863,275,133,588,1780,1689,216,170,122,167,1558,974,611,12,1489,811,557,1818,177,253
690,1245,647,1228,856,1266,68,1290,186,1529,181,1307,1294,128,779,1711,755,271,307,570
801,278,701,1712,1743,1391,1189,981,1485,1768,146,1282,79,494,624,1608,1809,21,1145,1585
175,1585,1593,1730,229,285,1210,1571,87,1430,749,1084,1567,1281,1189,908,442,279,918,320
1679,1224,872,1853,289,444,121,1210,244,15,147,74,1051,1705,1313,1585,24,1706,1243,627
989,700,254,1225,293,263,74,202,256,1585,1693,1068,144,1249,1260,1819,1276,1732,190,41
264,1848,1278,880,1828,884,86,254,1770,691,862,1300,149,914,785,163,147,588,1551,1776
292,459,1555,1117,976,1565,1730,562,1285,361,1557,855,1278,1312,572,1727,1543,25,1488,1303
181,990,1298,1563,92,1851,1828,932,992,74,1780,139,101,927,602,1201,1653,823,166,58
875,1285,1192,312,1374,541,1500,1256,1778,729,1199,94,1303,178,25,508,1306,1246,126,571
139,1851,152,1533,454,1250,1748,1029,279,83,1155,114,1418,1564,64,61,1289,1023,1746,891
1574,1533,440,956,1306,1585,775,1781,295,1619,1761,492,937,890,1304,1513,145,1863,1139,571
1561,133,1030,1291,1257,644,1139,884,494,990,1819,1215,927,623,250,1805,178,1279,1250,713
731,900,1542,271,1364,484,1198,1780,428,1188,819,222,995,530,181,268,890,694,1218,476
862,435,1175,1502,1807,1839,1246,1266,1648,274,1781,843,1094,1580,478,337,1275,490,686,1799
823,79,234,1296,308,1002,1807,1472,989,1246,1843,1297,1247,597,914,1811,400,1703,742,1791
1852,78,1175,950,1182,290,283,496,966,1555,1305,295,479,1292,91,1223,133,274,415,201
113,485,1748,429,1741,18,644,15,1285,1792,41,756,1618,89,138,1293,320,1783,1094,337
1088,573,1306,1441,1040,170,1249,1220,424,1581,1133,284,1726,470,1348,504,1292,984,1250,1115
892,1741,197,1732,74,940,768,244,178,1851,1099,1811,1482,175,614,1776,1707,1780,86,1309
1303,1296,1276,220,1022,713,1145,645,1698,1268,307,48,1665,913,113,70,978,1098,1582,1298
145,1199,1780,717,1434,1841,571,478,990,823,179,1116,114,889,1564,1759,551,253,14,520
175,383,80,1645,1289,1828,173,21,1446,1265,152,684,645,376,283,295,863,1306,885,1094
740,729,1201,1093,1103,1585,545,1459,1737,294,286,1076,705,1564,1300,805,273,1432,1011,265
855,260,994,1027,954,445,399,1350,1547,1658,1347,472,78,83,89,351,1104,1295,138,87
967,1526,1294,1171,1299,318,1279,348,1653,1776,1285,1657,1769,1472,460,1303,37,1223,258,282
284,1648,185,1203,1627,990,852,1241,499,1564,1305,128,172,101,225,1542,1279,126,574,900
197,1031,1128,76,1293,757,1304,658,762,1305,250,474,1361,1191,1563,520,1553,1741,1029,921
1712,476,1294,145,636,137,274,1561,1279,1781,297,1278,272,506,588,1303,1219,69,1145,917
1585,835,1780,1240,28,499,715,1282,1082,297,1100,32,137,686,80,790,127,102,1295,138
652,1266,970,137,160,700,1830,511,1071,690,1806,1306,596,1305,1216,220,141,1302,1328,1182
446,1244,228,1494,1835,1798,1453,62,142,98,44,1106,1707,202,764,1305,598,704,327,269
74,1783,509,1712,644,108,669,449,142,922,158,73,1026,1077,1563,823,1016,893,202,94
1505,918,302,1683,1297,1136,1710,944,1259,1736,1853,473,1690,576,152,1129,499,266,1195,1240
972,727,1011,826,1305,749,177,213,1839,589,1025,123,1191,1290,1843,1804,1279,95,478,947
121,1284,1188,1243,1172,1307,1783,1266,1225,1436,483,1553,1775,255,202,31,764,195,32,1289
1071,25,847,147,151,628,1016,1228,364,1840,234,1176,166,1146,1316,1444,982,971,1626,924
1702,934,398,1304,1163,157,94,101,595,555,484,155,1294,137,572,312,890,574,727,1265
1187,478,77,581,1785,842,265,989,137,656,278,1294,893,459,1282,760,1784,1298,929,509
1302,1298,896,727,75,293,1573,110,1026,1690,1181,247,944,91,927,1296,62,610,1271,1321
1105,484,530,1086,245,1126,1277,1130,677,220,1818,297,274,1030,104,989,156,1074,273,164
1787,61,1149,621,775,1037,184,1280,1744,640,466,257,1302,1326,1246,279,740,273,1086,1357
1502,1067,487,108,1132,1409,220,1284,106,1145,842,112,1298,1279,86,221,1701,891,1817,848
417,60,175,1303,144,669,1289,1072,574,877,103,1106,220,671,625,348,1319,202,402,1281
1125,723,1298,773,1306,574,618,1486,1168,484,644,189,1455,1221,26,25,1534,1472,645,137
1648,1305,954,1114,1011,926,873,98,1476,890,1840,6,573,572,290,321,303,1700,373,1080
515,1697,1183,1136,1297,17,1211,656,1830,1811,1092,1300,570,917,264,1780,24,295,1778,1052
100,819,1353,424,1079,640,1852,1546,90,29,209,1680,1280,596,1331,141,505,152,284,1534
412,1852,1585,890,127,1120,294,1374,713,1223,150,1282,1307,633,1176,1326,1155,1561,356,221
512,270,135,1017,1470,88,1284,1139,258,1279,496,645,936,1839,1564,1491,1301,1069,1842,1806
1700,1841,641,1819,172,302,407,1578,1233,745,939,635,1302,1509,187,1210,1305,1167,913,1589
952,185,152,1757,598,77,648,1076,1752,1249,436,1387,307,114,1723,1297,1280,1839,259,1566
1225,133,1132,857,989,1080,16,99,1257,1441,1198,1211,818,1219,1728,1302,20,294,938,1147
1279,568,552,1584,1677,1662,1796,1197,863,1695,1247,278,186,848,105,152,302,950,1842,1085
1269,1015,223,1851,1299,1734,1752,137,1627,1553,1074,1223,478,1819,350,1290,789,522,1304,570
1168,68,145,805,59,1808,39,728,506,1300,1183,1056,126,478,749,219,823,243,1830,155
1175,1276,181,1282,1026,1246,1564,1304,1114,957,1676,694,966,100,1305,1290,917,989,193,70
1161,1853,403,1150,112,178,706,1126,1783,1206,906,1555,374,226,92,1540,596,1767,482,1216
136,1088,20,1773,152,1719,1034,1534,999,1250,656,1801,1332,739,642,748,1540,557,1296,1290
1280,738,1014,418,296,74,572,254,621,1028,290,1336,1278,1351,1566,176,305,65,570,1658
146,1783,1161,357,495,1472,128,991,148,1304,1804,281,415,807,931,1296,1105,873,254,103
18,1359,1049,1278,855,840,1110,1276,1756,655,1559,150,92,1040,1208,889,1093,1440,1280,1783
1802,227,1299,253,1117,106,1558,1242,645,636,1712,1224,74,1011,904,426,973,289,163,1182
1553,1256,1266,62,435,1534,191,206,1313,179,966,326,1241,729,290,1374,873,152,220,621
246,1855,1593,265,1518,954,1155,61,1417,245,1275,89,1278,662,1500,206,1778,1430,982,598
177,1361,183,1492,1776,78,691,1180,581,842,1068,1302,24,359,1801,645,644,1181,310,1028
27,376,56,1842,25,1677,4,1558,1168,768,623,990,1740,1301,141,1384,1076,63,1808,26
1430,273,509,1717,1648,540,214,561,989,1689,137,990,126,824,1489,645,910,1290,1332,1118
1146,1306,1623,1293,1655,1184,958,1298,98,878,1224,201,1712,1384,1463,438,23,961,200,1839
1533,296,478,1838,68,1307,1030,23,1296,914,145,260,83,1203,1177,779,76,711,74,877
1552,1684,1236,253,1174,639,1305,131,412,1108,1266,496,257,598,728,433,1553,1683,890,562
1074,1497,406,178,659,818,1591,30,1712,1084,527,19,1087,1804,998,1432,165,358,1233,569
58,114,842,1019,1366,1149,302,1162,1427,425,1572,603,1564,1417,148,253,1305,620,408,1788
430,1517,978,151,1018,1307,267,1836,1303,293,1114,78,907,1280,123,1752,1394,842,683,588
1298,434,382,1582,115,101,1847,193,1305,714,766,713,1624,1256,26,1756,1801,629,1191,1845
1563,306,645,288,1861,178,1657,1805,1840,202,148,166,1430,134,1549,440,1166,1305,266,895
1743,90,278,281,1564,429,126,1547,1092,522,1781,993,219,1752,1306,701,285,1197,294,245
1417,1781,1754,193,1192,489,1395,1161,78,925,151,509,259,101,1321,1595,1688,26,1279,5
877,506,1314,658,1566,159,1620,1259,1824,1294,534,181,162,1182,1147,279,1467,74,1648,1612
4,1742,235,1069,1245,1681,28,1300,506,923,1266,707,1199,859,1804,720,1332,1566,1298,95
549,469,25,550,640,1583,234,1094,129,1056,1648,1788,990,806,83,1084,468,312,1306,965
920,1839,691,931,99,1573,277,1720,166,1845,918,1320,1409,740,112,105,440,1138,1317,1282
1230,1732,1034,150,679,24,1257,1033,37,1566,243,1840,80,188,182,1572,510,123,1278,1259
1280,1309,1655,1139,1285,295,269,222,1807,190,665,281,990,1780,306,1012,1177,1350,1201,1300
957,685,1108,127,275,1128,1266,1528,1540,918,845,1850,1298,926,643,202,1093,1374,126,1542
485,733,513,70,1226,1837,1752,1278,285,1294,1547,595,221,856,519,389,430,1712,883,1290
989,921,1730,27,707,1498,1249,914,660,508,1348,669,1128,229,949,122,181,77,645,857
74,264,1839,1085,417,748,1732,177,1818,221,1817,1374,1167,1165,1295,1110,820,807,14,1224
299,175,1303,294,77,1138,1009,137,1352,951,1182,1470,1783,911,1220,295,1374,1363,848,992
25,1123,1217,746,645,1073,499,581,1486,151,346,93,190,1266,73,233,548,1442,639,1246
534,22,78,639,792,562,418,1304,473,1176,471,1147,1099,380,1380,1847,275,1566,1289,816
303,746,402,195,219,202,1183,1478,476,1303,1328,655,279,190,1153,1491,1843,1052,1306,1292
1085,1502,1303,1440,1153,1837,1780,16,640,989,1345,1564,1306,1732,1545,1838,472,1367,1839,573
292,172,955,484,1342,1440,140,1267,1018,956,999,105,1799,1132,1694,700,647,1496,176,321
175,1285,1566,285,538,294,100,1216,940,548,1319,1280,184,1524,374,1850,907,1131,1100,1150
1296,1648,557,1188,859,1271,245,1303,1844,820,624,1703,1228,890,178,1289,1153,6,1108,779
133,1293,380,1793,1306,1548,914,136,1808,679,1292,1302,1804,1282,773,303,862,691,1726,713
1299,204,73,1115,475,1778,374,952,130,262,1365,915,1504,201,293,600,182,179,833,1622
717,770,196,1426,1804,586,859,436,260,144,223,408,297,530,12,915,1366,1543,1534,1128
880,1296,1166,234,855,986,1286,64,923,1302,1490,1279,392,449,510,841,1160,1549,1205,282
897,1850,1741,573,1158,1420,979,1677,1284,1737,1808,193,1708,1307,1025,1819,1620,80,938,1280
463,1536,1841,1145,354,309,165,1203,1290,694,1240,194,964,166,919,77,805,1406,388,23
990,265,257,1402,1544,253,128,166,70,176,86,1091,13,433,1539,934,1128,1706,38,1303
182,373,221,1303,39,913,148,1789,1141,1585,1745,1191,140,26,234,154,1776,1358,1153,598
955,1789,1648,1305,1257,103,1237,213,636,1466,990,1708,123,562,697,1804,183,1774,995,1280
1235,221,997,1260,1166,1555,1372,1128,1305,1220,1847,1229,1808,56,75,950,1234,71,1566,1108
1855,853,205,779,1727,1804,1712,1500,1585,504,253,1300,1542,1115,143,1565,607,104,540,1106
807,908,29,1289,1375,61,1507,920,263,1294,302,260,1030,490,146,716,1330,1396,1547,644
1105,1070,1109,70,1839,1311,249,1314,1018,1296,1036,1705,762,1176,93,177,386,895,497,16
256,593,1845,1516,1811,972,857,244,293,179,1398,504,60,949,377,731,1781,202,1741,12
1296,93,1277,1245,1306,294,785,78,1040,1007,1804,370,1303,1802,1280,641,290,694,1811,325
1153,907,1355,889,579,262,634,1292,1694,1190,1781,1092,1307,1146,1420,277,1297,646,191,969
154,1263,492,1210,1129,488,1595,1737,1279,722,23,217,286,78,197,1292,1728,893,263,1092
126,1027,1129,216,644,1068,1006,219,827,503,1105,859,812,598,1182,620,1686,934,1564,1122
596,1363,1715,1298,136,1111,953,1806,909,357,1817,1026,63,69,598,1007,1301,1775,1500,1704
104,1396,1813,749,1841,1277,1247,185,1290,948,1533,1294,140,1783,1258,1755,990,244,713,1240
1276,1280,840,930,1136,165,807,596,547,120,1482,903,1585,1036,1279,87,1304,1747,835,981
823,1424,91,156,1295,791,1744,273,1117,1293,680,1058,914,83,1190,120,459,134,797,1304
1302,1355,1034,1318,931,1294,665,1373,1489,12,992,177,1127,1289,1817,1160,760,656,1164,25
89,535,72,377,1093,1730,1263,971,574,179,1147,1301,3,186,1225,1585,1251,411,167,664
1026,1578,117,56,1613,643,627,1182,902,1153,204,1553,176,503,175,573,12,1426,1706,1289
1783,1204,987,1673,306,771,890,1006,945,863,1292,624,1291,548,1757,32,941,1788,90,1305
1130,1243,220,1776,1318,1297,1088,88,1280,823,1432,79,1372,625,1276,261,958,297,1028,1224
1091,325,1068,1528,1291,876,1564,1752,646,280,1132,148,1555,502,1147,267,1145,877,1322,308
1804,278,1088,1432,167,1291,1221,1659,128,478,309,70,291,534,293,367,570,685,1247,102
1278,674,233,93,1086,106,220,540,870,1705,235,297,1301,543,27,1232,1098,1841,1811,581
1374,902,1035,1689,1451,264,912,1257,101,1741,540,870,568,1748,1811,1280,272,1038,1216,989
585,947,694,1188,273,1491,200,1306,1279,298,955,1242,49,134,568,1839,1862,1030,890,63
1301,325,1063,1836,1319,18,1306,1035,939,1266,74,717,185,179,1472,323,1824,177,1800,1275
29,312,1645,1349,1002,1076,1277,27,350,656,105,97,1035,1042,993,755,290,300,1241,1778
1585,1029,1285,1277,1056,138,1566,1170,993,1105,1783,20,903,135,1001,896,311,1225,177,1776
1816,243,1426,1778,1604,1817,1566,1281,1732,907,478,984,1770,221,459,1295,152,1655,271,639
1688,68,1565,1279,905,1837,890,1153,1581,1780,632,430,680,1757,1708,1102,861,273,1404,285
1028,1257,220,1055,291,23,833,293,164,1445,298,848,1516,1220,453,1819,1145,503,1276,1279
297,1282,992,1550,1365,305,1277,94,39,74,1534,548,278,1182,1802,108,870,321,1569,1262
789,152,270,874,419,1780,1842,717,180,647,1704,1749,1611,1067,1017,1819,1249,640,768,773
1809,400,452,1015,1861,1192,376,1479,151,138,844,1307,764,128,1311,374,666,661,222,113
1741,897,305,1711,832,181,875,1257,645,510,1783,453,238,972,1290,1655,29,1279,807,1467
446,430,1257,75,902,967,413,1804,859,356,1294,167,1598,1426,1786,103,1847,1290,380,1026
1000,222,219,490,1221,772,1278,1342,591,123,1459,1681,1752,723,233,1780,1081,166,265,318
1843,1640,133,1289,63,1518,65,550,300,246,621,232,145,1781,531,220,1576,1555,959,1104
1132,386,56,966,1783,1294,1198,462,1055,221,294,1278,1299,1293,1403,1247,464,134,855,1235
656,380,993,1148,515,181,348,93,471,1770,69,937,856,70,553,79,257,989,946,1784
1076,541,623,12,253,1093,310,1199,1374,1210,1164,1550,1278,1069,265,1138,1107,857,970,947
1585,1730,732,69,1790,1783,1216,1828,1282,1377,90,1056,1133,12,1729,1741,189,545,25,1063
686,112,792,878,1658,1480,896,1294,543,1226,809,411,290,1751,1741,725,1136,122,1298,103
1841,1280,1230,267,1029,953,960,1215,588,1032,132,296,1041,1194,1156,375,1295,589,1851,415
721,1760,251,1162,1234,1019,745,1374,419,1294,1147,75,1737,175,1208,1276,116,695,1287,244
25,1314,1783,1509,1012,1272,748,303,12,302,341,166,952,77,1280,621,704,475,990,980
12,1567,1307,137,1064,1219,1488,952,1145,1230,71,1787,90,1277,1472,1753,415,374,1565,1224
1545,857,1284,176,1697,862,1070,234,1306,103,1680,1426,636,761,1290,256,639,1780,123,1761
296,1544,1727,63,732,1783,981,997,1281,1790,1682,133,802,1585,242,756,1701,114,102,142
919,207,529,725,1618,130,648,1299,1018,1215,1102,723,1279,644,1191,1480,878,1265,640,281
1689,440,903,554,1062,1294,1166,179,146,934,960,907,221,1668,1034,268,1470,1301,224,1333
859,1802,723,320,1741,1276,1642,1096,568,548,1524,1132,1303,1217,1297,1298,1740,729,1305,1374
65,648,678,629,717,63,1299,993,890,353,1453,1009,94,89,69,1481,178,1424,1279,645
268,1421,1699,193,1563,1759,1441,1640,1073,643,1847,1302,1418,58,288,50,296,1022,557,1774
176,81,1307,1272,1035,903,1280,167,1305,174,1498,3,460,1128,181,106,13,677,627,105
1188,1357,1840,1297,224,307,147,1692,116,1167,306,1263,855,253,223,540,235,281,990,1566
466,1566,863,1277,1424,1097,1187,415,1846,1169,849,1101,286,1213,640,1584,990,1076,1491,1084
1298,1374,1279,878,624,1021,105,891,1256,1099,1293,990,1183,1267,1289,308,714,1757,253,1490
1284,100,1565,1846,101,856,289,1554,1765,177,190,174,809,1501,116,201,715,1561,1585,1566
1846,1242,837,106,12,137,1285,1499,696,177,220,615,223,1772,321,186,104,1842,1555,2
233,1775,306,375,1566,725,65,1220,1578,1204,1291,689,1340,1328,415,1274,990,336,1668,1807
46,1585,166,903,12,1839,934,1840,277,1483,257,181,623,346,1306,980,1566,1228,1739,144
1776,1278,1741,350,943,1829,845,1163,1307,956,1265,354,494,1286,310,290,1711,921,945,1780
1680,583,140,1300,1492,1307,573,1659,548,952,147,1752,282,51,79,1277,297,1210,1625,25
1277,141,1418,664,667,990,540,244,89,27,223,135,1531,1301,1585,403,1075,382,1210,465
63,1207,1563,1110,655,1272,1160,1063,540,1350,1304,297,1327,478,202,631,1301,1749,664,1265
1302,833,214,823,1778,382,91,853,1708,1822,1432,121,1147,1741,1608,1128,1177,267,1076,1284
258,1291,1217,92,1012,1740,459,1103,177,193,1034,1669,272,131,277,1084,1372,191,745,728
1151,253,1307,417,990,695,133,915,1297,1279,1234,1266,296,1258,545,297,563,27,752,478
1558,1845,1555,479,181,1318,424,1246,1457,361,1585,144,66,1669,1073,330,1247,1281,1150,1266
1350,1428,1183,920,1071,856,643,906,485,872,420,990,1135,1536,292,101,1680,1260,702,1137
1585,1780,1304,531,94,186,991,923,1076,62,722,9,463,640,1280,173,181,936,7,194
890,898,1397,1155,686,596,1718,223,1752,1778,137,58,74,1045,1078,1280,1246,178,105,913
1136,953,1284,274,137,1847,173,128,1293,920,473,284,845,776,1032,146,1566,86,646,935
980,686,1479,1287,0,351,288,1728,1138,1019,1292,507,1488,1317,1285,790,745,294,406,256
233,171,56,1294,589,62,845,432,1855,159,255,243,618,1266,269,644,890,466,1298,960
27,579,1782,1291,100,1154,1469,101,645,917,961,918,1839,31,1565,790,1509,1306,1319,1665
1711,688,1303,1511,253,1088,118,1297,990,554,327,129,1018,256,1129,985,1278,1087,1093,350
153,1257,478,79,1852,1765,1848,148,1780,83,1555,1049,1289,1250,1276,1132,305,959,877,898
588,83,1188,86,1041,1769,1295,466,1365,1513,1564,985,1311,1830,1207,1307,440,203,625,1770
984,1264,887,1328,1301,961,800,1740,970,167,1197,513,729,1372,806,1804,855,1278,25,1183
185,283,901,1847,1276,1067,221,995,1076,1492,433,1234,271,190,29,640,1674,478,1841,548
572,1737,746,104,1441,1305,561,1610,501,284,768,1830,780,937,1145,234,1711,1280,897,901
412,523,87,1564,136,791,1290,1534,259,641,145,856,1278,1461,1688,879,875,244,512,114
1005,606,406,152,338,924,215,1086,1781,656,1302,911,1176,155,157,302,42,383,972,712
645,1776,126,716,635,184,1239,1242,1302,770,1167,1819,887,1566,1489,640,27,56,128,642
656,1778,1320,1257,1182,285,58,1068,723,1811,100,540,1011,1166,1307,581,265,51,1109,408
855,685,1271,1569,1542,89,100,1183,1306,1117,105,1372,489,1783,632,1547,1246,1270,75,677
204,1547,972,295,296,975,1819,404,857,126,1288,1413,1518,640,1771,58,655,703,78,1804
1155,893,966,312,1859,727,1288,229,1425,746,1307,1654,43,139,1110,65,1807,290,268,1416
1213,1198,1098,1852,1285,1717,1583,312,1266,813,1051,127,296,258,1678,492,1167,1162,971,621
639,1373,1374,1305,1016,1183,1306,921,1707,189,1307,809,491,642,889,1502,312,1240,245,883
1796,256,1002,1299,165,95,202,1776,506,1381,1076,1736,295,597,129,27,1689,956,1778,321
1062,1175,909,862,1024,1022,1300,1198,1640,317,1195,1842,1279,725,1304,989,639,89,1816,504
1566,60,253,79,64,1547,506,529,1617,1307,1249,240,1284,1093,489,648,105,1472,640,1224
1274,24,1796,14,1723,478,776,198,1820,878,725,1399,883,721,1369,696,1296,1692,134,290
1086,980,140,1292,370,1191,76,809,834,1295,1307,100,1488,648,725,99,150,104,1624,1229
855,1305,1034,312,417,1251,1199,893,1454,1347,1230,1093,112,12,1804,1254,83,1038,306,1569
940,897,163,1777,1804,1148,1343,439,291,1306,1462,251,1393,991,697,1168,999,1292,1217,392
1550,1817,1781,736,1472,73,646,627,1282,922,1279,917,179,1700,192,216,1182,265,213,645
55,1366,1839,685,939,996,478,971,1211,197,1003,1178,1224,875,274,624,134,1721,1036,157
1238,749,1220,1036,531,359,540,1537,1413,194,178,832,103,763,147,961,1228,782,914,1296
914,76,1275,86,522,418,823,119,1290,1780,855,1235,656,644,1294,1752,579,1728,953,166
921,538,263,1426,150,1585,189,1356,377,1163,1290,220,285,1299,1184,747,1088,549,687,307
729,1534,1305,137,1426,1330,262,147,1459,1264,1225,1752,1097,1811,1278,653,1136,181,1691,840
131,1303,723,1282,181,1566,280,202,877,1810,497,1851,303,628,1669,1178,83,166,1128,1794
92,692,1860,1301,290,720,1295,185,316,1279,308,1293,61,1311,572,1005,1426,548,411,1744
459,1525,1469,1621,90,561,1303,450,1083,70,606,1276,245,1472,1409,374,256,278,548,1741
276,146,267,242,1840,297,1297,221,70,1744,1288,1307,1112,1712,1242,133,990,1314,1022,1097
186,167,615,1353,77,129,1276,1300,78,1226,132,784,347,70,1470,305,1732,1234,259,1307
949,137,192,462,12,752,177,127,1843,1374,1621,58,377,1356,178,1028,466,373,748,487
1564,1355,1132,190,993,1807,340,260,282,28,1068,1141,1291,27,728,494,402,1623,1843,978
1128,1084,943,453,291,267,914,1295,1301,1118,469,1534,309,165,1430,1304,127,246,1082,1007
634,881,473,607,1303,1278,914,1206,939,561,274,220,1491,639,727,913,893,1295,1661,219
1369,177,277,1703,128,647,805,548,1695,117,1781,141,1278,669,1290,27,1108,136,661,389
1305,1428,1294,823,1009,848,950,200,1222,1498,162,984,190,1778,176,427,1780,1782,1291,1548
1291,1302,450,70,686,1437,665,1123,234,39,1259,1276,1182,1305,696,459,274,1778,265,325
1173,135,1025,1491,830,268,1160,1752,150,845,1700,1163,645,1838,1653,1303,820,302,1289,1359
1304,1468,1524,1348,343,890,722,479,1337,1294,1306,713,23,640,1315,1102,694,881,78,1292
1299,1845,128,218,74,1353,1296,472,689,889,1776,1074,1549,163,355,1686,1240,1016,374,570
736,411,1592,181,1555,1717,1094,94,243,262,137,265,1280,93,639,229,1171,514,288,475
75,896,878,634,1061,552,260,70,1718,998,126,1293,1613,968,59,1689,73,1067,1424,1546
341,165,1291,1187,245,475,1648,1332,1296,878,1293,554,1418,38,1449,1302,1276,1280,1336,258
27,197,271,952,694,1261,272,1464,1287,1161,1654,1,39,1627,190,1704,1853,51,1304,1305
1711,1099,1008,990,80,1660,1112,1687,258,640,121,602,960,1585,1648,862,1642,1757,275,1533
496,1301,1558,1286,865,70,910,1300,640,139,1388,645,310,606,181,503,1477,1284,1669,1455
1254,641,497,1799,253,656,505,1293,24,1353,223,1302,1278,451,278,1781,570,341,685,292
739,296,1216,483,1584,1415,1472,43,1374,89,1303,521,1790,312,1096,1094,173,459,1844,1217
1218,478,1235,688,1306,1756,170,1811,1210,1841,1544,1399,6,1396,43,1312,951,28,1224,1744
74,1681,1566,1338,1798,235,494,290,166,696,186,1787,1453,645,254,1230,1307,1198,445,23
1842,1271,1367,79,813,63,175,1813,1778,879,1300,1278,990,1137,213,459,24,1472,7,1266
1563,1284,1780,1477,856,937,1772,1403,950,572,1277,702,1778,1279,656,1291,960,1281,1820,1426
297,1446,140,743,1142,1534,890,340,889,179,1302,1851,92,545,572,656,1741,37,1290,1809
872,294,1796,1235,478,1037,136,1298,1243,1229,91,66,652,1738,641,1297,253,1299,185,229
1541,1858,977,1066,741,1443,307,1564,986,1566,1817,1165,1432,112,1372,277,105,1761,1317,814
1432,878,60,1304,686,21,246,984,1260,267,603,25,89,1278,621,941,1540,176,261,1804
1331,282,912,1062,1297,722,1153,1835,273,919,1118,157,53,540,806,1132,240,74,1009,1730
624,658,1276,1783,1238,656,1737,430,782,152,1332,1563,1280,253,1852,170,1297,1259,137,1812
18,1278,70,1503,154,1031,1088,1199,1817,322,103,873,126,1332,1722,223,1296,950,562,55
234,478,1312,1278,766,320,316,1426,86,49,76,545,967,1455,1017,658,479,1409,1235,1296
755,1547,1392,1780,111,688,1287,897,1168,990,878,189,835,1361,289,1686,1141,641,1374,95
596,1776,298,120,657,1281,731,347,133,71,343,1245,183,1150,1538,138,901,1160,1290,1153
0,459,1064,1296,1113,320,1235,1239,855,1280,821,904,78,37,140,74,106,532,995,245
1288,695,563,1818,1267,1173,1442,1585,260,1472,1563,1819,1490,1798,893,307,966,267,1097,806
764,1796,1145,1181,1847,1305,105,813,294,847,1174,67,1279,192,1642,452,1265,1345,1024,1167
947,934,1182,1210,136,876,1728,192,1286,903,132,1295,1444,600,1776,37,198,1808,914,496
1547,259,1210,173,1776,307,293,1470,1306,134,751,123,475,1648,1276,583,1364,745,1728,429
1106,136,1836,186,69,1034,132,1839,1564,1339,1307,1680,302,281,641,636,55,930,93,639
1361,1617,1294,1732,308,1841,853,1161,305,487,349,207,902,223,616,1667,83,776,1210,1780
315,1303,1113,1498,232,141,1648,1249,902,1690,1282,848,173,321,1295,790,1005,1307,1056,1491
640,656,402,1497,1307,1238,699,297,989,400,953,137,176,120,214,243,374,359,1092,278
549,1194,178,997,1566,1842,636,860,1409,790,69,931,206,90,461,767,957,1227,512,1034
433,1603,1591,1712,1295,451,141,159,1199,1839,95,896,478,173,89,357,984,1808,244,304
715,579,277,475,1233,377,632,1263,1294,1676,252,1746,859,1454,1274,194,255,1158,1759,1474
1299,1088,244,1352,1783,1229,386,260,93,1007,168,133,1285,1239,857,900,308,1026,694,287
284,1123,1305,1183,1117,1566,165,415,1182,1056,305,219,488,1073,1555,131,1819,220,1295,1741
457,23,1068,640,1472,1182,1033,572,605,1676,1793,1566,286,686,476,1658,95,853,163,220
321,111,1806,190,1569,1333,1775,522,741,1554,1236,771,524,1455,1128,1296,193,1705,1753,936
640,1305,171,258,151,721,235,1238,1819,1849,499,1272,50,369,1007,1555,243,1769,1115,772
1205,1171,409,1177,83,1102,1281,445,1145,1488,309,1451,384,1276,1091,1440,1250,1349,137,1501
1276,261,1760,1280,995,643,1734,1029,309,1168,139,92,1563,1402,284,485,133,121,1641,1298
1281,186,77,1840,1183,823,1669,581,468,104,635,697,140,1290,1565,1276,23,1292,785,132
1430,1341,823,43,1175,1374,1260,354,1280,1098,93,1859,890,347,79,77,308,699,782,151
1809,1064,1198,1780,1565,201,1109,121,1149,1289,637,478,781,757,1269,1288,294,1249,1741,1277
994,201,77,207,1551,321,931,263,1037,277,573,1104,1295,1025,811,304,1676,1267,1296,445
1300,1852,1536,128,811,958,830,1347,1603,476,1799,1282,1430,1272,1841,493,553,516,1672,449
579,1061,1281,1265,1668,1291,374,909,286,252,1828,415,1148,655,1069,891,250,131,742,1175
257,103,531,1314,186,636,1290,1657,114,320,23,897,568,90,924,982,93,236,126,1415
1780,1038,287,138,589,1692,849,220,1411,1294,80,1555,259,1488,588,656,848,1849,1082,1036
1252,849,151,138,684,137,27,298,186,1204,71,582,1426,1367,1242,1163,920,280,445,1395
598,1062,1503,1282,1372,954,1341,626,776,1624,1426,1707,1819,181,74,1566,432,1164,1182,112
1472,309,1298,89,23,1064,967,285,1820,503,1675,306,1657,1073,623,1093,640,655,274,1276
1444,1011,1290,1700,157,144,1510,1852,201,1846,87,138,950,1093,589,385,1367,242,540,78
1192,928,1658,1301,278,1778,1566,1286,201,1282,1133,656,90,104,137,1125,1084,340,213,1225
76,1607,337,1401,579,23,1102,1132,1621,1307,272,176,1017,531,1400,70,462,987,915,415
1306,1297,87,255,244,966,197,473,1123,942,291,890,695,1374,901,1193,1617,1292,163,639
686,716,1847,1224,92,640,1554,1,25,893,1295,188,1217,651,1279,827,1712,1705,945,901
128,574,1299,88,1620,1267,137,1712,1549,330,1677,1595,1783,535,1541,306,689,634,855,177
103,285,669,1798,1012,1292,246,185,105,1102,191,377,1778,139,941,74,1432,93,128,1819
966,1798,681,1564,78,1279,1298,879,566,1773,1216,156,640,68,91,256,551,146,1783,281
395,101,882,1499,62,1418,1161,142,1175,596,1575,121,1519,854,1177,314,1352,1828,1093,258
1289,91,1165,1108,1028,694,1250,175,1801,146,1290,790,474,1739,1145,1585,833,1842,970,275
1303,1585,1146,1183,1100,1297,305,145,184,181,1780,14,309,1296,1441,58,1088,845,1148,1770
1819,1840,361,308,1251,1604,1566,984,145,754,244,122,592,899,1305,162,645,1804,1279,366
46,669,1105,1292,96,283,1307,1169,1229,1145,1843,632,74,1158,974,1238,1103,1167,152,303
1842,1240,1780,1297,1808,1174,454,181,229,473,290,233,222,116,286,159,284,1291,677,1266
1243,1157,1210,1257,12,1524,1041,1544,739,1842,1279,887,192,1052,1814,1171,1069,1749,167,133
1175,1648,1599,1301,451,320,1082,587,1038,305,70,1204,132,46,37,386,1118,1472,307,473
1071,193,379,1245,1333,93,402,563,1279,1258,1563,1299,942,1484,207,1712,65,167,134,472
918,1432,1136,1490,219,150,1807,708,114,1280,383,23,505,293,1269,1282,89,1642,1817,641
635,290,75,296,1748,1463,589,285,1265,975,1306,424,1254,402,756,1566,1432,1246,1789,1285
1284,70,1145,610,1778,1237,639,645,666,824,1285,1470,1100,1818,303,1372,302,1073,1842,335
1847,307,1634,101,828,296,675,1728,1088,636,1147,1306,531,1480,27,1668,847,781,1555,1277
453,411,1839,804,1669,1801,1079,1659,882,928,1426,1846,440,539,1447,1712,1744,1204,669,1435
1805,1291,1472,1461,1300,434,93,142,437,1123,694,114,985,1285,812,1160,1247,288,1847,1476
1840,1778,1558,296,1142,1332,494,390,1548,1695,1235,1302,183,1437,1533,472,839,1289,335,443
243,357,174,919,1722,426,100,27,645,499,1819,1276,639,1712,1583,608,1087,1832,1066,1275
1352,1619,1300,985,1173,647,898,875,1029,238,1012,93,271,855,550,841,1761,204,100,1293
1752,264,217,1272,458,911,478,1228,1679,1278,1166,221,1282,1305,179,180,99,1855,995,1082
25,1439,736,1417,1663,484,1569,991,1806,1245,946,1215,1294,53,1018,645,572,177,390,659
1146,1640,1033,1840,645,1254,490,1673,857,637,1037,1076,1742,467,300,405,1343,478,128,27
23,1038,136,417,69,1282,1741,1016,1164,1791,296,84,476,1585,1545,1026,1529,833,877,482
1305,123,915,1679,1084,51,1586,1094,1004,253,1126,1243,1007,727,190,306,1122,1250,104,358
1204,289,665,781,1835,1781,412,320,178,900,1218,133,1648,1289,84,150,1119,1240,1011,1106
828,588,296,1349,1858,42,268,1340,757,1013,856,147,148,1280,55,1555,1305,579,1116,1343
618,1155,288,1305,1036,403,251,1189,1009,1145,166,27,1296,761,1777,1301,1826,223,981,990
1007,101,1642,582,1830,179,1555,494,163,1181,796,500,90,865,287,568,1441,155,447,1554
134,694,647,1137,233,1552,1496,99,310,1257,905,1349,1721,1125,479,1194,937,1819,1862,1279
270,181,1843,1661,121,1776,1274,580,17,1145,531,1106,15,827,1266,1210,156,108,123,1280
238,158,1052,293,1208,914,1721,181,305,1569,1112,348,1078,969,1279,1550,1274,1182,1119,554
1648,162,1525,154,545,1852,601,1372,960,1320,89,1547,1552,1075,596,878,202,582,1677,1058
1734,1565,653,454,440,1267,918,1104,1289,268,223,1410,371,1581,1199,856,1184,1190,281,952
163,1801,1282,872,274,370,376,1249,943,79,990,1155,562,177,1278,1558,112,46,124,856
199,179,695,1264,1603,1187,1116,1645,1278,381,1635,91,1855,137,640,1778,63,114,1305,921
1128,1374,669,1074,1537,1188,862,590,176,63,1227,672,504,189,893,1731,1851,378,23,846
1105,1807,1830,722,676,134,1288,80,1305,5,1034,1094,881,989,1082,407,187,1583,273,88
55,335,664,18,911,129,918,1057,167,490,1835,1841,249,1741,887,1307,506,1279,519,1752
272,1389,640,921,1804,1539,1285,717,39,177,539,890,391,914,834,713,99,133,105,1598
1274,1176,1244,1045,1551,1085,1215,89,258,1306,1162,245,478,1195,1555,1026,146,27,197,1171
980,254,1714,863,459,1394,74,482,1076,1228,850,1281,848,784,473,631,136,866,201,1019
1569,197,628,1094,1372,1042,1069,179,272,1613,608,940,201,677,116,144,1221,742,1710,1191
1141,1307,383,100,1290,890,1173,463,907,120,1247,101,235,1119,1403,1097,1860,930,1028,973
701,596,1564,504,1242,1852,1249,1091,292,1096,1780,245,489,284,430,923,51,140,278,686
1838,252,38,51,855,686,877,399,370,1290,1172,337,268,1493,222,911,1409,1721,755,1217
1036,658,1752,1741,1357,144,1802,996,1280,695,385,529,228,150,1702,777,281,909,490,856
95,1518,106,101,1300,78,265,1127,1708,133,73,1074,1712,92,286,255,1033,1595,1741,510
120,1798,980,1338,1299,636,319,1300,1206,1053,1295,1491,830,187,1839,96,645,1047,788,1036
713,136,70,1294,198,1587,1778,1038,1164,610,99,654,1129,451,1198,943,931,273,872,972
914,792,1852,1578,855,1566,260,1825,999,686,337,1164,489,937,358,992,499,890,1660,440
693,1302,1049,335,943,1700,1052,1545,1490,221,185,278,1401,1168,625,1198,103,1296,844,94
1090,1702,554,186,1295,1853,1736,170,1784,461,1781,1785,126,723,1518,1756,219,1304,1088,1289
1272,133,12,1799,203,1501,1222,1279,1592,268,1144,75,1781,915,855,244,296,1307,587,1558
989,1648,506,1019,1150,133,1136,1765,186,27,1403,1498,1076,272,1472,890,265,1196,1830,1712
478,971,1741,185,1444,1291,1819,966,981,1136,772,1527,838,37,850,902,521,1147,78,1277
286,1542,644,544,1340,342,287,645,1490,1148,1732,1157,433,698,1304,1294,179,1295,1277,70
1502,123,24,1604,1478,1364,1585,574,1780,1432,1262,1754,1009,1332,1040,1745,303,1138,923,920
1309,204,1250,220,1287,1127,1824,1588,623,1669,86,430,72,129,133,953,175,1804,296,1529
1505,421,918,458,220,1563,245,1440,1298,1182,1804,855,1104,84,138,198,390,728,779,509
261,1189,108,1296,8,1175,1005,165,39,644,1290,1776,1374,392,1564,1373,383,94,24,1092
80,235,1372,1292,530,1547,372,368,563,589,1282,150,1237,254,90,1005,175,1772,114,1295
1741,120,307,18,1575,604,1278,1851,775,104,1564,1284,1215,1550,589,1295,656,1296,1337,1306
228,1260,374,1264,1109,1076,1049,1306,917,621,990,649,415,1086,1350,499,268,43,1694,219
1108,1007,684,1303,1188,1291,411,272,1305,1648,1789,951,466,246,1764,612,1136,1555,1712,811
1669,220,1282,1497,1276,766,890,280,1469,176,1298,897,802,138,185,333,65,1572,1278,1627
1266,275,1138,132,1462,503,74,686,151,753,1303,1279,1181,229,1172,289,645,1423,1399,485
49,1274,1182,1151,1689,1279,126,211,1432,244,294,253,1777,658,907,504,914,83,1704,1112
275,505,62,1501,1128,583,1555,1610,95,1802,480,21,1299,246,1700,128,450,277,990,1276
1215,1034,845,1566,863,1291,452,1356,132,749,1112,1025,683,1281,1191,1547,12,700,139,157
171,1280,591,1780,1535,959,754,1293,1268,1509,1555,1530,1189,1811,1028,1341,1531,353,1016,1701
1073,133,733,62,588,101,1190,1644,736,1273,1566,79,258,1470,280,1679,1011,151,1304,1528
270,1555,984,847,221,492,1585,832,133,953,1342,1296,633,645,1778,1838,937,1804,1276,1084
1122,1188,176,698,658,1282,1470,1013,287,265,932,1846,624,1204,833,1295,295,475,25,1034
1298,1287,471,163,303,1026,865,1294,1594,8,1780,221,1106,1819,169,656,1502,792,1700,1783
74,645,590,253,90,286,1544,1276,357,434,850,1280,980,541,1693,307,316,998,89,70
1304,1838,270,1585,1780,679,1302,1371,235,1013,790,411,743,997,245,1776,310,388,1489,862
74,1289,134,1278,621,1114,92,360,336,1305,561,341,1158,1319,278,1134,743,1846,1060,45
1303,1708,897,312,115,1320,145,1648,271,1158,813,1197,802,1183,1294,1175,216,669,1281,1783
1282,1169,164,803,1182,1301,904,570,123,599,656,1296,256,1430,598,1675,76,630,48,661
919,925,1291,144,1648,246,324,472,1017,1289,1243,572,1223,581,1303,879,182,898,309,12
1787,1303,685,1845,956,1818,1584,879,1076,911,320,1467,1714,273,238,1295,1674,1669,1821,303
106,1533,162,429,88,1113,557,437,1451,850,1300,1648,1076,500,410,1164,112,140,940,1052
374,1154,1350,1498,136,645,55,1031,983,1038,1563,233,1490,1525,1309,1028,1510,274,1811,1397
1733,1498,1277,1680,1240,644,383,1555,1538,592,1722,1449,909,130,1605,94,494,423,848,359
1278,70,1658,1160,459,1076,1408,1042,358,1706,927,1554,1545,379,135,855,1297,828,1097,94
1330,388,1447,1595,1821,1147,1052,444,990,1769,1300,999,503,1076,140,597,585,291,66,262
921,1477,1796,269,1279,540,1305,1277,1780,1106,1842,41,685,148,1214,1185,1266,1261,403,657
411,1432,132,1302,1162,1861,1223,95,1184,478,244,1776,1251,1297,88,1307,871,1112,1201,1301
909,1161,579,561,1296,1780,577,717,204,74,649,1592,145,27,1108,1669,987,727,105,640
84,133,1297,1839,201,1544,1191,1275,1374,1175,223,1851,1712,100,77,849,139,1116,1150,549
188,561,1715,1262,1207,681,1409,784,1836,1303,1798,1007,1266,105,1305,265,729,190,1290,1291
92,1138,307,1306,263,243,1109,1291,478,1766,374,1607,1620,984,656,295,1217,1752,875,1294
94,223,512,1746,636,806,1336,598,590,105,1239,1280,1071,1290,1277,1298,65,720,1732,1295
266,1285,1297,75,1546,901,1830,952,372,63,833,71,1304,380,27,383,1335,680,1301,1588
1000,283,1807,915,12,792,1222,1291,858,293,138,1371,62,1829,1397,1062,1303,973,1278,452
1851,261,1296,1778,106,1125,989,150,1819,908,1021,1307,1344,295,1367,25,1540,545,445,1756
565,966,1657,773,100,1838,126,845,954,1819,950,175,133,1566,645,1843,219,1242,185,1741
197,25,1297,89,1277,46,1305,134,848,1834,279,1278,1290,1018,1845,1307,306,1476,1151,156
1679,876,29,159,1776,170,247,1361,1823,973,1783,99,903,1547,286,1108,315,361,169,629
1182,1683,644,870,401,180,293,1077,1546,1824,1705,1285,335,104,972,494,178,913,291,1062
163,126,1026,378,869,621,1147,520,1374,234,1188,76,90,1741,1566,194,263,1576,351,114
1303,221,379,258,312,1271,308,1585,411,531,1669,1123,983,293,581,688,1539,536,1005,106
18,1353,1188,167,1190,1783,1387,405,1776,282,295,615,79,951,268,828,661,811,623,1534
1694,1837,833,1686,236,1024,645,312,697,170,70,157,954,235,998,1178,561,1811,74,290
924,1281,1077,834,122,1162,952,1801,105,374,1780,84,163,545,666,123,1188,9,1566,1307
87,1266,1677,3,1824,1732,1470,918,598,268,1082,307,1441,642,1256,830,639,1158,273,1252
1051,417,1778,1220,531,318,653,992,1063,1282,639,1372,1512,289,269,1077,262,1554,530,1361
62,221,75,1154,1166,77,741,260,71,1633,990,381,266,312,1296,902,1276,1208,610,135
1778,1148,1262,136,1185,304,898,646,1168,223,1266,596,1246,1204,1728,1277,1284,126,1508,270
889,450,1566,1712,623,478,202,93,51,890,905,320,1296,1247,414,1308,253,1365,294,1116
1276,1307,1648,141,935,1755,804,1542,506,1780,574,1332,714,145,90,676,1357,312,700,766
630,27,472,1792,1853,736,1780,596,1278,1394,344,1244,964,221,832,1811,644,890,1395,1303
700,897,195,112,111,505,1338,1518,905,269,876,1052,146,543,27,4,187,164,327,1564
228,62,1338,1830,528,1302,1130,718,904,922,1542,823,913,1216,16,989,1129,826,784,1292
1811,795,1288,819,624,1648,975,465,874,220,189,196,1085,897,1105,1114,80,1065,294,247
1620,51,747,1432,374,1291,1683,306,27,1276,1776,1238,1282,1314,102,1040,1517,129,1007,91
1154,1472,99,773,1041,1277,121,123,303,224,24,7,1532,1409,793,460,194,917,181,1489
275,176,27,89,264,1811,1566,1531,25,811,721,1159,166,307,1305,955,937,179,87,194
262,523,95,832,1237,779,151,37,1289,967,357,1839,297,1667,284,1211,1274,1613,99,1761
1103,222,238,287,917,1029,1338,554,1265,86,965,871,253,1841,844,1237,1550,1163,1222,1267
242,279,167,1578,253,223,937,281,442,1215,995,957,1276,1243,102,989,222,1461,598,1498
1691,1284,1306,908,1281,432,653,1595,128,1627,1145,1860,1478,1353,456,1432,1160,982,1258,510
1374,69,494,1819,257,412,305,1266,568,43,811,298,374,1277,176,990,1291,1683,1790,974
272,639,1564,540,1558,451,1230,1277,956,1305,416,1278,279,823,246,1243,1513,847,1840,261
433,1489,77,1781,1183,1337,1722,258,379,1778,1084,466,1068,1307,1425,583,1570,1473,1097,46
952,1076,1741,990,51,1053,1070,229,1549,136,1564,1630,1836,1712,1239,341,1421,362,940,284
1029,1184,1186,1585,37,1374,136,640,1005,913,641,58,478,166,1071,1250,1223,1163,1077,785
609,92,1426,453,1555,399,1258,275,1744,266,101,568,1285,651,349,1294,1128,472,917,1585
1806,977,615,889,1274,1276,1207,1297,139,1012,48,1805,501,696,61,1423,500,1076,1720,512
1565,1187,684,583,1840,1161,275,114,55,510,340,436,1125,54,225,286,454,1279,1654,173
1302,1329,1415,1372,1778,658,1811,74,248,256,739,1555,919,1457,666,627,147,1840,1265,547
1266,93,747,1058,122,914,74,1141,363,696,478,78,1804,326,290,1498,226,548,1294,1112
1142,148,1029,331,1851,1630,39,27,606,1282,1483,1125,131,836,698,1148,178,1490,853,1026
715,245,92,1216,856,768,776,1086,47,1295,1289,1034,77,1275,358,1851,1157,1300,83,475
258,1083,1175,305,478,139,1100,548,273,900,71,476,1544,916,1778,132,907,421,193,992
375,952,1272,380,958,104,197,920,529,1006,1227,484,725,606,1681,1297,1068,1026,284,165
53,1585,114,261,112,189,656,1448,262,1279,1395,258,179,1534,138,966,511,827,128,856
999,1850,1532,1248,1274,1280,253,1349,1232,936,1818,1476,592,283,989,466,452,350,1041,669
1184,1092,1158,260,1287,280,146,644,361,1266,1555,245,1824,1182,1676,506,1851,1741,1581,890
303,1256,152,1544,641,1305,694,267,268,704,1298,1585,128,1391,1752,1278,1371,1757,1268,1372
155,1804,1294,898,1389,478,99,598,123,1265,132,492,128,640,376,1361,1058,357,1314,1566
951,990,1034,1804,186,258,1169,1157,674,392,1840,956,59,1616,260,1276,70,1201,1222,1677
1006,1444,265,1775,1805,574,1292,1774,1222,740,1635,1302,178,1273,1182,1306,1836,979,1267,1250
245,1291,95,568,1007,819,639,1555,87,1176,1162,140,312,1279,4,133,1594,64,12,722
1235,1306,642,1498,1585,166,453,268,1239,1307,1804,1159,122,167,132,883,272,655,95,1247
954,177,1488,1163,966,1728,1282,185,657,492,1590,540,1152,1299,1448,1278,1291,98,293,1112
1228,1258,113,256,1085,33,383,1237,1234,82,1808,1092,1847,74,554,955,399,917,219,1296
167,1353,136,1804,293,1036,307,1251,166,83,1163,902,1374,671,1197,1051,74,1279,1778,731
548,288,1357,1300,1349,1291,167,292,142,25,95,808,1179,644,645,995,300,914,198,1569
128,1549,258,265,1307,945,1011,270,1348,117,297,271,39,76,346,695,1263,693,1741,255
327,36,716,258,186,1534,630,295,1175,123,257,1432,1830,139,950,1052,379,548,767,132
152,681,1155,284,1197,750,1569,1725,1573,948,863,1104,128,1809,1012,1382,69,1266,92,1491
1058,1554,621,1294,320,911,548,1011,86,46,1309,1235,1208,1007,1133,989,1227,290,302,119
1340,186,317,1112,676,55,865,1329,503,1509,1268,1712,1788,84,69,1207,725,1585,165,1182
704,280,1293,1778,1598,105,1587,275,1249,645,170,1564,1418,66,223,1307,123,163,890,1208
1062,581,78,1830,117,221,290,99,1407,185,721,318,1192,23,716,1595,142,102,909,1542
1277,829,1253,1547,336,1726,1287,1288,315,1804,76,1648,1623,1830,529,845,123,500,795,855
24,263,669,1819,1287,520,170,1709,70,1776,1769,207,568,30,526,1234,715,316,167,1727
286,1088,681,89,967,674,377,223,1791,1086,116,885,643,325,955,575,1648,740,917,103
1232,46,1274,623,1619,1411,640,1307,772,167,25,641,1303,278,24,724,1780,980,315,1574
767,1064,956,146,1555,1144,265,289,779,390,1257,495,1610,982,1297,581,1268,62,1304,1142
602,1011,1841,656,894,163,665,88,281,1463,312,1472,563,1804,499,295,1291,459,1162,1297
1026,1513,1337,982,1145,1281,1479,257,506,1589,88,989,767,1096,1319,73,136,1809,1639,1846
1811,803,151,382,1828,24,655,950,184,1768,1187,1093,1323,1417,285,1251,1580,832,1463,1555
963,349,1167,167,1109,148,1646,917,1302,862,1348,693,1432,1181,255,1076,1306,1294,1426,235
1210,1249,1292,904,1585,1299,228,1122,169,1038,1144,985,91,138,60,1217,918,79,348,1279
112,903,1742,1228,1809,1550,490,1290,139,645,1213,1413,1566,101,396,911,1314,268,1175,647
1669,1018,913,877,1304,1428,669,1803,1293,867,1780,1763,642,1805,27,1586,1776,1523,1352,1073
1285,238,1183,727,113,1276,921,894,510,321,914,548,149,603,1307,403,1303,1237,1347,1296
483,1136,633,1280,1158,939,1026,129,415,95,1300,772,276,79,1075,152,539,1266,1830,614
287,1769,1022,689,1009,1306,358,1280,268,233,1777,622,1021,530,1299,972,990,1599,1158,410
176,895,779,1801,1012,310,287,1849,1085,385,1852,717,1279,254,592,289,1296,1119,1343,123
776,1093,1736,1781,272,1728,1292,219,1128,1076,920,1804,194,1145,1296,221,629,1304,755,603
166,581,717,676,588,1805,1291,1552,772,1306,220,768,1298,351,1007,577,33,150,292,1181
123,989,131,956,89,277,877,1282,181,823,1303,1710,1712,482,1432,445,1106,136,256,1851
1296,1374,404,1292,1112,1253,672,977,124,643,796,269,1294,690,636,1034,52,941,765,1160
104,1052,1295,1297,1294,319,132,269,1646,766,1224,176,1039,1021,1811,1084,1613,219,882,1296
106,514,598,1706,73,156,1374,1340,1120,790,1566,1189,1297,1175,1472,1305,309,500,1855,289
1236,1223,1113,71,823,37,328,1307,1418,1179,1719,1426,645,97,1285,1712,955,1306,1648,76
1301,479,490,114,596,1064,1256,1199,290,1721,990,923,688,255,478,105,645,1756,53,1280
1294,100,1265,1067,740,1096,266,941,492,1576,1842,588,829,1279,764,1029,1278,1704,1426,847
1744,848,267,90,1338,1158,170,1278,695,289,183,1189,1343,1082,809,2,1817,145,877,1613
1558,269,1839,953,1470,853,1496,645,1266,725,234,1304,989,1346,1852,861,636,367,976,568
1279,1287,1500,179,975,905,159,914,1421,294,1282,895,1574,456,926,1744,268,291,915,1340
1859,1783,1290,1232,519,1840,909,136,877,94,166,1718,297,1133,1026,70,834,1170,992,203
1486,139,390,289,1203,719,618,534,1240,779,808,1409,1294,88,1692,1426,1128,1012,112,1265
1555,953,1817,1839,1207,74,1737,805,1640,695,305,1780,1303,996,1852,178,281,1079,1276,1155
1223,1269,103,1041,62,1018,1815,642,478,544,1578,648,1092,936,425,548,450,140,374,1299
1508,1117,203,1088,1627,1449,1284,565,396,1121,1737,953,1769,1155,1266,1730,219,1554,1297,490
845,244,75,1805,1174,220,596,144,1243,1851,1472,1842,469,997,1116,1293,1281,308,728,295
1018,1013,1843,1676,1780,1267,894,645,330,1250,1585,1176,194,1279,1348,1222,843,186,607,286
1500,1170,100,1706,1052,1154,1298,151,1277,1300,1245,1789,1418,1432,98,908,1305,1490,1699,104
845,1270,1384,264,352,669,1017,1839,459,993,453,914,1735,749,1300,856,465,1304,785,133
1594,1824,636,374,233,574,81,1585,1106,1757,434,1526,474,1828,766,911,138,743,788,963
133,1343,943,265,474,952,1305,83,226,89,702,78,1694,211,915,1082,1111,836,243,128
374,1106,115,640,1115,1648,1035,644,1781,274,1146,951,1497,1564,1237,1470,177,174,1706,1263
1820,398,838,1224,1818,89,1741,1298,1160,1752,148,1537,799,134,1302,390,289,1673,1701,1778
1292,1302,1744,1259,681,1669,1495,1373,1277,150,1524,254,939,880,88,494,1741,221,1477,190
1114,529,1641,89,1271,333,1732,88,690,100,246,1175,1126,1074,114,188,1191,1285,1279,1418
1223,220,863,1815,22,1305,185,1114,108,1558,1264,105,642,253,1807,606,908,67,888,1853
492,1291,1846,889,1293,1301,1282,1308,309,39,1249,1320,1302,1155,25,293,286,94,1657,687
453,911,1280,189,951,475,114,159,254,648,1290,760,680,980,131,634,141,588,1792,1566
1130,359,1426,990,1105,1200,1505,136,1062,375,281,272,645,1049,773,137,1302,88,1307,181
1289,1555,356,581,1279,1034,910,402,268,1281,1741,1096,838,1009,134,692,1093,45,1256,278
71,286,1611,152,1805,562,1761,590,806,1174,129,91,772,1264,536,1281,1101,363,697,531
1432,1349,264,1280,1547,1860,1585,1566,1288,1187,1273,495,890,308,177,1009,948,1138,953,383
859,989,1158,1341,103,1155,985,1303,1305,1030,1179,375,337,1177,779,1302,911,221,656,959
1118,1188,1312,1182,1279,1586,91,848,1797,728,1705,1249,937,1759,132,645,953,1488,63,257
1163,220,284,995,1705,1150,82,303,27,86,1776,993,645,1276,1807,570,290,735,1165,583
1366,1157,677,645,1778,220,1294,264,1139,905,661,176,1742,886,944,416,307,833,1273,751
1566,902,2,244,1240,1585,1286,70,202,1106,1741,1295,72,361,1335,640,1036,857,108,305
1640,297,1617,367,989,1119,192,983,280,105,656,1307,1094,632,1257,538,491,104,89,1841
1282,1432,267,308,1303,98,890,126,1132,1292,188,1113,1841,1489,237,1284,1276,1851,1538,823
1548,515,1698,581,1566,1007,1310,1426,88,1292,669,219,1169,12,69,1242,1824,683,1528,902
545,651,985,830,170,89,1344,1836,909,1145,1285,1294,867,1166,1451,681,1289,1783,1299,975
39,379,293,1355,253,1819,1778,739,261,294,1583,1185,901,1824,990,70,1057,402,1340,522
1183,1032,1295,1593,1281,602,98,17,181,1847,189,1014,925,1374,406,679,1564,1440,812,641
51,270,669,156,177,217,539,1822,1024,1353,467,533,88,139,1347,220,1710,24,1689,1088
623,1016,1229,1564,1139,1071,93,1776,1117,60,165,103,68,1835,1285,252,1654,296,184,402
1181,1305,573,229,770,1116,989,1608,833,357,459,732,667,1355,139,1534,1780,1472,131,967
979,80,1778,557,1290,1277,312,60,293,1191,1714,466,1232,1596,542,1728,77,1289,1825,305
108,823,1663,389,1067,1207,980,75,28,101,21,1735,1076,209,656,27,78,1272,1217,917
92,1011,1076,1028,1161,1294,1007,132,279,559,779,1282,90,1017,1549,272,757,1112,1296,1534
1795,1320,1518,1840,1341,1676,1296,908,1294,194,521,323,297,915,1818,722,280,1172,1699,1298
90,1357,1321,1752,556,1840,324,918,140,1585,907,955,1189,494,1293,192,911,193,1132,648
1015,402,1056,904,1610,1479,166,989,1811,1461,1732,1769,383,1103,901,101,94,1741,458,156
1278,220,1305,1084,239,1209,1276,999,1191,985,934,989,716,1250,223,1486,1302,185,1477,1220
1290,58,1225,629,1301,1260,137,915,953,781,376,917,1188,1389,870,1833,25,485,35,244
1566,1279,966,504,1144,1426,527,258,1040,990,1125,1811,1769,1793,640,27,890,1381,1122,1492
990,1279,1154,1280,128,1771,306,1805,766,1802,1741,292,1306,103,121,1294,70,184,1266,63
123,603,828,1840,402,1811,1308,606,1228,569,132,74,71,1432,1276,1578,890,1272,1289,1861
596,1360,322,766,893,1811,1783,901,838,166,217,656,1669,645,1008,1770,1777,466,303,863
475,214,308,1811,243,278,1292,1843,643,875,1052,265,136,768,1433,552,1220,133,1689,1805
986,1647,990,1302,286,1028,1807,503,290,145,1851,71,1795,1123,886,1426,535,1564,640,912
1276,1734,1641,553,1225,1019,1165,640,1303,1223,1292,1841,1432,70,84,1024,458,307,704,1518
1492,1692,1166,1248,176,150,1798,500,1781,1282,1845,1109,1780,929,1318,480,1172,1648,1558,1060
73,907,26,1741,1029,1537,1839,254,1306,1257,135,1800,220,950,103,502,1217,1305,1096,1144
881,1776,335,1288,753,1426,1644,1013,979,1710,1121,1550,291,70,894,141,1074,189,447,89
857,821,1182,1638,489,901,131,1472,1520,491,981,643,60,415,321,123,1281,27,35,674
1648,12,181,1302,1315,1676,1406,855,114,1744,745,190,1291,1226,868,1293,989,1624,445,100
947,521,1285,1545,641,1290,1295,660,804,405,645,1280,1844,1274,229,1250,643,1569,1470,907
280,1844,1063,669,536,235,690,1126,1279,1842,1297,1128,990,1443,1259,1462,734,289,1125,640
1426,984,494,686,1281,1173,1859,1307,1417,148,286,811,194,1024,1304,942,1302,54,1230,49
58,1023,264,546,656,595,1292,1616,218,1720,296,192,1314,982,1238,1154,74,1549,455,991
1326,1292,274,1305,479,146,1089,854,729,535,955,1109,509,973,756,972,640,1731,1353,598
1807,1536,1062,499,1306,1291,165,1595,1132,290,127,1228,424,233,268,1819,1619,506,278,848
1524,384,1842,1374,1289,773,1112,1281,133,207,176,1462,137,489,269,1521,1148,1277,1285,1780
221,264,77,1339,1125,1841,1352,845,872,1026,755,1807,1522,1700,1473,1234,96,1744,253,445
183,1365,1103,1397,1472,1330,120,1246,1821,1289,29,1748,1448,1149,1159,189,554,694,181,146
290,1470,824,978,1555,656,1149,953,452,1412,25,259,1303,274,37,1301,578,1819,1266,637
1472,1285,1298,4,288,76,335,812,1257,1032,960,934,713,280,1068,963,1247,1292,1426,1821
331,1281,1752,78,721,1215,1229,1292,1057,1349,610,895,1041,1807,27,103,1333,1114,219,1293
1088,1306,306,148,653,1305,1795,1851,1119,510,1619,826,308,118,501,990,561,1845,101,1828
1591,1331,535,219,894,1854,1862,188,1073,149,1316,90,1552,828,950,129,656,273,27,1166
1307,1284,1296,1087,309,1689,93,957,279,873,579,755,1444,951,1613,1257,337,305,1182,246
1076,132,312,982,630,568,438,1676,1613,974,967,112,572,165,781,146,950,51,267,1294
1279,1778,1303,175,1618,804,390,1230,1733,363,351,1804,1772,1224,845,68,453,1217,350,1744
1116,990,1682,643,508,1250,907,285,901,1230,636,686,1741,293,1249,1783,198,953,1190,914
84,139,704,702,424,553,1585,1088,1281,202,1117,1298,1182,24,1016,1279,639,590,596,701
1289,1297,578,27,1841,520,1191,651,284,1039,1278,1472,776,737,865,1101,137,1295,1188,1111
1090,1472,27,1756,100,1348,1280,248,937,1276,168,1307,918,533,252,990,527,1306,899,175
286,1367,1778,202,464,358,879,975,642,1054,1292,484,325,568,1781,1076,150,689,56,1165
989,818,724,1282,641,1811,253,927,1280,98,92,1793,123,727,1657,190,134,3,1809,640
1669,411,1648,242,1047,141,577,374,166,1300,1677,1395,1263,1188,1488,1276,1539,222,105,1196
1347,1073,302,1256,245,1009,1290,1443,279,946,954,259,100,1215,1307,1223,689,1701,294,1133
586,1276,1445,992,103,942,621,290,303,1559,983,507,295,463,1427,714,1830,1280,509,1294
989,1521,150,1073,1555,1179,37,1132,1294,357,377,568,767,284,135,903,1374,792,1352,129
1640,621,1824,99,344,1279,788,1013,1820,985,913,106,1071,27,195,1174,507,1741,648,932
953,1290,1837,540,151,1605,69,275,1023,260,1295,1490,1216,890,1770,1186,1215,1426,1616,381
653,1804,1806,1561,1566,309,1741,1842,201,952,71,235,986,853,1372,980,1426,1705,278,150
195,627,266,913,411,308,1294,1266,1251,664,322,1104,1040,823,69,1113,1467,1261,635,1178
716,768,1304,150,126,55,355,114,1488,1547,855,61,922,507,11,1071,772,221,1824,112
126,1295,644,46,70,1642,525,808,723,167,25,1024,1244,392,1732,890,994,135,898,1076
186,1658,970,1747,133,244,1563,1669,1780,1741,1366,934,197,93,1543,479,649,1276,62,724
288,1017,1648,1183,959,220,129,285,70,69,989,51,1353,1272,1743,1830,1042,889,18,746
913,1648,1739,12,1302,182,27,279,1570,1305,1382,1290,192,742,1752,1851,142,1366,1558,1534
900,1254,284,294,1841,890,1052,458,12,234,1664,752,823,1306,165,444,1277,994,471,1839
990,1741,1778,1125,141,1546,892,1266,90,1585,274,1772,1733,1570,1113,1223,542,245,291,383
893,1546,220,716,1139,153,1743,1234,492,904,809,190,12,181,936,151,485,953,96,1819
856,1306,179,1277,178,829,106,267,192,74,1298,1284,1805,1778,1357,175,1224,268,70,478
1722,1266,297,937,1781,1374,121,315,147,1472,1353,310,1277,61,1547,1292,91,945,156,24
266,189,1331,1524,180,150,1415,818,61,997,1076,1242,853,1783,1306,1223,1317,51,1344,988
1278,693,90,579,562,146,296,1741,1030,140,1282,842,1737,1,17,92,305,1291,633,349
823,997,1145,1141,1585,1498,1655,27,200,630,1187,603,602,1732,550,1184,1508,430,1040,1539
1843,690,1293,1585,596,1136,40,212,908,233,1105,1228,867,1234,1334,666,245,1620,665,146
252,30,766,1693,1306,1293,1778,105,87,26,1300,1760,1281,1805,490,1264,365,1472,1679,926
287,725,106,607,1303,146,1778,506,1805,104,162,1203,1217,893,103,150,767,129,70,1275
386,1303,1841,1799,890,1707,1289,939,1195,1213,377,827,1297,545,1608,1566,1272,1302,50,1780
60,1088,1307,51,921,1518,896,294,165,961,309,1182,1653,1812,1279,1373,633,900,1839,1353
1029,268,938,1806,147,128,121,163,671,51,1783,1585,1562,835,30,689,1292,1507,1295,309
101,27,1450,297,1648,641,1079,1037,170,264,949,61,838,134,780,1279,1595,1201,308,1686
534,176,771,1555,1076,1333,971,253,1583,1798,860,141,790,568,742,1839,1304,877,1118,753
1853,898,1292,1466,1136,1145,1712,284,1294,780,296,972,220,982,807,164,154,309,459,1679
1267,1301,128,971,909,1566,940,134,1291,509,1798,1245,105,1108,412,1,1521,640,1777,1349
1226,1693,621,540,66,1819,491,24,1781,1052,1500,1026,181,509,1388,83,978,1294,624,1566
938,136,1266,1759,533,248,261,1818,1076,279,42,1148,1268,1811,1279,1648,316,1182,376,1141
1841,236,316,415,807,1028,288,740,1069,1592,1093,241,204,641,1586,1191,484,573,1856,1296
852,1752,1266,306,1305,1365,601,312,1129,1783,1811,1441,1513,59,1357,1164,1376,184,111,171
12,1076,220,1242,1206,1585,1712,568,100,1137,955,296,1679,253,989,1847,1302,1826,157,632
1500,291,25,645,1732,713,1301,451,833,1583,984,908,1088,694,606,1034,1839,71,1252,706
861,1811,1805,1218,1030,1648,1016,1142,804,255,245,391,304,1840,4,1300,244,490,1780,789
219,1715,61,515,1018,105,313,1426,295,501,1288,645,370,137,1031,1026,89,272,257,286
98,1411,25,512,141,277,865,1780,186,991,1555,1340,1417,1090,494,359,1585,411,643,275
552,323,184,1279,1083,62,914,1444,720,257,479,484,1305,1623,104,890,1296,641,942,1069
186,1175,256,1361,307,509,310,1547,955,1276,1279,707,1296,1761,958,491,1488,1566,253,1373
1210,224,804,276,1141,1592,1804,1573,768,64,271,519,372,1176,1841,1112,196,1260,900,1272
1648,596,695,462,1294,108,284,103,104,1285,1267,1297,1555,1503,182,137,1009,805,70,995
1777,74,1276,270,79,512,1721,581,384,1118,1182,1854,1393,898,1138,375,1837,227,318,1291
790,106,123,1490,1091,1401,786,167,1518,1585,557,1118,390,1513,779,1267,1603,17,1347,71
1299,1783,1292,1218,267,1697,1174,179,82,1839,260,1279,450,139,1262,299,65,1234,1285,905
1472,1096,857,1128,928,536,1145,1291,187,72,1841,1130,1298,9,59,1578,641,908,1232,953
1644,411,1552,804,329,478,278,132,1648,607,1135,151,6,57,185,557,134,1802,435,1155
624,1587,1571,1760,174,907,1568,1338,1276,982,747,1426,798,967,87,602,1304,1659,180,914
739,202,833,1592,1507,1304,917,1182,714,1759,1811,878,1250,1604,894,1538,1257,651,1296,873
1081,772,139,286,328,1625,1049,718,27,1780,17,1302,25,1067,60,20,855,524,260,1555
1150,1068,265,1302,227,294,1048,1375,686,1132,1114,1714,1824,181,478,1675,117,1850,185,303
1842,1581,1105,302,1851,1284,113,304,1290,685,1256,1532,688,255,504,1299,684,1240,25,91
425,38,1613,106,436,1256,101,1294,1747,184,144,245,1113,1627,1748,520,1477,157,175,1444
909,186,902,25,148,1463,1137,1752,1179,51,845,939,27,1589,918,579,658,1648,49,133
145,1432,1089,855,1262,1305,307,1553,1270,165,1550,1106,1237,632,478,1160,1361,283,163,998
188,1013,430,1374,162,1303,280,1131,1028,592,1279,658,767,1516,1472,148,5,1599,1132,1835
679,1604,898,658,645,1852,255,1705,990,1007,855,1289,1741,953,640,237,233,260,1306,335
166,302,401,990,914,1309,1595,776,1440,188,133,1288,1290,841,243,1279,156,1463,75,1237
1073,1003,1167,694,1309,137,1097,1278,1543,165,325,1305,640,1064,1741,257,996,583,1502,808
58,80,1607,1806,315,270,1472,1267,1536,1805,641,1161,1224,1201,775,1764,485,87,220,1248
1667,1221,1058,465,131,698,290,997,63,856,540,93,27,363,348,478,144,1801,1741,1819
142,146,1741,849,997,1253,1457,271,157,1302,613,197,1840,1300,1339,656,289,68,1304,1298
219,311,1853,1229,645,490,1521,298,170,272,1778,289,138,1568,1840,212,1805,729,1618,517
1712,610,1276,766,789,1374,1128,316,94,1018,491,146,154,152,1019,797,126,701,1721,16
912,27,1284,907,1116,1491,1145,1155,937,1828,1780,1302,639,1821,255,108,679,1757,1260,64
87,1555,1313,467,713,487,953,1338,282,181,987,1248,18,275,656,316,74,1184,535,371
295,70,711,1500,1013,1703,642,1282,223,1265,1139,1547,138,1111,645,23,74,1852,111,1753
25,1242,1305,187,1524,572,784,479,1087,773,1076,27,412,1585,170,872,219,927,1692,640
1224,1060,948,1278,186,1817,1299,642,293,437,1012,1741,1129,495,212,1175,1230,1284,578,177
1345,1294,1291,1230,1858,1215,287,548,94,25,1580,137,1432,1720,1789,178,845,205,182,22
1074,1651,1432,178,268,1277,1780,180,620,950,1710,807,1049,1833,1817,44,1298,1290,1188,911
988,1282,1155,1374,1260,1224,586,590,1216,1276,808,632,25,122,499,688,624,879,835,812
492,1294,1243,87,1430,1297,1281,959,1168,1566,1547,266,1551,102,946,695,236,1536,1022,350
256,111,82,1342,1550,23,990,233,1846,1230,1295,1277,812,645,286,621,1841,1412,180,255
568,492,826,1165,1712,490,91,195,272,101,1581,27,1583,1726,951,1409,95,1618,630,1752
723,137,243,429,941,1068,197,176,465,1858,1112,472,732,1251,853,801,669,493,46,223
284,264,298,1284,258,1336,1094,1301,1298,1303,1155,103,1263,1289,824,1307,1432,92,1148,1547
1365,951,1381,1608,767,1113,1029,125,1610,1566,1296,1055,1288,956,1276,46,1426,1297,1648,651
244,1095,1783,1053,950,1272,1780,508,1128,191,294,1513,642,1806,126,1303,89,1620,902,740
1825,1093,243,1220,624,1304,1182,1133,213,1618,273,1289,415,1285,146,494,81,1851,862,1301
820,91,1298,1279,1177,478,1245,37,1655,628,582,63,27,295,1215,1349,1258,583,935,1468
186,932,234,151,44,1014,166,270,1305,1192,1567,934,25,604,1664,1223,980,1177,170,990
1288,1648,1292,1299,1276,1343,1039,1277,23,103,1834,478,604,101,310,377,1211,1520,925,74
1138,855,659,937,192,687,1452,1277,1306,189,447,120,269,984,1104,858,430,103,1225,670
538,156,1294,943,639,105,1152,220,76,300,1272,918,104,1604,889,1278,1299,440,170,103
406,1305,1691,1689,715,1306,588,98,361,1277,1780,658,1192,1339,479,989,186,230,1111,1373
284,1291,736,1035,855,224,1426,754,1669,684,262,292,1151,1077,289,1644,1303,303,1052,657
27,993,696,1846,100,306,1574,323,1266,506,1780,1239,387,1297,223,707,899,70,1426,890
126,855,1301,1770,562,1361,505,520,1732,290,282,181,70,1532,1086,1362,1296,323,286,801
989,126,407,217,1095,721,256,1726,442,972,1529,49,504,669,918,121,1138,1802,1343,23
1314,1181,166,27,1116,1303,146,1013,320,1718,24,305,1256,1009,279,106,395,1176,1634,1099
24,1599,11,1711,581,1712,180,478,790,1165,1123,273,262,1658,1297,270,99,1224,176,71
1271,1187,943,1036,18,374,1149,145,1235,1657,1752,71,479,1177,523,106,1616,1294,264,1804
1817,440,58,592,390,476,119,316,188,554,98,143,294,13,656,89,1648,278,1839,277
91,1552,811,308,515,1115,1154,1804,1106,1356,621,1683,98,139,94,1555,280,459,84,785
104,261,1717,1472,273,93,62,1776,1381,1055,70,253,497,1076,1301,1293,1222,1836,1275,645
1303,285,1695,1230,1289,203,1741,1241,947,1677,1169,1817,1451,1684,694,1781,77,177,14,512
728,148,1564,284,1005,668,21,228,1508,1780,1279,75,433,1282,1321,935,579,1294,1013,89
1288,934,1052,1292,1289,1279,1049,25,309,1161,1372,1704,398,1155,290,306,1259,243,262,220
1290,680,1648,1294,1105,916,1299,1257,1278,1330,186,1223,426,990,70,284,1295,1096,1166,1282
531,1550,278,1290,1277,1850,946,656,1534,221,89,1204,193,294,929,1202,51,259,253,951
553,267,1539,329,1181,1277,465,903,1389,745,999,1514,713,531,1839,1844,1555,1741,666,739
898,1021,271,1167,1304,1815,105,302,1752,163,733,855,123,1305,126,95,588,461,1130,1280
826,983,1041,137,1299,1732,383,265,1594,856,151,1781,219,139,315,87,1840,1130,1834,606
683,915,81,1192,833,948,1302,1178,86,254,1281,1565,1491,128,267,1348,150,1778,879,1804
488,948,1222,592,1296,3,27,1350,1585,1804,550,1266,89,43,1780,23,495,363,1387,1472
253,233,1071,1000,767,942,1174,88,112,190,1289,995,93,1139,274,1172,1263,51,245,733
1808,605,1721,581,1293,1305,1120,890,436,1017,277,561,488,644,87,1098,1280,1113,821,1328
478,1839,25,74,1426,150,757,395,589,1129,621,164,1017,540,1341,121,1649,1371,1260,324
189,1251,1547,90,1608,918,693,1564,273,160,267,750,381,1680,1374,1776,1026,289,256,719
976,571,592,710,1648,856,454,325,876,23,541,151,444,267,302,1377,321,358,1741,1846
1145,764,1280,1716,74,1121,1234,917,129,1804,1805,197,1682,1276,644,1293,1294,905,531,237
176,98,1036,830,888,1780,687,70,1233,1801,143,620,139,349,104,643,1755,307,983,148
845,1284,1463,1276,164,1161,977,392,474,509,820,1151,104,658,1102,785,1776,863,644,955
540,1840,293,1290,23,1654,978,640,1781,772,213,1111,645,809,915,1711,517,1544,1804,100
606,287,1294,1052,960,1246,795,1832,25,1306,1547,270,951,253,937,285,1295,1266,791,1574
1303,1293,1843,1778,641,468,85,13,1149,1710,1208,274,572,1712,772,1301,461,588,1783,415
956,312,1052,258,1251,142,176,641,1427,999,85,1196,78,1585,1543,1564,1182,1739,1811,568
944,1648,292,990,1353,144,1121,557,693,285,1584,549,1671,1804,259,804,309,1192,357,1747
894,201,86,641,1302,717,1295,351,1271,615,1283,1076,857,123,1409,1011,220,115,1128,105
27,1257,589,511,358,895,1009,1301,1294,105,1828,1511,740,538,574,939,101,289,1159,1082
938,644,264,1082,1103,1125,1258,65,1426,961,1846,1824,956,1807,133,656,1425,160,100,1276
83,99,112,1071,334,1016,149,1294,291,1795,639,1610,920,1721,656,1310,27,320,1217,164
1090,1292,453,1279,1306,138,321,823,645,774,362,1637,294,1131,1611,1025,69,1026,249,198
956,768,1243,1347,861,135,879,356,823,1679,1284,681,989,1063,374,1781,1301,1145,1571,217
1819,1076,930,220,484,1741,1260,97,252,1222,1780,1712,410,1284,292,563,152,783,51,69
88,733,47,1278,606,259,509,1830,1307,1076,1851,1139,119,46,1192,273,920,1309,135,1455
573,319,473,1648,395,1695,1804,1180,25,863,781,236,1757,11,770,1802,415,140,684,99
1851,1021,845,1559,272,59,1056,1414,1154,1432,1182,1097,108,1346,94,1565,1052,901,309,1840
1270,1257,1155,989,1798,859,1188,749,278,363,306,574,629,1182,259,781,1276,194,274,1100
1117,1091,1197,1840,1150,1114,615,1237,1723,739,1116,269,383,61,105,1432,1577,1128,1156,1804
1251,390,1648,520,531,490,1736,549,140,1306,1097,146,1292,925,1285,398,176,1094,1163,1233
1288,1231,1426,1333,755,1286,254,203,1087,1150,1730,1045,736,94,185,1055,135,550,1051,1277
990,1365,1044,1550,1515,361,293,25,87,431,855,305,106,1048,1217,1752,1230,1571,1778,1146
69,1092,12,1585,989,291,1278,1307,307,1374,1288,574,921,733,1224,694,285,1017,1034,540
1290,1291,445,1409,529,1426,1809,1684,659,1265,747,1780,291,216,1608,1068,1109,1339,25,984
1564,1132,1051,1585,845,645,27,1266,1160,91,1851,1416,761,433,688,531,1285,1440,1301,1397
14,603,596,1780,135,1271,128,1085,711,388,294,1038,907,1350,1055,358,647,1862,1348,255
146,1367,199,280,1851,261,306,1294,908,219,84,294,1479,1293,1055,1744,157,1278,495,1122
1558,259,307,1533,70,384,1058,939,1258,451,99,1076,624,1538,238,821,573,100,1017,1187
1094,1228,1290,1521,1012,1432,25,291,289,1123,150,379,645,290,1280,134,1441,1707,707,233
823,247,770,25,1565,83,1243,285,602,1127,1089,142,134,1482,198,1182,1320,1211,303,1319
991,1030,6,1563,459,913,294,1276,1746,258,1536,1290,1268,1297,713,1836,1390,568,496,990
645,1819,339,1094,816,1343,667,865,181,1711,296,833,175,796,1564,36,42,1013,531,91
307,1183,523,269,1161,1698,1407,990,570,748,711,21,1700,918,150,1257,553,245,957,341
980,855,1732,91,759,1082,354,1291,724,1390,654,1284,1496,1242,126,1318,1467,1778,1738,878
263,49,58,79,1600,14,192,1846,308,147,1290,1279,951,1034,1296,1146,1819,1235,266,137
1302,1230,264,1304,1641,1034,272,1798,494,631,440,1291,806,1853,1305,625,1801,256,581,639
913,1307,1781,1289,1013,1840,530,990,374,1279,524,1739,133,915,694,265,1149,1136,1113,1068
337,1830,1120,353,1828,1284,1059,934,269,282,1789,1776,331,132,1200,1224,1266,1064,1817,106
1090,1275,27,1022,935,768,1382,1192,1622,1713,649,25,134,1356,1296,1476,1095,1145,1776,1777
1603,101,1294,748,642,1549,1151,1804,1374,1076,1475,1188,913,1229,1787,540,1292,1021,811,1300
1732,51,856,484,1280,274,1029,651,1425,1774,540,1239,268,1421,93,990,289,440,474,1741
640,189,1034,1644,1540,90,1276,123,1277,1278,602,1187,286,112,1783,548,73,1149,1286,1007
1030,316,1281,1319,1749,1051,1280,684,1563,1153,528,641,175,552,458,1658,179,1302,1237,603
1136,226,1384,1737,98,1857,144,596,632,1223,1374,252,270,1090,574,1843,88,269,265,259
151,1211,819,166,1780,1781,1844,902,1585,1796,410,1066,285,865,768,415,1415,751,820,376
504,1162,1034,106,1855,158,1450,285,671,1775,969,490,1082,1258,989,1174,48,117,177,1161
1848,1182,1024,1678,470,1817,1128,1247,1049,1564,156,6,1555,23,643,1302,1175,1192,1284,243
509,134,1160,557,1365,272,845,123,468,1817,645,179,197,732,1136,618,540,1103,937,1844
324,896,845,216,1776,570,1763,166,148,1181,858,1778,219,150,50,790,1861,752,175,24
681,1841,1182,1026,112,1083,596,1169,935,1298,1585,849,1152,163,952,1741,398,182,1191,1266
1290,549,914,1285,1072,574,1010,1585,1175,1160,834,1741,1056,1496,1571,586,799,618,953,1490
696,272,418,1157,902,1759,165,534,112,338,257,111,952,511,1741,1472,1374,540,1837,1780
281,70,1778,1844,357,279,1303,1601,664,1559,855,165,1488,1741,1783,567,1465,1640,1166,413
1244,548,274,1807,890,579,1368,1374,1293,1772,681,1650,1076,523,120,774,1550,1737,1169,656
262,190,1138,863,917,1266,411,1243,1394,158,263,782,1374,1003,196,945,1142,63,1147,1191
955,1304,1280,1811,1741,278,1585,140,89,27,292,940,491,220,1306,1040,204,579,108,1524
1290,1284,292,26,1809,1585,1017,534,944,1269,91,79,724,530,1597,342,1731,1108,1241,524
755,263,1097,1606,1206,1353,588,602,1165,1555,1376,163,934,83,1700,24,111,1708,867,1277
1518,1374,133,1534,690,1018,1585,1279,273,862,1181,1264,1517,1783,322,413,1295,1276,1440,1266
1346,774,72,1341,769,797,1429,633,147,1566,12,1682,1844,173,443,1253,1298,415,992,137
573,1657,1688,1303,1052,1472,953,294,1109,1243,1769,146,1025,1783,1556,1324,1752,1732,1011,1158
564,259,255,667,643,1204,688,1372,1028,1296,1202,1291,103,940,1343,1197,862,197,93,414
81,833,51,315,157,1282,934,1040,1303,167,285,1178,1491,1244,1307,1426,1267,1076,1375,254
1032,221,1259,946,856,976,419,805,1353,1148,1228,1288,1331,60,274,914,377,189,1488,950
857,175,235,408,1589,941,1307,1277,233,888,934,1069,165,885,309,301,55,182,1302,966
238,1280,648,1293,555,1592,1617,1257,481,1824,280,1663,1333,1837,685,1389,70,148,272,1341
116,96,1298,1142,1839,121,260,1225,990,1242,1306,103,1510,571,1274,291,1299,684,1844,1076
990,579,677,273,1285,291,1282,339,199,887,924,1295,179,890,1277,916,867,1374,669,401
1294,1193,939,1752,1396,1228,1084,539,1748,811,1356,192,274,1040,1302,1518,1857,1285,1647,399
1181,1555,1293,1463,199,620,651,1778,1280,1660,1279,671,598,1770,148,1299,1487,1183,1244,1627
1076,296,170,1441,1819,1842,1605,272,1017,974,1472,1382,1289,76,154,1161,558,1839,1305,1712
151,1279,1305,1272,1853,963,374,1304,1028,1564,296,692,1369,1177,286,531,1783,1307,547,18
1846,147,937,1376,1422,1011,139,220,265,635,213,1087,1319,101,990,946,1485,302,962,1237
141,1098,219,266,764,68,1276,1839,1299,642,690,819,137,784,1712,1293,1373,36,1595,913
312,755,495,856,1296,1279,155,1278,179,264,1513,855,166,1490,1374,1118,1290,1804,981,717
273,579,1265,636,1449,89,1636,1472,955,1737,1282,1093,171,1183,253,206,920,1015,1468,287
233,1801,83,271,422,1741,222,1409,1080,295,254,1821,1001,219,1574,1599,1135,1272,281,435
1303,670,573,1280,1306,1385,644,1840,1479,164,220,267,855,978,949,1257,1846,1294,1050,1363
1128,167,1550,220,1285,1296,983,309,307,1535,160,246,296,852,148,269,1278,639,554,1103
871,591,283,1160,659,770,941,1234,1038,921,656,856,180,879,113,544,745,829,266,1084
1355,746,1205,129,1406,22,1112,152,336,1295,640,1167,1717,257,60,1058,856,1811,447,1448
1302,289,1306,357,1784,1721,1534,1859,1303,637,374,1040,869,1076,1426,1446,1555,80,137,87
845,1819,772,1284,1240,1592,1802,1768,907,1426,1585,1574,356,640,54,1749,1445,395,1174,1290
1807,6,478,53,520,358,598,113,1237,720,16,857,1299,306,222,1306,335,1694,548,1851
1711,1800,952,1288,1305,1767,152,1457,1754,212,1296,381,1175,8,1074,473,258,197,286,1314
459,72,1256,1511,767,1241,1809,1305,197,478,62,911,855,644,1194,1286,60,1759,1757,470
1347,989,370,1052,965,1289,1141,991,1830,202,975,1069,1684,1048,1736,1036,1457,1658,1118,1560
1338,493,688,415,1565,880,1379,1287,714,191,1084,1681,1305,645,108,137,1585,725,833,254
760,1691,1133,1533,941,636,1804,23,1781,1055,990,382,1740,176,1305,644,129,1287,70,893
86,170,277,1302,862,845,354,1286,1845,258,151,131,1065,447,1093,216,58,995,1314,1026
1303,1780,1349,206,390,147,204,1841,1498,1768,645,828,531,284,161,374,1299,621,1087,254
280,297,658,192,1407,1552,1187,89,966,186,573,1294,123,1660,281,1232,997,1472,914,700
291,1611,504,915,641,930,1564,1778,747,956,1188,407,77,1303,712,377,1441,302,877,1160
1305,245,924,1278,624,1088,696,1276,412,423,145,1356,1731,219,1741,643,863,684,1215,1566
536,897,304,875,343,1032,325,134,877,261,358,818,283,262,63,70,478,1518,288,1491
778,1007,936,1812,722,1781,1749,24,1123,913,181,1426,1289,1840,1046,1741,1296,98,129,949
1341,494,554,796,1836,281,58,1290,138,830,278,1307,455,85,1819,1171,151,1074,1448,354
1515,639,860,1336,1299,641,1300,1279,1426,1692,1569,1074,463,356,76,363,930,1290,274,290
1757,970,74,847,623,1827,1374,261,966,947,1840,1229,274,53,1831,1498,1099,70,1819,12
1294,362,104,1336,1247,1710,1819,186,963,1423,1182,1158,1307,1228,1225,1853,1016,23,1754,552
1276,953,1555,1280,1281,90,1778,1187,917,250,100,1245,1162,1350,990,720,900,1279,1085,1275
956,1292,1364,1542,698,908,909,1068,755,1307,1539,305,910,1303,992,76,1276,1561,1648,642
640,395,83,700,1488,286,1290,716,61,36,93,1001,1069,875,1727,1076,1592,1713,1293,1583
114,245,621,374,166,6,62,1811,27,1085,200,1389,1278,966,920,1202,129,63,221,1120
1775,815,166,630,1795,875,241,1250,308,112,989,823,1328,374,121,1468,263,1167,1792,1361
306,1690,1778,484,1334,1847,25,177,1231,823,1782,1123,747,639,658,84,1266,1081,1664,1191
1759,259,1017,1025,1289,906,1190,1,377,1804,372,308,220,1534,445,1246,905,1538,472,1402
97,1238,395,1129,23,1117,753,1492,1276,50,1296,253,489,1147,433,248,219,1291,1087,833
1076,934,137,875,1791,1569,1852,437,366,102,1306,233,308,1060,503,98,152,222,129,1585
1754,694,602,1145,869,253,1265,74,644,1322,465,1776,1744,189,1102,1787,288,686,964,1290
946,1761,86,1748,1568,832,1240,78,474,1459,123,1209,281,356,598,1804,198,1426,1183,901
268,1040,273,586,1815,606,1307,12,1030,1290,129,89,1280,1278,1648,1266,925,657,216,120
859,1374,1748,1002,265,1491,1236,228,270,1543,1344,1086,1432,1804,1129,1022,135,771,1332,1566
51,879,1048,523,321,1278,940,1088,1405,1546,1360,320,1752,1046,1068,1155,1648,1564,161,1282
166,863,1818,1810,472,1022,1333,287,296,1774,1564,1811,411,1542,1561,253,1278,1156,1470,1400
1073,1552,655,695,151,1736,725,1532,993,1566,1332,1303,1137,1491,293,126,1811,123,286,1781
1432,74,214,1292,279,684,945,1038,990,1333,1135,1303,27,694,1488,1278,395,376,890,611
908,1297,290,1272,999,357,1276,74,1781,589,1847,476,25,921,1278,219,1032,185,1348,697
990,150,450,1283,1784,1712,1273,573,1848,1259,1780,1130,1229,1211,1290,605,739,83,308,944
1585,219,998,322,156,62,1838,1176,1084,482,23,185,142,312,861,123,294,1295,1316,917
263,1276,1197,1284,603,1333,624,1374,277,1168,1301,162,475,274,156,504,103,282,1277,295
577,1817,1277,1741,1196,1417,1130,50,411,93,1093,23,1293,187,26,957,1689,1008,122,76
1819,676,433,223,476,913,1076,1293,203,972,1307,1710,278,1182,1815,1026,1721,1389,1034,136
1171,1248,589,1366,1145,854,1361,377,190,645,1028,1242,436,136,1415,429,1166,76,1564,23
1164,1840,106,890,27,1034,164,133,180,1291,1347,285,87,1290,137,1084,475,1566,1669,995
855,110,1305,374,990,1284,1122,1278,1289,662,1707,73,62,1282,145,133,234,99,1445,1248
1811,1307,150,883,1257,179,330,1068,267,102,1432,503,295,263,132,702,1236,642,1285,1632
695,279,1804,1712,1005,1669,879,1052,305,291,1547,474,1289,412,1542,1169,727,80,1554,91
108,1258,1003,179,583,267,1778,128,581,1804,219,1218,596,598,114,658,87,1304,1585,918
1059,1352,1417,98,1299,1163,1677,965,126,870,1227,621,1522,1492,715,1165,1066,1307,157,1291
1707,1302,642,170,262,383,471,478,1285,55,1555,136,233,645,1603,1355,552,229,39,189
131,1073,1095,1307,1121,1015,1188,233,27,1040,925,1021,1841,144,990,919,1228,1302,541,1297
1503,1113,1210,1009,1018,1415,1811,953,1128,173,458,901,1374,1222,643,286,433,335,1532,238
1811,19,121,1272,894,1287,1072,1529,1307,1432,140,1752,993,1342,147,897,179,950,681,77
312,1289,179,1190,607,1498,1312,1223,1660,77,1262,1314,538,134,1282,1279,186,62,713,940
598,1426,1306,1446,12,78,832,374,1129,112,896,1170,686,1374,1250,666,1685,1224,957,108
222,201,359,1208,1109,27,777,766,1266,1280,645,317,147,862,992,934,1154,343,1501,1646
174,1336,1128,1296,1295,1227,112,88,1122,1307,3,134,1177,644,1721,80,961,930,1138,1566
921,909,331,1291,1303,553,831,1099,893,1306,1353,98,843,644,632,1281,606,1839,131,876
1306,1774,1416,1303,1082,77,176,138,581,1028,1751,253,93,185,1014,379,407,1054,1161,1270
181,1140,536,503,219,1715,86,220,62,1294,689,1279,97,79,1278,9,308,534,1780,75
141,1137,1466,907,829,415,25,1761,123,1430,100,1741,1080,129,1712,1544,1296,1780,1235,321
302,1781,297,263,1251,660,918,1294,24,1296,1182,990,767,1377,366,1290,1783,1534,1100,944
1303,264,270,320,1011,315,175,1306,956,71,171,261,1338,1493,531,1294,1012,845,1712,219
1274,990,1169,537,1840,112,1652,181,284,1819,1741,1620,78,1550,531,704,1805,1306,1289,1290
810,150,1451,1284,1314,1741,11,1176,1259,1059,687,1116,1426,1306,285,907,903,1765,124,1084
1159,286,1725,1457,1074,1152,122,1018,1173,1056,51,1351,1277,1431,1718,136,1838,983,283,1304
1067,1449,61,1555,1426,185,1619,1719,119,487,220,521,49,1167,832,99,469,381,176,530
902,1686,1680,1229,1216,1288,46,794,1849,1300,1141,258,1299,943,700,21,1471,185,1732,867
952,126,407,74,1355,1303,542,1243,1199,116,1254,312,1289,4,278,1298,1653,1140,139,69
164,1741,177,1184,704,1073,1256,845,1294,1306,863,302,1076,1307,683,645,1154,186,97,921
252,1809,27,640,186,1585,1292,1118,1820,819,606,1348,993,829,1468,1275,669,855,255,1287
693,544,797,811,876,224,1564,588,989,1266,1071,966,1728,1544,1049,253,137,152,104,829
1005,148,1288,1761,1305,1389,1076,1564,1145,312,978,1215,327,383,1003,1333,1282,1291,26,648
146,1604,263,279,510,41,27,909,133,212,889,508,1296,1266,1224,573,577,1277,1355,403
769,1121,984,1819,46,97,989,798,1839,65,105,828,1306,253,1182,1678,476,707,1041,289
91,1837,448,1269,1285,188,195,1555,1828,1303,155,548,1774,1305,1087,828,1294,1845,900,1005
241,61,1302,119,1564,1682,1285,373,1136,410,25,1125,201,1032,1752,1851,838,1566,252,811
1823,980,235,273,574,1041,1302,1640,1484,133,604,1766,266,21,1752,370,88,144,132,233
1277,155,1279,1584,1314,1300,489,1013,668,292,784,1038,697,666,272,244,157,795,1131,1245
58,890,1226,439,1426,1491,279,1852,132,1784,1175,1774,176,914,938,669,134,1566,1357,1276
532,594,647,1752,186,302,548,941,194,1224,23,1618,418,4,1658,495,1278,1843,248,181
940,1280,1336,1795,608,1783,1009,958,74,285,471,1839,1732,1265,1163,97,683,1617,1811,433
1157,622,25,615,1303,151,484,1783,290,178,438,185,577,583,79,146,1302,1284,1002,1266
191,272,1043,768,1776,1426,1057,928,1547,318,1123,832,595,362,70,997,1555,1296,907,1585
1128,1131,71,1555,1617,1205,1301,1225,1111,1100,792,1154,1552,103,1752,1711,197,1749,1072,10
791,27,1056,1276,1016,641,845,859,978,1728,1275,928,479,248,748,1125,106,969,1755,1855
740,876,294,1048,1307,653,243,645,24,1208,995,27,87,325,90,1518,1353,112,483,1426
1250,1819,1441,0,1152,1101,192,1347,88,512,1289,909,1488,1704,1784,521,138,1778,1712,359
1129,1807,282,990,624,1082,1284,1136,1307,1223,1340,855,1022,586,1817,1778,559,1196,1792,1619
1727,545,1169,1805,1813,823,303,1299,680,1187,1741,1066,731,1548,1781,27,383,244,729,1410
1277,955,902,1553,1169,1076,785,253,1161,1494,1555,529,1518,108,1780,286,1313,1363,953,552
1680,1307,381,138,975,1045,6,133,1784,960,1764,127,823,1741,167,1123,206,1234,1564,279
1230,1724,1742,1759,1307,57,792,475,1550,151,94,1815,492,1662,6,1085,640,1787,1181,1304
1173,1817,804,499,1125,219,722,689,474,1851,197,1169,1752,1305,522,627,642,1711,598,819
302,1838,571,1038,548,1137,148,262,1355,624,1125,1265,713,1275,1028,872,1300,234,1742,253
902,325,1122,573,150,1837,1123,1620,126,1613,1289,260,1303,990,1252,60,903,740,1716,1520
139,949,80,1734,318,1374,1561,1808,483,1470,1076,274,262,1115,950,1002,1658,642,939,1296
294,178,242,989,1372,141,1161,690,289,806,192,890,910,1002,274,1707,900,27,1005,1182
920,1305,76,307,1097,291,1774,568,804,1220,847,636,778,1019,213,179,80,1358,1778,403
1787,529,71,134,573,1732,645,1284,1154,178,534,190,1293,649,606,417,1564,1555,212,28
1545,490,1041,234,470,189,870,68,273,181,145,302,1036,185,120,281,1183,267,643,1836
726,92,87,1807,664,1731,1451,1304,1240,1294,656,411,1042,1005,956,189,1309,1278,1796,1834
1386,159,216,990,1294,80,307,31,1280,220,179,1284,521,556,571,549,1439,1627,1331,914
494,955,1805,406,1036,959,94,441,1106,1231,1853,1291,451,1564,890,194,1068,190,540,1176
1276,222,1705,158,1321,529,1232,713,221,1491,1754,841,610,1596,185,412,145,1781,1780,215
221,1181,114,645,694,1579,967,1064,593,194,257,1128,979,1479,312,640,1306,475,1276,1278
846,152,1734,1290,1648,1289,290,51,588,706,412,1340,308,1795,246,510,1454,1192,796,1426
1743,1532,494,1356,1820,296,845,84,221,1298,285,1278,1196,65,1291,1770,1247,955,579,903
254,990,686,1361,169,220,283,1277,1509,732,929,1549,1125,274,987,1199,937,1432,1074,1859
78,949,1302,1068,1268,233,862,1653,989,1769,1671,186,757,428,94,373,399,1851,1552,1178
681,1305,514,918,1567,1159,1489,269,548,26,1191,1540,1071,43,178,1510,529,1600,1741,112
460,176,828,767,45,307,1116,1042,722,1199,1800,1840,571,89,1303,1853,1741,1752,462,756
954,439,95,1298,27,117,1084,984,1286,1430,459,533,21,1846,410,694,222,126,141,1680
4,620,823,1026,990,1224,228,1374,530,913,1847,1296,1838,329,1191,636,1293,271,1073,452
197,93,1233,978,538,261,1098,720,183,1787,181,1306,872,1165,729,246,1842,902,770,890
1090,1129,1811,1094,1109,23,1378,282,93,1014,521,123,1783,113,1585,945,879,984,158,1472
913,358,1781,1279,1223,725,149,1805,592,277,1306,1064,98,1394,1731,1541,1264,1034,57,1811
1386,643,587,1389,939,905,1732,599,1290,1040,621,669,155,123,1857,857,936,1303,888,70
244,924,890,1773,197,900,701,642,956,62,261,1293,1280,1285,1216,1045,24,640,1336,806
162,1059,261,1711,1636,1182,588,963,1128,1076,140,598,167,1774,259,943,1451,1074,1488,179
1404,768,1208,279,1723,1280,1303,822,228,1207,459,1426,271,1216,1036,1374,1034,598,1806,1276
1588,264,163,374,1752,306,1293,1783,693,865,1232,1704,1032,105,945,1566,621,1708,25,43
517,472,1181,117,260,25,1707,1584,163,1566,823,1718,134,1256,1074,121,857,95,855,1711
579,1566,1304,139,1424,1091,1294,1761,27,1173,669,197,79,1506,1210,842,56,1028,1305,1182
620,374,1095,416,905,70,484,308,641,1332,299,1279,1360,1069,123,68,1804,151,623,1340
1430,297,146,493,1769,153,1303,476,1792,952,645,890,527,1414,1191,1418,1093,213,1133,181
1129,312,307,990,987,548,1276,579,1005,50,1293,166,1748,1251,1674,289,866,70,492,203
1230,677,1639,1209,509,1783,306,1203,190,1727,1472,1341,570,1300,1846,1294,1851,417,1150,1182
640,971,133,1819,277,1787,1756,556,581,145,645,1298,303,1547,989,1279,407,1045,1243,128
913,92,1292,260,1302,966,1852,645,763,1258,1307,128,1632,1734,993,617,879,1817,581,1133
175,1575,284,1859,101,1277,286,674,1648,566,180,291,1711,1299,1804,898,598,1550,1349,863
1566,46,1704,271,1024,1632,1776,146,970,990,697,1270,901,1811,855,918,923,1798,1245,397
1752,764,554,939,1534,1181,908,260,588,292,188,1229,1294,1403,1778,1461,1741,86,913,683
70,1372,918,702,106,80,1492,1317,1807,963,256,279,434,165,430,1282,601,1819,583,282
436,1276,1550,1102,1260,721,1489,914,1263,296,308,995,1141,1216,1162,1334,1697,1147,1852,1784
1222,1817,280,694,1352,44,221,180,857,352,335,915,1347,1355,1243,1756,1055,995,969,1045
190,359,546,1396,929,884,75,1300,1301,1401,1034,1144,658,1784,1561,407,50,760,1595,1827
229,1305,469,131,86,290,1307,525,1223,6,1306,1034,1097,302,70,356,1182,1554,694,575
725,1091,66,1113,1300,1476,934,280,641,222,106,856,1034,181,1235,1695,651,867,1660,1811
219,1835,75,1123,1304,759,540,1534,23,1648,74,255,1208,45,1470,1158,1497,290,738,561
1807,1566,1094,470,129,1710,297,1281,645,1276,1232,1409,1781,581,1284,1297,57,1288,772,132
93,4,368,1280,1297,363,1094,970,1078,268,1018,285,1243,1432,1098,995,1732,74,144,754
103,159,184,24,1164,981,1811,1125,1022,128,1653,685,1102,1093,1128,1160,917,1547,1566,189
114,1550,1568,1574,1805,1819,133,190,1300,284,178,1110,483,603,990,259,1290,1518,1457,108
377,1289,698,395,51,1769,147,1409,297,1648,1524,943,1003,220,908,1188,1307,1852,1162,137
1752,255,879,1542,1749,1279,1301,89,772,490,730,1081,75,1679,200,1733,1741,377,1775,674
1737,1255,557,639,1123,755,1492,1491,1197,108,966,51,734,1341,1326,629,653,897,807,574
70,1711,1415,983,1458,78,1301,1157,853,1298,1503,588,1306,1222,150,1292,1009,1302,1811,166
585,943,1837,1181,601,1449,1807,285,1843,189,146,1157,277,1490,1578,101,552,1529,270,1558
1839,950,855,1617,1164,1285,1303,938,149,872,1432,1280,1589,100,295,301,633,1372,1389,1778
1851,186,953,1733,748,1830,1108,1300,1242,574,1306,950,489,781,64,320,1026,990,1250,497
203,176,86,374,1106,1805,990,499,1409,1783,1281,204,1353,159,1060,1303,1093,953,128,1341
1548,1555,23,449,1060,1049,451,185,1783,656,1163,1282,740,1290,1432,1183,1585,1104,256,1391
1277,1296,908,1426,106,2,540,1164,173,102,770,74,117,70,1109,642,290,134,1430,1136
890,1307,624,1009,780,520,177,1566,335,142,1396,1811,259,222,743,581,364,918,1047,354
911,56,658,1280,1094,1565,283,1281,963,120,1787,1775,475,691,108,132,1306,531,62,1561
1474,1819,292,711,509,957,887,303,79,1101,1301,144,122,1788,1112,1248,436,101,1145,1284
1192,1017,506,1084,550,990,284,1291,432,186,908,955,1216,714,877,297,1322,890,151,684
1734,56,265,1224,819,1306,492,1749,644,896,1585,257,1237,1841,855,1620,58,340,946,512
1285,63,681,1294,1425,540,1555,1841,1712,1297,978,1230,37,23,917,971,114,1781,1216,1272
1018,461,950,1295,1123,203,1092,1681,1844,1837,1166,1105,1182,890,821,687,1812,1232,1366,1374
979,91,1349,219,1321,234,357,990,1314,1292,934,29,1304,1012,855,977,1470,139,487,1847
1317,1230,610,1306,1519,1840,989,1109,1313,877,1352,284,1752,1654,1639,918,908,1208,234,1811
1747,263,596,12,1815,641,186,646,600,71,271,176,1240,1446,23,1676,748,250,1161,62
643,1752,1282,764,1432,644,1225,1547,1040,262,1165,183,1362,1297,431,832,9,188,1426,1164
1304,865,148,1285,59,278,302,303,1161,1139,1366,1284,1586,713,1301,1792,96,291,1305,680
164,313,1301,906,926,24,1308,147,1807,1148,1290,1022,234,1314,950,1353,1804,253,510,1287
88,1161,1183,1291,1250,1206,656,96,1653,588,981,1307,220,290,1049,1282,709,26,1778,1534
669,1276,234,274,415,1510,176,152,145,1440,1589,1778,146,697,124,1291,116,1804,1412,990
818,640,1630,134,180,74,181,537,563,1145,193,157,0,1288,295,1846,1365,857,1205,968
1274,255,1671,151,862,70,3,321,339,1595,1550,252,1688,882,392,913,1294,671,137,855
740,1307,781,1790,306,1752,221,857,911,430,1340,1791,220,76,1161,1681,1824,807,1271,193
1426,1306,1136,1324,252,1123,890,1852,1523,1752,1290,66,1160,1301,1289,640,288,1427,596,1028
70,1009,1028,114,274,1266,1845,1524,257,366,1123,1804,645,450,433,265,1304,1789,1203,220
297,1282,1146,204,1689,161,379,1314,400,601,1777,1243,982,1239,1776,1078,1000,1235,1552,1278
588,606,1302,138,112,1669,1193,820,1841,79,655,137,1367,157,978,117,1035,556,1160,307
1346,1824,1518,758,1615,818,495,1016,717,556,969,1278,84,268,432,1165,1230,952,278,217
1669,12,954,544,1782,1374,599,1101,1752,1299,139,1011,849,120,1501,935,1129,270,1756,870
1432,295,1426,185,639,1265,1783,656,1153,1203,27,459,151,1217,126,1353,307,1818,678,280
1817,49,935,1585,1732,1248,995,1230,1653,270,1752,1839,857,1542,1566,88,377,968,296,1828
1189,1188,44,1093,1257,823,38,723,1555,1752,157,220,781,1199,108,1307,1204,947,644,112
1289,108,1199,1235,450,253,1288,568,1340,574,1853,909,1249,1555,567,1225,1280,494,289,1105
1534,186,990,243,1289,893,889,78,1498,348,1409,1007,68,1167,144,1741,1218,1862,1732,1059
909,244,745,779,754,395,1277,1712,435,1693,636,970,1225,1828,1279,1387,914,994,823,1743
1839,1281,296,1585,715,103,277,1731,1007,590,1285,1511,133,1472,1559,540,94,1152,710,417
252,1518,1377,873,1018,244,1783,534,231,922,1343,117,183,1278,175,242,1353,1534,1198,934
128,999,1297,1677,1282,408,632,1086,877,1265,1348,37,554,1013,142,1566,93,389,1305,220
809,259,380,474,128,576,1285,1107,1158,97,23,1071,1778,990,18,181,61,645,882,1279
87,63,374,287,877,1817,8,645,139,171,1804,293,1286,228,1425,1417,991,507,879,1177
626,303,1467,848,536,689,621,147,1297,1182,1307,1034,921,533,908,681,1015,1238,1689,327
1276,1302,1539,1613,259,898,126,976,178,531,1132,79,1596,1438,1157,104,136,317,18,1732
27,826,56,306,759,335,890,1108,977,245,1257,1755,139,1288,1305,1295,1284,965,990,174
1557,77,1191,79,1083,175,1770,1819,429,1103,1277,1034,289,1158,259,478,779,845,1049,1648
255,259,645,469,1648,305,1566,1123,484,596,1389,215,1769,320,759,60,1426,1486,1257,1276
286,1761,112,197,1294,615,469,878,1180,148,167,936,275,1034,645,1321,950,1838,1314,1719
1113,1128,294,1566,680,105,1547,1225,1389,1303,1298,1712,188,1491,443,147,169,1534,1336,1798
465,1301,1778,290,157,1839,49,1752,1759,891,23,596,600,1307,1085,328,1836,1305,1104,1472
1293,1092,1687,572,807,1040,1472,202,1076,77,453,794,1470,1225,1486,167,1566,1248,478,1741
1182,913,489,493,1238,70,1239,1312,151,1232,23,1752,1277,535,661,983,694,950,253,430
694,641,795,1835,1598,630,997,45,61,1500,1305,307,170,1217,1432,642,1272,138,1021,16
491,878,757,1511,1384,1301,1025,138,891,1182,402,60,688,534,1804,1293,583,645,193,1502
459,1372,367,992,1778,1700,83,275,1674,1298,95,890,1088,1277,104,198,80,740,475,374
89,156,315,855,1056,1297,1535,1350,1129,1491,1296,1840,715,87,503,484,1628,952,982,1502
859,1293,595,1306,454,86,1843,221,1676,1836,25,1076,1171,1232,278,1704,568,104,239,201
277,1781,1016,1215,937,327,874,269,1008,1182,1761,1432,1267,271,1217,887,1243,949,1472,1804
1282,540,1307,809,890,70,133,1148,1030,416,105,1858,1305,24,1169,306,478,917,1055,1157
1778,461,1384,1289,1266,1830,1284,644,1249,1198,1843,74,758,579,1655,1295,799,1302,144,573
287,1765,1231,65,1275,1409,658,1840,212,409,1026,407,389,743,645,1553,615,1414,801,1739
499,219,1498,1303,975,950,291,990,1816,1555,527,74,1374,1370,93,126,1040,552,560,1306
1117,999,165,1011,1536,1028,948,71,292,667,571,680,856,3,743,1041,1839,694,1242,1298
30,1232,645,967,1197,124,1814,1086,519,374,114,1299,347,98,285,1097,267,1036,9,1073
644,1160,1741,1555,579,1436,54,220,315,74,1009,915,119,1303,1283,1181,677,1138,1490,642
659,1089,548,1781,1770,941,1768,245,1166,989,909,1584,820,67,452,484,1298,258,1304,506
1147,1028,823,1681,1406,1005,748,181,1502,990,98,861,465,1366,780,1108,1290,1830,1372,279
1086,1039,296,290,716,238,392,1280,1780,269,259,1299,793,897,588,84,656,478,1585,1232
474,358,1555,952,306,858,1266,257,95,980,1298,244,573,645,571,91,284,27,1490,1712
1182,1712,621,925,61,415,167,1036,194,1085,1691,1778,1742,1220,1293,598,586,185,1571,27
1714,740,197,75,990,948,263,1287,134,248,1851,1278,1279,1412,1161,1049,1712,243,1022,307
695,823,1247,1067,149,1669,1076,271,1489,451,1296,136,934,1373,1335,255,579,1711,1101,987
909,476,1839,62,1564,1700,71,100,1028,220,1801,1013,264,1295,1343,1819,280,1672,1347,855
1397,1804,1076,644,1550,811,1157,681,1838,780,78,1780,1058,1272,691,832,934,273,164,1430
984,995,1266,1315,25,363,1235,1307,1295,436,540,1292,1229,1720,705,440,321,806,233,545
659,278,1773,1676,1159,881,1064,1764,1680,233,598,1838,909,309,389,104,1276,1305,890,16
1847,1778,1503,1555,163,265,136,947,39,1307,1305,1804,293,9,916,1306,1289,1564,1712,1518
1846,352,1555,215,645,123,1373,104,1278,1396,1622,106,299,1450,1305,1839,1342,176,351,1290
99,834,157,1774,79,308,656,1172,304,1562,136,275,760,112,1447,674,1059,659,1852,290
1303,1176,1292,1301,263,1741,474,1272,1832,1007,337,243,1123,1295,235,306,1281,70,720,1810
1348,25,1115,1042,268,194,1685,1187,568,644,1307,1298,77,1287,875,525,1068,926,103,166
1276,1226,1349,1712,18,1742,598,1074,566,748,1305,1047,1311,268,1819,478,55,1518,1288,289
1015,990,234,221,1270,1299,1224,925,1426,1297,1770,74,1099,934,1242,1629,1230,165,1289,246
1708,126,165,326,1695,1131,377,117,305,1084,1047,1443,749,1585,1301,1291,1165,478,234,1051
656,637,960,150,253,1844,1430,730,546,691,262,1230,76,707,670,892,1183,628,142,1263
1651,1034,220,903,650,1658,309,556,823,1675,956,88,325,1445,816,89,51,1292,1161,1301
1741,1274,222,1737,1093,1534,284,181,363,1145,1192,1276,120,1585,238,598,1097,1431,78,1307
1469,1401,254,1287,249,1703,694,1801,1049,590,902,1307,1146,439,1036,1320,151,1251,23,475
390,1273,967,1736,666,862,596,1300,1188,926,269,650,1366,1712,1138,203,1088,1408,610,297
1302,1669,1863,199,641,592,269,908,1234,1784,722,890,1282,1819,1010,1167,1191,152,1293,1040
1453,1128,1492,939,1303,254,1728,1116,1830,845,1306,98,138,452,243,1413,1778,1041,325,54
1292,1360,1472,1149,1018,293,1290,117,179,308,1657,697,897,1305,199,1374,1842,1732,286,1295
1295,100,1220,287,1199,127,581,1314,88,1178,1190,1534,1276,1625,911,290,89,645,1117,1550
656,1296,1326,102,1303,374,1374,90,1305,945,290,643,1222,1335,1179,219,168,154,335,1292
303,593,306,1022,1234,942,586,578,489,1590,1307,795,1295,278,1193,1843,1026,1712,1225,274
822,1303,289,1134,1745,686,220,486,1520,176,291,284,990,1839,181,324,1824,1415,27,1307
358,27,995,1554,603,312,279,219,305,1349,645,1829,160,104,1298,1297,954,392,1851,321
114,407,1303,71,694,1171,635,330,96,1704,1237,204,1545,754,320,1104,1319,1302,1798,235
1028,1860,1468,1232,911,999,1138,427,987,572,1564,273,993,203,1123,465,1490,861,441,540
