1374,1218,1725,1741
1281,516,890,176
770,78,1157,1756
1051,1307,1175,306
1247,967,1431,220
1296,1546,596,1741
1266,1759,1544,381
104,776,279,1548
1298,1734,1314,275
621,1472,140,1168
1808,25,855,84
246,1076,1544,312
618,934,1163,275
805,795,664,1278
1305,878,200,985
1744,1142,1722,1554
1759,1691,298,1276
596,1763,946,907
541,811,298,1157
27,1406,1546,715
369,1550,807,1710
131,772,350,1277
983,627,1173,229
506,73,272,1055
552,1816,1182,1026
571,865,980,800
307,983,1555,1302
136,478,271,1295
648,64,1697,103
400,1184,640,1420
639,348,176,126
1106,1426,181,1531
1642,1778,275,1366
256,86,1585,366
615,1808,1010,1290
736,1302,417,748
544,862,936,174
194,395,304,1830
554,913,181,1572
1752,250,1280,76
1771,1421,124,112
1804,757,501,926
934,1076,1761,1712
1305,1295,541,804
148,293,540,186
142,272,1145,656
1296,1370,1277,124
123,1082,1289,610
1693,1166,1727,576
1386,270,1555,14
1296,1554,1491,1279
506,1418,1782,160
256,138,39,1842
1284,598,559,1589
1781,248,1064,926
1182,1029,1297,1498
848,1776,1279,887
85,1161,331,1780
253,992,189,348
1307,848,1073,656
123,436,967,1800
904,440,864,1228
1305,1296,1139,482
418,224,1811,1780
694,415,679,1837
805,1303,1182,222
1014,1336,1817,970
404,1257,463,178
217,1534,1205,1026
698,91,1819,1298
1409,1119,1297,1674
816,479,903,1232
966,1329,260,1360
133,272,151,1125
1341,7,733,1303
102,268,1529,1278
1811,253,133,1625
1614,1641,176,26
1271,415,1811,450
1175,1292,12,303
1672,1305,273,1166
360,1187,453,1819
185,1225,133,97
655,591,953,969
1797,923,1291,639
656,1534,811,1496
93,296,1465,141
1741,1242,1846,257
697,1301,1805,27
163,393,1280,39
25,1752,645,1294
1258,987,1228,540
746,1783,3,1839
25,101,1300,1229
829,1105,1263,1780
188,291,244,1279
954,1072,1034,303
103,219,1337,76
621,264,1314,656
177,1293,1693,1101
701,694,507,778
918,946,219,137
1542,683,333,101
1776,1753,1179,659
1795,87,458,1161
1307,1699,236,1781
1305,1018,1294,546
1230,104,1296,1150
23,568,141,605
1752,885,1267,1220
1216,1099,1295,1840
1136,1390,476,890
1276,1862,516,1338
1778,1738,549,221
1566,285,1282,905
665,792,261,1177
1285,917,1119,434
1290,1291,56,1289
1034,292,679,540
523,100,595,1166
552,62,559,383
1211,1607,1266,459
615,1280,761,98
1176,887,138,651
113,311,1781,823
1090,1648,1303,1062
104,1156,1272,25
1478,1534,1781,45
167,1712,1243,1245
1218,1374,1591,1555
1125,278,25,274
570,1277,465,1338
1385,971,24,1679
965,297,1840,254
374,1295,1680,383
1399,1781,1168,833
1187,1182,1595,1199
1663,1294,686,310
46,88,20,1243
76,856,1114,779
65,157,770,147
1305,1290,1082,1167
269,1276,531,1565
937,640,1026,285
146,936,1272,1093
1418,1343,317,264
1757,863,595,80
1086,1257,352,940
478,220,255,978
314,1699,1700,128
1258,544,570,1830
1564,1847,1279,109
1546,1551,630,1349
1295,1752,1333,1712
1294,1811,1171,312
1811,1498,108,103
688,181,1366,382
1109,37,1279,1648
1531,1374,1290,51
140,1555,807,704
599,1235,128,335
1215,266,1741,1306
141,641,84,200
1112,641,987,1585
1287,1305,1741,252
341,63,1526,705
149,574,1130,792
832,81,538,640
129,233,1296,700
1290,1289,228,264
1697,875,629,935
298,133,1311,141
1783,1302,1292,206
1115,308,1599,126
1119,1653,713,272
1233,219,1432,833
415,950,1266,70
1566,1851,1841,179
583,1279,831,1290
636,1301,1285,376
12,266,845,300
291,1432,177,126
94,473,823,1076
292,1426,1018,306
1631,1057,1302,74
1249,1005,1125,548
1700,59,190,1199
245,194,645,1415
277,100,12,641
1689,1303,100,1085
905,279,1291,293
1749,552,1284,278
1151,141,632,265
181,25,855,776
894,1291,272,1109
1296,1445,78,320
1182,907,242,1361
1136,77,1302,1286
12,201,1780,821
1028,160,950,99
61,203,114,903
950,923,596,93
459,627,1332,359
76,742,1294,876
1213,1279,0,1298
1760,141,500,106
1688,589,216,27
776,1778,767,1432
630,220,1326,1648
399,1009,1251,1534
1680,576,148,1515
141,1279,756,1585
915,1302,1819,415
152,1217,128,1227
263,223,1550,1139
598,373,431,359
548,759,700,261
798,162,261,1818
296,477,909,279
25,1184,1101,1298
1045,684,1361,1365
1660,1693,914,1280
1099,1496,1780,255
1302,1278,1337,811
291,76,990,1805
113,473,465,1824
641,116,82,1076
51,1165,1657,1836
894,1125,1053,770
74,257,402,671
644,1294,297,1621
124,735,61,1101
1854,201,1613,919
282,1104,1128,305
1501,1138,336,559
294,1840,619,530
780,219,1763,1104
1796,350,618,1617
288,1281,1280,1256
1795,1287,859,219
1748,100,258,493
926,1426,1223,1067
1235,1625,99,284
1648,193,86,64
1086,343,156,1307
1303,95,1812,1583
1754,1513,1372,1718
458,579,1291,139
81,1284,148,901
166,274,1795,1188
1548,287,462,1759
284,1839,1467,640
1276,1188,1076,1540
809,1278,274,1776
1603,90,1335,133
181,966,1516,885
139,135,1078,257
775,1097,297,166
552,505,979,569
1426,1763,325,80
885,1816,1855,57
269,163,484,918
647,258,243,189
268,62,780,1778
342,1187,1815,23
949,1163,177,166
52,1440,989,3
1325,411,1287,1564
81,1077,1245,1303
1011,1621,1378,893
1293,554,385,1303
1524,134,510,1640
966,1280,279,287
1295,1076,60,290
91,890,1002,319
101,903,1773,1191
1083,1320,234,112
321,223,308,1299
524,24,375,265
762,1290,967,1819
1841,1291,909,386
46,176,749,1472
1585,95,1438,1819
934,1257,989,1524
645,266,907,693
74,1685,1838,132
17,221,940,563
667,1108,250,1278
1736,1694,1183,1087
907,57,1712,1085
530,1157,1145,1123
1301,1156,433,61
772,1228,694,126
254,152,302,27
194,492,480,22
1287,495,1192,979
1268,806,1257,1294
1279,1374,1741,366
1306,1295,645,292
255,1549,1791,902
1267,1017,297,1797
1378,101,1299,152
515,554,645,1687
1302,186,1721,656
1682,197,156,1302
990,54,402,955
79,1806,416,1088
976,792,1296,860
265,581,275,454
1804,1585,1276,1128
536,1838,801,909
46,1542,1242,55
1759,1253,509,243
128,1294,901,89
252,321,138,376
1285,228,1711,1688
723,114,1395,1435
1279,176,265,189
882,1303,186,1182
967,570,131,603
1294,549,1542,1118
670,793,530,1041
1572,1011,391,853
219,1689,1129,75
901,1811,220,1278
930,146,1306,1279
293,885,1277,990
267,1084,146,236
1297,656,1374,806
94,1250,272,533
411,91,636,447
952,509,583,373
363,123,1296,648
1300,1141,989,1676
193,86,1298,1307
296,1292,1312,166
1640,35,1203,244
1492,557,1847,1012
1780,233,1022,1284
1279,973,1314,624
1774,357,550,582
1240,234,1253,1680
1566,164,949,1298
1817,176,623,95
258,1115,776,93
1544,1840,753,233
1566,1146,823,1228
205,1034,492,275
63,789,180,203
990,559,1282,937
39,1071,900,1804
1040,656,1853,1276
274,296,1312,65
1307,639,27,934
1595,1856,1291,1280
938,68,918,966
1648,1551,288,95
973,1073,374,137
1412,1091,1470,296
1648,1323,98,233
1234,1558,1307,1663
1845,188,320,98
357,1752,1197,971
827,1072,920,1279
196,1742,41,123
298,494,829,1692
1217,1175,747,1401
1262,180,380,596
234,1806,1030,185
1817,1841,1457,1128
256,1307,1285,540
1281,1238,456,574
865,1819,1223,1299
998,133,1301,1171
549,1830,950,1136
1307,1276,46,1552
1344,273,196,16
75,1028,305,1085
1165,1373,494,72
720,263,1278,1850
220,952,256,312
1417,180,197,1631
1084,181,299,1086
295,878,1720,1279
284,1752,1554,71
1402,219,1776,156
320,258,1172,484
176,139,1115,253
1605,1230,39,49
1147,1651,305,1291
1099,639,1153,990
318,50,1094,1566
1224,1509,127,425
1006,139,1266,606
285,1108,696,1358
844,1303,397,1294
1507,115,28,186
1093,837,1664,1802
644,862,170,990
416,1564,310,304
1340,1804,545,1302
861,728,901,289
193,1227,1302,1285
1566,1462,1092,639
656,990,296,533
768,1534,1280,1113
282,1766,459,1585
106,181,108,1100
521,823,1741,744
686,423,926,1092
695,907,806,141
83,93,134,1305
1305,1823,1828,1547
445,623,592,1056
845,804,1256,853
1298,167,319,499
122,1190,630,1818
585,1291,1476,23
451,1299,223,1307
992,926,1297,1445
248,1437,644,1256
469,289,516,535
1088,516,552,890
271,997,150,283
1839,312,1842,1291
1778,343,137,249
917,1304,257,100
141,1040,1198,1256
1712,1374,76,1817
1752,1279,1292,869
1780,96,510,1555
1839,260,475,541
1307,1688,1083,696
1147,126,754,664
86,509,181,1136
1547,1263,1706,992
1265,270,645,129
1124,955,20,1687
1654,1284,623,728
1432,1153,839,859
126,1712,285,747
568,1280,1018,886
930,1247,195,1294
1688,1291,105,1585
1441,253,1277,277
137,220,1534,1131
177,1301,1776,220
1472,3,601,1299
1305,233,258,253
1234,1798,603,201
1294,481,418,1534
1305,644,116,1712
1041,744,1840,348
70,695,645,1188
1307,822,85,922
656,461,990,1821
273,1348,608,570
927,232,429,1389
1016,575,290,973
1290,645,1296,1489
1770,104,592,1426
1242,253,1668,748
719,1792,1272,538
190,1145,1073,1447
1585,12,1426,1566
83,1031,623,1613
163,373,1284,993
1290,1263,151,23
279,1305,757,1839
283,1125,288,6
878,669,1673,345
582,1332,940,1617
1081,1532,641,374
179,1841,491,475
264,1514,1112,478
374,175,290,265
1792,122,1673,1648
902,1336,994,1026
220,1092,1502,255
743,135,1426,1425
1277,263,188,120
1841,1291,92,1602
78,1277,1290,1172
1776,772,1805,1795
278,872,265,1169
1281,1544,1510,235
440,893,30,863
1741,139,1261,950
262,279,1357,1441
680,1299,1374,1180
483,700,803,1239
998,1011,28,725
877,105,181,956
332,641,1277,271
268,27,1585,88
417,1110,148,325
1840,1845,1374,1486
1843,1320,293,1340
114,1224,4,1734
669,197,994,990
1840,1388,1292,1644
92,1555,1349,1741
1425,1279,1280,65
1365,270,1116,1117
504,290,1578,255
1642,1781,374,1424
1577,1223,1217,257
990,951,1388,1810
807,1038,131,875
262,1121,1401,27
1488,920,89,1271
1581,1710,645,88
1279,1179,953,1780
1842,1798,142,1296
1783,189,1082,83
190,1168,1491,644
1294,639,1632,1152
1188,848,1302,890
1652,424,973,1699
1018,1295,948,25
1084,296,1282,990
659,27,69,1093
1655,415,656,689
1174,275,220,1009
1457,1538,253,1344
764,669,223,80
157,297,1415,295
278,434,274,184
809,1188,301,74
259,112,244,1070
117,511,65,1267
713,1257,133,104
1840,1008,590,245
141,1555,979,78
9,1158,534,1348
1781,939,911,1712
962,1240,430,1741
1675,296,1111,1279
1192,27,1741,856
56,1188,948,940
640,974,695,1804
729,1585,1547,1374
1045,146,1333,641
909,992,1292,1787
1288,86,816,1056
1512,1818,886,653
1268,1160,1554,274
1302,1004,1276,520
252,960,1585,896
657,1512,498,1558
1374,1355,1685,129
1566,101,768,1807
819,219,152,452
1784,134,1276,1338
911,115,12,239
12,1280,1657,1639
1145,1305,492,1076
1230,748,548,431
274,1291,1345,1309
687,52,306,1112
1552,1277,1407,23
1216,1778,928,704
1335,491,1748,204
99,621,954,641
479,177,1098,1307
340,1151,1097,1287
139,1585,1294,1084
1290,1776,1305,713
1263,1067,472,1374
1847,1802,955,1296
715,1437,1228,833
1702,1039,996,197
1305,1777,245,713
645,1723,1673,1294
315,1467,730,1294
1564,213,590,1550
823,1430,1406,921
84,150,536,371
297,12,373,909
973,1188,1276,1792
273,675,1811,91
1415,728,1167,540
1304,1776,1175,1276
71,70,588,989
278,1293,165,269
615,129,1158,1123
1215,503,1021,20
1145,70,1731,1780
1736,987,1037,1292
1287,645,1773,1291
1703,1497,152,113
1415,297,1293,1297
1761,246,1661,1339
1215,1150,621,963
598,1373,1461,133
27,1294,736,1780
855,940,802,140
147,10,1607,670
1016,893,1741,290
138,1208,1145,527
628,23,297,939
1290,713,1754,1453
715,220,621,312
589,1710,217,957
140,1026,171,1783
1300,11,1100,133
992,864,269,1361
1091,221,355,1686
1287,929,399,455
525,312,675,890
1470,624,1222,940
441,940,1752,1249
1780,640,265,77
152,914,259,1742
1648,955,1517,562
621,177,1860,266
869,503,596,713
1702,1776,290,1028
166,88,217,277
1819,702,180,193
1817,1095,573,510
1288,760,1183,1019
518,1752,269,641
935,1225,588,1226
394,1217,308,1272
285,1480,949,956
482,213,27,29
88,1581,1122,719
1599,1373,290,1306
275,1830,1426,1291
28,243,307,112
1213,1288,466,728
939,70,1472,1289
956,525,1507,99
1426,465,1743,510
1301,1108,309,478
709,235,146,937
678,1790,1637,27
1237,623,130,88
1076,305,1564,641
842,1566,644,1814
1288,1747,1064,1720
942,1397,1294,303
274,233,312,113
759,94,41,74
1140,1022,257,70
862,1781,1125,1217
1368,1251,1297,1690
1266,1298,878,1249
178,640,182,1411
850,430,1819,1060
1457,154,1251,1279
23,581,1674,959
239,198,1658,1287
1468,1306,1332,1805
739,116,1554,598
887,640,1087,907
1076,1564,69,856
1295,179,1284,1273
94,580,1195,1106
134,165,1838,572
74,549,69,494
745,1550,1301,1845
1719,77,252,1029
1226,1172,4,1839
849,1696,1534,1127
1305,856,178,787
1752,1744,25,1158
694,178,120,710
1259,725,1283,1372
923,101,233,621
341,717,1712,1418
1545,739,252,947
1811,70,1326,263
137,1846,1432,1282
89,805,135,669
1099,429,914,1071
320,201,357,670
223,1843,11,1415
459,74,175,1035
1448,1234,902,221
432,700,89,493
290,203,1477,1145
1155,1741,1733,108
1291,123,188,1224
989,126,121,1440
1490,163,1052,1257
1312,1467,1280,623
1395,221,303,309
459,848,1648,1034
1282,1696,1801,1791
1565,792,1120,645
1778,307,141,433
137,1303,1239,640
91,221,1333,885
1784,470,1780,901
526,857,93,1172
181,863,1555,1293
1443,1307,1498,1041
312,1306,756,157
169,268,1175,1307
1566,108,215,1741
1018,1741,989,1581
545,912,1804,648
261,573,120,1797
102,913,912,1697
1787,1305,561,760
1842,1129,1695,1139
845,1249,1819,804
1068,1260,113,466
1743,900,811,375
1616,1584,622,1382
489,1566,74,1422
244,1141,1293,488
1472,150,1498,690
1068,1241,1761,1502
1719,658,955,443
1260,1306,1299,1776
1301,643,1258,857
1301,131,969,78
1741,169,977,1295
1471,1123,1223,1289
86,190,640,281
971,1291,890,51
122,1687,722,1114
1409,1792,1752,1284
621,1276,1555,1777
1531,102,944,1688
956,1374,550,663
1718,1372,175,23
1176,1778,1294,138
1511,188,59,495
213,1524,1653,847
1483,1239,669,1074
1784,1301,1290,1064
459,762,103,268
1811,1169,50,220
1648,773,478,909
287,590,656,71
1208,1509,72,220
84,641,552,741
856,958,325,133
1553,1290,268,143
1303,919,551,74
210,598,70,1837
486,1093,1086,1142
1566,1084,487,1296
1035,545,1034,1809
62,95,1094,812
1211,85,233,43
1295,28,376,98
955,91,1299,1038
235,1500,1619,1572
1610,185,1378,1453
1295,178,1188,1821
1068,1366,502,288
271,1606,645,479
488,1500,1148,1595
1303,556,664,149
1861,1744,1233,989
1028,849,1140,652
1076,1136,1750,1291
1426,645,1432,1480
281,89,765,539
1297,1605,280,1222
1335,642,1156,809
25,272,1250,1155
1690,1248,344,75
1026,670,1290,474
1109,1220,1495,1108
1,1301,1302,41
28,1762,1182,1404
4,1587,309,65
170,1299,1096,1847
140,1150,827,956
1105,26,1115,306
6,1352,325,1625
193,1685,499,139
1248,137,1259,1113
1150,37,812,644
1158,1278,65,1704
416,620,1302,1496
184,728,923,192
1093,1787,987,1585
1161,1266,274,950
779,568,303,1801
713,264,461,1286
1472,1602,1182,1235
1291,1641,1278,308
383,1533,1122,185
175,1076,1374,1778
489,1263,855,348
4,855,684,1306
1284,434,228,531
1279,178,1143,1296
1330,1689,1294,1218
735,177,1014,678
1684,998,963,1279
1053,1778,1792,270
1276,127,644,1820
975,1306,1620,1550
811,138,1615,1110
917,150,1302,1279
509,1048,1306,1091
561,1343,669,1780
1783,1040,166,779
1804,656,136,964
1073,1744,527,917
1853,1307,160,1741
925,1296,1741,752
105,1151,964,866
554,290,271,1607
100,377,1225,548
298,1566,27,142
296,679,1811,18
47,1307,1599,1301
221,12,1749,370
1719,91,203,316
966,845,23,136
316,568,139,1280
1220,285,1780,1804
919,198,847,645
129,1352,1747,1819
11,235,1564,244
567,1835,1306,1776
937,687,29,485
83,214,312,1851
113,150,639,596
1521,1263,194,833
1097,1741,1789,1309
23,95,194,253
186,795,1575,1858
1284,1549,1087,779
1565,990,1372,1285
1711,1291,990,417
1464,1752,908,1231
670,312,831,1301
1291,1245,1173,1778
1648,1243,1191,1270
1566,992,181,68
176,219,1731,312
623,434,1295,27
221,893,292,55
306,1479,643,1684
478,79,943,532
192,1599,748,905
1580,55,74,1216
105,297,1304,973
1281,19,1695,1018
72,78,1442,1282
272,1754,1271,140
160,1012,877,1547
856,855,1148,1082
1783,459,1263,1090
297,1853,1129,1094
1307,1657,1012,89
1024,506,78,573
1270,1299,141,1288
341,152,14,27
802,805,786,1841
865,1175,78,1239
1469,827,1149,1307
894,1292,1278,257
145,1289,151,157
622,1248,136,1795
1307,302,1006,1304
1648,1555,1298,1772
1778,1426,1079,257
1426,1653,253,247
284,253,767,1301
1007,1491,1330,1660
1182,1547,324,1295
576,864,1282,1265
1740,1780,1504,254
1276,1529,265,1748
1099,694,1223,1661
546,1446,1561,1215
1763,1105,1109,1568
1034,181,983,888
670,1279,1293,316
1276,98,279,291
1780,268,615,377
140,1123,271,80
1727,277,972,1643
740,1225,772,3
1501,76,281,1163
1297,402,990,1012
632,1741,1549,503
45,1091,1387,1638
436,1578,202,155
1741,363,855,1510
308,1302,1349,1839
944,1289,1374,70
875,1818,748,737
932,1136,1558,89
1289,1807,623,1136
806,1271,618,1030
244,509,861,1458
1373,77,1838,1849
1653,486,369,1088
271,1740,71,1026
1160,179,1130,860
1035,1301,1849,128
89,50,1314,176
274,478,170,71
1289,341,233,1838
275,1863,165,552
1295,1305,1095,602
104,1774,640,1694
1300,965,1446,478
1836,940,138,417
22,1417,1293,915
522,306,192,872
289,1292,656,1689
993,920,126,581
1736,1306,271,1445
1798,724,126,715
1648,1189,1129,1722
275,1732,643,586
921,1227,286,1188
1237,1340,1773,1299
955,137,1384,1272
208,493,978,1203
1843,1613,26,466
749,509,1076,1811
1302,1301,1225,136
1749,823,197,581
939,524,742,935
1487,637,1022,1223
1734,403,1278,773
1076,616,1230,609
669,515,1741,419
99,23,1132,260
1747,1280,1294,279
151,148,599,1301
1564,692,823,1068
918,1712,174,309
503,1069,1455,1372
1226,1007,973,460
1592,1225,1348,906
270,1306,1285,1587
1830,643,1691,1381
1676,178,1106,1306
1312,931,507,950
1280,989,1284,811
1204,1296,1300,253
1215,1015,1151,835
998,74,1367,101
1844,178,256,270
246,1168,177,1774
1223,583,1585,1294
1394,132,1301,710
1290,288,989,1278
1335,1242,1097,1067
24,1304,1559,640
811,740,255,1018
1276,226,1555,1267
150,1146,6,194
1374,246,383,641
1565,1829,1100,640
903,640,887,695
150,648,176,548
1163,686,1680,1783
1104,1625,1289,27
1291,1276,1015,189
1353,1145,506,1611
722,1266,1733,113
416,1472,165,146
1096,286,192,27
134,1780,520,715
1498,1639,645,108
139,1589,1041,795
954,1306,1249,1280
910,123,253,1674
991,1277,1084,60
613,108,1245,219
320,495,1534,263
417,451,697,694
182,186,1749,701
319,1285,1296,728
1841,267,1173,509
1132,744,1811,1296
87,990,1759,880
1280,1690,269,1517
1278,1129,639,179
1247,1763,12,246
268,39,285,1174
293,1680,1129,1741
745,287,1284,583
1537,200,484,319
890,147,490,923
1305,274,917,217
658,356,193,1303
1296,190,1294,179
1294,382,1305,855
190,1640,465,1684
490,74,1839,644
1585,1289,981,1200
1839,1109,120,1585
1666,1121,645,1277
