872,639,123,1302,1182,71,1108,656,516
279,1461,1575,283,1089,765,645,389,1041
1811,192,145,1649,357,1727,946,1345,472
1819,203,1276,1150,1671,1246,773,1705,1227
1301,1188,1818,1182,1207,996,1296,1005,687
781,1842,1818,1301,71,1176,223,1175,820
100,509,1752,1314,1274,1014,1483,1546,681
140,1649,1373,1294,1018,386,116,1851,925
576,27,71,1366,1559,209,1088,1811,656
640,1653,1778,417,1468,1073,978,146,1789
1555,785,642,145,1294,1195,156,286,1777
1145,993,1183,1306,1296,1841,1049,1648,1240
1719,187,1198,529,1256,72,541,78,90
1604,1239,1290,775,1843,476,1248,1336,103
90,1099,87,189,1248,989,1592,1648,593
95,1307,423,1023,74,1040,1305,12,1563
1307,946,309,1296,244,315,24,379,906
494,1272,873,407,128,293,23,282,97
1721,372,821,812,139,1542,1585,1295,478
146,455,989,752,923,297,939,177,1389
750,1577,1549,548,1847,1182,1754,60,1297
1160,41,924,793,1276,1300,1161,1555,1071
1301,658,507,953,669,1307,138,1228,960
294,631,184,1333,807,1564,1583,1804,898
1288,192,1518,640,1781,569,1276,1224,915
1555,1076,1744,308,1305,1280,467,1245,267
1676,694,1778,244,1348,699,1095,266,1275
1574,610,1279,307,99,1780,540,1159,730
375,1844,293,76,925,1688,914,859,643
543,1829,1280,1199,128,1076,1470,915,1496
1705,1298,1296,606,1353,70,1183,849,194
97,1240,1363,931,49,186,88,23,177
540,1817,1165,396,273,573,672,845,1036
113,1492,640,1296,722,86,855,713,1675
1280,614,1227,783,1294,1555,1097,1426,1590
1230,1558,1009,758,1555,1741,114,1372,1265
141,1276,176,233,1289,749,1583,1801,145
277,1374,350,1281,622,156,222,255,1011
1741,89,1638,305,1442,765,1160,1307,1207
1243,1315,1303,1518,907,474,774,1063,257
1474,1333,75,1817,1520,990,745,1284,1298
386,1415,1545,1781,76,1266,1309,462,1576
1426,1296,586,1276,1280,693,561,288,790
76,774,699,145,171,263,495,1279,1457
780,614,1585,921,478,583,347,1492,25
80,1011,1296,310,404,780,1105,120,1272
312,1564,1303,256,1281,1692,298,1278,148
165,1296,12,1811,1145,88,1693,275,955
1669,1804,1537,1741,1270,1164,1215,1041,1595
167,670,1074,1778,1024,629,141,306,126
69,856,1104,1040,598,1262,640,565,1555
180,644,1817,1294,1028,151,1292,64,907
446,1373,1072,746,1051,181,1407,108,267
166,1755,1239,204,1238,1842,245,1067,955
175,1295,309,540,1150,1288,131,735,363
123,1180,1290,1307,1585,1096,302,1208,1776
1299,623,1501,953,475,402,1236,1276,1058
790,1566,220,257,632,87,25,1513,1277
16,278,1278,167,967,75,1446,212,531
1542,375,1088,941,1060,1305,1289,1545,1316
1291,1585,259,1092,884,1612,562,257,1488
1217,1136,1440,106,909,1306,994,221,890
167,1272,180,949,1251,1759,1666,505,426
922,1276,549,1300,1722,186,996,697,1639
74,1778,246,1374,900,1015,1304,1513,1790
337,1787,442,1430,745,272,49,694,160
1817,641,1289,1563,1536,70,1595,1058,1266
809,1781,1584,1302,65,1301,1275,321,950
490,112,1289,1554,1581,272,961,123,1280
658,126,1257,89,275,1091,1247,921,598
708,823,194,233,259,1233,1190,1669,1346
27,669,1409,865,309,1770,686,1021,1256
290,827,1736,129,1822,407,1225,7,259
1128,128,945,87,1175,303,890,302,1374
755,1307,496,1722,275,852,538,27,1839
1374,277,1824,1038,271,916,414,768,113
1084,853,1739,286,453,1298,1095,1060,1353
1780,1307,1368,121,1310,1548,450,1285,150
855,90,1163,1618,1752,89,436,178,108
1304,1365,189,494,844,1397,1291,503,1008
970,37,1291,1162,1199,1215,1286,1295,94
1299,285,408,890,122,1830,911,848,1783
75,1044,1300,873,640,275,1076,1305,1348
12,27,692,284,254,3,1302,190,147
531,1152,1032,98,1088,388,882,913,1417
1065,1047,442,1759,1595,1035,1590,598,1218
260,694,1024,150,106,1465,1296,393,556
106,1243,1295,1840,312,1752,77,927,1415
1184,1279,1783,1638,1274,179,991,990,906
1640,1128,182,648,1168,1281,983,1040,286
1097,1295,1552,905,436,310,1165,642,243
1552,1534,1417,1145,266,1565,1304,259,1310
623,1836,1314,1819,1277,761,88,1741,65
281,104,296,578,258,93,233,478,1752
54,167,186,1181,541,890,1472,1233,1266
395,260,1555,1484,290,1716,589,1582,28
1073,335,1220,1192,1845,577,259,1055,1298
1284,670,150,1360,134,1569,1555,1276,1732
700,545,1426,1417,1783,1305,2,1217,1853
811,648,835,1689,1257,262,1608,748,1266
993,1374,106,79,922,141,1303,951,1757
1807,497,440,857,16,1282,1145,194,761
466,1819,1685,1307,457,473,823,1176,1174
112,273,1188,193,1555,1611,1180,859,817
746,1295,1018,478,990,433,112,1633,1752
89,490,1625,294,1294,285,1290,219,1152
1297,614,586,735,1839,984,598,1306,937
39,475,1130,823,533,1780,1776,1534,152
882,697,185,223,77,857,1105,220,1781
137,147,1252,1796,1832,200,1592,116,1781
181,1585,1159,364,945,1374,373,94,1304
987,1447,1558,1677,256,989,35,1584,149
693,60,1773,25,4,1502,18,1165,887
1648,129,1778,1250,490,138,1836,1018,1093
260,920,1611,201,137,1807,167,1164,1301
1566,1301,1187,469,233,1032,807,911,148
778,95,476,1007,1305,975,1759,1296,1741
548,277,811,1278,724,1697,681,1074,1152
305,1776,1017,1098,1114,749,865,355,990
856,732,499,869,157,785,1558,1305,1152
1817,78,1086,1199,721,1340,1279,1005,1621
1103,1307,1839,925,1294,175,154,62,821
759,1770,874,813,282,305,1016,1204,149
103,1555,28,1525,638,204,321,1303,1491
246,1296,31,96,1830,247,1752,1228,1415
308,540,271,744,890,1780,310,1818,1304
1176,1295,299,70,126,417,1712,887,1250
1063,1521,884,208,1107,1240,845,868,762
1830,312,793,303,1804,1451,262,95,1224
1817,1839,1280,1678,271,1294,960,1496,1292
1834,1863,724,1297,995,1281,894,254,246
1367,1405,1282,1338,5,1625,1287,776,307
1036,1074,1233,999,1091,1173,256,1824,1293
246,197,244,1863,178,1153,15,1785,77
134,1204,142,220,78,1824,531,968,696
1699,165,926,133,91,1819,628,764,1062
469,1276,1290,166,1029,779,474,689,24
639,953,1648,1333,26,764,1147,1041,80
176,1050,322,1276,695,1182,586,715,248
294,533,1409,505,747,508,1031,93,1660
596,1195,1732,1300,644,65,1570,37,186
1138,465,1032,40,581,1295,1613,1781,1181
995,1277,9,1012,121,767,711,991,268
807,640,185,194,138,162,1005,946,245
885,138,1763,1542,1028,1277,643,776,252
779,883,499,103,1232,1467,1075,1295,150
1648,1307,219,400,1376,696,506,64,1231
1305,1863,1426,1693,1160,1151,1239,99,1485
45,267,137,1569,1669,211,855,1626,69
740,155,1547,152,1294,86,1295,1679,1455
909,176,1374,935,1295,1613,1363,1566,1051
1649,1553,492,1279,1106,1546,475,1034,1727
236,1085,138,1823,948,143,598,548,1284
1017,74,1648,274,677,895,1011,1210,1332
890,263,515,1011,274,1276,1744,1318,1300
106,167,1353,260,847,1734,1068,645,1302
1784,405,321,1818,75,1778,106,1295,956
407,1839,337,1291,219,1712,1778,27,548
1297,1119,493,1105,91,908,246,1076,882
101,29,1175,1464,140,1563,1319,1277,499
1230,1432,1188,73,265,1257,1657,1467,1617
657,911,194,1343,572,459,166,1480,93
1432,1276,489,863,195,993,1822,1712,1099
1472,407,1305,712,139,1778,417,1841,1182
23,1343,1748,39,1851,217,397,264,1811
853,993,1502,1770,574,486,1295,244,1831
656,629,540,1717,1819,917,1532,1088,86
1050,1082,83,98,531,1294,246,1243,58
1324,259,944,1290,25,760,270,525,1009
1655,12,713,1297,280,1011,1263,1305,855
1123,1017,93,1205,1097,1819,1840,1088,1215
1691,1136,87,1804,444,1847,1266,570,1284
568,117,86,1500,1297,138,1017,1836,253
27,757,275,1303,284,973,134,855,571
645,1634,1424,540,268,427,1853,1307,201
1279,1321,1564,1818,1295,302,796,914,1294
1051,308,1335,1005,1566,1302,875,822,641
570,740,1847,910,1276,999,1547,436,290
651,598,256,89,198,1292,1470,255,1592
141,1280,258,358,1317,1817,1829,1757,922
1457,1190,1225,1774,1374,869,1555,1303,114
966,144,1157,1529,221,1302,753,1781,909
246,989,1181,312,778,1056,745,328,862
1426,917,1277,1465,279,1222,1000,1294,642
1585,1277,175,747,1552,513,146,1104,647
445,1064,292,1295,906,88,716,1249,4
250,1305,1752,465,553,27,1648,1527,573
228,283,829,203,1650,162,502,337,1703
1115,1301,1759,1305,1307,1769,78,74,63
1280,1585,716,1229,1526,414,1816,1812,70
1714,49,807,1302,996,1197,1732,1712,583
643,631,1259,1510,382,486,1748,101,697
302,744,1331,1529,117,1112,1296,43,1199
1182,73,598,245,25,1842,1073,1612,1785
1690,1349,1374,1863,220,309,131,534,847
645,1326,1529,281,671,857,1566,560,1306
700,926,1712,1188,1277,984,163,1303,1374
1299,749,1337,1393,47,573,1260,1257,903
1604,860,1732,506,85,1682,989,1555,573
176,564,1778,1280,194,1830,907,1243,1191
1226,1063,1279,1280,739,573,94,1799,1294
699,251,564,1321,1637,83,765,1247,415
641,1276,561,972,948,945,588,989,287
60,381,860,1366,704,1756,1152,200,478
1268,1537,102,1301,724,964,265,1566,302
1036,1515,1611,1291,1125,768,176,1141,1300
1595,1246,305,953,1658,1259,1112,1476,140
852,1325,1302,904,835,1741,451,1248,179
141,700,1293,529,1280,165,292,1175,1563
1307,1770,732,856,276,445,989,253,910
1796,123,1073,1694,964,596,121,258,1741
260,1039,157,1542,1532,282,182,1074,636
1132,69,1199,275,1584,607,1129,23,1737
176,577,1648,1030,1769,494,296,1486,1374
644,1018,780,1818,100,1304,1275,483,342
545,1780,140,388,887,1018,99,659,1773
484,67,24,1534,352,781,1074,1545,164
953,1034,1736,763,69,937,1228,1847,254
1304,459,426,1233,1305,93,1708,308,530
640,1374,1555,1349,966,1278,1296,1039,1279
776,1291,1280,432,855,76,340,1387,1187
285,950,1337,905,233,314,745,1307,908
1228,1853,990,1566,645,1301,504,1351,131
1040,1547,74,216,1285,1411,1608,1026,36
1018,70,870,467,1082,540,25,993,747
572,403,1426,143,1819,1123,1297,1349,876
908,256,198,644,1298,293,478,296,1753
890,1680,1298,77,1159,1295,869,1277,1540
243,577,285,1301,705,440,1026,1616,1732
1534,245,1566,770,951,912,1116,1839,1304
1232,1435,1024,1225,1265,1642,1303,694,225
420,1139,1052,1344,1240,1435,1101,845,330
890,1585,645,747,843,611,835,194,1477
921,1249,1071,302,65,197,962,1115,1129
1303,1704,976,305,257,100,264,89,779
307,812,588,321,1285,844,685,1236,18
280,1595,481,677,1292,1294,1657,120,1307
252,1305,659,464,430,855,1114,120,200
883,1295,1733,1296,268,1114,877,981,1374
24,1710,1805,1783,1739,1292,112,723,1791
1110,710,955,474,1815,181,70,830,889
1011,789,1841,159,1277,899,84,234,622
1714,327,206,1266,1405,1173,220,1295,1014
1280,1146,1600,621,645,511,189,1686,101
744,1052,221,823,525,890,23,538,100
752,1293,713,257,74,1123,309,1108,431
1257,1068,492,449,1049,1289,121,915,1128
545,389,1072,167,656,641,1778,1706,1040
1618,199,1157,589,1426,504,1095,1319,940
586,182,1026,499,1301,93,244,340,317
779,139,1155,344,1217,1731,1128,1780,1508
1333,901,669,823,465,985,572,7,1154
1280,1542,499,1101,727,1011,1254,1111,645
863,1041,374,1803,1296,1307,681,362,952
1266,1802,925,459,121,1176,485,785,12
1811,1239,221,407,1832,995,967,266,1545
219,1246,1296,1177,1260,1585,1382,62,1291
1803,641,1166,1123,1040,1235,889,27,1001
1279,74,1120,1290,1074,166,7,234,411
89,1280,104,425,1305,445,1275,720,256
302,1303,724,1546,1072,1070,1441,301,1695
640,1314,688,770,690,1208,54,1621,140
1128,1129,1354,126,1366,90,281,1569,1585
731,642,1284,921,215,1169,1185,1544,644
55,851,503,1278,856,1783,1839,645,136
1320,689,1389,1304,193,1819,1234,154,589
1293,1251,1187,444,1839,150,1042,912,180
1781,408,918,212,309,1432,589,1534,1242
291,918,1674,25,255,448,722,254,1293
1294,1566,214,806,1807,1401,630,1479,1440
1371,309,150,1518,273,990,142,854,1811
12,1209,151,1129,1097,69,492,539,1509
1568,1853,1299,302,1284,1736,823,1527,1112
1041,60,1301,1216,1220,642,767,1707,354
1585,1426,273,1815,296,1590,642,35,641
263,101,633,1847,1804,530,1781,1300,54
1145,1336,1306,685,75,1013,740,70,137
137,1586,1307,1804,448,199,1291,947,26
255,1303,1086,1285,952,1265,1838,588,920
199,306,730,597,466,1024,176,700,845
1103,549,1287,98,596,385,610,1314,1133
1613,265,683,18,259,1207,1288,1741,731
59,1818,1741,1281,341,1830,1224,189,112
1840,1298,1529,134,958,918,204,995,1807
1778,171,169,1297,1274,1147,1498,509,413
823,866,1286,233,1490,1284,936,293,694
253,559,713,1585,1599,1231,129,108,148
1277,1776,245,185,657,961,954,250,1839
641,1491,845,1098,1216,268,1284,1776,1028
1851,1068,128,486,573,1016,1303,235,1569
1014,1314,1238,1477,1033,1105,80,83,1648
264,248,1018,721,811,1155,913,1591,117
74,1260,105,1118,1234,1038,1524,1181,295
1702,1603,1788,1297,70,723,340,59,610
1274,1136,176,188,913,310,1291,26,1367
1783,1246,1145,1564,1307,292,267,466,1052
181,947,911,833,417,257,1298,1191,1192
494,366,176,1712,1183,1836,105,94,1320
263,1085,1307,633,623,1688,1712,460,508
141,1559,207,1558,1676,940,245,1140,319
1470,1034,1282,286,1306,289,192,953,1227
268,784,123,80,262,1714,1307,1548,1076
465,990,176,296,441,1353,308,775,1384
821,784,582,1330,978,1250,849,264,1629
1319,1711,1005,1303,386,1751,1220,1294,233
1076,1280,1236,1389,1817,1839,859,112,644
1284,1564,189,843,1783,1554,1760,1173,584
890,1140,223,131,280,1305,1091,1295,234
1034,85,1242,716,233,1741,162,836,131
426,1134,27,156,1712,1295,602,996,1470
907,1426,157,374,872,25,686,70,133
78,1014,1780,1602,691,1787,995,656,1805
1132,804,148,166,1163,1829,167,634,51
1183,473,487,175,716,1229,1222,953,1362
1215,73,633,714,915,51,204,1731,842
412,1367,290,1448,1042,27,752,1307,1621
1282,94,84,452,1008,1521,1685,1277,86
1711,492,1646,282,917,890,267,1307,1276
415,479,939,990,1585,768,621,1304,138
1354,134,1819,633,356,640,944,1302,914
853,881,246,1007,262,784,797,1269,1130
1606,1463,1138,1028,857,1668,288,1663,343
1804,264,1182,245,1350,179,1585,680,507
223,62,93,907,1817,729,1499,1847,24
997,302,1278,27,1360,4,1303,1171,1307
1503,1692,284,1305,129,568,194,1585,1028
1712,1076,1037,603,1804,1167,186,99,1426
911,379,639,1228,1289,1277,1571,185,1275
144,23,380,322,1720,1741,1759,1502,907
905,1050,201,506,1191,380,1767,1277,1585
319,1183,1029,893,1276,521,600,216,7
1564,162,253,1173,1226,650,593,1303,70
1839,1841,915,1716,78,451,145,354,835
750,1539,1250,303,1284,1303,913,161,1145
1303,1783,1741,315,128,966,220,1466,164
1307,1306,1145,304,254,128,1230,1209,913
1273,1741,69,1781,1804,1279,1302,1541,1137
287,151,694,1458,564,1780,478,1332,233
1307,669,855,1302,945,1464,250,706,139
1634,955,289,1295,1266,1648,1306,1372,1258
1049,1304,406,124,1265,1224,750,725,220
1289,136,1804,405,1306,1074,1844,989,949
290,1822,244,857,1298,540,399,1294,1754
656,363,533,1766,727,1284,46,134,248
469,980,659,1125,1284,263,12,532,803
1492,1518,1300,293,223,1737,289,100,1289
656,199,1704,13,777,1188,1648,1228,641
308,1130,1545,773,751,1316,1688,1272,1566
151,1805,1302,1770,811,80,1752,1207,478
303,852,95,687,1128,383,1221,1041,756
70,955,62,1267,868,788,1490,288,1147
112,98,369,1740,1528,341,39,136,503
1811,1150,1536,1128,1285,1404,267,1265,303
1339,120,1161,1806,1314,1233,1276,208,62
1804,1267,1811,1307,394,1653,1290,102,1363
1294,64,571,1472,116,1279,63,1280,1203
134,1217,1834,954,1760,292,1279,76,1373
1298,1752,1595,291,23,1228,267,768,1274
114,1299,623,1075,147,1172,1524,885,275
1307,1660,374,768,686,1349,1277,1472,540
1100,1558,379,235,1247,1809,459,1426,1076
1298,163,1451,989,1314,639,1144,1448,1285
181,1112,70,303,150,1205,1065,935,1339
1642,1754,1139,89,26,466,838,121,475
1191,257,755,943,1132,1160,1292,282,478
117,1536,1589,1279,1307,514,1257,979,1842
1510,1045,1276,1366,1311,103,25,1302,890
1280,1112,192,1290,591,1276,278,1778,68
256,745,286,189,725,1279,1277,282,294
1301,1307,495,919,252,195,877,49,1050
1851,1105,268,428,1290,253,459,234,958
1267,1741,173,937,1251,374,1851,90,1348
219,1299,1509,140,305,823,1301,645,862
1694,1041,713,83,1295,1697,1284,475,605
1854,1764,77,636,257,1267,1026,25,568
519,74,1102,1097,1498,1150,363,645,192
125,475,1212,1277,178,1752,495,1712,1132
147,853,1014,294,781,437,1752,177,286
1222,1014,1164,284,12,1668,677,1697,73
185,1232,412,1759,1839,212,1279,695,579
1192,989,312,194,644,464,133,1555,70
1566,294,1830,1201,291,415,1540,573,1188
886,185,259,1841,1026,1298,20,495,1160
1245,307,1303,1505,1165,478,1019,754,122
1780,91,1305,1352,275,347,170,1680,1101
257,1770,61,1326,148,1157,990,790,613
1306,407,750,170,1020,1106,1843,1374,1397
1613,190,501,666,559,492,570,258,1658
65,1387,1159,1591,91,596,259,94,1014
1251,845,1503,1046,1658,1040,1544,1068,1840
63,1741,1349,1537,656,1153,1289,1734,1163
149,1301,1775,1662,1700,188,179,1088,222
1034,1555,1305,756,74,369,1192,86,1732
1288,21,1805,974,1677,1302,220,1668,1106
1108,1521,934,890,1585,1307,855,1279,72
903,1585,1245,1281,1290,260,1409,943,74
71,260,244,1166,42,1302,175,1472,134
1139,1158,74,182,1533,861,71,278,279
568,1417,1279,1285,1657,235,1306,989,197
114,1719,473,99,1840,67,1074,1257,82
839,937,86,123,947,1278,148,1657,585
585,1853,1017,860,964,1211,21,98,306
306,1297,1306,1307,893,833,1093,1022,1470
1042,434,740,141,1294,1321,1076,1552,1243
1534,1303,793,1844,778,4,769,645,1780
254,1817,845,919,1614,998,427,478,646
967,1144,1224,259,1134,417,1296,165,730
4,1356,1260,533,1374,914,1284,219,1163
120,122,768,945,1374,12,1290,355,949
1150,220,27,259,1052,280,23,853,1584
200,914,934,945,105,1117,163,356,540
602,1272,279,403,1302,81,1566,1695,1266
1824,1585,1805,339,181,1285,1094,1280,1032
588,595,23,1669,1428,587,1304,83,1564
1799,1708,1804,1314,104,1752,37,1162,815
303,1142,290,1444,1572,668,1084,1348,863
695,1243,180,1331,1297,181,123,1101,437
12,137,184,877,219,305,1409,1811,470
1813,1235,1133,1052,1514,1297,1681,1249,1407
1115,1139,255,1291,889,1534,1183,1296,1274
1804,1764,1067,687,1374,1278,133,1105,1028
1613,265,1026,1076,917,937,1529,1802,1150
1309,65,1285,149,1136,485,1678,1145,1836
533,121,26,1182,286,164,1640,295,257
263,400,305,1339,105,549,321,325,1566
895,169,77,909,74,693,1292,1296,1046
259,427,436,829,1303,1316,913,1568,905
1303,772,252,86,137,131,100,1284,470
190,87,640,252,574,661,293,27,1754
1237,1167,1292,1269,927,928,394,1294,635
234,952,152,272,1818,478,322,905,1682
101,1243,1543,640,407,129,284,495,478
199,1769,812,228,1679,12,1337,1737,1181
458,1294,1778,1844,1839,1799,548,971,1741
181,1297,540,261,274,71,923,1396,1259
1279,526,1235,657,989,18,1840,1537,984
307,1301,1693,65,1276,1718,1566,60,245
203,1191,1306,842,1752,557,812,1708,1440
306,62,190,1279,644,95,1615,1839,945
1843,1262,530,1113,104,983,1849,223,133
896,245,519,715,912,1780,1092,945,267
1071,1279,1350,1132,257,27,674,70,1674
1207,220,1240,1292,921,1125,1290,1011,1804
1292,756,290,805,267,374,1840,1564,1741
86,911,1741,141,287,424,494,1305,1137
1076,290,806,1171,1294,930,166,853,1353
1843,1840,1148,907,133,25,1844,424,1783
288,99,285,308,1201,1312,1294,94,232
1028,1125,1566,934,1290,618,1188,1118,644
49,665,971,327,1041,1688,1845,1093,987
84,1613,1024,286,1426,1250,640,23,1282
1011,1788,1206,1707,1309,50,141,1566,1423
1300,1712,358,834,74,645,1106,675,1226
76,551,259,247,1182,970,757,579,153
257,1640,1247,291,175,1038,732,1291,1002
1781,680,1699,319,1292,1158,1167,141,526
430,179,955,1296,519,124,185,734,220
639,1623,1506,287,1717,90,1009,121,1279
1147,1276,1741,320,1555,691,1295,1525,112
645,683,994,289,112,295,870,1286,1840
286,1222,1287,1784,1382,1123,1034,1514,401
1621,137,1300,272,980,1277,427,1472,257
872,1293,945,821,1289,170,291,943,1284
525,478,259,1811,333,926,857,1094,918
574,1188,120,99,1783,1221,244,1555,1805
961,1299,1732,1314,137,83,1183,1555,420
1346,79,856,1589,277,128,651,221,255
294,1640,459,1102,1566,607,74,1016,1451
374,144,58,490,1686,1669,724,855,223
156,645,1759,1790,1225,1444,1231,1680,1556
1141,100,43,1302,1306,1301,1299,966,1032
886,1234,1207,1566,275,552,62,867,1622
1151,1338,148,505,80,1524,298,203,245
377,286,1349,1103,328,1555,813,1688,850
1276,374,1135,1807,1298,820,55,914,1545
1840,125,1289,823,1669,1162,221,321,1600
794,555,269,881,1121,152,100,588,960
927,1296,1790,1534,156,1040,1221,687,1280
823,177,971,811,475,1188,1289,656,591
935,1301,826,1426,87,641,27,321,1073
55,1302,1176,1669,881,1306,636,1579,71
990,74,1306,574,1118,1297,512,151,1280
715,1836,286,124,340,509,1277,1123,1284
645,1798,99,1698,1711,77,27,294,1704
1785,1103,1669,186,775,911,855,154,1563
1290,1477,1524,356,1677,291,197,1480,256
1564,1091,286,157,1338,92,452,430,1590
330,155,950,397,1284,812,953,766,1307
642,484,669,1296,1336,1181,37,150,262
748,478,1223,669,309,1374,1430,737,1565
1732,935,1104,694,74,151,854,1088,1174
901,78,144,175,174,847,1024,1441,1116
596,766,1515,1302,405,292,1246,640,917
1793,1689,997,536,439,1267,1070,1280,132
1648,1585,1136,1642,1473,186,1270,244,990
1712,386,1247,859,1769,1603,1542,253,1391
1737,647,278,29,93,1371,691,1840,1295
815,909,1201,1220,1265,100,280,105,640
1552,12,1472,204,1780,1370,1292,1452,1712
1291,293,325,18,913,321,1376,244,1103
138,277,645,484,1853,950,59,220,1839
1648,694,131,1027,641,277,953,156,940
304,294,938,1566,143,1130,260,229,316
24,147,1777,581,1426,110,1680,779,898
914,574,49,1287,1776,27,541,72,1804
1817,1139,491,819,64,1268,490,510,1030
193,223,1280,634,608,1301,917,296,987
42,1780,1647,1095,403,588,1303,1430,1741
846,1264,1610,1024,1145,1333,1517,581,434
1099,848,1648,39,596,141,1109,287,1015
151,760,356,1529,743,802,1564,1811,950
1710,1152,808,261,177,272,232,1776,1282
758,86,1291,621,1285,1026,950,1421,1781
266,1812,1279,238,1254,1793,1302,94,862
966,531,1297,1333,280,1300,833,1201,1045
1748,680,1311,507,264,451,303,293,1271
267,1059,1084,103,1194,492,197,1230,1699
1183,27,1610,622,960,1160,1770,1566,1255
731,40,649,92,1034,214,1040,1276,1012
1250,153,1149,186,1034,141,1706,1780,921
1553,99,1290,46,1498,734,277,907,1303
1818,1555,543,1789,108,1259,79,70,149
1058,989,32,552,1863,257,1091,908,529
1168,140,65,25,341,289,579,740,1518
179,540,1553,1286,70,264,802,268,1778
121,1676,1279,1448,263,100,1135,1173,259
429,1049,1294,1213,484,1084,1372,1524,1306
429,1018,781,137,440,1432,87,587,463
1146,1682,275,835,1426,1585,1205,189,1366
823,124,264,768,246,1648,1141,1052,1215
1520,551,1004,1294,989,771,610,1756,856
1241,1712,1293,1009,1705,489,913,914,1277
1267,1627,1044,999,1566,1568,506,885,1781
757,1280,548,185,1761,952,1230,235,780
1288,25,89,1564,18,43,958,805,730
1167,1838,135,1299,528,983,285,959,1757
1830,1675,1240,1293,1268,656,1188,1189,308
138,1221,646,356,290,438,242,645,148
589,1266,1083,1187,807,123,1774,386,1154
415,716,1303,256,640,1176,748,1291,1297
1842,627,1584,89,974,320,1722,648,233
307,1752,257,1595,900,1711,556,801,1549
198,847,1280,572,302,1727,62,1297,1289
813,1573,1778,1697,100,656,1013,270,1402
229,1781,889,913,235,307,1243,1503,642
33,253,266,1346,1071,185,1402,695,949
594,1850,1292,739,1418,1299,1304,1289,1009
1263,478,1279,552,1819,909,1712,1265,1335
51,585,88,1350,954,1502,299,253,121
93,598,1182,1094,104,110,1555,74,540
52,680,57,221,1412,7,581,181,41
872,1352,1566,1562,536,856,1472,1348,1491
165,189,853,1690,76,214,665,1115,262
686,1118,645,78,695,1294,1542,1451,562
1246,623,641,49,1280,977,894,452,1747
69,23,821,589,1182,1169,1852,1027,1765
126,121,531,1304,356,1778,1680,191,1007
680,1744,1289,254,1137,598,1296,1147,943
68,123,1585,606,875,1242,829,290,1780
790,101,978,1112,1246,1277,801,889,4
1756,278,1264,236,499,1536,1307,1300,444
1812,1188,1596,1756,1347,1836,118,275,1275
1298,383,179,1528,590,1622,104,266,927
1034,774,1200,1816,663,882,1337,1384,1083
1178,259,83,1640,1461,1535,891,303,157
1357,1128,185,80,279,70,1300,1843,1284
954,877,167,1285,1288,279,1542,912,193
925,233,1807,305,1292,1266,223,229,1470
823,126,1752,1274,1222,112,1182,1190,41
686,451,603,1585,1306,302,596,1744,1709
256,1240,1296,1303,167,308,1426,164,108
140,598,245,1287,221,1232,1492,940,1278
1640,1547,889,506,1242,1361,251,1631,167
1842,152,965,12,1213,1168,23,1228,1564
590,1300,110,29,1064,268,1639,1805,1384
1469,574,643,376,259,955,642,1011,1181
70,1566,292,983,606,1069,990,1568,1266
1459,930,1788,1319,656,63,914,99,1029
890,84,506,1297,59,967,1291,1776,319
779,1481,1488,469,411,1263,1279,1816,978
1265,77,772,478,273,776,1242,1353,596
1285,1352,69,989,190,845,297,152,277
669,164,243,1564,1804,541,1210,341,1566
1129,80,292,1241,1270,27,1566,589,1095
955,1819,1302,693,982,184,1333,668,1123
1476,1844,909,354,487,1018,266,1238,120
1148,1426,300,992,995,105,289,858,202
312,1238,700,190,233,1188,1076,141,1472
623,6,950,147,1690,273,733,1518,1306
1284,1470,76,1798,1427,294,984,1777,1461
1306,1295,648,121,152,1274,645,258,501
339,775,1427,615,682,27,1660,740,1821
1804,1752,1284,253,240,1039,1287,181,22
1318,220,915,1858,1776,1529,1135,811,963
1353,842,1566,1291,573,70,890,915,1625
1279,1692,761,665,640,126,1544,1555,1165
1265,86,1741,270,151,1648,729,1829,1316
158,1817,1278,1495,4,1305,276,1041,456
1714,1658,1847,151,829,503,1256,1279,1125
469,411,1295,1822,1812,292,1420,1256,1016
787,1082,1093,1290,277,712,1042,984,402
416,752,1582,1303,131,1342,1291,1847,1682
88,950,641,1238,574,122,1292,193,912
694,391,1040,1470,269,1071,195,935,459
644,1161,1162,1391,1184,74,1500,171,417
1851,1741,490,1181,88,306,1720,1001,204
716,976,92,93,1491,615,1820,1297,745
1648,1787,1278,41,1264,98,1276,820,335
12,1227,894,1798,1300,1104,146,291,438
399,397,1217,1228,610,1153,1239,120,1805
540,915,1306,1817,1741,1374,142,1503,588
245,1292,100,1264,1028,126,1022,624,961
740,1009,93,1555,989,507,663,1577,1775
1781,615,303,656,863,1600,553,1741,1279
596,303,1303,1017,83,515,659,917,52
461,1409,859,86,1117,16,1017,1136,87
1842,277,1123,1682,1751,1205,1800,1397,98
270,329,746,546,239,640,1305,438,1314
8,1294,1012,121,891,178,552,1408,1447
825,274,957,114,469,1648,157,270,1229
1049,713,953,1300,1070,1269,1374,1604,1235
938,273,288,148,65,1756,913,246,100
1303,508,1059,1293,1022,1355,1158,1175,1306
898,74,303,1280,1087,349,18,1295,1707
1499,845,877,1708,595,0,1690,1656,641
165,51,638,1783,1754,523,1284,23,70
1725,789,268,88,173,1048,1718,1778,422
1447,120,710,1620,802,1230,1218,1288,305
1102,1566,201,665,1602,1007,1795,1781,1541
1296,1770,975,1533,1150,334,566,1566,276
1744,1319,1432,1062,838,1671,201,1748,84
867,234,1406,494,1278,91,166,1587,1546
74,132,1307,552,27,1337,945,167,568
27,725,679,275,1780,65,872,1009,1
96,501,1349,177,1510,907,1421,278,421
918,1279,1191,478,1230,669,1225,134,1298
206,1534,1488,1605,1234,1836,1115,1298,478
1417,1158,1547,627,879,1301,73,548,1266
572,1298,1359,93,127,1426,1162,1415,136
1704,154,1121,44,1285,1042,1628,1267,1136
139,1280,1117,203,1815,1721,1445,540,697
1275,1641,1774,451,98,177,1082,1732,541
100,259,1294,1128,1359,1270,1263,1059,581
284,1104,605,604,286,133,887,808,1242
1270,1213,277,623,155,1175,222,924,264
981,1538,865,1161,308,506,467,1164,917
235,88,1197,357,1158,148,1140,1125,287
1316,12,1405,701,1305,374,1427,847,1116
990,940,1589,325,87,1585,1102,1293,1566
1230,1621,383,1778,1038,784,809,382,1172
643,990,82,598,641,1307,297,1763,1564
470,175,299,1147,1753,1603,1371,1298,1176
1777,1676,1754,1279,1132,321,907,1345,902
1676,950,1290,1031,1176,94,1292,925,104
1216,1418,102,1769,1010,1181,140,1307,1294
1278,1625,992,914,255,256,1732,1270,1555
764,1781,103,977,31,1176,1597,1555,1306
1741,1282,12,1780,23,976,1497,1018,484
84,39,1265,627,998,108,686,269,862
62,468,1584,88,309,1426,1298,275,39
1332,1780,1229,233,146,649,1371,1217,1290
691,779,909,361,1290,1843,1188,274,1756
1470,732,1111,1225,1566,1258,1374,1752,1297
538,1008,288,222,588,1757,55,1339,1426
1489,1145,163,1147,139,93,612,27,83
1783,632,321,1306,100,1712,1489,1722,910
1275,1305,1556,1778,695,828,766,541,57
1754,1279,1253,1696,177,445,691,665,1230
1298,1441,510,1844,23,274,1233,434,194
1505,1677,152,1776,88,1533,129,1280,1074
1250,184,1277,555,1555,1380,1694,656,1256
1226,1540,950,811,77,1307,1296,1072,745
128,1737,74,309,3,1851,865,905,997
629,277,1462,1293,22,1420,1087,1277,1780
167,1109,878,1566,115,919,734,1226,1204
295,179,972,855,78,1806,325,90,945
274,1032,1819,644,990,570,163,70,1293
1087,1457,272,1294,1164,602,1074,104,1277
1667,1115,760,494,1298,1223,1374,1407,1839
1011,175,907,1295,166,764,669,1265,999
1026,1613,193,914,395,705,83,1555,450
1647,1295,311,1515,156,1112,57,190,1195
1839,721,1763,1125,1339,27,610,1426,403
328,80,1439,1361,849,1258,1775,1110,197
259,863,1191,123,147,1302,1317,216,560
1640,989,1472,1307,640,74,1279,1780,524
1059,164,220,185,274,890,1847,415,928
1292,1223,9,989,1107,61,1259,1371,1680
1393,1313,919,1125,1698,1023,776,1049,1034
1225,192,562,1258,126,157,108,415,1441
194,1635,1105,1580,596,192,173,673,167
134,751,267,74,577,1426,1371,1071,890
1826,123,86,25,1727,1343,640,95,1018
1034,27,285,1236,931,177,865,1074,639
546,1182,768,77,79,88,1206,277,99
1145,126,1257,176,1106,1374,645,1062,1555
1353,935,468,1079,1496,476,642,704,1490
716,1307,1284,823,1846,1168,27,801,1221
98,773,598,920,1723,172,90,1379,93
1289,340,645,190,289,25,725,206,1041
1472,123,145,656,1256,1704,1303,1233,1245
490,622,1071,1257,150,644,1223,1840,1258
1585,137,951,707,164,1277,46,1292,856
474,495,392,608,344,614,1306,1239,1296
1087,87,281,74,701,70,577,219,984
819,1822,757,179,139,1244,181,1452,108
77,438,235,872,1062,150,79,1120,1162
1741,213,103,445,972,1326,7,917,1292
1232,848,1470,1770,296,549,1829,1277,1589
1778,691,295,186,352,973,1277,147,14
990,1026,1327,152,274,1752,1280,1585,1200
1819,264,1716,1563,253,214,511,443,1840
1780,180,1752,1566,855,829,493,309,134
166,1036,51,1686,1061,1242,1732,377,1463
1418,772,1250,1177,87,224,1191,1850,1091
1555,27,659,1593,1279,74,1562,672,88
1199,1307,1810,1290,844,640,1841,1543,1032
1422,1239,1285,128,263,221,1304,257,930
1804,1695,169,1585,1274,12,989,508,639
1734,1069,618,1282,1284,275,494,500,1218
1275,222,321,760,1144,329,1148,138,176
1756,807,694,728,1128,1741,360,55,796
518,825,137,1013,1258,286,1525,295,1276
1113,749,99,1397,265,1172,980,1799,1727
1527,1276,1115,1076,268,784,603,164,137
957,598,1832,2,1534,1817,816,1426,1103
235,649,1076,1189,91,32,527,1741,308
1432,987,914,989,1291,1293,101,1688,1125
1280,936,465,217,687,1281,1097,1279,615
1294,890,1183,716,1297,1690,588,644,277
254,371,51,136,345,1712,598,1076,918
24,989,1780,1280,996,121,977,641,1028
773,254,79,1566,226,1432,272,1844,46
402,641,956,27,1024,1545,64,320,739
1688,1780,70,395,1355,879,99,872,1518
1851,1859,904,309,153,990,1555,1593,1328
140,1555,1280,871,1303,486,506,1294,639
1483,281,1110,977,1841,1417,1275,1712,1785
1198,984,136,530,1190,574,85,655,913
103,327,1307,149,254,1268,1648,596,977
1780,1555,1840,890,1154,175,245,648,1477
1132,1472,479,1741,1188,818,390,1672,1184
1105,1011,1423,1619,185,321,760,103,223
776,937,1776,1848,1058,27,1175,1433,773
411,1354,1246,185,1546,217,219,152,156
27,1417,588,1116,1087,94,1084,212,1583
385,1007,1811,1830,1373,304,1850,1289,886
1168,1305,448,475,262,1804,149,103,9
1609,193,517,1436,94,1817,1654,686,1285
1279,1732,269,1366,152,1151,573,24,622
940,1293,1322,1113,920,1489,1343,623,1292
1472,100,262,596,1470,890,166,627,792
62,76,234,187,504,1372,1225,1274,552
1314,1276,1105,140,1515,977,87,202,267
1249,1068,4,1712,370,602,1067,1374,648
1839,1207,1566,713,1741,1547,1279,656,1534
1076,1280,361,148,1805,1094,856,170,661
141,1290,258,1576,893,1417,490,978,1533
42,1060,990,859,1752,70,1278,1546,4
1296,697,144,533,1297,261,93,657,1819
103,140,267,484,908,764,132,1502,927
632,430,644,863,960,1471,716,1076,65
602,645,90,1246,353,728,74,1278,1104
91,1783,800,1802,1418,1012,1758,939,1100
1648,1040,1804,1087,94,679,1566,1413,318
1776,1564,1568,1223,1778,243,1490,1566,1247
1128,75,950,27,768,269,902,1027,1019
128,12,1426,570,65,1295,1703,1292,1417
949,1350,1563,1300,806,1028,1289,27,1438
127,985,494,411,1176,1436,1470,1385,1294
248,677,1306,736,678,103,134,132,285
1230,773,220,473,1850,1818,423,1629,1290
1564,104,330,57,1741,696,1019,952,75
939,1401,1780,270,690,1374,198,181,1811
707,1271,487,1329,70,713,219,813,212
259,186,1555,1166,234,123,1288,178,179
839,1547,1676,1655,684,262,714,1267,23
50,309,1348,1585,1521,94,1014,1279,275
69,71,1286,1339,129,1706,1711,320,1086
458,1749,757,1301,1125,1744,987,478,1297
549,823,267,962,1849,86,350,1281,16
623,1294,279,1276,1184,39,1032,1742,793
140,264,1711,1596,614,479,645,23,572
1298,1300,1336,1291,1776,117,24,1097,1038
23,101,289,1843,1840,1279,1122,1076,781
1374,296,181,991,796,1009,802,581,364
1853,1547,1218,638,1545,1307,913,1841,1303
51,1277,320,79,357,1706,641,955,984
644,957,1269,220,1282,148,574,946,124
1631,23,147,124,1041,1291,12,152,1257
1265,1295,265,1800,331,1804,305,1353,1131
89,120,1822,1295,993,1276,1585,1183,258
919,811,1771,1138,1686,1430,1839,1166,312
579,76,699,1851,867,1846,390,176,1060
25,294,179,1064,1851,1858,811,64,720
188,104,641,86,246,1305,921,712,245
645,95,1711,1426,1120,544,533,1298,856
308,570,77,949,450,1840,678,176,1070
1437,562,1258,1840,221,1067,439,100,133
1566,1016,138,446,1673,858,1279,579,94
1284,1295,177,1032,186,30,1245,258,1546
1125,1416,1292,1810,1284,963,1732,1298,137
505,127,248,450,60,1199,61,1741,23
972,306,1227,1299,973,1682,1817,1154,25
1804,1306,1442,829,1241,188,1365,1108,272
312,1004,1843,140,411,1688,870,137,1145
141,1084,574,1295,1855,1280,573,1801,704
1149,273,1290,1333,134,1017,1547,1105,1305
847,327,935,943,1101,409,142,734,968
1273,491,166,1566,908,1188,1470,486,1456
1585,1293,525,1212,669,1257,1288,1472,1756
1108,1432,49,568,182,15,1276,262,1598
1301,479,179,1057,749,1712,876,1243,1564
1598,1432,598,759,1374,861,770,129,87
866,893,1303,631,1460,1296,541,1490,1494
197,1638,1021,126,259,1550,512,1538,1583
1447,184,1434,1280,1173,451,991,268,443
1851,684,132,1290,1591,811,1669,55,782
983,126,1256,1307,465,532,233,694,1493
1030,848,1347,993,990,1141,898,104,1245
95,152,1291,1034,130,1684,105,570,889
1292,1546,97,100,23,878,303,459,362
290,802,1292,781,424,805,91,192,571
1291,165,1132,254,188,181,1760,1581,1278
103,413,989,1059,280,1173,1302,399,677
1564,337,941,281,23,1150,890,1125,964
147,176,1074,140,1742,1108,287,554,152
341,1132,1095,909,1190,1814,1233,114,1386
1780,57,734,712,577,1220,1564,1426,1267
114,779,1549,26,1290,906,274,1299,74
9,14,1306,136,12,431,23,917,1442
135,1542,1502,1261,630,1535,1783,1276,552
647,1372,271,1182,383,25,772,1173,1843
1741,918,881,1853,1291,1712,144,460,27
263,25,1306,1173,697,189,1707,91,1011
1804,1277,181,1706,1357,1098,1161,1293,1747
1839,1290,1220,1811,101,1115,303,1132,43
645,474,1566,303,806,980,220,197,937
1191,139,1740,1294,186,1285,1189,714,1257
1281,108,171,1819,275,1768,175,1838,910
1804,1763,1187,1783,1515,1306,877,285,728
855,484,1012,63,596,1841,1303,823,936
79,383,1223,1182,381,1306,142,1084,478
78,430,978,62,1759,1243,27,1426,635
686,889,1190,120,18,91,363,1302,121
598,1078,954,1795,707,1250,223,1277,88
1811,1243,1547,1417,1217,945,1291,1852,1837
1299,1851,374,1702,166,1141,27,177,1408
1283,944,807,235,1105,955,71,1555,1711
1125,966,74,976,1766,785,376,1388,1799
63,27,136,279,1203,304,1165,976,1432
1337,390,105,561,1458,215,1505,49,1378
1116,1297,305,1303,186,1201,571,296,1352
1247,434,1303,1128,1239,263,909,1226,1014
615,767,1280,1434,506,1771,1481,286,765
1853,1842,989,1771,1374,645,656,104,1226
658,1545,1585,1819,1285,1243,436,1040,263
1850,530,697,1547,955,1286,140,1752,89
1280,1648,484,804,1285,827,789,1839,1060
3,722,1065,1375,25,1841,1266,144,1169
1564,24,185,408,25,246,321,1281,1084
644,166,1674,93,1781,1819,291,152,447
801,142,598,1336,1279,1183,658,953,580
1258,1293,1648,1319,735,965,244,1761,1681
1426,1294,1321,1691,1279,577,1648,495,144
1052,1648,759,1036,1839,1775,1518,142,1298
1824,192,855,136,63,1564,23,263,1217
1776,179,1240,269,1290,1839,1294,89,1277
1263,325,197,1280,1839,382,248,1213,937
238,1741,1182,640,1694,1574,1162,1099,956
1274,1260,312,27,1364,108,305,1775,1169
660,70,1150,1235,776,1298,1149,723,170
789,190,1303,559,1296,1035,571,348,748
363,1676,177,1266,1296,312,890,1555,108
1285,129,1783,1811,186,1162,12,1679,1276
1145,219,400,610,1804,1136,1752,1740,1149
1138,284,967,1214,1564,69,1124,163,1296
959,1773,538,152,1585,1104,1071,491,365
79,587,195,190,1279,221,1533,137,1611
1510,823,189,1851,645,98,893,21,93
1272,284,248,1778,188,392,1737,393,191
1555,10,1307,1277,1566,1279,1026,1302,100
103,450,855,645,1555,1472,772,1292,1240
1039,1268,905,1534,746,285,1472,1206,1309
1160,1067,1653,658,704,1069,1772,1296,1417
268,1279,911,1284,744,747,185,1426,23
1806,1712,1270,688,132,307,1307,1657,901
930,262,1280,1727,92,1778,1804,114,1440
197,1182,92,640,1809,767,1822,1804,443
374,507,289,1669,621,305,1648,499,990
71,866,5,1689,1136,1240,791,1365,742
181,1555,121,1426,1369,412,1247,1302,414
1555,1041,1294,450,1426,1798,1247,1307,984
859,802,301,1354,1182,1298,823,144,184
1752,451,259,297,851,162,23,152,228
1778,1804,1840,1584,374,951,325,670,1305
968,1279,598,613,878,212,1546,126,1547
303,1625,144,888,128,1279,1182,381,1249
562,1147,1225,4,952,1087,889,982,1699
80,1129,1307,252,893,434,1594,297,203
693,1307,89,363,1290,101,1467,523,1018
1288,383,223,953,1299,25,725,105,1147
267,658,77,1307,960,704,361,1279,1426
146,1585,973,246,683,1785,545,1418,1550
540,138,907,1228,1304,1280,277,337,890
91,79,495,1179,624,989,834,1145,296
664,265,1291,402,754,297,91,108,1492
1855,1292,1502,1366,108,549,103,1192,1108
981,1372,1844,327,1702,990,645,1094,956
757,390,661,1776,1721,1679,1298,418,656
1752,261,128,492,1451,289,1417,506,178
1106,614,459,1123,1295,1289,674,1218,1459
165,199,310,1585,1279,1221,287,322,261
1843,1372,1759,1163,1097,1722,890,1133,471
1051,357,720,1120,1306,1732,1752,453,125
1547,1741,855,1374,1267,101,428,207,790
272,1005,1301,71,503,994,1804,1240,1183
23,288,967,260,1526,1776,571,1307,1757
1243,194,1306,27,181,1296,1648,656,1277
63,1853,278,1034,1297,35,1225,1278,1574
87,1574,1275,1775,306,1316,731,1217,244
1266,1294,65,973,1108,1278,1851,1045,1
39,1228,174,85,1817,928,1216,1305,1173
1804,263,1798,197,1105,1666,1347,789,1007
844,63,27,1141,1783,1333,1195,509,259
1841,1605,155,264,399,956,644,490,1296
485,62,1712,1795,140,53,723,641,1028
918,271,768,132,1557,330,783,909,186
302,365,717,1720,905,1566,1276,1289,1585
305,811,658,178,24,192,1644,1307,1142
265,257,1474,890,185,102,1113,1258,1661
950,1780,684,1223,105,1488,569,913,129
1474,1335,1581,290,657,1303,303,1566,748
286,1307,138,456,1271,105,1230,656,1387
1276,170,1562,10,44,1182,88,1265,1643
506,268,645,1837,212,86,67,1314,295
1243,1276,1006,749,70,1741,1374,480,867
1659,1289,1045,1076,1330,89,1074,955,1185
92,1076,1296,1164,952,1246,836,180,1372
965,1279,279,874,39,1106,1648,1112,552
938,581,1266,1157,890,1337,1786,1301,1203
260,1146,1387,1555,1761,1811,1830,501,1242
1579,1009,1207,1279,1283,89,27,1276,139
139,1282,1132,579,640,1489,1284,1181,89
147,1041,219,529,478,996,1176,1265,151
1448,1110,1801,890,234,263,574,268,598
1216,1280,740,1776,1171,1303,1339,1417,494
1585,1508,1375,1842,1805,1320,1617,733,1034
1208,185,1752,955,1277,48,1297,1367,1035
1145,1778,1173,722,30,466,855,1409,491
1566,190,1554,74,6,621,1374,855,14
1280,1281,1316,648,70,1145,1300,1306,1028
1501,706,1131,581,1819,1303,131,216,590
52,1205,766,1242,1819,296,1853,960,77
1076,117,78,502,1566,369,1185,1830,170
1248,1224,950,1479,1249,953,1266,1843,136
609,58,1293,1021,279,1224,1246,383,179
1293,80,12,1128,490,274,268,1290,940
152,1223,1295,790,690,1708,67,490,1267
146,1415,1075,656,1830,1768,1181,3,1148
1298,1306,105,1274,1016,1112,989,297,1731
713,1306,1158,983,296,1426,325,1,124
415,68,108,739,856,164,1783,1292,1196
603,1467,249,1095,1542,104,1840,1279,1076
1291,1673,1704,1457,295,1681,1282,713,1807
1082,160,609,916,489,1557,1572,568,461
27,1851,123,306,917,1274,1222,1009,528
900,7,1102,318,1805,70,119,185,1564
1846,645,1004,1645,1034,1290,1182,234,1585
649,179,106,483,1784,1048,1340,1108,491
70,170,1178,1447,245,1741,802,1839,1088
1291,1147,459,1677,810,1036,689,1472,163
779,264,1289,1119,163,504,1161,1288,1122
137,168,768,147,659,1793,663,293,174
130,190,1776,669,264,357,875,856,223
1289,1769,854,152,1853,990,377,490,713
70,1293,1174,1176,271,307,1627,955,1132
23,1135,827,1842,1776,752,1372,1293,1564
824,1459,37,1067,1838,1222,1294,43,819
845,655,133,185,1732,849,1666,907,1358
1028,879,1171,722,1564,560,122,1566,1372
294,1142,865,1565,1294,776,1035,1579,312
536,889,70,1343,1548,1313,1305,940,1555
1278,644,374,714,1307,69,946,609,1325
1266,166,956,177,1781,990,1566,1776,796
1804,773,332,89,106,1197,569,97,319
364,185,1681,264,1440,399,855,266,1532
887,1136,1711,478,1294,1317,1431,1617,1341
229,1296,642,1294,281,1699,548,27,1097
121,302,726,914,1371,478,645,1344,281
1296,324,658,383,1748,1153,855,990,955
138,630,1314,13,1084,1752,1838,573,724
903,415,1784,103,202,235,917,1108,314
890,613,27,1778,952,1295,1599,1426,1804
1307,1424,382,1418,743,778,1092,1182,1291
552,645,176,1036,93,369,734,596,1807
23,78,1223,1553,478,643,93,1277,363
664,291,1011,1094,1681,197,121,326,199
1175,1291,1305,1736,379,65,788,1292,890
312,913,223,1111,452,754,80,85,1613
