845,1853,1451,1585,128,475,1051,998,1765,1564,992,1783
231,1231,1289,915,430,902,982,223,1292,1279,1152,1717
1232,1303,1648,996,356,74,530,94,1470,309,642,1246
1667,944,115,689,1279,670,1290,1555,776,862,716,134
866,284,1243,1034,245,1374,1817,557,1136,598,1839,1129
20,1648,281,362,1564,923,166,1198,1011,1103,132,1374
301,140,938,72,281,1666,1131,1798,1076,1305,1842,1284
983,1277,178,64,1156,645,192,1298,1163,608,133,158
1167,934,192,918,686,1842,1689,1356,1296,644,1058,126
1304,1374,383,170,855,699,193,1242,1457,1856,478,1068
401,596,1778,859,1296,1810,1035,1279,1784,648,1306,1534
416,282,873,1804,101,417,1470,148,1598,1566,1300,129
1712,1287,1030,294,1844,245,1741,289,1682,1759,1732,1040
1290,149,1428,438,1302,1739,1600,134,1818,1205,488,855
1278,1555,24,1247,661,1289,1627,1765,290,256,606,1348
916,1038,1566,1280,1259,1837,855,177,545,1250,78,303
307,1417,1294,1175,1074,13,754,1295,1642,1343,1069,1076
1030,1245,1566,320,1277,1301,984,917,1128,1220,540,979
1752,1622,1181,1145,1830,16,971,419,62,1069,1404,303
1031,1145,27,636,265,155,1215,100,812,1776,1781,1648
383,1566,1752,1401,287,201,73,70,223,993,1277,1305
156,903,1023,627,290,146,89,280,1648,1432,253,1012
1129,806,329,1852,433,1694,1086,925,1094,1566,1277,103
278,1253,1491,1585,90,77,183,1842,1648,1242,1163,1712
1158,152,1052,141,1648,277,1295,1388,479,1844,1278,221
321,1697,177,265,275,1478,105,990,964,181,267,281
364,404,1476,349,1132,1298,464,1077,1784,90,203,1778
65,194,1781,1021,95,187,642,253,166,1290,1289,859
684,694,842,65,234,1104,1277,891,1830,422,1585,1374
1307,166,1741,1291,779,165,1432,535,144,862,190,127
273,1467,1472,1289,1775,1233,1534,943,1595,1285,990,275
857,64,1230,146,166,1169,1804,1759,562,1348,624,1235
1135,1803,912,1266,1374,568,467,1587,919,82,1564,629
181,148,1279,219,990,1839,791,1374,1426,320,1820,1215
1067,46,242,112,1298,1477,740,1547,596,1564,1813,1080
86,989,74,890,1105,1112,1811,1358,1830,374,1294,1852
1469,990,1307,1325,726,1722,1294,1303,1148,1839,865,1314
823,1176,95,1098,26,253,569,1741,154,946,244,641
1839,1830,1279,1805,596,1129,256,989,990,1776,1290,266
1225,219,1732,990,1183,1186,80,645,1716,609,307,1060
1778,1711,1084,1232,1680,996,1783,821,89,751,1290,27
22,1847,1178,674,531,252,1655,700,244,1585,1223,139
1282,1277,1182,862,411,599,916,598,1196,1291,1818,1811
639,1254,1015,1293,1280,1711,151,76,661,766,91,123
221,1242,1537,411,1060,12,269,1379,1041,901,1284,1265
1542,1296,1476,704,362,253,1707,804,833,1795,1534,1182
1741,275,248,1648,170,325,1305,129,1778,689,1307,253
1251,1488,1586,69,235,266,1068,1118,359,1695,1305,1162
1286,1362,1561,165,1302,1295,566,462,1648,782,262,751
749,907,1778,1277,87,1003,985,75,821,1278,1804,1148
1298,1056,1249,890,1277,1305,1129,1839,1841,951,852,1695
1839,832,1811,380,571,820,400,1485,1240,966,495,1174
96,1296,1837,656,598,1711,1295,1100,1436,596,399,1712
596,1687,1303,1248,1013,1276,639,913,87,137,1711,1585
635,90,279,823,1845,51,1296,640,74,785,1741,1804
185,267,138,407,1297,1146,143,845,793,857,763,293
208,572,785,1164,138,529,80,258,188,1319,87,694
855,764,1345,1305,1432,1297,1555,1726,1498,902,697,74
1271,1566,955,1321,572,1111,717,253,658,1694,179,157
1839,1426,1191,909,812,306,93,1050,1778,1808,1804,39
1804,1704,100,990,1686,235,1225,1017,156,172,316,581
656,1432,1473,1306,1297,1294,1748,1566,12,1583,1266,1305
1741,1362,234,1587,1839,1555,1096,134,1780,1648,1068,325
1147,364,1028,1294,1111,1752,1278,990,703,287,1018,1818
390,1325,1348,1564,286,1052,1303,712,328,956,1409,749
1303,201,828,579,811,1470,501,1807,954,870,1425,1277
532,925,1095,1849,1284,716,1642,1811,23,1256,1566,57
1819,1534,424,1374,1752,213,1415,1505,1501,259,1284,1306
170,1314,30,945,115,405,171,1152,644,1307,252,1673
74,1432,269,1752,50,1585,295,1140,574,105,553,856
1077,1610,804,1048,917,1804,656,619,1688,1842,919,290
1307,142,691,915,243,855,828,724,976,450,1034,51
1228,1732,1810,993,938,101,1708,60,182,294,1783,287
152,742,1276,503,1374,165,1105,1235,1224,297,9,984
1103,405,1781,530,816,1188,1281,989,39,971,274,1288
263,138,845,1778,1520,713,1330,161,1659,1469,69,1058
74,506,221,798,1297,1311,136,36,1278,1076,1220,1369
1261,1819,1136,224,1635,1276,309,141,509,640,139,1184
1676,1260,1017,1470,411,223,1277,271,279,1293,1405,635
83,579,746,244,1303,183,990,454,307,1374,291,1692
996,1811,1804,886,235,754,177,1288,643,1160,1276,1546
642,1292,1279,767,243,70,1296,959,268,157,1495,994
95,1240,188,669,1284,321,260,1289,531,219,278,132
724,618,685,1199,1303,93,1639,598,70,1024,478,1787
1842,425,1706,1290,1094,278,1566,1146,4,530,181,644
1606,170,12,1404,1288,1257,1549,400,1841,165,690,1704
235,1156,1224,28,1442,163,494,265,1107,1770,181,1426
1106,657,990,913,1005,1279,259,1744,1234,1267,1700,1289
141,515,164,1844,1274,23,641,60,1811,1076,1297,1266
1741,911,1470,1241,76,1205,1534,1211,89,491,79,1145
990,147,891,695,295,1178,862,1481,589,256,1093,588
1297,1234,1138,79,1230,1470,990,1294,1693,656,568,1289
1091,478,1290,269,308,598,1697,1550,1415,1403,291,1710
1182,968,465,520,927,740,150,1236,913,509,1093,1151
309,1303,1305,990,1464,688,1155,889,397,642,493,1805
74,101,1780,1850,1281,1804,1182,891,890,596,1358,1295
1259,912,1789,645,1776,1161,681,1673,1648,1306,1141,253
215,1266,10,790,1817,1682,1306,279,960,103,1086,1528
1114,1303,723,1421,641,1239,1711,1778,959,829,1541,150
766,411,310,1529,857,939,698,1031,1776,640,1806,466
1237,1722,1213,149,116,1275,1249,738,25,1415,200,1563
1138,1239,472,274,151,1641,588,77,639,1299,1648,1132
1289,1830,642,707,1564,1093,1741,1804,150,997,312,1566
136,1409,391,914,1294,870,60,912,1332,466,101,185
504,1420,256,1305,540,647,1303,1696,1778,293,1555,220
1168,1736,856,65,1173,748,8,574,1027,1297,917,1419
62,1394,1533,1500,1189,321,1071,79,436,1811,102,669
694,1732,1763,988,1107,1069,1305,172,1648,990,1795,931
857,989,1840,74,1188,1032,70,85,1228,273,258,1804
1664,246,1303,466,51,1804,1190,780,1564,1005,545,1741
67,892,1534,645,1449,303,877,1752,44,983,898,1176
1446,114,478,1778,633,1426,1418,129,1839,1422,1732,1286
478,621,1343,305,1168,1049,308,1839,1163,1124,598,1224
1051,1276,574,983,1279,25,1426,1299,478,530,189,86
598,1852,120,832,548,65,1804,1294,1191,1491,159,1123
1291,1718,1289,1804,1426,694,1103,1648,1114,92,681,1294
1092,529,1838,1086,1542,909,88,934,1216,335,924,1821
1564,1648,266,1849,1034,1700,523,907,270,656,1298,865
736,1239,175,772,1035,445,433,415,1250,829,377,1306
1294,93,1323,427,243,244,1225,1204,1675,1579,1778,1280
307,293,596,1169,1348,138,1778,484,1073,150,645,572
1303,1230,1130,1401,58,1182,1255,133,1243,960,1804,283
1299,1811,1222,1342,277,588,363,244,319,1805,1279,376
1686,85,1676,219,121,179,905,1393,24,1279,1426,308
1491,68,907,571,25,1688,74,1655,1034,1306,1804,656
1130,1374,1011,1776,29,919,990,1160,192,1406,572,1279
1564,89,1683,101,223,1811,1778,1215,1284,1190,989,374
723,1275,1228,478,233,642,299,540,217,1290,1297,690
1386,1565,588,136,1547,1076,1100,1328,1776,1022,1741,641
905,1648,1313,1804,134,219,1178,1307,307,1752,1056,253
1811,1306,1220,1217,1291,1695,636,1292,277,1675,207,1425
1574,1511,1365,204,14,268,70,819,621,98,1248,1566
101,1648,1840,433,816,528,1266,1769,70,1285,354,244
907,987,990,145,245,1307,357,21,1550,126,1232,1095
1804,531,1267,722,403,456,790,1741,1616,27,1565,1566
1811,1288,93,151,101,478,1191,1048,907,1372,261,1299
27,151,1225,71,88,1566,1276,1732,1498,256,1161,1265
857,656,216,1691,1711,376,1367,1811,1653,1285,902,912
1300,1302,1084,496,1372,1017,70,100,1228,918,1458,102
278,187,1148,1741,1302,644,1070,746,1555,1648,611,598
900,74,170,1129,1299,1712,1372,1276,945,193,1585,855
990,885,1280,1294,993,126,1297,25,721,1584,1292,1543
1789,1804,1260,1807,415,1233,579,1279,1655,1117,154,714
29,669,1503,1226,1280,1282,574,1566,1287,1277,857,1141
985,1591,137,1087,1284,1299,1599,1298,725,1257,688,1277
1780,312,568,677,711,645,212,728,1192,325,990,1041
1303,235,210,1110,1818,1488,1472,1836,1844,430,374,1291
71,1276,1374,568,1295,745,553,531,76,1263,1106,863
1086,1564,1669,640,1217,806,1357,802,1340,931,1248,453
1052,1220,1182,307,1278,61,891,1304,185,70,1145,1257
1164,1114,1778,25,1292,1306,1051,1276,695,981,1450,127
1468,1294,124,62,1426,1298,1290,1544,1288,73,1279,1721
84,1294,1636,978,1267,1057,568,612,1752,1344,610,510
1844,494,155,128,201,610,37,140,1276,518,1282,1374
937,1276,136,79,145,63,265,1374,270,1544,325,1307
913,918,641,1395,1298,1467,1230,700,1792,1280,106,417
603,1135,1106,644,1830,1303,23,254,1073,94,1306,1648
1278,1072,1585,94,1468,95,1550,847,1843,264,1334,70
283,1694,1555,1550,253,430,1175,297,1564,163,1158,166
303,856,90,1819,1082,1272,1472,27,1234,1741,137,76
1105,84,1136,27,1839,564,1547,1848,70,1307,89,1296
1601,644,796,862,1741,1290,88,164,381,1087,433,1585
989,732,735,25,1304,636,598,1843,893,862,1245,576
656,1783,581,503,1187,1056,1551,526,1846,27,1034,51
1824,1846,63,1276,424,476,1126,571,999,1012,1096,1708
1395,179,1534,1550,99,149,1253,1211,1306,1242,333,1585
255,181,39,775,1826,220,415,197,319,665,509,17
233,98,1677,280,1804,1221,578,929,1206,1737,270,1171
399,1326,1787,397,290,640,280,57,1303,995,862,11
861,1101,1306,811,63,155,1321,354,313,1289,1038,1191
1182,125,1836,1700,86,1670,1488,1369,1278,1281,908,1294
1342,142,915,139,1007,103,903,123,1440,108,1804,1668
132,1844,31,1307,1488,452,1298,245,1564,308,643,164
1426,1316,1855,859,1305,23,767,304,945,228,889,265
1102,816,1566,990,641,596,1279,1343,47,220,1741,1038
1300,1841,395,1147,1298,1433,29,40,1086,1040,1861,1172
50,857,930,1830,1293,114,451,1432,1819,495,1531,1356
1839,1533,993,136,1555,1279,924,192,645,1566,283,1751
901,951,64,752,306,246,1357,1553,1675,128,1302,1778
410,965,258,152,70,1585,436,1128,284,1276,453,294
1011,195,175,1278,1301,1669,1281,1077,225,450,1299,1367
63,926,152,891,269,917,1299,134,1830,823,194,46
1492,1278,911,744,1759,1778,1304,1496,1595,1258,954,1566
333,1280,1837,1305,1289,911,309,1839,1819,137,507,653
133,929,611,1747,1509,69,185,1173,545,719,819,286
244,1741,1717,833,557,642,1297,1593,1648,855,149,245
1266,1515,1156,1289,233,644,1585,95,1145,825,1285,1811
641,1293,890,1182,848,990,1231,117,1442,376,1276,1161
1305,955,919,1498,246,128,624,880,823,1284,220,693
467,27,919,716,108,1374,799,51,1068,1723,1025,1617
128,214,1778,990,1821,1293,478,473,188,1276,1051,890
1249,1076,1839,228,297,235,1040,1432,300,1716,1566,382
890,157,1289,1355,1276,1040,498,1297,717,258,1279,1360
1830,289,751,1432,59,221,1276,1306,1132,1648,1778,1518
1835,1305,845,1566,1304,341,399,79,85,354,1284,1267
1470,197,671,263,1166,826,1280,1842,1300,1648,194,175
990,1817,1308,370,1354,1819,88,1093,859,1668,845,827
144,624,197,853,27,138,1648,320,1585,989,65,1764
731,788,89,1303,795,1140,1426,1220,1748,3,478,192
847,942,1276,1552,84,907,25,979,1149,1175,848,1564
1306,1545,1817,645,76,212,1288,1092,435,1809,263,1406
1332,945,1290,1067,1437,1052,76,1289,596,1617,157,1306
1036,21,23,128,246,1757,430,596,1309,1852,1280,1176
192,1022,129,1041,1278,1282,233,854,279,973,1414,27
1490,1472,1708,245,1119,1017,58,1566,92,179,223,1467
857,800,1195,1669,1780,989,70,1242,893,1279,1073,256
1235,1084,926,855,181,1804,1284,1052,1780,531,245,146
48,912,1842,293,1178,823,1409,246,1555,1101,1190,1033
1233,99,1648,1288,267,484,0,358,492,1470,1401,645
1306,1780,639,887,1319,1768,1701,1669,989,903,1276,855
1426,424,193,189,596,670,1804,1107,274,1795,1415,1224
686,641,1648,170,1304,1281,1426,271,1282,1372,1280,1237
1133,1115,1530,1288,1711,294,1321,325,24,415,145,505
1817,920,1128,499,1005,667,1741,254,1839,1295,1847,1028
46,1805,1374,1694,1295,342,1792,554,1178,127,1780,784
1741,889,1228,1241,291,1812,1262,1300,1280,717,1549,257
1228,472,462,1830,1841,70,1034,98,656,74,1052,1263
1741,23,1818,460,1830,1781,1079,1304,1019,1574,1550,255
533,302,1441,1225,1292,1110,1780,478,1839,52,1294,645
134,1818,123,1136,1292,695,23,474,1087,1432,830,1276
23,1644,917,1565,1441,459,1095,150,811,1284,699,966
186,1689,320,1041,169,1841,1544,602,1851,1787,144,861
1088,1108,668,681,1778,173,259,128,1306,1770,1284,417
88,459,1514,1525,1227,430,990,416,905,1040,1565,908
1280,901,296,319,855,1804,90,333,1064,100,951,136
645,1752,1290,453,1696,1307,768,1838,293,1068,95,1299
264,1292,1192,1688,596,940,1690,589,1278,997,989,1303
1289,1262,310,1335,175,90,678,1811,147,767,685,990
244,1145,163,1278,256,1749,1305,789,25,1702,1307,489
1066,1623,572,1840,670,220,100,1279,58,1566,1553,1034
859,123,290,1280,1440,536,1844,764,830,598,1488,606
1401,1208,264,25,704,945,27,589,684,1294,1051,1300
1613,587,1342,1818,1292,1276,1564,305,14,1649,1515,689
640,923,596,863,908,1198,245,856,1547,1041,859,1741
1538,132,1305,1302,86,1487,1126,1017,1123,1095,1780,98
1467,644,75,1265,303,1502,26,222,1629,1410,294,908
185,1566,177,482,645,1225,1469,1804,1564,262,1108,1778
1280,1247,596,1024,806,926,179,223,357,77,669,70
1432,185,113,1298,23,1753,1534,140,1091,1345,568,1360
643,1552,1585,645,1114,46,1250,756,1276,112,984,1744
919,1327,1218,156,177,309,1843,1544,1029,1472,1230,106
1296,983,1817,253,1228,478,990,285,1534,279,37,70
823,747,1756,1566,395,1326,290,1849,74,1018,1289,374
234,1358,1549,1472,1635,1365,1349,1778,1184,1806,1675,208
806,640,1238,613,148,280,27,83,1294,1182,1289,509
1426,1741,133,265,1028,1352,1258,1296,1804,415,436,94
70,1303,1019,817,1590,1689,1719,49,1581,1280,909,644
181,1041,44,178,1013,1821,1182,1472,177,1736,1246,1613
27,94,615,1426,151,950,677,1828,1174,708,1778,88
938,1297,1838,893,1459,142,1294,1169,1349,1163,152,146
1301,1524,1277,497,958,1533,479,1778,1076,1536,1265,177
1140,1529,1215,1705,78,1498,1144,619,88,1303,645,1741
1332,1168,58,194,1817,1182,289,1837,1307,1811,1674,990
1574,1266,12,382,641,1360,890,863,163,823,1815,990
697,268,1071,917,236,1557,1232,1252,1305,100,524,478
1181,150,148,97,495,46,1475,1564,231,1115,284,94
1285,140,1153,785,285,186,93,192,232,1276,266,695
702,1711,385,27,1291,1150,703,219,123,521,1183,1266
549,1277,1688,1566,228,270,355,1145,613,1856,312,1126
1291,1225,233,1095,917,1280,559,1628,1687,249,1613,545
990,596,978,1824,1279,270,1752,1280,246,256,551,740
136,1318,249,1237,308,88,1288,108,1016,741,949,1536
1441,268,382,1290,139,144,1298,1296,1297,23,807,1282
70,855,911,1804,253,859,1598,1552,1307,157,65,1268
204,100,1728,1550,1291,589,374,1566,763,1276,236,946
1557,1161,106,1015,430,897,1303,1607,694,377,478,921
823,1758,493,581,181,1007,663,1298,1260,1547,739,1086
1230,1278,801,51,152,1566,1589,326,1233,725,1295,1829
1275,1018,524,541,107,1145,1621,1016,559,14,1235,174
856,1534,621,91,1145,1305,1009,862,1005,166,1182,1276
1626,1742,1164,1533,1018,284,1307,1799,1417,189,918,1275
1733,1687,1851,1068,1681,573,1185,253,104,1282,176,1242
1263,459,1566,275,23,1032,1220,1675,258,1305,1648,99
1606,523,747,1600,194,1248,195,268,478,450,1028,139
1279,1266,603,1303,1289,402,382,1256,298,1187,1566,1154
1317,186,1314,1780,1716,194,452,596,1432,642,990,183
1181,1182,292,964,624,1555,966,968,1228,806,908,862
1223,166,1757,509,1842,688,789,1821,621,1076,307,1585
1304,166,1711,1819,1617,373,1150,221,290,1842,389,122
923,890,451,1316,149,1230,640,96,645,6,1176,1267
1028,1651,190,1811,494,1296,141,12,1293,1230,223,334
1302,1066,284,1284,103,545,1539,577,1294,113,54,1061
1291,857,845,1350,1278,639,1697,1068,1542,103,1818,627
499,23,151,1804,641,581,1676,257,1776,340,1299,640
1092,826,1778,1295,1764,1279,1752,139,98,723,1734,1817
1432,401,1853,280,1479,796,1618,865,1293,219,236,1291
220,804,1436,235,908,1811,636,1190,1783,1250,1306,1304
1162,1764,1268,1301,27,110,1500,924,1585,1646,1024,1533
1136,953,990,1721,280,1324,377,413,1830,656,307,1817
357,1801,478,294,890,1484,1298,244,90,598,1158,1747
91,464,466,1792,1426,1469,1028,138,1518,1250,1804,1778
1204,1280,1721,1088,1278,550,536,1064,1304,690,268,1191
1668,1776,1214,1292,1267,357,1307,559,894,1470,219,1076
1682,480,246,450,990,1274,1037,231,579,1399,1167,1240
302,1182,1607,1764,1730,150,1773,1036,990,1276,279,1235
1752,1355,912,1804,192,68,333,273,27,1681,683,1415
1804,508,306,1360,1805,621,1299,1163,151,1512,1706,1160
1276,1160,779,1302,1300,1306,374,1703,1683,1235,1305,1304
1279,944,1517,1404,972,129,185,1076,221,139,1092,416
284,1030,1689,1648,1780,890,279,598,1776,1362,1302,569
1502,59,1588,1546,25,968,1015,1082,1382,887,1182,1685
226,514,1468,1518,680,669,1284,1303,372,915,1276,966
1773,253,1741,565,855,596,300,157,1694,1097,1819,1433
267,177,1472,944,553,1305,459,950,70,532,71,1770
143,764,1273,1374,924,1118,531,757,1607,290,1198,1290
688,856,1285,1035,1228,1092,1086,189,1817,1320,889,1276
1722,76,845,1296,1087,632,1708,1298,821,135,990,950
1840,1076,163,1164,1267,878,192,1123,114,84,1585,467
27,1257,1778,63,160,1743,1246,543,253,256,989,1415
1238,1305,269,1579,89,1358,912,74,186,936,918,919
1542,1410,1819,93,447,1265,1297,1267,1767,1406,1190,1168
1426,950,148,1807,1279,983,274,1741,1330,452,214,1214
1289,1686,1701,632,1348,271,1271,1773,1303,944,1565,1299
1145,76,964,128,1741,990,190,24,583,1388,1370,1497
1217,1290,1294,688,459,193,1278,195,1161,855,1712,1251
990,126,1307,1648,1279,1731,842,1741,875,1523,1332,581
1648,1844,203,165,185,1104,705,1289,194,1076,23,1295
1566,1374,1694,978,1273,136,1182,305,291,985,1597,1293
1182,1778,645,1236,147,1201,223,1279,203,219,1371,220
1292,114,193,258,144,1804,137,1544,271,1222,181,1076
1321,1564,427,194,1500,60,289,1161,1784,138,1585,643
381,1687,82,1781,176,217,279,990,889,744,1851,382
1306,1842,681,1556,1284,272,1184,857,131,74,621,1476
1289,270,1510,1595,1132,1182,83,1828,1129,417,112,1304
400,1804,1266,137,195,1279,188,440,1426,1145,427,244
1686,142,223,1128,77,1188,531,1303,1300,91,1258,1221
478,1524,1291,1648,917,1693,1303,963,1294,590,722,430
680,220,1357,268,1062,1233,307,27,1417,579,179,1091
1277,114,1697,368,1675,1289,1547,1802,1482,1188,151,890
1808,1271,1532,780,155,433,825,70,621,1413,1278,917
144,1840,1167,1306,1108,23,1294,975,967,280,927,641
570,1016,580,70,879,104,857,1306,1826,1256,1566,202
847,1572,1299,1842,1840,1305,200,113,1074,136,489,1374
778,1791,591,23,1279,1747,279,857,282,1259,1839,926
224,12,1807,479,1294,1282,1473,88,1529,1289,137,733
519,189,1648,1488,1076,163,1287,1191,4,1198,245,1303
1276,919,1307,1334,1415,1243,1675,290,88,1282,25,289
1032,70,694,1079,1778,294,1105,572,1319,1211,1550,94
243,1612,1108,623,888,1773,990,509,1808,496,639,1850
27,926,1294,1741,1037,1307,585,54,245,1154,1804,1752
1276,1601,445,93,1280,193,1182,312,993,186,1648,1026
990,1840,805,1498,1225,294,492,1297,363,1187,1280,1374
1686,988,653,796,716,1839,253,142,1276,581,296,244
656,508,1449,811,1289,1846,1566,1830,1414,963,58,399
1176,641,1387,645,1210,1190,1639,71,1780,568,1290,553
1011,1533,1123,640,18,1485,1550,887,1125,465,669,1295
1498,1279,1564,1324,1049,523,694,73,194,1275,1840,1811
932,1067,305,1841,656,1294,1306,956,1550,1485,207,1426
291,1295,430,811,170,843,1550,1000,980,1305,1544,1467
100,1853,596,1839,572,267,1291,298,848,890,77,259
911,1564,657,747,967,1030,1018,581,1250,1817,12,1811
1097,1409,596,1289,312,7,1266,267,1284,1584,164,1555
72,642,1778,1231,955,944,74,1266,359,1300,674,1168
279,857,1487,186,906,1566,1374,1853,1096,1182,129,1550
856,1107,121,353,1277,1114,489,1143,1284,1145,25,1500
846,1840,1807,1538,1284,330,921,129,632,493,1285,527
356,990,1693,207,1839,1290,875,644,1289,1566,303,1780
327,1300,419,1162,789,1736,219,24,243,1013,1819,1245
1555,436,1804,1677,1817,1138,1289,1087,1615,1294,1371,641
199,1076,88,1271,1680,1545,93,1276,1699,1302,1644,953
1229,445,1815,960,1417,346,823,855,1732,1558,789,621
1811,478,269,1555,1125,396,528,124,166,1306,1301,1585
319,315,1805,1294,1681,1132,937,458,1781,1296,117,509
1306,27,956,1305,1616,1613,1055,1228,767,1036,1648,346
1285,938,1781,74,984,813,1566,1432,1125,1353,1284,1470
4,1795,1432,1284,1299,1566,695,1174,267,1446,1301,1287
147,1335,262,1807,1374,684,1303,374,234,1811,1021,1669
568,975,1290,980,70,644,218,1669,1093,1417,23,108
132,1134,939,1294,1042,913,242,1227,1564,1027,977,1778
628,974,108,157,1048,990,91,165,1136,306,1804,277
321,1163,623,442,1097,704,1297,990,1296,200,478,129
596,764,1721,1145,101,1307,1697,635,1696,480,884,78
1243,172,185,178,1805,1760,1099,506,1798,1389,1752,319
1257,589,1776,1714,1851,1239,1237,263,348,1648,1268,1015
1301,1685,715,1804,123,29,1498,95,1466,1280,146,475
196,1293,945,862,91,46,1845,833,942,479,86,1555
1088,1018,1199,185,1781,12,221,1830,963,75,1182,1648
911,22,23,917,657,914,691,64,33,1095,74,1360
221,1718,1193,565,1679,1811,1341,1134,357,1161,1136,194
1568,197,465,64,1642,533,921,1228,1010,913,461,1712
617,1374,939,233,1566,855,920,769,1681,1247,1752,84
1015,272,960,151,636,451,501,243,1280,1305,1294,1093
154,135,1752,1563,1034,1086,119,220,1045,288,739,87
1306,1697,550,1459,670,248,822,284,1720,856,533,1333
27,262,128,1426,1566,392,1851,1156,1295,561,955,383
1301,645,244,685,1276,571,1323,152,1655,1817,1841,749
1294,245,171,1285,25,1220,1555,1278,779,1824,1642,743
307,684,1180,506,234,1304,1811,1657,938,63,1236,1712
459,763,1189,1013,1284,1235,1026,640,776,171,1804,642
151,1756,1234,70,1472,1343,123,261,133,1728,447,435
233,1293,156,1490,93,1297,989,620,1585,547,65,193
1741,112,1305,889,312,1432,175,98,786,128,266,990
918,89,1803,197,989,1154,1108,376,177,254,1778,1307
1441,531,488,1539,193,630,1550,1487,1116,740,1366,1847
101,1819,75,258,1305,588,1566,1294,829,1555,235,1420
573,1770,1183,1076,1289,285,90,151,192,802,412,1615
126,1299,596,51,1426,186,893,490,1012,917,1233,592
435,1781,1288,1470,1188,1258,1261,96,1093,254,1286,279
1489,234,1512,1283,1197,166,198,610,1447,450,454,1016
1618,150,656,362,286,598,1503,947,1050,1294,1723,321
1490,1280,1306,912,157,857,554,1819,878,1009,513,492
1811,27,1783,1817,890,1093,1472,600,756,981,1566,1163
419,1619,1292,1276,708,1651,1684,1071,1426,1013,1580,1284
1353,1306,1643,1235,1277,221,1780,509,1585,656,1014,598
1177,1781,1772,24,579,1257,1280,849,1300,1326,1052,1176
1297,1296,855,901,1697,1028,990,282,1072,1288,802,1783
909,1277,1701,289,50,972,1850,1566,85,855,1842,1472
1585,664,1076,1007,1305,913,596,1262,1296,356,1166,1191
1182,1076,101,598,939,720,37,818,1066,1741,120,74
1201,1290,1555,179,128,366,1562,65,147,804,1501,1752
713,1145,89,911,1076,1778,726,304,897,639,1276,91
260,411,1076,93,295,978,894,136,1289,1226,1374,438
139,1475,193,277,568,192,1410,588,1305,3,1201,1566
832,536,639,1168,1022,1778,1802,1303,285,1752,1686,1800
1277,911,274,1218,126,1169,539,51,95,1008,992,217
912,1039,1712,310,1553,847,1276,220,219,1155,722,1561
1584,1452,1426,1732,571,920,1689,74,1147,866,1749,79
435,439,707,2,478,129,128,1016,645,862,155,151
282,656,1191,1564,1294,1296,644,811,411,817,292,23
581,544,1776,283,460,93,1260,609,989,914,1778,1081
1239,1430,984,789,485,1288,1232,1664,963,1804,1182,919
8,1776,744,485,1297,1305,1303,103,245,186,1106,185
1276,1840,1418,1152,23,175,1279,664,1267,583,1263,1306
89,863,290,1432,656,1339,1144,1292,1025,1182,919,1280
503,76,1218,1546,1216,1303,141,698,523,1585,1459,857
821,812,506,1276,1295,1687,87,1303,1688,177,1297,1299
1105,967,78,1779,680,992,24,286,903,1278,644,916
214,445,1272,644,222,25,261,71,312,1687,291,1284
1789,1063,328,990,1536,1566,830,382,1250,399,672,894
692,1182,1294,568,1778,603,1285,1230,1518,24,1129,1030
656,1739,1293,901,1426,160,1720,685,1409,1830,1275,1752
1732,1139,1278,8,890,1534,1064,1783,182,201,603,320
871,1034,152,644,1290,1517,163,141,1303,1222,855,1076
177,1304,548,289,990,1732,146,1281,1306,1811,287,1550
90,639,1781,1752,1628,963,1305,855,1304,1137,1123,138
861,1542,1767,1551,27,277,934,101,914,257,303,358
2,615,645,596,945,509,64,1089,297,649,1347,1298
233,1068,1453,1266,1281,297,914,913,23,707,761,1302
1374,920,1291,128,1445,1711,1305,124,256,1839,1067,656
1299,821,804,268,1346,1294,1648,1374,640,1457,1280,478
279,990,1806,1804,1564,1276,185,1294,1441,1781,917,1039
593,1304,1323,898,1299,374,349,1627,1752,883,1491,1108
1005,1293,856,114,1282,1732,597,540,259,1129,1709,135
1843,1139,256,705,1819,949,264,977,1374,1307,1697,1808
596,90,1155,1278,1294,1343,135,1488,568,1018,1818,1275
863,12,1780,1280,1547,253,478,108,1721,27,1348,1710
1682,1678,1111,299,1243,54,1684,1291,279,662,855,615
1489,539,1402,308,167,1298,46,1564,946,1318,1584,478
907,1648,134,1564,1163,1353,70,1289,554,574,1258,1696
70,1426,950,641,674,903,274,1802,1306,1284,980,436
96,1556,1276,221,1097,745,337,91,848,1294,990,1711
1069,1298,1303,1547,1566,110,1697,499,953,298,1064,1839
748,1183,133,1819,643,903,1160,907,1699,80,1297,1847
717,1648,270,648,948,101,173,1374,74,1817,203,568
325,1374,1774,1828,509,1486,70,848,1357,770,120,1348
909,1790,1846,635,1281,274,27,1401,137,1150,221,1041
37,1014,186,1844,863,1191,155,1009,1230,925,582,670
1281,989,1817,1292,1276,1051,1041,273,812,890,1553,1804
1026,1178,1274,1235,1247,823,292,864,139,1644,913,1002
972,1052,235,1217,694,27,148,1696,1433,1289,1195,128
1106,106,1307,140,1141,1291,148,1056,1277,552,77,1767
494,1150,1307,128,1235,1250,918,214,1285,874,855,1268
540,1621,880,1770,890,261,1790,920,1272,596,76,1617
275,1,27,1304,1024,289,919,1284,784,1732,232,739
587,141,1752,1659,1307,1432,1277,1566,1129,1297,548,773
1256,1112,373,1251,1555,1076,1247,971,1566,1680,736,190
561,1364,149,1780,271,1289,940,1339,903,1202,325,39
1756,27,923,151,1078,429,596,1014,114,290,1234,1432
1062,1426,912,63,377,972,1563,1174,1783,242,853,989
740,974,1295,1856,1403,1282,1629,1521,130,108,531,940
156,533,1284,1294,1655,452,306,484,1509,627,1054,1088
1739,80,990,1201,1251,1307,1168,233,126,1183,1490,1787
27,1336,1089,356,1804,62,953,1374,645,989,1591,1432
1087,909,293,1290,1168,1276,1747,494,219,1016,571,530
1243,476,1282,1752,923,1780,1289,845,1097,552,572,1426
178,1545,1566,1836,270,54,1432,1305,890,1818,998,1087
1500,358,1819,1472,1547,411,302,1136,1301,1590,596,847
1499,1183,876,220,550,1793,918,930,260,111,322,1488
91,1225,1815,1016,1284,75,1533,1349,294,1490,244,1839
1349,1651,1550,116,1807,1299,72,869,983,1819,65,700
1862,278,478,273,1842,1118,72,919,379,1294,1804,1306
1558,1289,286,76,419,1064,1711,789,1489,189,648,123
1238,1182,589,982,1290,157,1305,1389,98,1114,1195,571
440,325,274,1242,1778,320,623,897,760,814,1307,1756
1295,1451,1852,65,1182,267,284,1426,1648,25,1258,632
598,1585,1851,1516,1512,1692,696,1284,535,1271,151,862
1038,1222,1708,990,94,985,140,1250,1295,890,1293,254
415,126,1564,256,60,1092,990,1053,1018,1457,1294,1374
990,1741,319,788,1217,470,839,1280,1182,1295,1253,1307
1175,1045,430,273,1648,1284,23,1498,1817,1780,1303,510
1561,68,265,1167,741,1284,504,102,1648,920,908,197
1752,452,23,1067,177,596,1260,1275,302,1064,1634,1811
1362,1301,285,1804,1223,957,90,305,135,714,458,644
1223,1552,478,707,1830,760,309,1340,76,1234,914,641
1284,71,220,1648,1338,1688,88,265,1564,990,280,1426
1295,1368,202,1585,410,621,953,420,763,1472,506,1566
123,176,596,23,1721,1708,1778,351,105,1303,1091,193
1295,585,242,641,278,1125,1276,1838,206,1776,1839,1065
1235,1066,1783,1305,388,531,1640,717,1669,1811,1821,1742
1114,1842,983,389,961,1019,194,1618,73,742,1276,1776
430,598,87,924,754,1806,1718,1781,271,766,678,568
957,926,845,1351,122,78,65,415,1643,1131,1693,1295
823,1320,83,1779,1259,80,1758,444,1296,822,99,445
795,754,1301,298,265,308,176,1307,1550,222,1034,1741
1038,1282,1847,1279,1654,857,1294,909,1184,197,1374,1761
898,150,926,478,941,1204,1811,1295,697,881,253,487
704,27,76,914,913,963,223,779,1669,386,1781,184
12,187,320,644,295,1819,1780,1547,1407,1298,537,553
18,1105,1301,1094,1819,645,1018,1741,321,683,374,1305
1280,303,61,1836,4,197,776,234,1701,1585,195,890
185,588,1775,120,822,260,724,1247,1778,1265,1068,1552
1279,79,1811,197,1832,708,1247,94,598,1804,1304,635
127,1097,1040,1138,27,253,1707,478,194,712,1847,257
1278,337,41,1265,1138,1057,1280,1678,523,418,1038,1550
1564,1490,1092,1640,286,1582,1778,1501,641,656,1781,156
536,997,1240,1298,865,140,1616,1819,259,1547,989,1201
990,1677,1536,367,374,1218,64,1026,1296,640,1555,1018
189,282,315,1279,251,1289,1648,632,1770,990,310,1348
54,1718,1676,989,268,911,1524,26,1585,93,624,348
1284,245,1770,914,570,1052,1464,1830,1455,137,430,59
1076,888,331,1772,1830,1432,1780,918,1069,1027,1378,1105
511,86,561,271,1126,1817,522,1299,164,1303,1547,927
1305,1229,1272,767,664,476,1648,1842,296,83,1804,871
905,1515,878,557,178,289,914,25,103,1706,1064,990
612,878,913,1309,131,1552,264,1247,623,1798,263,989
459,1174,1383,274,656,1284,1176,1324,596,96,271,109
1294,1337,458,998,623,990,1717,1556,382,183,1297,245
1769,1163,280,626,1294,1244,176,1093,1352,49,137,908
890,914,70,399,1306,1761,1455,948,855,1218,93,1134
999,198,1811,880,74,1054,619,1575,990,749,772,474
221,1293,1852,1198,1244,478,1256,1305,596,1648,128,693
1113,245,1841,700,1778,127,1299,275,1434,1279,989,941
1276,1146,1266,1564,1648,691,12,1312,255,1303,1290,1338
1355,24,395,1076,1282,1303,909,596,1289,78,643,268
970,1272,901,1584,845,1844,1566,265,1752,310,1302,685
624,1277,1302,1291,658,1300,1490,196,1737,87,1477,864
244,924,536,213,1518,64,1266,25,163,1175,1286,1298
1491,1305,1341,1564,1415,376,183,478,89,485,1579,644
640,1482,1478,1022,23,955,1550,1752,1284,1451,1276,1490
1063,548,885,1302,883,1750,411,279,588,1791,1659,930
1366,436,1554,424,978,70,167,468,381,140,1534,1819
1278,1332,1574,957,63,254,1716,656,292,302,1267,1780
1278,341,186,93,1301,1096,574,304,1182,1248,724,151
25,754,779,1686,292,903,1280,1307,1497,430,1240,1224
588,1284,342,1145,587,1778,1566,1197,1176,1703,1655,149
274,1802,1294,1011,973,588,1301,154,1292,1480,1681,1216
999,1840,186,1607,81,741,142,787,1585,1040,289,635
1206,1018,539,568,1333,308,319,70,1071,640,1128,1741
152,479,1566,1598,531,1290,802,1845,93,643,1534,700
464,1490,1648,1187,1724,430,200,917,262,80,1016,1654
1780,1467,436,277,471,656,79,1294,1585,1297,69,1662
1648,759,1473,321,1235,1232,917,1778,1294,1303,1040,1426
585,1091,1228,1015,1547,937,1627,74,286,1299,808,1328
1307,916,1525,1564,1819,1443,1306,1167,602,1678,1555,1821
572,1817,1647,1015,1712,1293,763,54,1292,1678,1257,207
1295,279,285,1007,6,182,1471,1327,1152,151,1513,113
234,360,731,1470,98,99,121,1733,1732,1804,74,1036
100,478,1694,175,268,1595,141,606,302,289,1826,1587
1266,1026,1217,478,1263,1824,265,94,758,1307,234,778
902,740,1817,1432,1811,930,98,268,305,1752,1302,1836
607,1279,194,438,1106,1500,1278,1269,87,821,1173,723
1237,1498,149,1741,1275,641,115,262,1302,1711,1305,256
598,285,1173,100,303,1264,1838,1432,1804,825,321,1304
1225,436,1278,1648,1112,1780,596,176,1316,1732,268,267
1564,173,1301,103,86,1267,506,1289,1495,558,1137,1148
139,446,1088,1145,1287,1301,781,1203,1257,195,1296,627
1051,856,1303,283,1294,812,1776,14,337,1660,1286,1566
1804,632,959,978,329,1516,1569,1284,1302,811,953,1491
1759,586,79,706,303,1752,1741,1064,88,1803,292,1300
1059,1304,1183,485,1094,583,1120,290,402,1648,374,1159
1294,31,1106,435,1819,1838,266,1859,1817,145,1155,766
606,1132,1352,1276,1513,1303,1780,856,244,1583,1741,1203
1018,128,1826,254,444,1285,1550,23,1853,490,966,1692
183,1774,1295,1065,112,1824,1778,1265,793,1163,167,1236
1536,194,1781,640,1036,1228,106,124,327,1648,328,1306
1522,370,1304,235,91,1412,253,823,312,1533,856,1299
700,1145,559,287,908,74,1063,1780,257,1197,1020,1290
1011,890,171,192,1415,1160,1564,1426,27,11,1839,1278
197,1426,74,642,1160,1828,771,148,1279,1076,1564,1648
1151,84,950,186,108,316,466,253,764,1681,1226,1084
1353,1839,133,907,155,529,1314,1105,294,139,235,656
587,13,669,953,536,221,1702,697,1178,1824,1421,1845
727,1804,194,636,155,1742,644,478,1680,494,382,1648
1183,1306,1534,1603,1112,178,478,1227,1249,1088,70,1290
106,283,1648,1306,1187,857,926,1800,1103,118,258,1053
1320,1068,714,1257,140,74,816,1857,645,1783,1815,925
570,1804,779,1168,22,253,1648,878,1817,1612,274,246
1409,1294,76,1585,382,669,225,1278,667,450,1839,857
156,596,269,273,1303,1280,1188,1314,1694,400,1291,5
268,1263,1804,1262,112,1563,1076,1329,12,139,531,1840
1160,621,1084,1285,1566,165,1123,1175,816,1804,485,74
194,490,1165,114,1688,335,269,1282,91,304,1804,1397
268,656,220,552,1472,1534,1294,1805,1752,918,965,547
24,1024,621,1851,641,1278,197,1300,944,939,60,891
989,1374,132,133,492,1811,977,179,1808,1648,900,1279
548,1718,695,1733,766,185,1811,278,645,575,70,1556
23,1544,178,1267,1216,1626,648,1279,77,1409,623,731
434,271,656,1016,53,199,137,1249,93,70,478,1711
1294,656,195,1287,640,1136,990,1075,1282,1623,523,1120
1292,86,999,1817,1472,28,1123,478,1303,220,1627,1301
192,1088,1306,245,1615,86,12,1295,140,1824,911,918
996,1307,1077,382,915,1564,788,1703,1836,224,981,1778
403,1092,920,1180,862,106,87,913,286,1277,1356,811
1843,1164,1544,1690,960,911,274,583,695,507,143,1183
1498,193,416,1183,684,248,694,1222,1700,23,1840,978
1086,1839,285,1662,1531,812,877,383,656,640,1490,1757
1216,90,855,201,1712,1220,1476,55,193,1599,740,532
1248,23,285,878,303,309,1683,1426,1292,31,1187,200
139,1290,476,129,306,1277,1077,337,529,1182,284,1547
1270,1169,253,185,725,1462,123,1114,1144,668,983,356
1817,1776,914,1426,130,1237,1242,989,934,257,296,144
78,1011,383,641,63,1305,1304,857,179,309,1564,1805
1296,153,1280,1276,1348,174,98,1369,1844,307,1306,1162
759,859,1604,890,1217,132,380,1257,273,456,640,18
234,1093,478,68,581,540,1303,658,641,1227,1087,1141
1585,1821,644,454,1511,1230,305,273,553,1178,1246,1455
890,1316,75,185,1811,1131,1839,863,294,722,150,1778
992,1299,1257,1532,569,901,181,1270,202,559,1741,39
27,1305,857,1426,270,688,551,989,1681,1648,233,255
1374,1776,1843,989,713,126,70,1274,1102,596,137,1051
192,1365,1689,278,244,1276,173,989,72,65,490,283
1119,1819,223,1296,38,1745,276,75,1585,128,1432,50
1566,262,596,498,1052,75,1279,1293,142,1110,1732,1302
1804,306,990,1307,1536,1289,1398,1558,94,1783,27,1366
1011,179,1335,1279,1040,1169,1285,904,478,1607,375,723
894,1748,1222,105,857,990,1530,434,170,578,1846,1817
855,1301,1811,522,713,146,1537,985,1298,173,732,38
1132,1050,1017,1839,128,74,1408,291,1674,1631,51,890
1219,426,864,1159,620,1648,1828,80,1292,263,94,1844
1811,1303,1585,806,284,999,651,639,1084,1198,1298,990
1146,157,1004,1130,395,937,101,457,1277,1426,1727,902
1745,1518,1607,847,1266,1161,601,1301,1498,1295,1250,1275
990,1312,1732,181,1286,579,571,83,69,919,1841,1488
990,134,1257,256,24,1064,292,74,243,773,1778,570
919,1517,267,914,1291,798,1435,602,1778,879,1304,103
1819,827,990,176,1688,1821,989,1306,871,853,1279,1769
1178,1305,101,1280,1426,1294,1654,990,106,1292,256,108
157,1296,1780,720,981,1756,1808,1817,309,1281,804,1741
1295,855,1752,1301,457,1040,1276,478,1271,290,1743,720
440,1780,1305,1432,1426,762,140,1292,918,1163,1778,1230
1780,1821,1851,927,1306,989,94,1128,695,1648,479,1513
920,1192,1371,139,1306,1076,288,1291,1082,91,1274,1343
71,1516,478,572,1240,1307,288,1024,990,1277,796,174
1740,93,27,1467,1295,632,462,105,1301,296,1692,128
1052,146,901,867,1585,1741,669,1231,856,97,1306,1166
1566,940,185,489,374,1621,656,909,265,362,514,990
897,1445,260,581,291,478,1182,88,749,1355,1819,494
171,855,1781,656,1139,1566,1165,955,203,1306,939,936
198,74,63,595,259,76,548,917,1106,451,1648,560
1648,168,399,1298,1720,1748,222,294,1276,75,1714,403
1288,1829,1426,379,656,1267,1294,82,1280,794,320,995
448,1543,1206,1811,1276,1306,95,1566,641,1303,282,508
1343,516,1805,259,165,902,66,1741,244,1460,1152,1727
1752,1536,1278,1206,1702,308,1432,1188,1846,243,579,27
640,822,919,512,644,1752,395,1016,1284,1585,819,99
995,1585,576,259,685,1175,1440,1564,1492,103,87,1741
1830,175,1804,1242,1679,644,1151,176,1856,306,1307,1305
1145,1293,1301,1263,1276,1307,1088,1776,1566,262,436,855
267,635,1276,855,1307,281,165,1234,302,1804,1707,1265
87,1857,1741,1847,1084,325,1555,359,1783,1036,1509,914
1294,1284,1298,264,78,570,155,990,357,1632,74,1306
1000,12,364,1692,239,1566,1828,1182,966,943,581,122
103,108,27,137,1294,1476,1804,105,1301,700,64,741
129,399,1426,1334,1289,982,1294,349,1607,1470,1290,1817
1274,281,987,1290,1778,1596,1542,1585,402,194,321,1059
1306,256,1210,60,872,1430,93,596,1778,140,1034,919
1268,256,1114,411,596,1479,1532,699,611,722,157,344
1183,723,51,1225,1485,259,268,1182,1305,121,716,818
278,128,767,789,1780,1290,1472,185,603,1301,1851,466
279,1032,1294,150,855,1285,1303,1234,776,1189,1804,1839
1294,234,322,725,1337,297,27,904,71,1276,990,998
903,1183,1112,1018,1659,27,926,1224,1778,1285,1804,1566
454,690,990,1302,93,695,1655,1818,1648,1360,1839,482
193,1547,1509,268,1727,1061,985,128,1302,1776,166,1347
167,1082,263,294,656,1278,305,995,1811,645,784,1688
456,269,108,1781,1136,1259,99,989,1277,1374,1403,965
913,309,503,764,1307,875,99,383,466,708,72,1778
1804,524,439,302,1502,321,184,1176,1289,308,94,1123
152,320,61,1049,164,51,302,1490,1315,190,235,201
134,95,1555,136,620,1457,1005,1261,1741,946,1128,1294
484,894,1137,1851,139,382,1289,1688,1118,290,940,150
669,588,583,641,166,192,1290,465,147,1857,1145,949
1319,176,1418,1752,1065,901,695,921,1472,1183,990,1257
1298,1294,990,1771,235,596,1780,246,1560,928,1455,1056
95,970,879,541,197,71,1305,89,623,177,581,656
1787,835,1248,1294,382,1285,281,1811,656,1780,858,990
1296,1839,1078,1369,1294,987,701,268,1101,177,1382,293
1235,465,1841,148,284,1731,1839,1294,57,607,245,1297
1280,1748,417,1228,865,1566,16,1154,1843,128,1394,1067
596,286,1804,94,160,1722,921,890,1284,778,1411,1225
1559,856,139,60,1230,1242,1247,627,1778,1034,1784,1360
146,1089,998,1416,1776,1623,832,967,768,105,186,901
189,908,894,208,1830,1749,243,185,634,418,26,279
1306,75,1197,1704,1500,1839,1793,652,70,900,1128,1058
1177,1294,645,1306,70,1491,1757,907,123,949,1108,855
87,167,911,106,1778,1071,296,1183,1035,297,903,1355
1160,1819,1296,1508,538,301,61,1701,855,1598,1299,1017
189,444,46,1238,901,980,989,1811,1585,642,890,61
397,1374,181,400,444,975,943,914,1741,970,1276,1284
845,454,1441,345,996,275,274,1862,303,666,74,1247
1803,1585,960,1804,1291,178,1732,1555,548,1284,855,925
645,1301,1675,1282,138,1018,1811,960,1183,165,990,1362
1305,169,1182,1088,412,1307,1232,598,1426,645,1688,1155
1550,451,1677,1167,1279,293,1839,332,1687,1263,1305,541
297,1181,166,801,1294,1184,1087,1221,855,596,1357,896
1103,1093,1289,140,1285,531,18,1276,1051,201,478,865
745,901,1683,1484,1107,1289,575,82,441,1276,596,1195
1106,296,454,286,1298,1282,740,253,1780,138,1457,1271
691,548,137,656,126,1191,694,1781,76,1224,244,140
1299,1169,1752,1333,316,1718,1613,1294,1263,581,1051,1216
1585,1292,915,89,1293,956,1280,1151,1304,828,298,696
194,328,1271,1680,990,1280,694,789,440,70,1444,1496
1276,961,1168,460,945,142,1294,903,27,1076,1852,1330
1778,937,1230,271,1741,1285,1150,363,12,1040,749,1426
1741,1307,272,234,1805,1129,253,531,26,1285,74,1240
645,1695,1842,93,1686,74,1524,1558,635,174,194,598
78,1010,1556,73,656,138,596,944,268,914,1811,581
1773,266,1778,128,374,1830,1299,950,1294,1426,99,81
641,123,159,1490,445,1426,1294,1741,281,87,23,186
1022,92,949,374,990,1239,128,1819,1051,856,1742,1278
220,12,1686,699,1374,921,128,81,1182,656,134,245
517,1844,1648,1093,217,1298,1683,573,1703,113,882,856
1340,992,296,133,27,1566,1626,233,680,24,1289,1012
1669,196,233,545,971,1841,524,1281,1224,474,277,1240
1276,223,389,1357,1811,890,1190,103,779,1819,122,1721
1734,1327,1026,543,1030,74,296,1490,1279,103,293,159
1221,1553,1721,293,147,92,1291,642,306,708,185,418
374,223,1165,695,254,1811,902,1394,1182,140,319,404
16,1409,190,708,101,855,1566,262,861,1303,86,1752
545,990,1496,1521,1337,926,243,1716,1304,821,1102,1279
87,981,1836,717,264,324,452,890,165,1092,980,1585
1780,702,29,253,219,598,989,27,1281,157,723,1192
548,1292,145,1804,939,509,1301,223,1306,77,503,909
590,363,1809,914,310,1294,150,1682,1182,343,1564,509
1679,93,1293,1564,921,27,1301,648,108,1132,1353,1752
59,1737,383,1140,1213,855,688,80,1690,1082,1807,507
1281,70,63,129,1279,1280,779,478,1307,23,162,120
272,1823,607,855,640,541,1173,296,55,294,1781,1300
294,152,1711,1313,1223,990,63,253,1839,93,1676,410
320,728,1190,1590,263,1490,1298,274,1830,989,1858,914
856,74,1218,7,1802,146,1710,100,1780,806,1721,23
1017,1307,1830,156,53,915,1306,261,1288,1140,335,1279
1243,640,924,1784,952,26,393,1177,1103,165,51,453
1076,142,911,253,192,84,738,1677,983,1120,950,478
1423,1280,381,1276,1807,7,126,259,23,268,1331,1839
953,1780,1491,1565,1384,1838,1277,1752,1276,574,302,70
156,1674,596,497,1574,1327,920,1150,918,558,18,1432
1163,856,915,908,1052,1294,77,321,258,1046,1279,295
1675,907,90,1546,21,222,478,1279,175,1669,1642,1696
768,1150,65,1182,1181,1445,303,866,60,1298,494,312
990,1284,1555,293,97,1166,1415,92,1728,325,122,1225
320,767,1555,121,139,1377,918,1136,1113,303,112,24
390,459,279,1300,204,659,286,1374,1280,688,385,1173
234,1282,1155,1780,1584,454,768,478,48,60,1783,1706
127,1088,710,1809,656,1279,63,1156,1444,164,784,363
776,260,1137,1276,74,1727,1374,23,430,1791,1285,377
548,1295,259,108,903,1705,1741,1017,1846,603,272,83
1297,274,534,62,1021,1265,129,278,713,833,924,1585
1266,1284,1216,1328,155,1555,1409,581,1013,285,1426,1752
552,1326,1296,1798,1089,589,471,1173,139,1741,242,656
265,1821,771,511,1115,1284,297,1812,12,913,955,1732
645,1504,1699,75,1217,1222,1776,229,1566,1291,1778,1191
1518,1780,794,1432,1068,1851,114,268,1074,186,998,1184
1056,283,845,1301,23,504,282,12,1292,1498,129,790
138,512,1494,511,98,588,126,1741,88,1282,1294,1462
480,945,993,1421,1415,1325,596,190,1499,914,312,577
137,1794,290,266,994,811,415,713,1058,920,1042,1781
1166,1780,259,1844,1265,875,1811,61,1306,92,1184,1141
885,1564,1839,894,1426,259,1657,1230,1018,284,1265,267
863,1732,1426,1839,1731,162,1064,333,1840,58,342,291
46,70,1306,704,274,1280,1229,1741,330,1839,956,197
101,624,7,306,949,1546,1306,1295,443,1698,258,896
694,1732,1320,39,1221,99,1563,730,478,1297,1132,993
235,524,1306,98,965,484,1415,459,509,251,1036,18
1294,1778,1300,1160,91,713,1192,1426,303,1555,1297,990
1092,1781,1026,787,568,478,1193,1241,297,1780,74,1011
1296,23,1230,1294,1842,1780,1339,968,1289,1267,1472,1529
41,243,197,1113,1305,1337,1293,694,816,1296,251,1366
1585,91,1300,267,562,133,829,533,417,1168,1374,679
1607,1305,1547,1819,581,1821,517,1301,103,1755,121,1648
915,1191,1564,20,1706,1052,1685,1762,478,244,640,1228
784,294,894,1783,1067,150,641,73,1374,768,61,1211
1202,1287,645,269,1068,126,852,290,96,10,1245,1585
1681,1064,1072,914,255,910,74,234,1243,197,103,437
1778,796,191,1284,732,855,842,695,1553,1752,1296,1513
1284,287,1299,1169,1570,1553,280,1430,1218,86,713,549
1187,990,1332,1548,1292,1029,71,453,885,1280,1227,1778
1291,1507,219,70,1229,1056,71,1503,112,352,1488,635
98,306,1498,1299,636,990,1712,273,1553,397,1490,494
263,1034,1160,954,984,1817,24,1183,782,826,69,952
288,1436,1679,864,1808,308,727,1648,1041,1280,1082,175
1304,1584,863,656,122,295,312,310,354,1284,1314,659
1648,1662,782,129,1804,819,945,131,952,95,1555,1500
641,92,1076,1294,198,948,186,610,959,1741,1249,1778
659,1284,590,1804,459,1595,967,1115,1277,966,970,1091
1105,285,1289,1491,1566,990,642,1276,1285,144,1720,178
1781,1717,59,1228,856,971,570,354,949,93,1278,89
1732,1289,1379,1277,132,150,22,1374,945,223,138,1275
486,548,69,743,309,1260,1648,193,1791,228,1639,1844
704,1080,1679,950,1566,1784,1037,1435,863,1036,1307,430
1839,529,1123,1516,1049,220,1681,1034,233,1360,993,78
79,1152,1675,1296,1290,645,193,598,68,810,1728,166
644,1336,1443,1306,679,857,694,1603,1100,908,493,303
686,480,960,1074,251,337,656,828,896,85,135,1529
713,1679,1564,1804,253,1015,1230,1490,270,1830,669,1685
295,1692,1476,878,640,795,760,261,1765,669,1279,1804
57,1648,18,156,1780,270,287,502,144,1783,1550,126
1294,198,290,1804,178,286,759,1291,782,890,1807,244
1142,1564,1192,1752,201,782,1536,1741,216,1304,99,1294
1225,175,1552,1374,1227,1546,642,1688,70,1302,1840,244
1432,1804,1811,1760,656,1303,136,669,1714,95,1780,879
308,1379,275,1352,1727,253,798,1842,640,1692,1800,146
54,1648,700,1811,1213,1819,43,1207,1112,853,1839,1780
920,1688,954,108,1797,1287,615,621,219,181,855,1769
1295,242,1426,1353,636,1682,76,192,1611,1306,83,259
1277,1818,1853,1679,1297,1654,430,100,27,319,1778,1498
917,1305,278,890,521,640,74,111,636,1182,234,972
1192,1032,990,1281,221,456,1279,1282,192,356,1305,379
1278,1136,850,549,990,128,1804,1778,1022,593,93,1267
918,1,872,499,91,1307,254,1537,274,1084,779,575
1837,1191,1851,891,1289,1276,1028,787,1839,878,1291,1613
264,1094,1305,312,338,473,1259,588,1307,74,1294,655
1302,514,545,478,402,521,1651,724,1306,1426,1348,717
640,531,1298,1280,1291,181,573,1752,382,696,588,1533
1585,165,1719,987,966,560,287,1114,1266,1150,255,1145
1761,306,121,466,177,253,193,268,138,1280,151,1064
1397,1266,1290,1701,166,1271,70,1307,644,1642,1291,1578
997,1732,112,1804,268,1426,1282,108,1116,789,1773,132
1648,1299,1426,905,979,1097,1566,1555,90,1432,918,1417
1752,1098,641,1112,1215,891,1805,1682,1280,70,1456,855
1710,1278,307,128,319,1302,253,712,1751,1034,596,890
450,269,151,104,917,990,1058,998,112,675,142,1281
1348,1045,1851,1795,655,1290,1564,1162,1752,909,430,1437
1285,1574,1776,992,122,1763,1841,1167,1422,1711,1566,511
1374,303,27,113,65,582,1290,1294,579,194,478,253
583,129,374,1804,252,71,1540,588,538,1846,1242,61
1229,1819,1191,59,1545,32,1276,568,857,1644,1284,1688
1752,1277,176,1775,1165,1303,194,993,951,1095,1840,1773
829,1272,889,1052,185,857,229,1804,348,374,1303,907
276,1295,70,1680,123,182,1566,1259,1285,779,1851,1662
1627,540,1708,1189,1678,1804,93,126,494,1307,1432,98
454,509,440,1388,975,82,1648,1288,1229,1191,30,95
857,1302,656,1296,274,1290,1297,129,1821,1304,1421,1242
1495,749,648,190,982,1341,389,1306,253,223,826,1542
1303,379,75,297,1701,1804,1289,296,766,1195,270,1307
278,1554,1669,1076,49,121,289,1251,1778,65,87,1145
1697,1112,503,1291,462,1658,286,157,656,890,1294,1299
138,1445,1182,847,1224,399,970,990,370,1840,1533,1689
1237,1824,1720,171,972,1293,1026,1299,473,973,23,238
359,459,640,1817,436,499,913,1555,1300,1302,1291,99
920,1281,437,280,123,656,1173,192,1302,1142,28,58
1092,1503,260,1504,148,640,377,296,1839,760,184,1276
265,598,952,1282,155,1084,859,1441,99,1590,203,1060
1850,1035,140,912,581,977,1086,65,1235,1301,1346,1800
24,677,51,1039,265,101,363,1307,990,96,1282,438
1276,939,1137,1560,1245,1566,1804,1537,1585,907,1470,70
1711,1247,855,115,245,380,1585,1389,1277,129,1426,1539
122,1648,990,700,326,1580,194,89,1130,263,3,1740
1680,1817,1182,475,1199,645,1297,462,1129,1622,175,1374
716,1832,1566,1648,1302,1233,754,70,93,219,1720,1492
1811,948,1233,1155,386,615,1063,1484,61,1417,1824,113
1849,186,1216,568,108,217,265,1669,1339,141,176,1276
877,1426,1306,1586,133,1711,1220,1041,1130,1732,1257,9
540,1635,1009,1781,583,1732,478,917,1158,928,1301,103
220,1689,900,1281,990,1844,523,1563,642,1681,1431,1136
958,715,411,782,1276,1740,918,1182,353,407,1333,1372
1249,673,1795,260,1011,989,27,133,1290,1224,754,303
598,1293,27,907,98,177,757,219,1242,268,677,1840
975,1640,1282,1169,862,1303,831,402,992,947,1209,640
1564,554,1290,222,559,1105,1266,269,1241,999,651,138
1740,636,244,1189,1100,1441,222,1284,135,1795,1469,440
1418,855,102,1272,1273,1545,1291,112,164,872,223,158
1184,1276,919,1564,596,1099,1426,1076,147,791,461,1830
1686,1104,1466,568,139,1679,253,424,140,642,915,1847
199,656,85,1133,1248,1637,1278,1720,1302,135,27,1067
1129,1272,1224,1688,1293,1299,1566,1776,729,700,1838,1296
399,1299,1301,71,53,451,980,31,919,1579,550,152
1279,855,75,101,1336,18,1230,1648,1863,177,490,1776
235,1266,169,921,55,1191,244,1778,696,1813,1295,85
873,1304,1804,255,1752,819,135,449,857,1566,1595,121
1302,224,51,1305,1233,1362,1745,4,1205,1295,798,1028
686,812,1294,1641,1306,1705,1811,615,1695,273,1780,432
399,1783,651,1341,307,64,637,262,1689,1250,1149,93
479,285,1432,307,563,1290,426,603,1550,1024,1129,540
245,1752,1289,966,1778,156,1841,126,1534,890,313,494
1547,1830,855,1849,261,1364,244,255,589,645,1500,362
903,1145,289,197,1307,697,1332,966,190,855,291,727
1256,405,1761,645,1304,478,967,307,1103,293,1793,1128
114,1199,1300,85,581,827,1052,1455,186,243,190,1073
978,1064,1684,136,504,1840,476,1291,69,7,939,966
302,1051,1104,578,60,1674,1442,268,1049,809,227,1265
1748,1657,1056,1544,1778,76,990,1290,635,133,253,918
1765,1296,913,1817,1488,1843,1648,97,80,593,1269,624
1347,739,81,1266,1155,1503,1648,264,990,1653,1839,645
1276,1277,144,12,1228,1809,1780,1590,277,1722,930,1293
1569,1296,855,990,76,166,68,1306,307,286,123,1554
1364,1182,915,714,1679,1303,1042,25,325,1279,1781,1648
1182,1133,92,1648,1535,901,1798,1217,1784,277,138,806
1068,96,1564,1409,277,1546,1359,1652,1190,972,1295,1182
45,1147,865,1098,855,1566,1267,1097,255,1780,137,989
1741,275,920,1305,1260,70,219,1804,1279,1289,985,384
1192,1824,790,123,1677,948,1289,1741,108,585,540,1555
140,1106,1805,1648,1555,776,147,1844,253,95,1181,1210
81,1744,1534,1232,1276,302,833,1175,1280,1329,1382,1804
971,613,1151,999,278,285,194,1564,482,1086,956,1251
201,1534,985,857,80,855,445,644,256,25,466,259
1295,635,1293,1289,1267,918,1036,1742,604,1796,296,455
1180,298,223,137,548,1293,489,943,1084,104,198,898
265,1296,1492,163,780,94,648,1180,1839,80,231,188
1420,20,980,1068,127,121,1696,623,1093,129,1363,133
475,285,268,1248,148,1732,1136,235,1276,1068,1421,70
902,112,302,540,1068,1648,938,1191,736,1284,1819,1504
1285,1648,1290,164,233,177,636,1426,449,1246,793,430
1839,582,1073,1291,1015,1585,1292,856,1306,546,62,1342
1306,615,434,700,1158,911,1547,1092,62,1354,252,258
319,757,356,1272,548,1778,41,1479,25,1318,291,1737
1811,890,1488,1307,320,1145,1279,293,446,40,1374,204
984,1773,1307,1846,1266,648,645,335,1285,150,1245,1303
921,189,8,16,1732,176,861,1129,1292,487,1291,64
872,640,1011,83,62,1021,822,1230,1277,153,1276,430
641,268,260,1305,74,903,845,833,1659,170,770,1345
1415,27,1289,1566,1076,834,184,906,507,292,937,1785
1569,126,487,913,1585,644,281,1157,1088,1306,284,262
263,541,1563,1387,1566,1024,88,725,246,490,132,857
1779,195,1808,1695,312,1691,1108,1502,157,1547,918,785
1163,1281,1492,645,1360,185,1533,295,1511,288,290,1088
1178,552,1125,967,1830,1741,684,574,818,1555,1280,1807
855,350,476,1291,987,1285,1294,540,126,973,105,490
93,1752,1113,290,1303,889,1426,746,1278,1314,649,18
1507,885,1569,1296,1306,76,627,192,132,1815,540,163
990,809,1098,1282,1536,1595,999,1847,21,158,271,414
809,174,1303,877,1353,640,1306,993,1265,951,1432,1081
1362,1494,1145,221,1470,1304,1281,303,598,91,1431,430
134,1780,275,1032,1143,1076,1278,1491,10,1674,181,656
221,1299,147,220,1694,323,1388,1710,216,258,1274,1786
1297,70,1306,1817,1293,395,190,661,221,4,773,656
1291,245,1143,1213,890,717,1787,260,915,263,1237,176
1854,478,279,641,1616,100,295,1005,1741,1669,1524,27
708,1420,374,1839,927,1392,956,1444,749,1169,83,1302
894,807,676,1182,915,1566,908,855,1302,1029,186,695
1545,1272,1293,901,531,603,1397,549,862,908,270,45
1191,1472,1374,1832,710,208,1184,1356,1428,478,720,174
116,945,506,1112,1694,597,1669,1817,1807,890,1294,647
1266,1089,759,1186,1374,1778,912,265,1051,70,1520,1773
335,584,1695,478,1611,946,759,492,165,1344,279,1073
1420,307,1040,1648,1120,1306,1312,1843,545,1278,945,1180
1198,76,272,1277,966,75,1076,1290,1374,1242,1547,308
303,1232,1564,980,1457,1648,307,878,775,476,1729,142
648,286,1243,989,536,1276,993,1182,672,990,1091,1697
598,535,1019,1117,39,1804,284,190,244,656,1585,108
657,641,1188,826,645,741,990,545,74,642,90,37
581,917,1071,644,194,656,1648,39,960,27,598,259
901,1148,1087,549,1278,948,584,182,568,1132,1804,190
1305,1485,990,596,1252,1490,1182,1796,197,479,850,1096
867,640,883,1451,934,285,440,64,114,1293,1191,1693
1128,579,1183,1732,1257,1545,571,111,83,1289,253,223
1700,1294,218,1555,290,41,1300,1276,920,169,1026,1112
596,1613,1276,645,1176,1564,393,1545,959,559,855,461
855,931,285,658,1292,1730,1566,1594,598,1757,27,293
1305,126,306,952,54,1136,1088,65,1293,1276,1546,645
1266,75,65,187,760,799,1182,113,1591,1555,1286,385
1580,1761,255,1282,1290,167,4,1820,1154,1652,147,25
837,407,1778,223,1780,1124,189,297,1304,113,647,1295
1016,70,967,1183,1301,990,223,1250,261,983,1267,1830
832,1432,1732,1172,131,253,300,352,70,1426,1297,1190
1107,104,1304,930,1290,1279,1594,244,184,1711,1710,1289
922,1817,12,993,1136,170,1218,511,577,503,1154,478
833,1168,1510,706,656,1162,1656,1475,59,529,1076,1783
1052,1707,68,862,1295,253,64,1280,457,220,213,1595
956,955,221,1276,530,643,920,70,92,911,1229,478
759,1409,1303,1783,1307,1741,190,72,574,306,1538,135
3,1768,1307,1585,175,74,18,210,128,1291,1674,1225
936,748,989,923,495,1302,1282,640,85,990,1278,1540
597,1040,840,1125,783,1472,1297,1470,1153,100,1034,1780
939,1577,566,1292,1260,190,262,645,57,1277,665,55
1307,923,665,1843,59,1157,855,252,95,177,67,491
876,1555,1752,1288,362,288,1470,1415,1783,151,1686,1224
632,1161,1294,203,500,1756,1417,1804,244,1284,1778,1018
930,1778,286,1008,1182,221,656,182,1752,170,756,1623
153,383,989,12,1087,683,76,1353,1712,253,170,889
1566,536,55,1299,67,1555,875,911,176,1240,1232,243
6,1547,1432,684,244,1811,535,1648,1307,290,908,1040
1702,478,640,1545,639,984,1294,505,1830,1732,1198,545
1290,893,1129,909,1296,1741,1744,1851,1293,902,1307,989
1846,1730,1294,743,1780,1304,1763,978,1830,574,1291,575
1852,1266,1627,856,1757,811,1121,148,955,1756,1844,1027
413,1426,1292,74,286,1574,918,1160,644,120,1585,1679
236,1319,1272,616,1136,1811,1270,277,946,170,181,1027
268,1265,74,388,192,1199,1230,880,1072,893,1732,831
23,1305,263,1781,1278,115,1578,450,1639,187,427,82
640,258,1648,540,1783,1124,288,1082,955,1403,1426,623
1356,990,1266,1149,1757,1076,1461,939,1026,1128,1536,1451
681,1265,1564,1648,1492,1667,1097,1285,39,1290,459,192
1304,1811,202,1191,1277,856,384,103,212,1859,992,914
862,114,382,1302,969,1282,1300,484,1770,1416,847,596
979,269,308,686,71,98,90,296,725,1138,653,1722
169,1372,544,1277,170,549,919,1780,875,596,150,285
219,825,440,967,1076,1113,856,1839,1108,941,806,948
1426,266,1643,913,1230,133,1184,1534,648,193,1851,1585
1861,321,1083,1303,1857,827,693,1470,1758,251,70,1493
