1285,642,257,1697,279,478,290,265,902,1086,415
1267,1810,1776,1093,1838,219,1249,325,1301,430,460
921,1239,1564,492,132,568,1555,322,1269,856,25
7,945,690,1807,1120,1604,412,1279,1291,1141,1143
1118,990,950,1230,141,857,1555,139,656,1819,1343
1034,1291,1680,589,748,1249,1686,1564,579,856,84
157,25,478,1274,1280,1575,181,1389,923,1441,690
223,1525,1291,828,1279,1063,1034,1106,1726,271,1741
1703,191,1648,623,857,234,1355,272,836,1485,1279
1732,1300,1374,908,157,1298,1280,1303,1145,1236,1304
1623,238,893,333,1029,1809,1076,215,361,1470,21
310,1538,1306,641,978,294,1292,291,1389,64,954
1267,1784,1306,945,272,1603,1076,1522,1097,1201,1737
902,1741,1305,11,478,816,82,27,1761,1289,269
412,914,1725,200,508,490,639,1201,1566,126,269
1480,1701,951,1585,912,105,1800,1091,1648,1026,70
1811,1555,485,1680,165,919,1305,1009,757,1585,1125
265,1330,640,990,1781,938,684,1097,1299,1182,1082
12,73,1689,1015,1843,69,1202,391,1417,1249,1293
1290,269,176,151,1293,1752,490,1762,1224,1069,1301
1799,374,1490,128,1319,1607,222,202,295,1298,1804
101,1289,903,1803,1819,993,1041,1702,1216,385,833
1432,1166,190,1470,141,1016,266,1778,1280,114,233
253,62,798,1105,1811,1019,1093,1648,1224,1203,173
1598,1555,1302,1016,1182,1011,900,1288,870,805,578
621,1570,186,623,1712,1432,1354,1752,1551,695,1266
640,1542,901,1036,1052,1804,1289,70,175,267,1266
293,151,1546,197,1129,291,258,1074,728,1279,364
1035,1807,663,903,1276,1026,1848,1809,244,1304,70
1028,95,479,1297,1151,1712,194,294,1735,307,74
100,675,132,694,1811,478,1125,1277,1722,1299,688
1830,275,1306,325,823,1290,1305,302,598,416,610
950,1821,1667,1220,1149,1648,1409,1780,1566,1699,847
1302,889,1839,847,591,1541,478,855,1725,1096,407
92,1302,156,213,1240,640,617,1445,152,1616,105
1750,696,257,525,1063,1781,499,1306,382,1147,262
1279,990,1290,1177,1747,1314,594,1857,469,1051,473
642,476,1360,1847,1074,939,1305,480,124,185,791
1844,919,1448,990,26,1056,123,1335,1426,1256,148
1778,376,907,1757,66,1281,990,306,1230,1278,170
1295,1741,1791,1706,1323,138,1285,289,541,1547,1276
1717,374,173,1290,87,1851,575,1090,1297,261,1076
1783,302,1276,1206,1426,626,106,1149,1298,478,1705
1149,1348,1721,1349,767,855,1752,1019,1106,104,805
1691,1282,700,1653,279,540,644,1104,688,202,104
1648,1426,557,1566,209,1298,1307,1279,1048,81,1281
1859,221,1542,170,25,147,256,252,74,27,183
406,1136,1256,772,1359,90,80,1441,1305,583,288
1493,1585,415,108,275,132,23,273,1852,1330,889
77,278,100,1088,1426,1306,1009,25,1525,1305,573
1050,1537,218,1543,1192,1441,505,296,598,268,104
93,1251,1741,1723,1279,235,1811,914,713,1809,492
1118,1243,1584,1063,713,1723,86,1811,1188,479,27
134,1222,656,1374,281,1265,1741,1302,1176,990,1489
1195,144,1304,123,1276,1123,100,135,855,863,1360
1787,234,478,659,713,1281,137,1429,1293,16,1012
146,1298,1076,857,669,98,270,1839,197,804,318
1305,833,101,1797,1294,1338,9,1306,1298,59,1150
77,856,1188,1294,1002,269,17,1732,1536,1337,1395
1094,1757,193,103,1285,297,461,23,1817,1242,259
919,871,746,560,1291,1290,1319,1368,459,1278,641
1415,186,1472,415,206,61,645,1752,1426,1041,1552
1578,1821,1108,462,503,943,1136,972,1839,280,890
889,1333,4,1705,290,1566,1467,869,1542,934,1033
641,914,1121,1289,1169,219,1097,1094,1838,1280,1290
636,71,1082,1470,512,831,303,70,1290,179,743
37,1291,136,151,374,811,955,1566,1276,212,1585
1284,894,1292,1778,100,1303,273,1025,474,927,1266
150,1266,788,1220,1783,280,259,1422,1183,157,278
1019,424,291,1568,1691,1502,397,826,1778,766,1154
936,279,1752,185,669,963,1300,1838,990,105,83
1160,917,192,1776,107,1295,914,265,510,893,1349
27,1300,624,867,1291,1294,507,1648,68,1176,1301
1741,134,1032,279,257,1118,1145,306,865,939,1302
1536,1247,1648,914,184,1432,92,847,236,1177,1292
151,134,860,1307,308,460,27,475,1426,1004,24
1297,70,180,1085,1181,1306,1616,707,133,189,112
1778,235,167,185,268,1205,1741,265,1830,222,144
706,1284,781,208,1158,1233,1799,325,1289,1574,1122
577,1013,1811,1279,305,1592,12,285,859,1162,1191
1309,288,1076,251,1564,1814,70,589,1711,354,159
60,568,1224,272,1279,1669,100,589,267,1709,1048
142,1565,1294,582,303,1500,1648,1303,1041,1184,262
444,126,807,531,1242,1485,1843,1326,1702,1160,1566
321,35,529,1441,1839,1034,1648,74,1742,405,259
184,855,333,596,606,74,1302,1612,1284,1784,1807
907,86,273,623,381,927,1299,229,253,1073,1266
1285,264,1306,754,1426,645,1648,287,1101,1329,1538
1347,1127,1364,1304,923,1576,85,267,1276,64,1778
598,1704,1182,538,964,1514,1082,1661,1241,1245,1279
943,1554,1206,1079,1277,509,1296,462,780,1191,87
651,695,8,1295,100,193,235,1183,939,1307,192
95,1641,976,1576,964,1783,1225,27,748,1297,713
1804,1040,27,863,1144,509,1289,152,1752,1073,702
1296,108,867,982,963,1364,1389,156,24,1544,1542
1534,65,21,1282,1075,27,603,112,1780,1781,1305
1561,1704,822,266,1472,63,146,1617,1037,380,998
1017,1409,1043,186,1804,1683,1303,154,1395,1284,1014
816,859,1174,1059,1455,1087,1173,640,990,152,484
1841,1585,235,805,1702,1741,1307,112,890,1028,1305
144,540,172,1279,691,1711,1530,1294,278,720,87
855,1510,1585,903,1247,90,984,220,1048,1738,253
121,1566,1481,806,1297,478,1155,1299,38,953,907
944,1350,1462,1566,186,1306,1564,155,1316,1289,185
307,1292,570,1804,1414,656,499,510,951,1542,914
268,1584,255,1812,1132,74,568,689,192,1154,1091
1805,233,1028,145,193,1306,1555,990,1778,272,1118
750,1104,91,1840,424,1374,864,788,1648,1060,1752
717,1531,1290,247,66,131,1293,132,950,1662,136
1293,304,790,137,1281,938,279,99,949,1374,1489
290,932,1220,479,1288,1600,889,1182,539,1298,336
1276,878,303,1851,335,921,1566,202,72,256,1191
1284,1639,99,1016,291,394,7,1440,102,1430,138
1717,1584,1086,1845,27,917,194,1297,1276,224,219
292,1082,274,823,1698,1555,1648,1265,1285,1616,993
1841,309,1842,267,1200,577,1374,1552,144,1018,133
913,726,644,466,93,484,1550,27,1323,1289,1266
1282,1231,989,259,1280,1307,1125,304,890,1472,1173
1038,991,1302,1490,268,259,1294,275,235,840,109
1293,766,1342,1372,178,1132,1265,1568,845,1752,913
884,515,304,343,61,25,1183,972,307,1290,27
1296,1294,24,1271,51,499,194,920,1076,1305,1811
151,1314,1659,128,192,1445,920,1115,242,871,377
1716,1296,1271,1623,192,1564,882,829,907,955,1741
1076,1604,1175,1391,100,987,478,1093,176,1307,636
155,27,784,1198,1113,1296,1076,1644,1105,1701,1199
917,494,877,354,1741,1069,181,1804,291,990,1280
268,1648,1042,1305,303,1183,253,1282,1280,198,1509
459,1032,1289,1639,1374,1573,1086,164,1305,235,1404
139,1266,1132,1824,1009,1301,473,93,1845,306,146
1712,250,1748,139,55,1536,341,1566,740,903,28
953,268,221,1302,1811,1128,1274,326,1108,546,1301
172,1295,1113,1804,1822,102,1032,1853,1278,1337,1349
1300,280,1671,1824,1191,1711,134,1186,101,220,1808
3,1017,1552,1669,634,506,244,1829,1266,374,167
1306,1804,466,383,990,297,1233,887,644,1012,553
1289,79,1238,1294,104,1222,1281,399,1012,289,1268
207,1441,25,1278,919,1348,1169,407,246,128,850
1710,915,1498,1804,1090,1292,713,1060,179,1685,1545
145,881,176,70,1132,596,259,909,12,63,1034
1298,1366,259,430,1742,1266,1305,1265,1671,204,1280
126,7,862,1752,98,148,221,954,1092,1237,901
1266,128,1778,1189,1550,1644,627,1196,209,1819,1179
950,315,908,596,1029,74,1297,1424,1293,4,1074
1136,1293,1137,1564,1783,1229,1259,25,268,221,219
1300,70,12,833,1302,27,1522,523,1161,219,139
708,1374,70,1780,1564,190,1191,911,1145,1278,106
1303,1372,507,1747,1819,1126,1191,1280,466,677,772
1347,4,76,1182,1250,268,108,1680,1343,1013,912
1182,1288,395,537,531,990,1276,1648,855,264,727
320,1298,1808,1162,694,1181,1712,1581,1426,23,745
990,1276,1191,659,268,1470,108,695,156,1034,960
857,1739,251,275,1279,1741,1297,596,1534,989,1415
1157,478,25,1265,1710,1299,1260,1819,1136,1292,459
1280,307,695,586,890,643,615,459,186,1552,570
1677,1457,1566,1168,258,1301,1307,890,293,1711,353
614,993,1778,792,1710,1799,1297,344,312,1290,478
630,194,956,220,1521,1145,1366,459,1061,913,134
1064,1076,840,1344,1648,813,938,812,1503,1650,93
320,1294,1415,1036,293,885,701,1225,1237,847,1374
1836,253,250,120,918,656,1304,1757,193,1491,982
1752,259,909,89,56,494,1552,1676,436,226,756
1112,182,491,506,1692,434,1687,1413,1679,1828,754
5,914,1498,1296,411,251,199,915,632,1676,954
1175,1518,275,151,157,1198,136,1192,192,1804,1843
1842,177,1121,1306,992,989,1183,585,1281,1406,1852
1768,245,1024,268,1716,1819,722,1566,855,1220,252
302,1293,824,1285,374,1648,663,1029,642,1817,1052
917,377,523,70,1285,990,1585,1360,621,1282,1289
84,1280,1306,632,472,1069,274,1555,1276,218,1669
912,1846,1188,493,23,1409,1781,1809,1360,1371,1713
273,1232,1039,293,506,656,1260,520,1146,1676,1752
1828,1167,234,74,1045,89,473,306,909,413,776
1555,70,1092,254,287,1479,1072,917,140,467,1819
1290,1177,1443,1302,1294,357,1278,110,598,1017,188
1214,1233,1775,1292,1056,903,656,1778,704,990,1298
1099,1147,1585,1076,254,54,768,1298,1374,271,106
335,1830,1280,1673,1741,126,70,955,1555,1289,374
1302,1182,659,1669,1303,1804,1192,70,896,819,279
581,1472,574,1409,1294,1406,1149,253,855,650,1584
1741,181,1266,1648,134,1223,623,267,713,402,98
185,1684,1040,1642,24,761,1837,1426,1585,1306,170
1555,1560,1190,1297,1302,139,1205,1285,1566,989,258
78,30,1289,1811,901,1305,1290,1634,87,1752,1816
920,644,78,1284,1240,1165,1307,1799,1106,1274,1239
958,140,76,946,1096,264,64,1040,257,487,656
1298,1112,395,245,1266,88,1281,293,1839,752,244
1637,58,1332,914,999,170,1220,1772,1272,555,588
1084,177,212,1680,1305,1315,185,1732,1817,1374,70
990,192,1040,1741,1587,1281,971,1744,863,377,1306
158,1844,744,1266,1704,220,1326,320,602,312,1616
12,1284,1847,1307,1281,1029,656,1140,1666,1489,510
175,1366,253,855,1648,1323,275,955,1685,828,884
1300,859,21,520,157,1282,1784,957,645,855,148
1441,787,395,847,1426,1201,1503,1415,81,264,233
1102,290,1051,695,505,1285,70,1128,180,1752,244
310,890,1297,855,513,717,1265,149,1833,577,1360
990,989,267,1041,1153,429,1163,150,807,694,87
124,1374,205,917,1778,328,648,1354,453,103,1289
872,1305,429,1092,880,286,278,309,739,1306,489
772,1544,24,694,1276,1191,779,778,1564,1674,1778
1267,134,940,1296,645,126,490,855,876,1264,1589
510,1778,934,126,1586,957,1128,1278,1550,1282,914
653,444,867,1566,1182,570,265,418,1441,1201,1242
1584,1288,12,180,1279,1851,937,1289,1841,856,33
538,918,25,1682,246,1712,776,1538,1294,624,1050
1224,192,1669,94,1074,645,1229,1293,1781,1018,1537
185,1290,857,293,74,948,1669,1627,1174,1700,36
280,1307,642,1618,452,1249,854,1286,644,273,1094
305,284,810,1322,1648,234,1024,1721,853,763,644
616,1362,695,621,862,1752,120,1276,303,1045,1817
341,1564,26,1780,912,290,266,645,494,623,1284
1041,243,1673,960,1536,979,37,982,1310,1306,713
1769,27,259,1294,56,1118,1112,1365,932,1644,1273
1499,1804,1566,1294,197,623,1208,1847,1297,194,1472
350,525,1648,137,136,688,89,220,217,1761,711
1302,1566,588,890,1490,506,902,1783,1300,615,936
262,357,1289,1179,1712,802,1384,1741,478,1555,128
901,415,93,1295,928,115,656,1804,485,260,70
180,236,219,645,22,167,62,419,218,1277,1292
920,656,492,1187,679,559,133,86,234,378,18
255,1773,55,93,405,177,1289,192,1741,557,1202
175,399,137,712,598,960,1851,1537,1295,235,895
1441,865,104,639,425,1304,1840,219,243,178,88
1024,913,1280,1290,1752,253,1247,279,108,1306,161
1547,1732,1176,263,1409,1712,23,1024,990,430,1190
1804,843,1332,1846,1727,1547,867,1584,990,855,1234
1036,382,266,1589,1692,308,907,1741,914,220,1284
1655,1491,1642,245,80,268,924,1778,187,1289,1267
1687,260,440,18,37,1421,320,1225,1727,1181,291
1282,823,1710,1132,1288,867,1220,1108,433,475,87
193,1783,220,100,279,1819,1648,763,1839,592,845
1840,990,220,1441,218,443,65,1125,1337,86,669
545,952,1161,1128,639,990,940,661,641,1542,645
489,1302,1489,1284,917,372,768,1304,1133,478,1021
1811,990,417,1472,89,1775,642,1669,411,1819,1585
166,636,915,1780,1197,256,259,1279,1277,1305,1563
963,1276,958,598,481,380,1232,106,223,802,256
989,829,1156,990,1821,363,70,1177,1429,598,1806
76,990,827,139,1789,1093,307,75,749,1631,193
859,1012,982,1101,640,1299,19,1432,835,1277,1096
265,30,1564,20,1275,1787,46,1279,374,1675,494
1049,142,203,1374,1461,641,989,63,1549,1757,253
1566,1276,1105,473,398,190,308,70,1162,1836,221
852,879,93,1585,997,1294,1182,163,1648,1306,968
1289,1372,1426,446,1052,1258,1230,944,1307,1839,1416
887,1692,1289,440,833,684,1084,645,918,1261,415
12,1694,562,1811,308,1491,1796,1741,1262,265,1755
295,1034,1296,718,1130,234,179,554,282,1741,903
223,1858,135,115,325,146,1585,919,90,910,80
297,1579,1301,1341,1160,1830,325,1772,27,1076,1167
1092,1809,575,1566,927,1406,1303,26,67,973,1470
1285,1266,1064,621,1780,1271,1372,71,1851,955,583
478,1440,219,1160,588,1128,1334,68,1276,1748,1277
1493,234,835,1677,149,1302,875,1152,65,576,1798
990,179,1247,90,1037,202,1058,1139,21,546,1712
1710,1332,72,1291,1783,149,1472,1303,748,1290,695
990,99,1752,1301,1217,1036,656,915,504,945,309
81,1062,481,1752,64,1811,965,95,139,374,1278
921,1815,86,416,284,1290,707,1018,990,121,1281
222,138,1680,233,1778,1752,308,1374,1566,1298,1182
984,1811,1305,1246,1129,1677,194,102,293,1019,1657
763,27,1228,1648,277,1611,596,263,1422,140,485
1304,917,800,1293,1276,1804,1056,1299,1545,1192,1430
194,1824,1177,533,293,1334,307,1752,812,147,216
1566,1711,1741,1442,636,903,753,1511,136,1298,1585
855,244,326,1843,949,285,297,70,58,77,1294
219,1811,137,1217,990,459,832,950,10,1032,1805
1855,1071,1074,1307,1306,782,1202,1161,1691,430,889
1292,91,656,173,1302,258,376,1704,382,708,201
535,0,167,1817,889,1516,1490,79,1693,1432,1028
904,1297,253,1819,141,764,1432,165,235,934,1280
1677,1191,1753,978,70,132,1665,93,1648,1841,1021
1374,1641,129,724,598,298,140,1299,1014,1289,97
1251,697,1136,823,289,312,1305,1472,1011,509,990
494,222,1278,1044,525,1034,74,330,499,1744,655
717,1215,88,30,122,568,693,421,1279,273,1702
140,1637,695,1080,1620,1470,282,1045,925,1672,181
79,106,1780,137,980,185,285,219,136,1424,193
766,26,1073,476,1216,1336,293,1701,1548,1418,1208
1585,309,939,1234,137,1307,1497,203,1025,1807,1243
1284,1306,478,1292,1377,1233,1490,480,882,192,1182
1781,1564,452,1088,1030,1384,1500,478,857,213,357
284,222,1296,30,540,1073,853,387,430,287,812
1297,639,1829,1534,1821,890,1189,74,1770,270,159
1306,212,270,604,976,1687,1566,1524,358,1266,708
1307,890,114,63,1371,1276,303,264,274,1741,1585
1189,1344,77,1699,919,477,1389,1844,1226,823,306
1232,644,1300,1781,1648,181,742,1009,253,857,193
1493,1819,254,1780,1282,1415,1501,754,63,1294,404
1242,623,1268,1781,93,1181,1165,192,681,871,1288
902,1566,1280,914,156,1514,1748,857,1084,94,911
260,806,510,1281,1301,908,1014,115,75,150,290
989,1731,1470,1819,1216,74,120,1235,278,256,1282
1295,252,1824,151,1469,1158,1301,1472,139,1712,1783
725,499,278,1256,1564,1819,257,294,917,1485,1525
1840,1051,1237,1703,1704,121,577,1648,69,1374,1306
747,1727,37,645,639,1224,1790,545,1282,1071,1470
452,586,903,855,1732,192,913,170,98,1284,268
2,268,470,293,219,141,445,234,1009,1276,1224
1290,91,1536,987,1291,903,1296,1555,1305,1337,138
1359,177,644,1852,1246,1737,740,24,1217,1182,621
1704,733,430,1146,1184,885,1782,267,1440,1648,610
1154,1501,656,592,1088,987,1752,531,1296,956,1778
1245,1112,199,976,1041,1848,1640,267,1669,1374,964
1064,610,1278,1040,1301,1305,918,1283,26,1124,388
754,12,1306,64,1567,126,990,1564,585,913,921
1115,282,1055,1278,1562,755,1648,1249,1052,1778,790
811,1547,185,596,563,669,914,1117,1761,201,87
1839,664,268,199,1294,1292,1173,743,863,303,1178
471,324,1299,1663,596,531,1242,91,1216,1294,214
1005,1059,1585,265,528,1245,93,1302,286,1299,1716
1101,434,74,1648,964,685,1590,136,1016,223,1188
1307,56,86,1224,713,1290,990,282,146,1015,1051
36,895,1279,1628,302,1183,24,1761,1207,1581,1331
1374,1648,1277,1363,1279,1183,213,1125,1803,659,361
1732,1290,79,1804,416,203,990,121,1566,157,1021
538,296,1811,1097,1752,89,1284,794,1276,596,1741
498,1710,1189,306,134,1303,225,259,1601,382,302
140,62,1355,1722,1433,523,1585,907,201,96,1009
50,286,647,1210,98,302,114,1303,243,312,894
713,1272,80,121,182,644,645,1307,359,74,25
1303,990,1281,773,310,1584,1072,282,1294,975,1183
925,917,290,1741,320,1005,478,1217,1303,796,1597
1284,1290,150,1345,454,294,857,1250,115,890,1013
896,23,1173,194,268,647,1472,622,142,1679,77
459,509,1500,1250,219,585,901,989,278,902,427
930,1659,139,1188,780,158,121,544,1277,91,1205
1849,430,100,179,62,1075,1214,1078,1208,1276,1089
662,292,924,1279,1303,690,74,1306,287,1225,614
70,1811,137,1278,857,74,1100,640,1305,78,167
1807,478,1238,132,457,103,1410,176,1228,1518,189
466,170,1266,572,1374,1498,1234,1799,75,958,1779
1304,616,1294,1123,478,913,1774,1778,150,1052,1741
1005,435,488,27,1304,1289,285,1061,1223,1843,223
246,1415,1782,1294,1432,203,243,194,1084,583,124
740,909,105,1603,1228,1838,501,1279,1410,312,1524
74,1289,151,69,219,1259,821,1298,102,1123,548
1839,459,1340,1424,220,919,922,1704,1426,644,1648
62,644,1648,618,645,882,1839,1173,188,1680,1177
393,575,1687,1657,1566,1161,290,730,423,1479,451
954,942,1276,1294,1076,1388,253,341,1301,875,453
150,1278,1184,1067,1276,694,1303,1076,829,277,745
1717,1076,907,645,1589,1461,1056,70,1290,1278,1306
1052,1263,1284,898,1811,666,307,1337,1181,74,1544
296,253,220,823,1224,695,383,107,990,433,887
878,855,871,640,491,1292,70,1294,911,984,596
805,1564,74,1040,1071,1092,267,293,274,1281,1125
1199,1304,292,729,855,134,1821,1830,1776,91,1293
90,1822,1839,135,25,267,1296,190,1546,1297,1282
1432,1168,75,1247,139,1819,1648,1280,1600,1741,1684
1116,87,1616,1070,990,1304,1443,1688,1470,492,1778
1271,1040,1305,1297,87,1304,1348,856,90,640,1034
1296,27,1780,201,1289,252,504,1082,1470,856,286
1284,82,1150,1137,648,900,1129,415,76,967,71
1719,103,623,952,1296,1849,641,1235,191,1720,910
816,476,1282,660,1589,1732,1267,1372,1844,947,1069
1780,1277,1552,920,1817,1276,1182,1436,970,1118,1009
1106,349,934,1188,167,223,952,78,1018,193,91
395,93,1699,1132,641,92,642,1181,683,898,74
855,1267,1121,58,65,1732,1811,1092,1281,1566,356
819,694,1182,27,138,671,146,641,1490,574,1052
181,8,1012,978,105,1176,769,1155,95,660,139
310,1688,1292,430,919,478,1007,53,1151,1783,711
1092,144,1490,112,1550,1426,1095,71,1318,1297,294
536,1415,1132,1648,290,700,1305,1518,465,1150,1397
74,1309,91,70,1370,132,478,1436,1711,1716,151
890,1441,261,323,1118,1829,1290,971,856,1824,1105
919,1276,1366,1432,1326,1303,294,471,992,1841,1691
233,1026,617,1324,132,1601,948,1552,1183,1170,53
1289,222,587,1280,24,1355,1084,1643,1752,918,190
1651,588,1555,916,1078,691,870,459,897,1780,436
1183,1111,700,325,1843,1297,1195,185,452,1220,855
297,1435,1243,253,277,951,910,755,1555,1544,545
476,1841,621,193,940,119,256,490,30,578,1266
290,1228,74,470,1261,1426,918,506,159,636,246
474,1802,1300,656,901,1365,278,640,1668,596,1752
1752,1012,809,1669,75,156,1306,855,1574,108,1648
1804,1071,1555,113,1574,93,296,1840,1136,1759,1315
1250,957,244,1303,275,1263,450,1267,1302,589,1555
201,1240,1787,523,104,798,202,1192,1304,1353,1545
262,751,613,1230,596,235,1247,1840,986,279,162
1307,264,159,234,961,1438,946,1773,1374,436,1564
1728,1040,7,151,568,1282,1805,1742,588,439,410
1149,930,1804,1815,1100,1862,1007,27,60,1752,694
945,568,1185,901,69,1697,1145,151,1067,1305,1202
943,554,1674,1374,1592,1686,1164,1802,1839,293,1064
950,1847,553,21,1393,293,915,1804,1183,1307,1182
147,27,1092,1648,494,1811,549,1182,1306,1807,1302
856,27,478,862,1708,1233,1776,1285,254,79,1845
223,1728,485,1318,1104,1290,158,1510,1694,1830,591
286,63,645,1698,1108,917,1051,557,936,309,427
1566,1552,1684,1265,1780,1054,292,1742,102,1188,1040
14,1711,986,90,1299,491,1555,181,742,750,1564
1840,1821,453,1648,1303,999,1116,1265,60,1613,1224
1732,1115,1175,1158,1585,713,247,1515,250,1281,3
795,918,310,1564,1290,1289,1587,1265,214,1034,1292
1669,217,656,640,104,177,1257,891,474,1749,1374
1296,811,1585,1839,309,177,1239,1290,938,1298,22
1741,820,1289,1204,908,856,648,120,975,270,1226
219,1681,266,541,917,150,1304,25,1473,1476,1284
623,1291,1225,910,1084,1301,934,1266,1702,185,990
1611,470,1306,1819,1850,623,886,1145,627,216,1260
267,1183,1129,642,1776,572,1274,1294,773,255,1362
1660,183,973,87,1595,368,192,580,1071,148,669
506,1285,1145,1017,1179,475,1276,1378,937,441,23
197,1306,281,956,290,1301,1811,494,98,857,241
27,302,1277,1367,1357,744,1685,694,1304,1811,70
1564,1187,535,101,368,87,873,1818,86,1051,61
1284,299,1741,1694,171,602,1293,989,106,1115,236
1768,1077,499,1648,1282,990,1850,943,1301,234,1787
1087,1276,1409,1306,1305,238,59,1697,509,0,645
76,1188,83,1036,1801,547,1600,1830,302,903,488
1843,581,1555,1284,253,573,1279,1358,1076,1293,1564
537,587,1522,1712,411,847,1804,492,94,1167,80
86,971,1360,574,722,250,478,436,1811,821,729
1030,321,1165,1123,1128,1787,943,156,1282,1245,1681
1547,1167,253,545,153,1034,1780,902,1228,1784,1349
100,1005,505,1374,1302,1637,246,1164,1426,93,293
1248,890,909,593,193,1741,325,1293,1296,975,164
494,1013,268,61,1267,70,355,913,26,1732,990
1534,989,295,201,1585,1374,192,1824,1279,1259,1049
1687,420,1780,133,70,1130,878,212,1078,589,1611
197,144,138,1289,271,1179,268,1018,185,1305,1303
1247,384,1374,139,55,1305,1294,878,1816,86,234
1763,1224,57,1012,151,1052,572,267,106,989,478
1507,917,685,1570,1256,1680,1832,990,1303,1432,1732
1480,289,1289,1681,1036,1441,941,1568,570,308,98
897,205,953,287,302,126,1307,1303,185,413,1415
707,66,1228,1712,1305,440,1585,990,1220,144,1280
713,1191,671,1278,1775,1223,1817,290,1289,1295,1076
692,681,989,293,141,95,1174,170,1415,911,40
1355,239,1830,1126,19,1737,1360,1445,630,1780,1292
1024,1177,1282,1655,70,1056,57,1464,1112,1245,267
1175,333,278,644,100,1067,1801,1366,147,1718,1426
1079,63,1284,245,460,914,1191,1121,79,1658,1306
1203,1653,1665,150,171,1517,1644,782,1625,1257,7
1821,180,104,901,289,150,1145,1056,90,83,147
178,311,1301,177,234,445,981,1011,1509,1289,1546
461,806,1527,1511,103,1167,1817,223,811,1239,1804
40,1282,136,1274,1279,1329,1289,259,1586,433,1648
849,1151,1783,352,1291,382,268,717,341,94,1732
383,768,1229,737,363,912,1106,1305,77,1242,1183
193,329,913,1035,1706,1305,1409,112,133,62,1289
878,1343,1228,1307,27,990,1459,855,790,1009,93
1249,1088,86,1250,1769,354,478,472,1804,193,857
913,275,1128,829,520,1218,525,1650,1299,669,1304
1731,1292,494,737,25,290,101,1160,1157,920,1297
451,1280,307,488,1182,1536,176,535,472,918,1722
194,1839,274,1219,739,596,835,243,295,1426,1278
1178,1019,1296,1566,863,1781,1294,1780,279,1293,1094
1483,776,1690,1280,1271,510,150,430,1305,415,121
1021,478,772,989,258,12,186,1778,1239,449,200
630,137,1564,1282,1247,1774,1301,316,1250,1278,825
243,1774,1296,466,433,925,1036,1197,1757,1811,1215
1175,1160,132,1538,1276,201,792,459,1002,1284,1704
1762,1328,1566,1300,1213,845,1841,254,934,279,182
1221,1185,1058,1486,294,115,1482,193,1648,1354,52
641,264,234,1811,235,175,478,1566,595,1089,1284
251,1416,1306,855,280,1799,750,1426,1677,990,1142
267,1305,1409,1718,722,1294,188,1728,894,1138,245
275,570,1426,539,1106,548,376,123,1276,1305,666
1373,1783,1240,62,995,964,192,920,108,37,1361
180,1243,1700,1252,1547,281,856,1326,24,1500,973
1089,1796,70,1510,1663,1297,1270,950,1019,135,990
1810,955,907,269,1264,1343,1294,1830,666,233,16
267,1280,763,1242,611,222,134,1286,139,460,319
406,1289,1012,1277,908,438,1253,12,757,150,305
1778,1279,598,1831,373,411,1005,119,520,1804,1264
1266,1304,1071,1095,1155,1748,819,1648,1603,581,522
1561,1472,613,540,1648,1100,1778,1819,1155,1675,1125
1374,1778,641,489,1584,1645,1240,1306,645,901,1826
1805,1648,163,1182,971,1189,264,1778,1089,100,1542
196,1289,1285,242,304,1153,1276,1432,50,245,965
1280,1360,1426,1277,998,291,1305,1303,504,1101,1804
387,1012,1804,1303,23,1282,33,296,987,193,373
1555,1112,1187,1128,1609,193,1366,1297,640,114,1032
243,903,1294,1198,1776,885,1026,1586,990,1290,234
105,1292,402,253,1409,990,1099,1306,1277,1682,1850
1305,1617,1098,989,1306,1830,185,1590,1741,1040,485
27,1769,430,902,23,544,747,475,353,1732,1294
1279,641,1151,277,175,27,1229,1217,1294,1338,1658
1648,810,1599,913,958,1804,599,1318,1490,1306,1294
1280,983,140,244,71,1299,1150,1341,990,1261,1510
1426,403,1780,973,747,1299,126,1129,990,1615,1749
1126,244,402,1555,540,908,1008,1284,1731,1802,116
1318,1182,1741,188,1276,1217,459,1121,1686,129,992
705,376,100,1296,1752,119,190,1470,256,177,1479
907,306,1184,1093,68,444,451,1547,1291,1566,185
990,1374,1780,509,1041,1275,1585,1807,1045,857,254
767,755,94,1281,857,146,4,253,1648,259,917
1851,793,1640,1564,195,1237,785,258,890,749,185
70,1732,1153,550,546,78,853,72,179,811,163
1058,1726,252,1182,1732,890,278,139,1776,921,656
1484,185,716,1289,878,1224,510,598,281,636,786
5,1289,1266,466,83,946,1491,259,25,1811,889
1284,86,950,499,1391,853,26,1804,220,540,132
259,1185,1741,855,74,1555,1040,1285,1300,1296,1071
1374,1288,465,1552,349,1792,93,920,1752,25,1488
1281,1341,1545,1243,185,64,1680,990,176,1741,1052
691,140,1457,1849,72,1857,212,1648,392,911,334
152,1566,1695,1476,697,1754,1227,1741,586,1861,512
374,1150,1177,302,1778,645,337,937,133,1547,1120
1276,1783,1298,734,1301,1534,134,298,390,1566,1692
527,279,1267,204,1340,129,148,307,98,306,103
1204,1021,1550,274,990,695,700,1278,193,1076,1234
1553,911,1426,1307,1095,1671,352,1234,1298,490,1356
70,1770,141,197,1302,1276,1234,170,875,1294,530
743,1840,24,1776,1281,71,189,645,1409,1819,194
1727,340,1542,1423,74,1280,930,1291,123,1374,1306
667,270,81,1732,244,1266,280,1306,1128,1294,1432
921,511,172,189,1276,69,1352,1013,1005,1778,1648
23,1292,180,954,123,138,1021,1790,236,273,1123
1215,991,1840,178,1298,1013,430,478,424,520,1099
12,1126,695,1292,244,1163,14,257,1076,1441,170
847,1083,440,74,1693,656,325,513,287,1441,1799
1747,279,243,156,1538,219,596,242,886,1326,1763
1268,656,717,748,1299,1584,677,745,715,1780,177
1640,1433,1510,787,600,1284,540,1555,1840,1305,1074
19,781,1295,192,1564,1712,476,811,1141,748,984
1305,1440,1825,407,1415,155,855,458,1566,1805,64
990,119,1173,1701,1183,1279,1307,1822,268,856,669
294,1279,261,571,1225,1289,1306,1189,478,855,1036
1302,1546,245,786,572,465,264,640,1240,83,163
1271,1284,1128,1145,51,22,212,1426,1630,1281,152
1741,216,348,192,1000,505,1432,535,1591,1620,1534
1268,131,877,134,1174,1655,1284,260,1694,1158,748
142,1282,89,129,1584,1732,596,987,877,148,867
1426,120,1071,857,1648,1014,1741,1804,694,715,919
1417,1228,623,1781,122,1295,244,26,1712,457,256
913,219,1030,1477,275,278,1657,1302,1780,1648,1291
1598,1276,1217,1279,221,209,912,1505,1257,1564,1153
254,1584,94,388,1291,1210,242,70,234,1305,989
325,795,289,1554,574,1307,588,278,960,1648,727
1296,1289,1533,105,1851,627,144,94,695,765,1237
505,121,908,645,192,1804,437,934,689,1082,1284
1783,1281,1703,1712,91,1585,792,1586,87,1518,306
1757,1216,1296,1778,901,93,1105,1302,688,1819,304
1307,1289,645,855,1098,1168,967,917,623,1285,1288
989,598,645,1199,1550,1357,636,561,1373,147,1804
264,1804,1279,526,1105,1136,152,1233,1298,52,4
1417,597,1333,1115,623,855,1078,1161,1295,1290,1620
120,79,491,1150,811,217,1669,1781,1323,1188,70
805,828,302,1295,402,1231,793,1306,1229,1208,23
287,1281,907,695,1292,877,725,1437,1022,520,137
1034,1566,45,163,275,494,254,845,1781,1018,1741
128,1304,956,1231,1804,1152,1300,1795,444,74,1303
1304,1198,1034,243,312,25,645,416,926,967,1610
653,61,1712,1036,1840,587,70,1343,816,101,823
1275,713,67,1432,1415,683,1556,1561,78,279,128
1819,1568,1780,1793,1817,133,1754,94,306,148,1752
1335,1328,1182,279,1275,26,290,1781,1301,1804,866
212,91,104,966,641,176,134,877,1017,656,1844
303,1295,724,980,857,151,911,872,647,175,1335
1793,1217,915,1353,1122,1088,583,294,354,1314,1470
1280,298,50,1232,596,57,911,392,917,645,1104
644,1295,1280,1759,181,265,1832,589,59,903,921
1365,911,575,121,1738,1801,990,167,219,459,1839
123,1284,1225,1690,1804,1230,1036,1614,955,893,779
1300,330,1229,1034,956,1293,128,184,1110,1752,152
1289,1817,1070,1034,1303,146,151,1294,1280,1266,478
1254,1843,786,642,1817,175,25,1842,190,1235,233
1289,1386,1007,1082,70,1683,928,204,1566,733,1292
134,0,1099,292,475,1266,1303,1164,265,78,793
1844,1555,128,70,91,1148,285,1489,1009,126,27
1284,70,1686,1298,1182,1128,94,1536,1555,1223,23
1041,1811,1440,1113,23,473,1294,430,1297,860,1545
1648,402,79,1040,70,12,517,1076,325,145,1290
1432,1839,27,395,1752,1472,1811,855,570,647,1624
1741,185,913,499,1184,220,1303,1188,351,1032,1245
85,290,1529,890,598,1282,294,1727,478,395,1155
253,117,642,264,74,1727,1128,190,661,1289,1736
1775,184,433,1182,620,1352,93,937,1553,228,1087
60,1281,135,100,1821,261,1289,990,1804,253,193
1752,983,1512,70,294,990,656,1038,664,1564,148
1289,1026,930,1303,1198,697,1682,484,338,1306,1752
1314,76,1776,1024,1276,197,163,845,246,286,211
1291,24,1778,1751,245,1257,857,989,255,98,1284
1426,254,793,1306,897,919,1305,78,285,961,1432
1566,1097,1259,288,272,1811,713,1276,642,1418,151
1830,644,918,1741,1332,598,1821,25,152,121,244
749,108,1235,1389,661,348,1453,1648,1417,194,497
1445,540,669,448,295,100,27,1076,1195,144,1251
1266,1301,306,127,1450,1191,219,897,70,767,1192
981,1267,1297,1225,1298,325,1121,989,107,957,186
1158,742,1639,1293,568,78,259,1354,1633,325,27
927,1804,1547,721,1289,12,1306,1783,549,855,642
1132,277,285,320,1276,246,870,962,1613,1510,942
1307,1801,1040,855,1780,972,907,1546,1233,1073,1219
786,1430,306,690,1180,282,14,636,1783,1648,213
302,918,1813,1566,245,268,1109,1385,1053,1279,177
549,282,990,239,223,983,70,1572,1290,1301,154
268,345,1115,288,278,952,1555,1333,1129,152,165
1648,1534,236,1817,1776,950,1297,1281,154,80,220
999,181,27,374,1780,806,908,1264,912,103,51
308,1846,1304,901,1547,913,569,262,55,1301,998
546,590,624,191,1032,17,466,914,188,4,1217
1041,1374,608,70,374,1691,1175,1294,1851,1282,1441
139,568,383,186,1141,909,27,1113,488,1804,411
1616,51,1803,1752,1026,919,1237,695,289,920,918
22,644,945,361,1776,911,116,1511,810,433,1242
74,772,1640,244,1616,1038,1837,246,835,69,1791
1627,819,950,1294,1007,287,639,1195,1295,1564,1302
495,75,616,1839,1555,640,772,309,445,1817,254
1145,383,540,151,857,1780,92,1367,1846,727,1778
1046,194,1500,1300,114,1284,1470,382,1566,1226,1826
84,260,1174,1801,1276,51,1278,669,1440,816,917
760,1168,1178,70,911,1265,1148,286,1294,656,1585
1393,1284,99,1818,866,1271,290,236,1351,640,157
1307,257,71,1704,1291,694,990,1778,1845,1490,140
1426,1257,958,1280,1179,591,910,1778,1276,1145,1284
1296,185,1817,823,905,1417,1280,1183,1783,1811,376
1337,1181,476,1304,943,1149,335,1275,402,302,151
155,1224,1285,749,1280,1426,1125,95,656,1406,305
1839,233,990,1147,1288,1648,1073,1732,319,1489,192
619,1348,1682,70,635,1225,216,1290,572,62,1307
1008,890,126,708,807,1566,1537,596,1378,811,218
1157,232,1741,1295,1491,119,1040,823,1278,764,789
190,1811,1276,1307,989,1055,1560,641,1285,1712,1752
1849,203,1304,1804,1175,670,304,1699,295,478,573
1294,1228,343,137,128,732,135,1278,203,1289,833
1083,307,1854,1780,108,1692,1698,902,1305,129,1741
1276,933,1167,190,1165,898,1306,990,1780,820,1500
285,1294,1836,1296,1752,259,1298,1781,632,134,24
255,126,625,125,1826,1564,1279,1019,22,584,190
686,1553,379,1759,1434,1287,1040,571,1041,244,925
1226,1258,303,140,70,643,1182,1648,88,1332,100
1839,27,1781,1770,1017,1258,855,145,1339,253,1307
640,1123,1348,990,627,303,177,1111,1220,833,1306
1855,1017,415,1174,965,88,1225,1291,280,1156,1278
1830,1278,86,1827,27,1689,1084,1648,768,1778,749
1306,768,197,1147,27,1320,389,909,104,74,1282
1181,23,1298,1552,813,1244,1086,940,897,1128,1303
1564,88,1182,155,1158,204,1457,382,16,1290,92
295,308,176,1473,1778,657,337,640,335,1290,950
1346,1717,736,1145,476,1218,990,478,1699,74,268
1182,1303,1776,1863,1842,1167,70,343,1225,1145,197
1850,1806,1291,1100,1225,565,778,907,1002,1029,306
234,1294,1280,318,1704,1752,1555,418,276,114,891
1305,736,134,1267,93,1839,903,1343,1094,1277,990
93,917,890,259,583,1475,1295,1161,823,12,123
49,74,1150,749,1682,1585,458,1512,306,1547,919
152,1595,976,80,1277,1240,1267,246,1545,645,1045
164,1076,233,147,1774,1008,1279,1548,1752,1132,877
24,529,573,335,967,1780,126,1470,289,253,950
692,1696,74,862,415,1332,908,990,253,629,1076
13,1585,1676,1305,739,1204,917,1087,1432,798,669
989,114,1041,302,259,1297,969,1811,1288,1154,856
1290,1284,1855,184,194,1566,279,186,1230,478,984
258,862,1773,1759,1736,1585,128,571,1299,1190,644
1303,74,305,827,86,1757,1092,890,1674,1585,1294
80,1372,817,1776,1019,996,661,1032,370,374,1752
177,1545,1278,1248,26,775,1301,695,152,92,454
1195,70,1468,1064,194,972,478,855,731,1648,1296
1187,1778,1302,259,640,937,185,59,1811,1732,1132
270,382,1303,586,855,121,1694,109,906,387,101
1759,924,1547,1720,1303,1191,1332,181,811,1443,504
1289,285,1286,1045,1789,259,1547,1266,1297,289,749
275,1137,695,132,1312,1247,459,269,681,1282,1720
753,27,990,1338,1290,750,1372,251,1129,1780,1303
889,1188,1184,576,1356,1555,789,1084,1863,1295,383
1806,323,1306,153,1278,1293,460,146,778,193,253
138,1648,1373,1773,1804,77,129,259,1279,1409,100
1696,1304,651,267,623,907,1437,1778,1336,284,292
890,786,294,1758,1145,1455,1217,312,588,1188,284
1300,890,244,572,501,659,165,324,1284,219,1268
132,1364,321,1018,561,1047,1675,1565,176,1278,564
645,1286,37,281,280,1784,436,1374,310,1290,1702
889,1843,139,1811,1183,76,689,1059,855,1280,121
478,62,307,1128,262,1538,201,556,1266,489,1495
181,1409,1302,1783,1073,692,1564,1303,644,613,150
379,39,282,1648,42,1546,1089,636,1507,1303,1176
1145,265,244,1731,1132,1280,1303,1583,1350,361,764
132,934,1603,1819,23,1187,325,1518,1694,1426,1486
1076,694,174,1289,1830,382,1105,1314,114,1467,474
638,640,1745,722,1584,1585,1658,1547,383,348,1291
960,1692,1655,164,274,1182,315,1741,767,610,1298
1518,1811,1289,1265,186,1447,1691,763,1702,790,776
1644,1192,1539,990,19,833,1063,764,1374,1648,1067
1328,1451,1305,204,902,1204,302,990,151,949,1555
748,642,855,58,890,99,126,1804,1348,1770,1550
920,204,1290,1260,640,1811,656,163,1349,192,1584
940,1276,1188,1163,39,86,1789,598,407,645,1183
990,1230,1035,845,23,553,1498,996,1699,1585,914
1155,1266,27,315,1669,1566,18,903,305,917,1307
1854,1294,907,223,59,1232,1811,144,1300,79,1160
955,1129,664,725,49,99,1804,1165,1284,1426,193
25,1041,1073,1780,1182,1712,1157,1388,656,189,170
1069,1291,1648,284,103,1585,1430,1819,1247,57,27
907,1302,639,532,1091,86,1781,989,590,1461,969
990,574,1294,1737,1621,641,169,264,1191,12,260
1152,138,1279,651,1300,514,1041,1304,1729,1741,669
1533,1305,86,1780,98,1401,383,1100,116,84,1343
677,862,1213,108,1706,1293,1648,1845,385,23,645
621,853,603,103,1804,1280,911,1807,1828,684,1306
1362,63,656,592,176,55,1204,808,847,325,1844
855,255,221,1684,287,1320,651,1328,1036,1289,1702
1276,1328,303,1537,185,764,548,1284,1182,139,1159
1284,1292,1158,917,1278,12,259,793,1500,99,807
1804,1160,636,947,1183,1285,1431,582,23,856,942
1783,1104,560,836,941,1595,1336,1648,1475,743,1741
296,1470,32,517,1297,1565,506,1182,1769,978,1041
750,784,1841,1585,1042,815,588,1406,95,1279,1547
415,234,1822,1846,178,77,1024,1215,1669,259,114
92,722,260,1752,268,1783,253,150,1289,1257,1276
990,159,1819,268,91,339,992,1321,1216,934,1296
489,1844,1648,944,816,247,1777,1741,579,1343,1795
1145,1614,314,222,1164,990,969,136,273,59,1280
88,1206,1694,1374,640,1167,128,1689,1749,265,155
23,1183,148,1343,1780,588,1783,679,597,1555,1266
791,898,1625,1087,1295,1648,1026,411,937,217,1360
741,643,75,1785,343,1019,4,1839,279,1648,83
1195,1082,596,1516,640,221,914,832,123,400,1289
656,268,759,1301,69,937,114,465,623,925,1066
400,299,1284,93,197,684,1621,749,12,1801,1741
263,222,1783,1741,958,1538,1756,1694,1778,1374,990
1291,457,377,1272,1219,1307,1303,579,739,1489,920
1279,265,696,917,1776,716,253,197,953,1801,855
600,598,1374,278,1769,404,97,722,1426,1243,1071
1017,1348,74,24,1426,503,1284,885,1555,262,275
1285,674,1299,410,1804,990,1223,920,1106,952,141
1648,855,1804,295,1232,129,58,989,1285,1705,674
1409,100,459,1386,1366,1498,574,642,1566,1277,1344
1500,1776,784,946,95,1365,155,1256,1836,1648,1208
760,416,1049,747,774,763,1251,474,1504,645,1327
163,1703,1091,74,102,1616,263,1787,1653,132,1337
867,779,70,919,1533,1139,253,1343,1064,569,600
219,1225,1182,1382,1282,1344,903,142,273,296,1783
1188,120,301,169,253,1112,1741,4,856,1703,1613
1303,138,95,1290,1299,478,1699,128,1289,93,1830
12,610,855,1040,151,190,51,1223,1362,1693,1260
1424,763,255,1183,1681,1840,1307,990,1092,1204,79
1302,1669,1281,99,1077,1279,23,1736,261,1754,911
276,949,26,1679,1317,1585,478,1291,1041,1294,1281
18,1828,1399,189,1295,727,1256,1472,1305,589,1015
460,1093,876,256,1839,1428,194,1544,890,331,570
165,1838,1266,291,161,900,1291,1387,1289,1824,714
1410,1640,645,1281,1113,106,1276,1246,1250,71,1540
658,1275,127,1561,1648,937,834,1051,178,922,221
535,1851,640,61,1040,114,202,137,1158,1307,279
134,478,176,1297,1712,1572,88,186,74,697,242
1249,187,1778,253,1602,279,12,1409,1539,744,1741
1293,148,1842,1472,656,1290,70,440,901,59,912
1282,1529,873,1432,1712,990,18,1306,1290,185,1224
390,644,292,254,138,27,914,1754,1804,998,1125
181,857,151,1203,178,1566,852,720,18,677,1349
132,176,259,1338,686,1145,1041,857,1322,729,1555
1378,855,1291,624,874,1039,1038,1058,1228,1264,987
1580,641,1717,596,1808,1125,1858,856,3,291,1222
621,192,1584,1432,1290,596,1633,611,821,1282,1841
1301,1357,1426,1505,144,1032,1566,1781,1278,93,640
106,1280,275,1279,289,1389,1076,1209,77,823,1712
1041,1585,630,128,513,889,1296,942,417,1232,1292
1276,713,918,1612,1277,1074,1741,291,1805,197,1285
593,1296,1566,1289,1584,1706,1306,708,645,894,1770
1161,1620,1156,1852,294,157,857,1545,1051,1555,1182
70,469,582,938,1294,74,194,128,206,123,1633
1306,1676,475,302,522,1584,1804,320,990,1566,1021
1566,1804,640,612,1585,1136,478,1811,1817,767,914
1279,621,1317,509,19,1855,1182,1306,1846,3,579
1136,75,1780,1306,642,142,188,1279,641,348,494
484,1752,1804,12,1754,1703,956,855,172,952,465
1046,1547,133,245,639,1028,1566,1216,699,594,1215
1087,1566,598,1290,1291,939,1233,104,883,1855,1789
921,264,86,690,1678,1680,1679,1545,1011,178,656
1326,942,989,1818,1051,99,1266,1284,1052,1580,382
1404,1555,1564,74,798,1264,188,291,1804,1530,1022
1819,23,1321,114,1242,956,1290,133,12,305,1298
1564,118,1806,546,1741,1303,1289,1585,1840,1811,1780
74,1212,114,1432,1254,1280,864,1476,1564,919,361
1106,1276,1531,195,990,1280,46,1266,989,306,1138
1164,306,901,451,1305,623,1585,1366,642,1168,1251
1830,76,1299,1035,983,1727,1804,949,388,669,59
95,1087,1296,18,1182,12,461,1711,1472,1844,1280
74,1186,1675,1613,1076,1817,1303,68,194,196,383
26,188,1693,1732,1710,914,1294,776,1685,917,911
238,1298,59,23,809,529,155,442,369,1306,1260
518,118,1783,983,509,1509,1187,901,919,1192,166
586,201,1804,54,1018,249,954,1009,260,1061,179
1781,1819,139,588,921,600,1702,229,380,823,1271
1645,1307,178,1354,590,908,1846,261,163,1741,1626
1644,921,1700,1762,1285,498,1757,681,487,1058,1400
1565,147,12,1659,1266,134,1076,478,385,499,991
177,171,1277,877,503,173,1289,623,9,369,1307
1278,285,268,644,1323,1566,1555,1805,1609,1104,374
472,1373,291,1712,833,1741,1235,1840,1752,1183,475
280,1106,1817,1306,1321,1584,1555,1297,1818,1279,128
405,23,1301,123,1292,308,872,1579,270,1787,905
185,1296,1084,70,615,1074,1284,639,641,166,1566
829,1781,1428,284,70,1695,914,1804,1184,598,403
27,194,1741,1119,1300,478,1643,383,319,328,1307
1155,1214,357,877,94,243,1487,188,1016,100,1709
1340,640,245,522,862,1770,1741,890,755,1443,648
1120,1597,302,1746,955,1136,112,445,1752,83,152
92,1555,1819,93,1295,288,1817,1066,454,192,1040
24,416,98,129,101,1237,37,1284,103,370,1295
1716,1280,999,1635,274,1305,1129,1820,262,1374,675
1821,926,1276,1026,280,11,430,1824,928,1581,1369
180,855,1459,338,138,1193,389,1353,1555,1409,1256
1604,1780,779,778,1298,1142,1279,596,1073,1774,1374
476,253,1305,995,12,1276,62,1304,1028,1490,25
1060,1666,1250,239,990,1302,1182,1463,1583,767,640
92,1299,995,1648,1741,568,253,407,507,190,1181
100,1840,1250,1778,641,1676,1680,1266,596,1016,616
1648,1123,286,1645,1295,1242,956,1240,1164,531,220
1566,1817,74,914,644,796,1284,1700,102,835,948
908,1564,257,126,548,1088,1337,955,1294,1187,1159
245,990,747,532,1304,610,1499,1630,156,1617,188
1291,74,128,1839,466,1521,706,1744,170,146,1844
1231,914,660,707,312,112,1824,1018,1189,1353,509
1021,259,1741,1374,147,112,1513,377,223,1024,181
1800,1585,909,1136,1300,476,1559,1067,989,990,857
596,1752,990,1302,150,478,1276,863,1787,77,1303
1243,1752,1781,1314,990,1345,69,1804,1295,279,1292
275,1230,346,51,1073,1303,485,1689,1304,877,3
1183,144,639,1092,747,1426,1860,1716,621,1076,1706
1271,890,25,83,284,1284,1839,1432,1778,151,87
1285,1300,491,402,913,561,185,1304,1057,1752,1234
1279,73,792,1028,65,1105,306,1627,1804,1819,1074
216,93,140,478,86,1154,26,1088,382,1302,1101
136,256,223,27,1741,1290,935,294,219,270,1298
1054,644,98,1303,277,1415,545,139,1840,1669,941
1278,1740,1732,1041,1303,1780,1180,659,1276,1262,1203
949,1550,1558,156,1691,1374,1669,1187,1804,696,311
1304,291,36,1290,38,77,1694,322,1224,1301,1778
341,674,651,960,1294,1300,641,430,74,862,273
1842,588,1293,1860,972,1306,128,1379,655,890,1068
257,1758,157,245,1235,945,990,644,1289,865,1296
1374,479,924,716,1337,1243,96,1277,1800,799,487
1844,908,1177,1722,478,1314,1099,1741,86,246,1085
1014,519,588,744,590,1374,1051,137,1625,1754,280
1076,615,135,1158,827,656,684,1173,640,56,1063
1239,165,570,642,1374,1280,656,1780,1024,485,953
1223,275,1302,1819,614,754,588,1286,802,1217,290
629,1555,1278,1711,1281,644,1277,1029,1307,724,1235
1036,531,1760,1409,1555,1648,1305,1280,1566,1307,1042
94,640,947,265,1500,1242,622,485,857,379,70
1148,1627,329,219,79,220,399,1249,1109,1566,1294
294,1058,291,1672,164,571,1103,1490,1564,154,1472
91,1851,325,1817,1752,289,202,312,898,1564,1291
1845,1564,106,1661,598,1415,1141,540,302,1764,1085
112,27,167,913,474,615,1306,527,25,946,1648
262,1296,70,1132,605,24,1824,1839,901,370,190
341,1439,970,292,1481,1294,1302,912,990,203,1820
137,289,1819,1182,772,465,1145,1687,753,1564,8
1294,74,808,1120,1647,863,1580,163,219,280,1369
1752,23,761,1300,295,269,1302,1566,621,286,459
1289,235,29,1804,322,284,713,832,26,1680,1
1453,29,912,641,192,645,935,596,1391,1551,700
1585,1780,891,921,621,1564,984,24,321,1754,1085
856,590,1287,1385,1290,93,1012,447,128,1042,137
1441,1149,1426,1145,192,39,695,1189,1708,957,363
1132,1148,695,1655,1045,1513,665,185,717,177,1553
1842,23,1804,167,968,98,111,1680,92,990,1819
1071,1285,92,176,1295,91,1024,1246,394,1680,136
1778,70,992,91,1613,123,1732,1279,80,1712,1182
926,233,1741,1566,750,294,1745,1227,833,185,265
83,835,1360,254,925,1426,1837,1350,510,664,1699
112,91,36,118,596,1333,1306,869,1076,1161,1294
70,220,1076,1282,541,532,989,87,1816,1844,1536
918,1305,279,661,1374,93,374,186,762,907,190
56,939,1027,1276,942,641,1741,1203,1129,1373,1279
1326,875,727,12,1529,1842,1268,90,1009,990,1036
1030,1051,1306,1290,760,639,197,788,193,1585,557
271,1778,1294,900,296,1299,1426,567,541,772,1804
264,1237,1280,112,1291,1859,618,1111,901,185,596
1804,308,907,1616,953,713,178,1303,1297,1811,281
136,37,1852,1555,242,1534,120,1143,1648,468,478
25,1660,429,265,354,1307,1343,126,990,1305,1298
1216,545,192,464,284,648,156,157,1596,1303,202
1058,379,1588,1289,25,1503,222,1648,1610,1564,764
645,1648,1053,1472,930,1111,1625,1409,170,1374,1590
773,1374,1307,1388,1289,1550,1819,1551,917,689,1146
72,1280,855,1285,639,856,1144,1780,890,156,990
101,1231,1719,1145,285,1306,913,1741,1183,156,356
1123,890,1566,1846,615,244,1306,1547,1564,1279,749
1260,944,1061,1842,272,27,289,1189,907,1284,681
254,1374,1268,1305,74,192,1068,862,642,1188,1828
962,1245,1840,223,1302,623,746,641,914,1555,857
1537,1713,1289,1198,1840,220,297,792,1294,281,533
100,834,1199,27,627,1701,1783,115,1182,1736,309
177,963,280,1819,1704,1488,1041,189,872,1191,917
23,94,964,990,194,855,237,574,877,1817,293
1426,80,1296,177,74,59,1195,1529,1742,18,1524
280,1128,256,1658,103,1289,947,184,1741,725,1550
658,1683,1150,1741,1228,1657,1816,170,284,1265,875
1374,1789,1568,1233,482,177,1041,1278,293,1644,123
808,319,1819,1781,257,1369,167,1730,303,254,176
1136,972,1017,683,294,254,1783,157,1298,1278,320
1501,150,672,1279,1648,243,1306,253,1289,1564,531
43,1302,645,1850,1861,1276,1030,1350,641,1704,1288
279,1300,194,1830,1547,1111,306,1860,589,568,1307
1237,37,615,459,1227,855,1625,1298,1648,268,368
246,1851,1314,1060,1778,1303,79,176,1052,307,855
1276,1692,388,1585,914,641,192,860,1289,699,141
24,1292,990,713,65,1018,1741,296,1843,1297,1829
1265,171,1293,25,1019,1398,1235,1409,305,284,69
1349,1305,491,1289,277,752,118,990,302,706,589
956,1605,395,1114,1189,484,1099,1534,93,1276,713
161,1563,523,87,555,1126,1238,1690,645,253,661
828,1546,1372,1630,112,204,1712,973,1295,1294,90
25,808,1191,1778,104,396,1290,1288,1299,108,459
684,823,1637,873,133,265,683,1321,155,1259,995
990,1265,1289,1294,1307,989,1143,21,618,244,64
152,289,265,1297,16,918,1525,1711,235,582,856
90,407,1293,294,1307,1752,148,1347,489,1282,1272
188,1726,732,1545,180,1062,1290,308,206,111,1546
921,259,1684,1534,1284,122,1282,1376,1752,294,1648
1278,1296,1315,690,1285,855,1302,671,174,990,1130
1659,990,1163,1265,186,774,175,269,1276,1776,1280
909,480,645,1277,523,990,624,1289,1293,444,779
1566,112,26,1584,1426,807,1041,293,1436,298,296
1781,1449,973,889,1771,156,626,286,833,644,1235
629,167,180,1163,1776,1741,490,1248,914,1052,1721
1536,640,1013,1034,383,1277,1706,1092,274,795,1165
347,1302,70,953,935,254,1783,478,855,1422,1677
1433,172,1780,1543,982,1804,1032,70,872,275,1303
473,244,1375,1298,134,383,390,1507,1191,998,1011
201,1286,1032,511,1306,65,92,1749,1721,907,1284
293,1279,1856,1547,656,1257,177,1678,715,1291,922
36,956,112,70,180,1807,1007,1523,478,1642,291
1295,180,1205,1774,350,1279,222,1285,989,270,220
1823,640,990,219,1058,243,254,1817,778,703,103
1304,1096,1067,1729,1161,1203,70,1265,157,598,18
1247,1374,1620,1852,234,1284,1281,724,1304,862,269
944,1635,1459,1703,1116,153,1781,683,1425,1700,294
128,1805,1117,98,913,1671,1838,1226,1844,1240,70
1292,46,1306,645,1804,478,307,519,651,1539,1741
1723,976,1279,919,1230,1676,667,972,738,1299,1559
501,243,200,123,1265,997,223,1406,299,194,244
1374,1349,1289,270,931,679,1554,1778,219,990,220
853,1687,279,923,1302,291,1123,1766,244,1071,1306
123,23,659,656,1301,293,1811,194,1369,1686,1276
1281,51,1297,1708,114,170,1290,925,1210,320,1432
1278,1804,1710,1073,78,744,719,1307,294,635,137
1213,59,1156,805,64,1030,296,220,833,88,1721
583,253,92,1232,1780,1297,1284,1032,1653,639,1224
259,1778,1245,1490,912,935,1780,503,548,1274,395
598,907,1830,411,1076,80,1460,1017,1585,1118,293
1303,148,523,1699,645,1490,1302,644,164,62,1740
641,1564,581,1022,23,1288,233,1204,1490,544,821
1234,1839,1671,1851,288,424,990,1158,1847,1432,174
1804,1289,1266,936,645,1276,535,1285,685,990,286
1819,1744,1284,1432,1379,364,596,969,909,459,27
819,739,1648,648,1591,919,1292,855,1228,1008,1604
1179,479,1677,192,279,265,1334,236,511,25,23
1374,1574,1280,1224,1282,1323,1306,598,1597,319,278
966,723,855,74,1730,246,406,1076,1304,178,919
990,294,855,1432,1781,1561,88,1472,290,320,1426
1085,552,1585,167,1097,1544,139,1776,1278,155,105
270,185,1017,1353,51,1159,726,1168,184,202,1851
1267,1294,128,131,135,1558,262,1828,504,1120,684
23,613,238,1676,1302,1585,1206,1301,895,166,78
284,1780,970,908,540,1205,259,1490,916,506,165
1360,1237,1747,1695,1289,1298,641,1706,1220,1685,164
1778,575,25,1659,1780,279,1748,185,1754,1696,940
1363,1811,1076,1329,1074,1036,1741,1607,1441,280,108
147,133,978,1564,1538,86,1289,1044,478,260,813
1011,686,1811,990,257,263,266,1393,1291,12,287
694,410,23,1346,1335,856,280,1305,1488,487,14
258,934,1678,1268,285,1052,1470,1263,1328,147,1293
1804,799,1595,1000,129,478,255,1836,645,644,1149
1289,1279,917,891,23,1248,1674,166,1780,1306,25
771,1182,27,1276,1669,862,75,1564,1281,1295,984
24,589,1306,838,1276,1208,137,1776,752,938,642
152,94,1438,971,998,253,1153,177,117,645,348
254,675,478,1300,194,759,1839,855,79,575,1849
1547,59,780,909,1472,1781,926,194,901,987,1272
1683,552,1301,596,1248,178,120,1472,1280,1352,1350
1842,340,1564,433,70,1819,1426,1642,1817,89,952
645,656,148,280,1564,613,223,890,543,1123,1575
294,1566,802,1082,907,584,1182,686,919,838,1830
1689,1399,254,1676,1300,989,808,1426,937,365,429
656,1072,74,167,951,220,852,1545,990,943,1710
167,1088,1299,291,1296,1292,478,1358,273,1291,62
1062,875,1266,1344,990,126,1291,181,1176,1767,1537
1426,1312,707,64,508,974,1707,134,411,146,1289
1306,823,1018,1307,99,1711,881,541,855,133,1279
24,1756,1566,918,751,915,259,70,1294,1182,1116
1503,1294,1249,1648,1291,1470,400,1732,1432,197,1290
785,1374,1844,55,738,102,953,221,419,1276,1366
1271,703,1717,598,1292,912,487,651,1294,27,74
1783,1648,1778,902,1297,1150,95,234,855,615,74
1837,1293,114,243,1050,1778,120,1741,1291,1216,778
70,373,1306,159,788,1781,1775,1492,4,1303,1160
1776,1741,1061,560,772,289,1295,942,83,1225,1839
819,478,645,1261,137,273,1457,1328,989,307,279
202,1731,46,1285,985,93,993,990,27,658,721
1804,1265,1294,549,1276,1363,1544,1853,1279,912,956
1213,1055,25,491,1619,698,596,875,1472,1018,729
1240,1142,1769,1811,1774,916,1305,1418,1851,279,588
913,979,920,641,1368,285,376,79,989,1306,1210
49,1374,1187,180,1304,1770,1830,1752,1432,148,656
889,1781,911,226,891,1292,1086,1305,327,1303,69
1319,1266,25,1782,121,506,669,1799,1018,1732,189
440,1819,106,1804,1284,197,722,376,1266,64,1617
1302,884,1780,636,242,289,1839,1279,1648,1276,1123
244,24,49,1669,1092,493,176,702,1373,185,623
175,911,1741,1166,641,262,1164,1182,1534,1778,1136
1680,23,1132,1100,1436,1288,1278,25,1572,1223,198
