601,321,1817,1778,298,907,857,280,984,615
112,1304,221,23,200,1778,103,1295,889,1342
1802,1839,1830,1257,478,1450,890,105,270,279
586,1837,498,1415,259,485,855,167,997,1305
1778,665,1524,39,1426,320,27,645,1372,813
867,862,185,41,1281,1648,1138,641,1651,1249
399,128,1296,1233,644,134,555,622,562,478
303,1843,1781,1807,490,675,1265,12,583,1792
1789,62,93,863,620,1348,1223,1821,1303,1547
1648,1306,1182,1613,1298,763,955,198,1289,306
1163,297,658,1675,499,945,1501,645,1807,268
1303,615,1294,1026,4,152,177,1536,1293,1145
185,1291,1068,640,573,581,1024,1741,56,1136
936,126,1843,262,1840,973,714,1079,918,959
241,1288,1285,575,1836,399,1595,1245,1780,989
179,1265,79,1276,108,194,813,362,748,1392
644,1130,862,1717,1547,1711,1225,1230,22,1300
80,257,1034,553,1566,343,1129,219,296,1695
1585,157,1759,245,608,1279,1535,1167,856,868
1288,763,596,1296,1534,1285,1741,1088,275,1651
65,1104,1851,1303,1061,49,1076,190,417,474
1566,1118,1291,165,90,1290,1676,547,363,1095
1804,748,1294,1314,142,268,258,1694,755,417
1277,214,1612,1012,1802,1699,159,1169,762,1304
1752,1546,112,291,1040,1304,989,1083,744,1306
645,223,1635,148,1778,1804,1296,1671,283,1232
1689,1281,779,1289,1513,462,144,1243,764,1450
1566,642,1128,27,1092,416,1669,748,596,1095
1139,1832,1804,1409,588,1181,690,1678,1279,1055
1731,940,1830,1811,621,535,285,1129,1683,1618
1292,920,1353,636,781,1778,1648,742,293,1530
510,1088,71,1009,1281,863,1290,641,833,293
1220,612,901,68,1648,50,889,1542,1204,1265
194,258,1804,187,373,283,1089,244,1432,1190
445,1848,1706,1819,707,695,294,914,1741,1821
1737,280,1009,68,677,291,645,1840,1307,1545
307,1296,719,1168,1228,644,588,1307,1247,1340
602,1374,165,268,1569,266,246,1830,323,1415
39,1294,1376,1415,904,195,506,1279,1783,984
1145,1566,775,669,95,1832,108,185,1279,1303
1364,1286,246,836,389,176,921,430,1014,101
25,1271,980,732,73,303,1374,656,105,48
254,1405,1518,460,1245,1128,1280,71,781,665
548,1781,990,1136,1566,270,532,1277,669,244
1808,574,234,1566,211,95,997,1149,1507,1400
1776,778,1778,1302,1791,1614,754,1648,579,1836
194,1470,1566,163,950,1306,645,1280,1069,1298
293,474,99,377,497,1088,753,1625,1213,1290
473,354,1753,489,25,1752,123,1005,49,147
1029,1187,1376,640,1752,1039,444,772,511,1090
1561,1185,1289,1076,103,1853,1648,1285,91,26
1148,1378,1426,104,521,1303,1247,1723,1780,87
1372,70,915,1689,319,1642,1292,541,1279,1261
1053,259,901,1714,196,1805,1712,54,184,937
1084,286,459,645,1289,24,1285,1297,1276,280
714,27,1426,1290,1104,1682,466,53,896,1804
484,1128,1804,111,1824,248,1566,108,938,990
374,1199,186,645,451,1150,1669,1566,221,1036
1215,1780,265,991,186,1097,1732,1610,312,506
470,956,1817,38,409,1249,129,1222,295,754
1591,1544,193,552,305,104,1648,154,99,1493
1062,126,984,1564,1276,1374,751,1007,280,308
1374,163,37,949,1549,185,147,979,93,453
95,307,1305,714,150,296,1119,18,1282,1291
1291,104,1040,1682,239,943,913,1849,872,4
664,144,1804,1278,139,1752,288,101,773,956
1566,533,1320,903,1374,693,1285,1257,25,120
1284,1426,1783,1430,866,596,1719,1648,27,1260
1671,804,478,1741,740,1721,298,50,1340,1836
1297,1076,1431,570,25,1168,1018,1780,1382,320
23,901,1547,461,1083,1236,65,129,889,1281
1759,381,1559,645,654,1035,221,18,1293,186
1747,1819,268,986,1306,244,914,1711,813,260
278,307,117,80,953,921,1066,368,134,1381
641,74,1038,1773,193,1011,1071,92,117,952
58,1669,246,494,1108,70,990,914,648,1076
1226,1285,280,577,894,569,1084,57,216,588
78,1426,101,351,1305,1144,1274,185,1301,1838
75,797,150,1299,1555,641,996,178,1220,1389
1211,1620,1364,1836,1277,693,262,1507,855,995
25,862,255,95,1305,403,307,1280,1296,689
713,233,1288,845,1319,140,656,640,1030,914
1417,140,1800,1472,1783,58,331,137,105,1188
1374,610,1305,669,78,656,989,951,1774,1482
914,1817,960,471,1496,1305,1550,573,1294,1093
277,465,1274,1162,688,1568,1712,1051,459,1188
421,170,58,914,991,1093,1790,700,280,1298
1277,1280,1499,1627,944,328,683,1065,1022,1295
1651,908,305,374,1122,252,158,1405,783,1282
112,1285,282,296,309,255,1842,989,1013,915
478,1280,1275,1529,1166,1226,1819,500,176,134
1497,112,1052,1776,1206,621,890,304,547,573
1213,1244,1404,320,348,1307,1566,1182,890,1021
1842,1781,64,1699,290,23,1314,287,909,870
1472,1804,909,1112,1328,113,1477,179,1303,598
1326,1049,997,1819,511,1017,1564,1785,896,853
20,621,1009,27,39,1279,179,126,1187,1778
1589,74,287,1677,1321,60,990,802,1566,1265
244,717,320,644,989,262,1276,552,1290,1071
882,610,1566,1084,340,1480,993,397,1303,1296
1040,638,641,1811,1290,1418,1026,716,1188,1278
716,1305,83,1741,1279,900,1742,823,89,1804
1145,1099,140,1781,983,1523,659,122,203,26
990,1566,955,1655,1472,872,1026,1190,1357,1194
1266,194,552,27,688,238,949,268,217,1348
138,1432,903,1564,220,1570,63,1290,1741,907
890,1740,1374,27,856,598,411,1824,1268,1741
768,165,862,1547,1472,1476,1018,912,1257,1305
1024,1811,357,305,1094,1223,1040,1,1441,1310
1828,160,1123,1429,136,308,18,508,93,1360
989,193,1019,1306,640,1279,1225,21,308,531
265,1804,1012,374,1228,309,91,1294,1648,158
91,1280,1291,1852,1373,156,1135,1564,641,1472
1265,80,890,1120,1778,1188,1094,90,79,1303
1415,1067,1847,1285,98,1374,1164,206,279,1351
1648,1103,623,639,1300,1294,165,18,889,1292
1751,267,945,194,231,1631,23,137,24,1374
945,185,596,1265,1297,166,3,1752,819,383
1492,1704,1804,761,1150,1208,1100,101,990,1127
1296,186,1839,1372,1785,70,796,865,1811,1278
72,1774,1309,1278,1757,1711,1295,1664,1781,1235
1295,74,275,805,1045,1029,445,939,1532,1280
1675,1238,1837,1781,1816,1289,262,1352,697,997
1565,1500,62,27,1570,757,45,1293,1086,499
181,544,219,446,1648,1259,112,192,1333,1092
1585,1458,1263,64,128,1516,1797,1291,363,204
1566,1263,284,104,507,1776,1172,1374,1473,397
1249,656,1371,1208,640,589,1550,971,185,1674
285,1157,1314,1301,1297,687,234,1527,220,1207
152,170,244,1565,1305,1540,588,1251,902,1448
1844,603,836,1295,1585,1742,1627,1272,1374,1302
1132,1817,855,262,1288,281,1564,1807,27,51
901,914,263,354,801,590,514,1521,720,644
1804,187,151,1193,188,1304,292,99,106,586
193,257,948,65,905,220,1776,1852,1154,1802
613,1304,23,1757,989,1674,1297,1320,374,152
1648,241,385,1265,1305,1211,755,304,1266,1306
24,530,355,1488,272,284,1776,1491,1836,1305
489,1019,990,563,64,377,1307,1417,1354,1292
113,245,1275,1073,235,724,1374,943,648,204
1770,285,1076,124,1772,96,260,1251,291,180
1292,411,272,1299,1277,633,890,1694,1376,286
312,177,280,1280,1182,112,1783,1749,1712,687
1306,1154,1684,880,186,152,203,1304,244,1279
80,430,277,95,524,1241,100,1846,1305,1304
436,1314,811,1409,26,1426,1273,459,925,1294
303,596,855,1275,1303,1409,279,306,1585,219
1859,1839,1289,1639,1534,1292,1722,1277,879,3
640,133,720,855,206,806,1744,1288,1158,1686
1284,1183,1512,1175,176,306,1306,733,113,177
1566,1711,1280,1040,1648,640,647,281,1287,832
1132,990,185,1763,1501,995,735,1303,261,548
1145,1279,1611,1325,1293,640,148,1359,1689,918
473,893,1291,1162,912,1384,1454,1168,1589,1843
778,1018,907,444,1284,952,776,972,1152,574
445,27,1288,93,185,12,1584,1056,1297,907
622,1104,70,271,1817,123,1052,1642,297,1781
1564,855,539,1804,1295,950,1700,194,1250,1357
1223,1432,1844,1588,1678,1230,235,459,1304,1019
1415,1084,1073,100,601,399,173,1587,1759,1527
1710,450,303,669,862,1801,913,599,1289,1241
579,1752,1487,1290,490,1790,140,74,98,857
1610,1233,1614,1780,1741,1752,254,540,1651,49
1278,1303,902,91,585,969,1013,926,704,1848
1307,927,103,248,141,760,219,1478,1772,1104
1278,93,1285,1566,1316,342,279,258,1550,1804
1778,436,1280,874,350,1640,990,1712,1804,192
1811,1284,966,1277,363,1564,1374,1741,1005,969
957,70,368,905,145,919,522,248,112,1801
132,1289,1778,1307,1040,936,469,1175,61,1781
278,1354,300,1841,1301,193,1165,1281,1648,805
1073,1778,1188,1145,1183,1161,914,857,1648,1620
1301,1009,1830,1300,1737,1360,1295,1769,1192,998
731,70,1305,271,286,1168,137,265,820,25
669,899,1108,166,1374,796,1104,1533,1095,1752
188,1544,136,325,912,1333,1237,254,855,181
315,177,235,147,763,592,1284,1583,274,87
1589,1141,268,1732,497,1285,499,1781,376,459
105,914,163,1069,1303,1694,1503,540,203,235
1839,104,1555,968,1293,325,1292,1657,1741,1607
150,1188,440,1295,87,246,1489,1564,1741,1280
1007,1309,581,1306,1149,248,695,1304,207,908
1274,776,1547,941,1034,1084,244,885,1863,509
301,293,268,1276,1550,1303,1564,1126,183,179
278,980,1741,137,1038,959,258,918,414,1084
1658,506,358,1281,175,1498,1279,392,1203,494
893,212,1075,1409,1432,229,1828,1418,1620,1112
39,1198,1711,907,1426,770,573,935,1245,1314
1145,568,1270,253,1295,695,115,1280,298,1432
23,1280,469,1235,1781,495,101,1471,1611,1360
540,557,1342,1218,430,568,278,1552,1289,1272
114,1051,1288,1071,1302,134,1817,1289,885,1284
96,214,1290,1243,1107,1690,179,131,1115,325
1210,999,1470,1593,220,1742,221,2,192,970
746,955,200,1841,856,287,1550,126,1087,1565
1306,20,249,1235,1041,39,1667,71,95,990
157,1226,1306,1294,186,589,748,112,70,918
695,669,1260,1585,1306,940,596,100,1034,1222
253,1819,64,1337,1297,101,644,1606,913,1305
1714,1374,140,809,588,213,188,1223,1275,1115
1293,901,190,1387,1305,530,1783,4,1540,501
1432,76,1585,830,277,1268,1586,1170,55,183
193,177,1031,1781,963,1752,913,1163,268,1359
1123,146,795,1306,316,374,274,1778,1154,1277
1568,268,1289,168,445,855,1163,1036,220,417
465,952,1674,1276,108,731,167,1289,639,990
618,1491,1289,129,1267,490,1695,151,1738,430
112,1305,144,1296,131,70,1842,1534,1170,1353
743,917,984,855,623,12,832,1145,1630,669
238,1301,1284,129,303,1578,1535,1353,1291,1041
1160,1217,1616,479,25,1538,1712,424,921,804
1284,1840,1705,1752,1550,312,1374,370,1843,478
1282,123,989,1702,1286,1008,1317,128,1627,907
953,1123,268,1301,1839,1188,1242,829,77,284
1207,491,618,914,108,724,395,276,1279,1578
1628,919,1298,1534,1068,114,1281,756,800,305
1305,290,596,273,1781,1146,1387,105,1374,645
1289,639,27,229,1648,256,478,549,802,612
1276,695,1441,1305,878,958,129,103,377,1185
108,1437,1276,1566,1669,713,1250,1293,1260,1804
278,267,152,1550,1417,336,145,847,23,639
1243,461,953,255,913,376,26,1811,798,1296
1122,1584,430,1096,1018,1694,1033,848,1327,596
972,74,123,302,1082,307,1069,1464,831,1091
1418,1067,779,540,1508,571,1518,1306,1175,4
61,176,179,680,1555,122,1055,1105,75,411
1688,1150,374,1307,576,1305,1294,234,92,1147
348,1166,645,990,49,1112,1711,1020,1290,233
990,1122,459,253,244,569,1060,956,107,402
302,1303,1804,1776,280,903,1298,1290,528,1162
494,144,96,908,1800,342,1547,826,950,1170
126,1303,1426,1584,74,1490,1289,229,280,711
596,1686,11,1830,1250,1142,640,298,920,1799
192,1296,94,1811,956,907,1297,832,465,194
151,445,128,548,137,1306,1244,574,984,691
1268,277,1500,646,544,471,1640,1741,1653,894
88,197,1248,1744,186,720,855,826,1051,1658
1472,1433,1564,62,1182,903,1811,1024,61,644
1811,185,1732,1822,877,1323,1294,1804,1039,1817
768,469,1216,1274,644,1076,923,1306,1188,1040
1208,1282,614,656,1679,1049,929,104,896,1500
293,1256,284,990,589,1678,1276,901,639,872
724,1306,1545,193,152,266,24,1603,262,1566
1787,806,1125,896,1749,1083,855,881,1281,1819
126,1783,1068,307,470,953,58,732,1697,103
573,1780,1648,596,308,581,1290,645,1807,1339
43,280,1752,1460,1558,1585,971,1276,1174,259
1297,1374,1090,967,1150,1272,1000,1104,1293,88
541,138,1804,1296,296,1100,302,245,1265,1206
1076,1657,61,190,914,1713,23,1306,950,25
642,71,541,1622,1215,989,25,1564,91,953
1217,1730,496,1374,1555,171,1169,1717,1432,1547
645,296,219,1566,156,164,1305,243,47,1291
821,1228,1247,273,117,166,66,427,990,1795
1689,1302,1523,1197,1011,749,1298,1280,1840,1470
106,1564,1281,1005,1276,112,146,259,1029,588
767,1294,106,1775,286,772,255,1290,734,1158
98,291,983,1036,415,267,1136,1304,1689,1844
686,656,748,444,1714,1235,147,318,662,1780
166,792,1265,1160,635,1224,1373,459,158,1069
62,12,93,302,983,196,63,1284,598,157
1278,23,220,27,923,80,955,282,1029,348
1326,1578,1116,1555,1847,1830,1302,146,645,1259
306,110,534,94,1555,1217,278,1534,1648,1030
844,126,332,1306,677,206,940,669,245,832
138,1547,772,1290,927,896,73,1277,1840,1350
1188,77,857,1054,1542,990,485,1783,1805,1042
1014,723,1811,1094,1299,1278,1787,1040,1490,596
978,121,1233,1279,128,1058,1566,1811,222,640
1805,928,1781,1034,675,1058,1306,295,139,772
1415,1804,70,641,148,1183,26,968,1648,1012
680,598,62,1298,959,1242,1441,23,1455,570
519,169,108,383,309,917,1278,1052,1565,194
1270,1839,1276,1306,131,1703,694,1752,1299,1217
1284,256,1844,23,268,561,305,959,25,1776
1292,123,1613,1444,1327,1277,141,1830,1839,848
1550,1116,575,1748,1084,1599,152,163,1648,186
955,1235,1238,7,1282,1181,1115,70,1409,715
173,970,294,1153,347,383,1781,1278,1276,946
920,305,1504,1679,544,478,1305,1555,181,150
1291,234,525,1306,233,1116,1305,941,197,987
1305,1585,1566,708,514,451,639,222,1839,285
1112,889,950,1279,1648,270,1741,1374,281,176
478,415,598,192,78,221,1584,1360,1804,279
1304,1149,113,1752,70,1292,63,151,1804,1193
192,72,1183,1732,721,1322,93,1297,1426,145
1821,940,877,275,859,1295,1188,890,549,328
1191,1520,1552,86,11,1158,1029,37,1680,1103
948,990,1305,1585,382,62,413,878,245,515
513,902,887,1815,1295,919,772,1284,822,1712
903,1161,341,1248,1297,182,1852,1165,1566,59
1356,494,1289,147,1028,1145,1742,540,307,298
1566,93,1432,1290,1374,182,1703,626,1756,70
1192,573,540,1780,1451,1576,1303,904,1071,1289
1700,134,857,1246,1305,133,201,1374,1585,354
1281,1778,781,25,1286,796,789,305,1644,152
990,88,1118,441,1274,504,1151,86,106,1692
1182,155,1301,1688,255,1464,104,941,1658,115
1281,1246,7,278,833,764,1258,1819,89,79
943,43,1843,1130,1566,1285,1669,1799,1111,1534
176,1326,1276,1551,1298,1566,1279,1669,980,1819
1294,612,499,1426,1741,347,750,356,188,1090
77,1177,440,1267,1052,1657,269,569,466,1349
74,661,1374,640,531,178,1279,865,645,1829
1278,274,1761,193,1781,1091,745,74,1311,1052
1604,1188,1291,1585,307,1485,886,49,1835,136
540,1307,57,176,995,580,1805,262,510,487
1830,989,887,1278,1214,767,453,140,668,105
1102,656,1406,985,1326,1303,303,1300,940,1817
846,62,94,1791,1467,705,302,1258,499,740
656,1279,574,1273,30,757,245,312,1828,872
264,1741,1763,221,570,1274,1460,226,1294,520
1432,1472,954,1307,166,1277,1243,1305,640,1275
1418,1426,1669,1741,235,23,138,162,1458,909
93,301,1176,305,1292,1661,1297,194,91,596
792,489,1804,478,1815,1291,1840,395,83,1819
402,621,271,581,123,1223,894,1032,990,436
934,517,1056,1295,427,83,1276,1648,1620,379
1276,1621,1603,156,1291,1783,1128,1668,312,990
1295,1845,156,1292,55,1150,1555,477,918,880
193,27,478,1160,185,857,1301,95,544,261
1294,194,1498,735,1108,133,1291,399,1847,268
1300,1284,273,245,982,87,664,1151,93,908
1009,1277,24,1192,524,1303,897,920,244,974
1589,1034,1302,100,246,1398,24,990,263,995
1172,945,990,1293,1279,18,993,1257,136,12
623,1280,1306,334,1004,1036,1549,1300,1188,1426
1506,212,492,669,1248,1585,120,913,176,909
1229,1648,1132,1276,1302,1844,1683,624,369,143
1752,287,1311,1741,898,1112,1307,994,990,921
90,1348,1382,453,407,935,1804,112,498,1840
1564,1276,1685,1518,198,640,1138,376,1621,259
1680,222,1349,645,688,1225,834,1426,1534,212
1780,295,568,1294,1307,1374,973,1334,231,589
1291,1321,568,900,1566,849,1752,909,1774,101
1268,12,175,656,1778,229,280,1234,181,1276
772,136,1851,1115,1288,150,943,265,1292,200
1243,344,131,1293,1846,1498,597,1301,1675,1764
152,1847,1287,781,847,1852,1280,1533,121,146
114,6,1305,911,1500,407,1247,284,990,509
50,548,591,1285,1276,70,890,1776,244,1230
1294,291,1440,112,1564,1230,294,285,1289,488
499,1276,996,1686,1721,990,1254,1224,1132,1144
918,872,645,194,1296,357,1689,1041,1005,220
557,1054,1692,112,1374,1695,1783,1500,148,1804
27,1839,1780,450,722,1183,1015,571,572,1284
645,669,656,622,1216,1303,829,903,150,1113
197,1187,358,655,990,857,1116,1653,511,855
303,1150,298,1289,1087,855,914,651,1426,23
21,1280,642,1205,1374,1107,1426,1298,382,954
643,529,122,307,245,1374,1457,1550,1307,1566
1783,1299,636,1819,1780,543,125,278,1362,553
1564,922,489,259,1301,1844,645,1293,919,990
318,84,126,1260,1555,1779,1179,949,1169,1279
680,729,1533,200,1470,75,101,1426,1208,848
1812,1306,768,1195,1320,503,1282,1804,1161,1284
1470,74,989,76,280,194,762,374,1162,1833
190,1161,984,268,1752,254,960,1326,1807,1051
990,269,843,1087,751,1828,1780,1306,192,1291
197,1217,1294,1201,245,596,1048,275,136,912
1291,1778,1842,1490,388,489,739,234,150,419
75,520,832,1364,913,93,811,88,192,1704
1218,134,849,596,1372,64,138,1666,1302,509
1840,90,598,680,213,259,1752,158,174,549
506,1564,1145,1498,1440,1806,1696,1519,451,76
1760,27,1306,1277,178,1383,1648,857,1228,140
646,784,1546,1228,862,1279,148,967,918,1754
253,1137,1813,55,39,1049,1851,1294,1811,1128
752,1830,1094,1307,1774,106,1183,1589,24,320
1849,92,1304,866,615,1291,1289,382,714,598
707,958,279,1239,1373,642,1289,573,9,254
1237,1141,861,1136,280,1289,1059,78,100,568
268,88,980,240,720,649,1424,1295,1799,1246
645,826,1289,74,1564,990,133,546,1778,220
903,253,700,1691,1294,78,1778,1265,279,217
1769,1778,1289,1547,764,176,261,1669,193,1294
1030,1323,1256,1163,1797,602,257,255,244,139
725,65,859,1040,1727,126,202,308,901,1579
151,135,1228,1472,121,1210,295,70,1374,725
1294,1648,596,955,1280,598,1226,1289,180,1845
145,74,940,225,963,1261,903,77,1415,1277
1521,1096,538,990,749,189,1702,265,978,1182
1148,990,607,1094,1052,1563,194,1282,170,1639
1439,1276,908,1298,1613,1694,1160,99,1544,1284
1221,887,684,1192,1348,307,1389,295,283,12
478,740,1780,1295,1024,914,645,70,1533,1068
1783,1566,74,77,1696,1294,493,103,1295,713
996,166,490,1191,144,1354,656,564,1183,1778
270,1781,243,1702,126,258,1023,1680,914,1275
1018,70,1304,3,1292,194,1819,980,1164,1284
1566,895,867,1533,275,267,430,1183,46,1294
186,1240,1058,1585,913,1327,1470,267,989,1804
989,376,1374,1685,151,1298,144,1775,1264,1577
1266,1093,944,1028,1236,1794,487,638,1721,645
1212,1018,1699,1208,1308,1179,856,14,1176,1841
89,686,1648,1297,1741,1215,417,508,1178,1676
1772,980,312,1533,348,1238,1153,285,1302,1547
1277,1320,90,929,1279,908,513,1305,752,1068
24,1069,1223,990,1305,1374,1336,478,1182,1210
27,1804,185,694,349,1322,1276,74,856,1036
1819,1298,194,997,990,1228,1164,911,1784,1082
1340,1472,1301,277,1527,440,1307,167,478,1772
1804,140,855,1776,478,1295,1299,944,837,223
80,1297,268,1303,296,400,883,219,255,379
920,706,512,1836,1572,1681,126,151,4,297
773,1550,59,1139,548,930,245,1271,1297,1282
596,113,65,280,91,1613,126,644,1563,845
1270,137,1155,1512,1225,1351,1279,1659,493,219
1291,911,1216,1564,1278,1840,296,1832,1554,1245
976,1701,298,1798,1229,288,123,677,1294,255
751,1211,1432,1301,113,1542,669,1303,1546,1547
943,268,700,931,920,300,259,1422,303,1627
1781,83,574,1298,133,68,233,1306,1300,1266
993,312,603,383,1076,1360,1852,1278,1748,382
201,1294,1834,235,1705,308,401,1374,1293,1318
65,1145,1057,792,585,1542,1470,478,238,1844
1041,1536,307,176,1566,1776,1781,973,1490,94
1276,656,1498,197,927,268,1702,1285,1841,71
12,437,1228,90,1648,94,1550,598,1298,25
170,190,1141,1411,1850,1314,129,684,1238,11
186,1490,990,1711,829,681,1722,166,1022,282
686,166,1297,101,1208,540,952,459,950,1527
1374,821,1307,90,1783,1017,1539,1092,1347,1274
348,111,909,357,220,993,1285,1289,1224,640
1041,1789,1266,1012,1370,1566,148,1084,1492,383
1476,112,1542,89,990,1183,244,1498,255,1306
785,1673,1276,1303,417,1770,60,1281,1778,245
855,1067,269,1279,856,1302,507,1362,813,1045
1263,1289,1843,1300,84,409,303,1415,1124,1838
490,139,1649,144,658,655,1294,1851,1374,1116
1302,5,645,859,1224,621,1294,866,1282,1281
1005,469,692,123,596,1305,1291,728,598,911
1563,1049,981,1805,572,904,1288,996,255,383
1353,767,21,463,524,1056,1833,296,1287,683
119,1817,1301,1741,1064,903,644,1000,151,717
1556,1018,1811,1792,1299,1398,954,1184,176,937
1340,1225,1182,589,1230,69,1175,1190,857,79
1732,1811,1289,53,4,1108,190,486,1153,1303
1778,74,1282,1585,1696,115,998,430,1564,914
912,255,244,672,192,269,1566,950,102,1585
197,1701,1104,1284,885,283,1279,1298,1278,641
1819,167,65,989,138,1413,1744,39,192,1685
1793,1698,1306,145,1302,967,194,560,1604,1547
1566,1306,1276,977,1804,990,24,824,1648,1298
1841,1279,1049,1776,1471,990,12,615,1076,656
804,1580,1199,1182,1290,1726,1279,1067,990,1467
1247,596,1306,1192,1081,210,244,917,1326,359
1326,990,259,1306,40,1294,1535,509,1566,695
968,1291,1150,1278,1432,1293,1036,1289,779,1076
299,21,1409,1752,55,95,80,1781,1026,740
1320,1264,437,1191,725,280,860,1784,561,177
921,552,1732,1268,640,1041,577,1804,1648,854
795,722,1230,1558,1469,1781,984,1617,885,173
1298,258,1223,27,1128,909,1648,1675,990,1492
1290,1278,1301,1298,259,286,954,302,93,1093
105,1036,1804,93,1549,724,1182,1340,1349,382
1169,1839,1804,569,1847,114,1780,23,1228,466
1036,98,193,855,1035,235,1224,1821,1160,1272
1350,1295,1267,11,1761,1557,290,41,644,1847
1257,157,1290,1301,640,305,1648,1571,1851,65
1601,1024,945,1087,1302,1826,98,253,1230,704
481,1196,211,918,1084,1549,271,1711,1230,1776
261,1787,374,889,1282,1142,1029,1262,642,880
384,642,60,271,1182,220,75,917,1607,700
155,1304,556,766,100,250,406,1272,1303,259
1741,984,537,719,415,1555,89,1128,829,1683
522,471,635,1266,1104,1071,940,106,951,993
1278,975,978,1759,279,1302,645,689,399,91
1365,808,903,1289,59,1415,65,926,1353,1182
918,284,1752,984,99,74,1032,1547,1353,826
1282,1376,1303,1847,1426,1294,1752,990,1009,1307
1041,458,645,1284,1549,328,430,374,1364,1743
478,989,1112,914,83,25,1336,1094,1780,1297
922,141,1565,459,25,781,309,106,1278,1038
274,1282,1053,451,821,713,752,1693,1248,1300
122,1432,75,645,725,905,1027,1039,1016,77
234,308,73,1305,288,1774,1276,279,1435,980
1585,245,336,1282,1699,1544,70,907,1154,1013
23,855,1291,645,84,1040,712,1305,459,1289
1284,938,1778,187,740,1178,1302,242,1648,917
875,1787,108,1598,990,179,1319,1302,1349,915
919,309,1418,756,103,571,1276,126,1007,983
75,1266,1286,1128,1410,149,707,244,1146,990
370,1076,538,696,460,642,505,1380,1294,944
1752,1428,157,16,990,1217,1105,265,1320,1177
377,698,656,1285,70,80,89,1274,159,1311
1248,1280,1284,1306,571,468,1305,263,1566,1611
1266,1690,1741,1155,123,1564,1290,628,663,1294
264,1274,1388,1295,289,1305,1303,1103,1804,1146
1026,1258,1429,1312,177,800,596,1426,1564,303
1555,144,684,1199,221,1492,1267,157,1216,71
1266,1126,1555,74,1648,1282,1286,358,989,76
219,103,967,731,36,1472,451,1555,1659,1781
478,129,1046,1250,1291,1162,1420,1295,1306,598
1696,864,1544,190,1301,890,799,166,16,1290
1166,374,1811,263,1648,24,536,1226,1230,1426
104,474,718,1290,254,527,1711,244,282,1031
1513,1555,374,131,257,1280,1301,1811,1481,1406
680,898,596,1294,1783,167,306,1122,105,1265
917,140,86,221,1148,1752,1690,705,72,148
425,1041,177,413,1395,574,274,1627,253,108
1456,690,1168,1624,1161,588,1749,93,1800,46
1804,627,1550,1071,541,996,405,1068,868,1821
142,1373,253,903,356,1021,1284,990,1763,1302
749,1257,235,1783,984,1290,159,491,274,1040
1834,1776,643,1781,1303,1304,804,634,142,1176
376,27,478,1741,132,1299,165,694,139,269
902,103,1085,1307,1585,486,87,1660,1246,159
220,1374,1250,953,155,872,1267,656,990,894
1290,1757,1296,1009,1120,550,857,784,670,517
1470,1058,640,1811,1160,1146,1295,648,148,295
1332,475,1830,133,1299,506,1290,1648,1120,1284
1024,990,573,1844,633,112,995,1427,776,1303
1847,962,24,128,284,188,62,279,621,12
1585,990,1641,1776,897,1190,1719,1821,478,1756
1166,192,1073,61,1302,1708,1547,1306,1243,123
1047,640,374,151,1034,1150,1280,1783,1721,843
1417,1199,1569,434,172,176,1272,1167,1209,1304
914,88,574,1276,1073,1072,1449,1695,83,284
1781,912,1218,1294,645,1545,1276,157,1777,1563
1278,253,234,328,1555,850,602,1325,1440,1702
1306,146,259,1717,156,640,261,37,1225,621
1534,235,1418,377,188,689,1752,459,632,165
1374,1303,917,308,996,50,123,100,1284,1584
1589,1778,1297,451,1339,573,415,296,348,1042
1762,1727,1829,1406,1182,1711,509,1558,1210,1838
1568,911,867,1279,471,1296,572,1306,656,1175
459,302,1303,159,644,113,253,400,596,1206
220,264,445,1374,1070,399,198,1232,972,1086
890,144,1284,1566,581,1583,1686,913,1432,1232
1328,1068,811,931,897,641,91,1613,581,74
1783,978,257,1297,1029,1276,691,265,1566,1246
1304,1182,488,1841,244,70,482,1777,1230,1564
748,286,78,651,23,1182,1281,1035,1064,185
174,1648,330,939,855,402,908,978,669,317
1497,1092,890,271,478,438,907,1830,1305,1361
1357,1648,1426,190,1279,1276,1289,1051,1811,1303
711,1582,273,26,656,1728,694,1291,186,641
1843,1281,1226,1292,32,1370,1741,697,1557,1182
129,1804,654,595,1285,457,921,19,863,1384
215,1303,990,91,459,137,1778,1765,1655,1290
1824,966,1076,1286,70,566,1168,478,1234,185
1374,1718,1341,1778,1817,1145,641,570,101,193
113,1071,927,1752,1741,303,990,1500,1277,220
1152,1194,1097,178,193,1761,1789,1085,76,188
1026,1472,1141,997,1741,1067,270,1739,367,697
264,1741,978,1742,1245,294,305,1216,1052,1292
1306,1280,1305,293,574,70,622,1294,1285,1266
745,647,430,1688,677,62,74,268,1148,166
972,1537,811,253,278,273,1051,1783,1110,1207
234,104,1305,907,1566,740,1677,1658,1545,821
68,645,1288,94,925,990,1280,731,950,1035
1741,1036,1811,245,1107,484,234,136,254,490
1247,1811,1207,132,1426,165,966,1093,1097,1234
490,1149,364,1819,1774,1305,1159,178,129,1182
306,237,1120,1222,1028,94,1649,641,914,956
1284,29,592,725,94,1792,1487,645,36,251
27,111,1585,1150,1564,478,184,1115,947,1447
856,1280,1281,1284,1568,1040,1430,305,694,1307
1803,1074,1026,1263,1348,1105,1290,1220,1859,46
104,1778,1291,126,1307,1306,702,1314,1008,78
1161,319,285,1365,1246,1223,1564,193,105,640
1167,997,1305,1024,855,1307,923,1276,944,235
1306,322,453,152,493,1648,1603,462,1845,223
1306,1327,825,1297,1634,1294,1290,1312,1798,188
373,855,1306,1097,1277,1266,1284,1123,94,244
106,1554,766,1306,261,472,1566,574,151,416
114,92,1267,1019,1436,1470,1292,136,1697,1182
260,681,640,1585,1781,596,50,309,1653,1470
1648,1290,1051,1183,987,985,1696,970,108,1732
579,1082,927,713,1084,1076,1278,70,1585,1752
1120,640,990,1555,1305,180,420,1306,419,225
325,1566,659,1289,640,889,1141,1292,1554,1176
1169,1116,642,1547,190,195,636,917,1008,1168
41,1752,909,26,80,622,1000,1182,1280,914
1804,290,1285,633,1042,294,1426,1012,175,1306
1800,1036,816,284,305,644,1030,98,786,190
1781,172,361,1489,615,1354,700,1553,1585,1373
1388,746,1299,1114,285,1443,1287,1669,1235,478
108,1472,1151,907,460,1804,1,1770,1783,1305
1578,1488,192,4,413,903,1294,1276,1513,641
1303,1712,1290,131,279,1687,1801,436,478,1416
489,23,1229,859,1712,875,1311,140,1524,1555
1804,1066,1732,105,1266,1224,165,1426,1013,219
1276,720,170,700,555,1101,917,269,294,1431
1183,1234,1279,721,141,1267,890,1426,1104,911
1052,1019,621,1811,309,1815,253,1223,94,1129
287,1232,60,219,1704,1518,74,75,128,240
1632,1366,93,472,1136,294,147,76,1648,1264
1811,1276,490,106,58,912,1176,823,274,913
126,138,1145,615,170,773,644,1585,1290,435
1538,377,989,1770,382,285,459,133,1840,1128
781,1199,1840,1193,312,266,309,907,385,453
1305,1702,138,231,948,1284,1780,627,1282,1579
1704,216,1840,568,415,1305,644,148,176,713
1243,764,285,1148,1306,774,1741,1452,1173,1090
1748,1756,990,478,968,1420,724,1193,1648,293
1290,123,1783,1273,308,74,1575,1388,1700,99
1441,99,1583,1374,1303,177,596,1299,1712,1029
804,1073,283,1076,1534,1289,291,1190,1491,126
228,27,297,1839,1182,1215,1648,1289,1564,909
856,1844,1229,534,955,171,1230,555,591,1811
144,918,112,1184,252,1166,157,1026,1293,503
94,1365,402,132,1430,544,1463,781,70,1804
181,890,796,1145,1618,298,1076,16,1199,1160
268,243,1789,176,990,1140,1293,585,683,148
427,778,1284,462,1228,1224,283,47,644,1290
1257,1403,1745,285,951,856,1064,656,1684,223
919,568,1191,784,4,3,173,1454,24,266
1187,1289,246,855,1189,1804,80,1059,1811,1353
1648,1752,640,1804,1284,1470,1335,1028,1737,1844
529,28,1118,259,1306,826,509,739,949,478
1242,1844,1851,77,51,244,1585,74,1426,27
254,415,1099,285,1230,1280,1819,947,1301,1306
235,86,1830,990,1810,1284,1279,1484,1432,1175
890,1491,740,1299,1257,1805,1711,4,619,936
1409,1744,1683,478,1595,1265,740,984,1780,714
596,552,262,179,1747,1088,568,1490,640,1236
21,598,1687,958,1472,656,142,1066,23,1018
1631,1804,889,1279,41,961,186,1011,47,908
1752,701,1290,283,892,1276,1128,972,870,568
467,1549,1034,1804,1230,1488,1287,475,920,1108
223,203,1016,1088,128,820,1034,388,1022,990
1072,901,656,1303,784,1276,1478,694,1290,1555
1260,1585,9,1105,642,639,1701,1016,535,496
1492,1288,444,870,1498,46,640,1722,161,912
699,1627,1695,665,473,563,630,150,1811,190
1289,1112,1613,220,494,854,1561,1108,1585,174
1696,138,1861,946,280,1492,1009,825,1015,1817
1303,27,1305,1774,903,1306,615,392,1204,146
1248,1409,1173,1040,1289,1725,959,908,1230,1271
1327,1547,1677,1300,1093,1584,1713,278,1711,1290
1279,303,183,1188,1674,252,12,1194,971,292
955,1804,1282,1840,1284,1036,1096,712,1182,975
903,185,193,1426,243,121,1647,1278,829,1741
952,1276,104,121,1302,644,1238,1732,179,1804
598,1732,39,1226,1566,272,1288,1648,176,1374
1840,1728,1298,1619,245,1784,707,1778,1404,688
1279,570,12,189,1780,269,245,1216,68,1685
938,1121,470,1830,92,88,1163,1087,1679,1353
775,686,359,101,967,304,1399,640,107,120
1648,1284,1820,621,938,286,588,87,598,176
1472,1372,243,1426,751,625,530,863,1774,801
377,740,1276,942,126,1084,173,649,890,1053
1276,23,1092,1220,1226,1658,134,862,1644,302
1230,415,1226,1233,1277,112,1674,1048,166,295
289,624,1019,598,1744,955,990,1267,153,442
1687,1036,1284,1280,488,74,233,1289,244,1297
1160,1809,695,29,222,70,853,117,1712,92
1186,87,598,1216,845,246,1289,1791,588,331
1844,1752,87,1327,7,194,279,917,1304,1299
1697,302,572,1811,174,259,947,1156,1109,132
1290,204,1550,795,177,323,270,274,943,1088
1564,220,890,197,1115,25,178,1840,1297,308
121,634,1838,856,757,934,382,780,1782,857
1276,278,79,1040,190,259,1257,595,1841,1084
432,278,904,579,1306,656,448,65,833,1284
776,1277,1580,178,1220,27,99,1304,656,684
931,478,348,258,1150,1128,1145,1242,1445,1741
1841,291,1244,1426,1472,131,1727,1804,25,641
1744,452,268,948,96,259,855,890,995,1417
141,1012,343,1842,1586,1028,669,805,1547,845
179,801,112,669,186,70,572,989,1097,1720
129,78,1545,298,112,106,1284,746,1036,1844
1828,1722,1296,1294,251,938,828,1765,1141,907
1839,316,976,1811,1727,166,1297,1374,356,129
852,1303,1685,685,1096,275,261,1778,144,1146
1013,747,383,264,766,926,1263,1583,277,229
181,1804,12,525,1801,164,1279,185,1525,1566
1234,1017,308,989,838,1677,151,976,1836,59
1084,1648,1806,185,1804,1305,139,202,1842,1857
912,1176,1217,867,1298,1538,178,1215,1720,478
1556,829,357,745,1297,319,402,713,1290,1752
163,145,1290,1805,849,595,1624,1648,1585,1445
1306,1488,410,1566,1284,1778,955,1804,149,198
1417,255,99,150,955,621,246,1294,828,152
265,260,458,1123,1304,1284,1374,523,457,990
1811,1830,845,1299,117,27,1711,1677,80,254
376,713,1298,126,1300,1130,94,1084,78,282
1100,1500,1016,644,651,533,340,1347,1591,128
677,1307,1596,1280,1373,1294,1120,1311,1851,94
1752,129,727,23,1294,309,221,175,106,641
180,155,1556,1804,1584,1425,139,312,1312,1687
1585,290,969,71,999,951,1574,1183,1022,1277
348,1529,1752,1230,462,1730,1648,1292,308,90
32,856,305,1036,1293,234,220,195,1213,312
256,404,1361,221,14,177,262,24,215,57
1480,579,258,1041,914,1155,350,1061,958,1305
79,713,1841,273,1306,1741,1179,92,1811,1296
1297,1712,1776,1112,990,1267,519,62,1804,483
1564,1266,136,132,1131,128,313,768,186,476
1284,1174,1693,70,1531,374,1258,1374,1058,1811
1770,1566,56,994,740,284,12,1811,1074,1701
680,703,752,1016,656,649,1229,1730,1284,1177
572,1128,325,821,1122,1305,1723,451,289,1773
616,596,197,1688,108,1660,1756,313,1091,796
1564,1041,1649,1028,1191,930,1290,1306,942,1277
55,1566,1555,963,645,255,1292,1123,137,1294
960,1712,1085,966,522,1566,640,989,1459,1217
1330,62,1681,945,1683,692,1142,1348,123,1361
129,1052,480,947,934,111,1439,940,376,145
1188,139,277,1302,1294,403,989,1533,1171,1125
499,917,1277,582,1850,79,951,27,25,128
1560,59,1305,1225,1409,511,990,1303,1698,74
287,142,901,459,1281,653,1230,245,1102,949
134,431,914,738,1282,1326,912,1056,1266,100
1245,269,106,1692,1296,713,1289,1279,640,1752
1183,1249,1192,98,583,569,478,1553,92,1820
172,811,856,1694,1074,121,1278,890,1696,642
116,1298,1547,185,87,884,995,1566,1067,1804
1277,546,1267,459,879,1280,1209,308,1076,307
55,1564,1811,1289,1566,202,1780,807,1821,1277
1302,1297,637,164,1667,103,1585,1296,1145,950
1087,990,608,1364,1544,356,989,1771,962,1409
83,1284,1123,1108,1446,1305,645,1181,560,70
1811,1563,1285,1533,1280,1276,1761,1292,860,221
68,207,1426,190,610,1291,268,1804,234,1585
1012,939,601,879,1355,1839,812,1451,1250,1189
524,25,1092,1137,708,579,148,1005,920,492
1804,160,540,1534,822,379,1436,588,642,921
919,1711,689,548,1700,1811,478,1747,279,583
508,713,92,829,94,590,260,236,187,380
887,263,1276,1782,244,507,596,1374,130,592
1469,137,303,1518,63,939,1752,540,20,1491
1306,291,799,1752,142,23,1224,1857,148,1157
1276,1695,1716,189,1306,1746,1498,62,642,995
478,1296,1280,219,387,1188,920,1301,45,1792
1162,251,1853,509,1092,4,1741,1497,102,1811
1228,148,308,54,909,94,1463,1381,1648,1308
1076,1284,1565,990,1778,1787,531,572,1564,1000
695,911,1732,1282,1756,1549,255,109,1076,430
644,909,1688,1289,1329,920,18,1374,1417,764
669,1821,1318,1842,823,74,911,176,1853,891
395,964,1776,1301,279,644,381,1064,1300,1208
12,1804,170,826,1301,386,885,235,1585,70
1304,151,1027,1360,1234,144,24,956,330,407
1366,1804,368,749,1817,647,1648,1012,1741,902
1819,1585,1289,1787,636,782,303,478,1145,1219
1564,1840,136,1426,573,642,1229,281,306,989
1305,98,284,571,1294,490,504,24,1068,982
1340,1661,1687,105,529,1547,1125,1007,1409,1426
478,1778,150,1839,1374,919,1518,816,1275,146
23,25,1348,1192,1304,1123,1116,855,980,1078
1453,890,1191,243,7,67,132,1278,1585,1593
829,1216,242,952,1863,151,645,11,817,908
1771,685,610,192,640,1337,264,1290,245,106
35,1277,121,108,936,1302,1285,690,1851,464
1076,164,1648,635,480,1294,326,246,1182,553
1669,1382,1421,579,1559,1777,304,659,1105,433
1778,772,1146,1681,1028,990,1374,752,219,74
1732,1064,444,317,190,1076,656,1852,223,1855
1804,825,641,1595,1750,284,1564,1294,1069,531
1691,1836,1748,1741,1305,296,1609,129,1706,216
278,201,1169,1373,1491,383,1112,194,1304,482
1029,1712,842,630,1177,106,103,27,1292,1566
857,123,583,1479,645,1811,1176,907,1146,985
1009,1770,1450,921,288,1160,1279,1491,431,374
598,1276,1648,91,1302,1644,823,1293,270,1109
1027,1256,374,806,720,1778,185,295,979,1296
944,976,914,341,1400,1294,180,1249,768,1384
945,852,1819,1302,955,639,1143,581,1294,1473
1229,1648,1306,1084,1642,1294,1752,244,294,1840
1780,1854,627,25,377,1166,94,478,805,1811
1201,307,1783,1291,716,1289,1851,185,27,650
1804,1297,103,1570,129,1105,656,976,723,1284
1258,1294,503,142,598,1282,1104,1550,848,1839
1289,1281,96,233,1514,1177,753,581,602,1303
1442,890,656,1648,588,25,121,1289,79,1147
410,170,1145,179,1321,1783,1097,274,210,1361
1028,1300,639,691,890,1292,936,1306,498,177
79,1744,1024,1321,1732,272,1279,14,1555,1085
1163,1294,857,1555,1566,1038,74,1270,1470,1760
1280,558,425,909,915,1714,1005,562,1804,642
909,287,1306,254,921,157,905,586,823,855
1423,236,1177,909,596,1566,1301,1281,185,1279
721,1697,1284,356,940,806,1566,1150,1236,1272
1191,1482,1106,452,1616,292,1564,1102,1243,1059
136,1280,1347,89,1832,1778,1279,147,1294,74
847,1703,89,136,503,990,1290,1291,279,203
151,20,1288,232,1041,1804,1108,166,18,1302
640,1718,699,1657,1182,189,1410,821,1690,1799
1013,102,192,146,1279,70,251,453,857,1299
786,1141,1094,1306,494,173,1168,556,265,418
834,1661,1366,1225,151,581,1417,1756,489,823
1161,903,1805,989,1843,185,670,1166,1703,1016
1550,192,1302,1766,1281,175,995,1270,929,656
74,1191,287,1182,900,438,890,85,51,1583
1296,1017,645,148,621,1100,297,908,1061,128
1041,911,1438,193,1804,535,1064,1479,1327,1281
540,760,371,1129,233,279,903,403,890,1009
1855,540,506,1807,1068,898,275,1036,1374,1604
1084,995,1160,1007,128,923,878,642,1087,1330
755,684,960,123,1564,966,142,1722,1498,1595
1305,1804,1280,952,639,1164,1076,1423,106,192
1752,452,302,1307,913,139,82,383,374,1677
1171,1374,807,28,1265,1780,459,1257,255,1566
190,1504,875,1742,1295,1756,1655,86,1426,1757
1832,1182,1125,787,4,1511,902,245,377,1136
132,1281,220,780,1136,202,1490,165,912,1620
1062,175,1292,395,146,1105,855,573,1299,989
377,1689,1402,921,163,829,947,1280,1032,901
1811,297,997,1041,1182,298,271,1450,459,1432
1648,1732,1077,1720,137,862,856,1303,289,1083
1303,1498,1292,129,1352,1366,462,61,1277,686
315,422,1671,914,1374,279,879,1841,259,1711
412,224,1235,357,221,1785,95,781,788,1276
1380,963,643,261,142,518,1440,1432,1648,1266
1523,1374,201,544,740,103,1192,918,645,1476
745,268,152,1426,1168,1269,662,1823,284,1296
1266,128,1295,1634,1029,811,70,1718,74,1536
1721,171,855,1817,784,1019,857,1049,645,497
1232,273,1149,1843,1752,59,1284,1765,258,60
855,108,1294,1128,940,152,551,588,1620,1573
1853,1330,1495,882,644,1250,1296,267,1443,1319
1290,1092,1804,131,129,1660,77,925,63,1309
1415,79,1783,1198,309,221,201,1780,445,419
670,538,983,1193,773,1632,1118,1192,1171,665
944,697,198,1811,1360,127,70,596,1141,79
178,101,262,1353,1051,890,1585,65,72,1284
1472,644,415,1498,22,148,862,926,1279,1811
62,1257,949,1183,358,485,475,714,1166,1188
169,1284,1558,86,1181,136,363,1547,1855,1303
914,1752,309,103,95,1776,1687,362,106,1741
62,856,1306,1804,1737,1491,627,184,725,1824
1817,641,194,1147,1789,856,183,1574,989,911
274,1123,185,1300,1296,1847,785,156,641,1147
1488,1499,1555,1178,177,1321,1266,553,1547,69
1279,1217,24,1761,150,1566,1181,1646,1552,688
1808,140,577,403,1276,1192,190,219,843,1755
1783,1305,188,639,27,1096,270,1536,309,1401
1294,1141,1847,990,23,1304,531,1469,477,1472
1447,1139,1038,890,138,1752,1754,91,186,245
1778,1536,1276,371,807,1821,1040,1711,669,648
645,25,1284,1490,1087,1501,1109,948,1260,1188
1028,1804,855,253,1259,845,1164,700,228,185
946,967,972,490,1834,1395,746,1002,474,198
260,641,606,588,430,1074,361,1533,648,1304
1432,598,1471,1426,1238,1852,416,1279,641,1306
1193,689,134,656,1095,669,1290,734,1280,1306
897,644,1145,430,245,310,166,186,1269,1500
351,91,1771,24,137,97,478,1680,919,1804
193,1295,697,1306,499,1125,1327,1277,980,27
152,1145,1514,608,1741,989,49,307,466,699
1175,1585,315,1214,1660,1279,1544,990,1183,911
1365,166,548,1301,1125,855,19,1031,76,149
990,1292,221,579,1374,1163,478,1036,318,1121
1695,1256,856,262,1781,645,1007,478,1058,1300
1778,1276,87,1716,1505,1292,381,855,1302,746
1817,953,1756,1847,1839,1681,80,952,304,1301
1699,1817,1824,771,430,1207,1783,588,220,990
69,1752,1780,990,1083,885,374,273,1292,289
1732,1306,1178,255,1512,1307,990,1303,914,27
1306,1742,1811,97,1183,1648,312,163,1362,1180
1105,1153,1303,1764,1209,74,1547,23,251,333
1597,1128,897,1669,1092,1299,272,391,707,303
1430,1279,640,914,1585,995,400,1021,1566,287
1827,1028,274,18,1323,1846,1013,1648,1374,1780
1161,713,145,855,1545,402,92,909,913,877
386,863,1859,1701,1186,403,976,112,198,411
1018,18,1182,596,1579,285,937,1029,1764,1776
1306,1682,154,94,572,148,1276,1191,1546,1752
78,305,1295,831,73,269,1076,220,531,981
308,1182,267,934,568,1804,371,91,1016,104
280,275,1018,1303,1780,201,554,335,312,1279
1245,1206,1850,286,1116,399,694,181,59,927
1184,279,16,1276,197,632,1585,561,1741,1117
890,1780,1804,1188,1839,1741,1374,1294,271,155
1778,648,1712,1593,1428,1780,101,1294,1277,1022
918,1676,559,374,219,1162,1374,1839,581,1734
1093,793,1303,1421,665,158,1257,1280,1168,1839
1853,1266,1721,1839,302,914,1143,1013,1741,1184
1426,975,1123,990,1092,290,142,1620,1807,562
1166,1648,94,1839,1778,1128,940,1291,61,1354
1276,1664,233,698,1241,579,1115,1192,851,890
495,422,65,1220,78,1648,1162,182,302,126
1276,1578,920,89,645,1164,426,1561,572,725
1294,936,1128,569,1830,1170,497,302,1084,749
827,1410,50,714,136,1850,430,1715,990,173
1290,1276,1018,484,658,953,598,70,1780,12
274,823,401,348,1125,1266,656,772,1017,25
1034,1780,1266,1726,222,121,1416,917,87,1648
1030,112,68,1189,1638,1285,234,1105,540,1241
294,1014,1711,337,1297,193,1290,1550,645,1778
1702,626,1302,1668,1251,1187,801,1574,1334,1744
268,1162,249,1305,1026,926,1298,1297,823,1374
1811,1732,1305,61,219,1542,747,1304,284,1839
772,901,440,228,128,1278,1300,489,111,1220
695,170,1278,1099,268,445,1581,1674,1182,1063
98,1811,821,935,1150,831,1299,345,1441,823
144,272,1474,1362,1804,1841,1074,1281,1276,440
244,1811,411,1798,1303,636,1278,621,1492,1280
138,12,1781,913,1648,1012,1280,1555,1296,1188
1555,1613,144,139,178,1305,979,1838,1426,270
1263,1278,27,1566,1409,201,400,1226,226,457
1249,1564,70,24,920,99,1307,681,1302,669
1299,1303,268,259,254,305,1035,937,540,1778
70,1278,1550,855,114,1783,547,1585,200,670
1119,641,303,1780,634,921,1843,283,12,525
902,1206,1377,371,77,459,268,23,244,856
1623,459,1704,972,136,849,245,563,1750,1287
27,1488,1386,645,369,294,1291,1629,1267,1232
252,1470,503,1295,1305,1804,1025,671,669,1836
122,1817,1804,399,70,615,176,1669,1192,1658
919,1297,1260,1472,1276,1778,1456,74,1286,1346
647,179,983,472,832,1029,83,1347,503,1303
1289,363,1298,1017,1230,1702,1566,1266,1857,596
1087,1183,953,1679,374,1417,1467,1804,1300,1827
1296,1293,1303,1348,1434,1316,234,1525,1812,1817
221,1191,1306,76,71,1712,65,958,723,641
477,838,1224,383,908,1582,613,1320,1348,638
445,193,108,1272,805,745,919,1174,643,476
216,1034,1783,478,898,376,833,1303,1796,1256
1285,1781,3,519,331,178,1817,1303,1198,1052
340,220,23,1566,632,1217,358,1741,517,588
1648,274,245,641,1341,1737,1470,911,131,606
372,1107,1282,1303,1267,297,1279,243,204,644
596,1550,478,1444,1374,7,20,1819,1018,235
24,89,18,1108,1278,740,1159,527,739,1173
984,1116,695,1252,23,1306,989,1296,723,64
49,1648,1163,685,481,1368,1305,1183,1285,1413
487,1534,1228,716,1025,179,86,27,1372,1727
171,1294,1299,1279,990,1720,1648,116,1856,100
273,1302,1426,70,1347,1440,318,1123,723,197
614,569,1301,124,312,1187,1306,972,140,190
1819,1129,993,1399,129,1374,899,1230,273,494
149,79,1307,1281,253,641,284,152,1182,640
1284,278,1289,403,645,244,1294,1257,759,6
1292,1294,1426,1511,689,1585,156,1566,1319,87
1311,1161,636,78,583,1043,1669,918,1276,65
1711,280,62,766,1018,465,778,1741,1294,93
1119,290,1604,1277,1158,614,215,192,490,908
129,79,1303,88,598,186,126,1648,809,523
1824,86,274,1306,328,1558,1472,1120,819,296
999,430,990,1249,1596,1841,137,1780,25,1279
1776,1026,452,288,103,641,1752,1780,1115,271
407,930,1580,841,92,1804,995,337,1038,656
1831,1585,1144,949,9,1305,1074,590,1272,1175
1327,754,669,707,967,74,1776,1492,81,50
112,1343,610,1294,264,1819,1595,625,337,1482
1538,669,1307,374,902,1702,1620,1841,621,1183
1174,1157,1305,1294,1289,1418,624,1496,1058,1547
80,278,1440,88,294,27,598,320,182,981
1566,1028,807,95,1221,1306,512,1294,1783,1343
1304,1277,903,24,1550,1146,890,529,1049,269
855,84,1339,136,127,1594,1804,1289,129,144
716,1409,1489,1217,1577,1045,1285,250,1734,37
481,1783,1243,1302,302,274,968,933,220,1720
579,530,858,1289,656,1247,1120,1804,430,74
901,1246,1426,1804,1292,1291,1279,1468,669,267
1191,1188,64,293,946,1280,669,266,256,430
1036,88,1636,780,50,1182,112,499,1294,1181
642,148,1307,998,1824,101,70,767,1036,1279
1759,121,890,606,498,856,1075,744,973,989
1303,1692,1783,1278,1472,1518,1595,1226,924,1279
992,1289,1056,1732,1280,219,223,631,374,1840
1123,1842,69,267,1659,1220,1297,274,1669,1513
306,1017,1303,1842,1780,1292,1532,1012,1845,1717
949,269,1752,70,909,1332,309,286,510,1305
1595,1088,258,1145,89,70,1276,899,313,525
1811,644,1217,1176,1804,1571,825,1259,681,862
140,1514,1555,1712,1401,1426,170,902,1282,622
1298,1018,816,1769,166,1374,541,1839,912,1280
1547,151,1357,598,278,1299,1566,1237,1208,353
1230,1026,439,1234,1669,12,989,535,309,825
917,1648,1294,62,1705,233,1169,1677,1732,918
627,309,1678,268,1323,253,1118,1728,1701,1741
244,74,219,937,1284,1251,958,310,684,1234
1290,1337,1266,374,1295,640,84,669,157,302
990,1648,943,1303,556,1577,100,1105,56,1086
1457,1732,64,184,676,1007,132,686,1139,1284
142,920,1291,79,1778,1129,597,1277,1737,302
1260,1307,128,1277,307,1602,1188,12,86,1295
925,1097,976,126,271,1474,1817,159,1305,645
1298,475,151,948,875,1289,1532,1696,1098,1115
470,1101,1350,148,1181,269,250,1123,88,1175
555,1179,1465,1294,1717,279,879,1780,114,1029
1142,1266,202,91,128,981,1330,1280,1173,1817
12,1294,87,1132,902,1533,1307,1302,24,1169
1295,1036,1072,1655,1236,1296,1564,1680,1613,894
989,1290,1851,1731,1296,811,591,1674,1279,1122
23,920,901,548,1280,1547,490,639,1566,1007
1288,306,807,1223,1440,1715,222,818,588,190
484,147,1216,1680,1276,78,1580,268,75,1290
70,1027,1802,75,1498,990,238,1821,635,321
1648,908,636,1819,25,1,1075,1306,1357,863
268,1335,1780,1741,1632,898,303,1302,908,1246
1842,834,1483,219,21,911,1106,1285,970,747
753,694,890,285,197,155,1191,1384,279,1274
839,30,941,783,27,1839,570,751,1254,1158
1304,1741,1295,1547,1136,1454,1712,1616,202,130
915,1759,413,1266,908,1260,1490,284,418,405
1705,1085,1153,245,112,889,918,248,161,74
260,1565,300,990,138,1093,845,1343,1269,747
219,274,1302,1305,106,1032,621,1290,1338,1297
1648,1334,425,1092,467,641,133,1293,327,261
361,386,1263,1426,1678,163,347,132,197,1595
1472,201,1547,890,1160,1164,1254,1741,234,63
1035,925,89,18,953,919,1151,917,1585,74
1228,1781,1297,151,93,1253,1289,1524,128,934
151,478,1778,279,1295,857,1141,373,645,1296
