583,1669,268,1797,918,1276,1291,476,1682,942,1711,640,57
1064,953,1683,1123,181,1534,1294,137,1140,624,1029,1088,1777
1009,587,643,1585,541,645,1783,843,548,1294,1302,294,1778
238,139,1819,1374,193,1783,1270,76,93,990,907,996,433
101,459,1199,829,1549,1110,1268,1804,1288,257,1279,150,1830
1681,1290,128,176,953,1172,855,1781,1490,172,246,955,965
835,1798,1136,64,1811,920,1289,1775,1020,253,1841,1837,768
1741,1350,87,277,1855,1500,460,259,506,1778,1015,194,139
194,579,893,177,1099,596,1289,1851,1780,1741,938,65,308
694,956,1532,1736,89,1199,1739,74,645,91,781,244,1690
1289,1276,645,1243,546,1691,1220,921,135,878,111,725,93
1128,1228,1010,20,1182,1697,414,1773,1437,704,1285,133,1111
65,1580,1640,874,1305,1780,1555,1267,1224,1291,1176,1752,700
62,426,1780,275,137,127,1242,1068,70,1374,318,1266,1303
1490,1855,1207,23,1776,478,568,909,255,907,1264,1257,1104
1256,40,1778,810,1794,634,1300,1188,104,135,873,907,1419
52,1498,100,1302,1298,165,188,1842,1182,1112,167,1281,219
223,1147,596,1579,879,1409,123,738,1225,193,1295,1056,1741
1752,1374,959,1303,1581,437,1284,1720,1648,1564,875,244,1558
345,1267,23,1093,656,90,1303,990,1749,1538,1116,713,466
246,23,1752,615,999,30,272,304,670,641,92,56,27
806,478,1762,847,1555,256,488,913,595,744,1285,277,1040
1697,1290,1821,1229,855,1752,374,1426,1068,856,1304,1284,1566
1855,847,280,952,1125,1374,1776,1541,917,989,1682,255,1015
1564,1162,1741,598,1300,1282,80,1272,776,177,440,1292,856
27,1384,789,596,144,1863,444,1348,165,1836,192,760,69
940,641,96,1839,1296,555,1648,531,1123,1182,1305,376,277
883,523,258,1245,1778,1553,951,70,630,1306,1291,1146,806
1441,1281,1699,1235,279,987,23,143,1519,1778,822,955,1720
1697,1852,1547,1183,953,478,69,100,1126,1145,990,175,1188
452,284,87,186,1380,106,752,61,1013,1022,289,990,1711
262,957,279,303,1125,348,1836,1028,1694,1160,717,598,1047
1374,1839,1638,1591,270,177,1277,1851,294,889,1611,319,540
1616,128,1306,1294,659,232,1566,1301,656,530,266,90,540
993,1099,1306,697,293,909,1472,1280,1301,165,511,1245,647
975,522,275,259,990,573,1679,764,992,77,1468,1405,73
1634,1863,1550,151,379,645,835,136,17,1669,64,1182,25
1300,596,377,459,1732,1828,1156,1302,1056,644,1420,641,1011
360,25,596,1712,907,1741,723,489,78,1243,1841,269,1293
1426,1026,884,101,700,733,940,27,1182,1093,993,1627,412
1478,1747,1558,765,1279,670,1490,1058,266,465,976,1506,1639
1704,930,1289,1022,455,656,1566,60,70,1268,1658,640,294
1282,191,1036,1653,989,890,817,747,1819,1277,134,1034,797
596,1776,1192,315,588,1705,1284,277,1045,1534,1648,272,1047
1041,1568,1276,1788,94,1564,1222,1223,112,1303,1595,1577,1294
1737,1225,1843,1294,1034,71,451,1513,606,1084,1293,855,162
1132,1847,1226,1138,170,568,389,570,306,990,627,269,1289
1073,1197,193,907,1566,144,1276,1780,1217,1565,1550,306,1675
220,1266,1208,253,267,1299,1294,1110,1445,273,943,74,629
955,943,1290,22,77,1443,71,447,1534,901,1026,1294,989
782,1636,133,194,253,114,548,270,222,1780,104,1564,873
265,254,175,1280,623,1757,1259,1303,1708,1655,215,1278,1227
1839,383,1181,596,100,890,1191,1092,1158,1290,1532,1279,485
1013,1147,801,139,646,1162,1510,857,1654,64,70,1030,1613
273,729,1001,1300,1780,1018,17,70,623,989,1307,559,1699
1294,1271,1087,1374,1225,1566,1297,1585,644,256,273,1441,123
473,1744,1234,530,574,1102,1300,1304,1040,983,819,1563,1356
1379,142,1248,1328,1082,430,126,1811,1305,1320,285,1409,1166
1819,1245,1304,1280,1051,615,1696,163,142,645,1053,924,931
1294,1491,87,88,220,204,235,990,1842,536,656,1051,1034
1086,990,263,1082,568,561,1479,1490,265,960,892,23,307
1304,1566,1648,1297,647,644,297,1142,531,417,478,1290,1712
914,1099,656,1555,1786,952,1000,357,1648,642,257,1325,1250
1804,1201,833,220,1682,990,1783,927,835,1086,319,1800,1092
1568,917,609,1490,878,74,452,1302,1547,1472,1245,200,70
606,953,505,687,1817,310,481,1547,1432,1306,186,89,1701
847,990,337,1388,1776,1272,1752,485,1300,1137,65,1483,1544
459,1585,1258,1718,1276,1273,79,1468,1776,175,1249,1691,1706
540,23,821,1600,747,1290,1301,1224,481,1732,75,1112,258
915,494,864,835,1631,690,1357,1752,1711,1538,188,1182,890
574,930,1140,1289,1783,678,990,1811,1657,146,223,1029,1167
1280,1297,27,302,23,433,1588,220,31,1314,1366,1752,1858
1028,1804,1555,41,1336,809,1299,1294,31,1426,918,148,992
292,302,1786,1276,247,1472,1029,1648,572,275,1690,1827,1104
566,641,221,1165,1490,827,1804,137,1288,990,1432,1272,1278
466,192,77,598,980,572,1292,863,1294,1538,223,571,950
284,101,508,1680,811,918,695,192,1447,510,1564,306,554
1585,620,1471,1306,1094,819,1243,178,1204,557,302,1304,123
1724,1266,624,100,170,132,823,286,371,1482,1315,1804,131
938,70,389,1569,752,966,1146,926,1306,1811,308,1277,148
1303,1770,990,1295,1306,1188,289,1415,1051,273,845,568,1555
1780,1305,1804,1276,494,25,1279,823,966,1550,1307,242,126
1074,914,1677,639,155,642,1005,1049,1301,1182,113,945,264
283,1819,823,1547,24,630,1279,1227,79,1840,292,23,1247
507,271,235,643,730,1100,1296,309,1237,1306,197,1584,433
24,1838,1099,138,994,1129,1304,1547,90,1272,1585,1648,510
753,1017,1585,1076,779,1689,1428,1747,934,280,909,401,56
1728,1273,1183,98,1129,789,270,1759,1566,1688,1181,266,1237
727,1092,772,1029,1456,1839,648,683,284,258,74,1182,131
1499,1026,1296,478,521,1752,1354,990,1034,1125,728,293,956
1012,990,549,235,712,847,621,911,1846,1778,228,1305,838
941,913,1294,1279,179,1727,71,1432,1569,123,18,640,744
162,596,472,689,1552,190,907,1820,453,127,642,145,659
335,1230,170,1115,296,1235,1026,1291,1660,1279,993,1550,1085
310,328,305,1554,589,192,990,1470,1296,632,466,642,902
1426,275,877,1570,1410,1294,292,855,1076,1648,1277,179,1505
74,192,1822,133,1281,1049,781,640,291,1591,1530,656,1819
1299,990,1011,959,660,121,623,234,478,87,585,1844,1783
1648,1123,93,1119,870,283,766,377,681,905,952,1015,1578
541,282,889,1564,138,220,1350,1804,294,1245,760,857,969
993,1741,298,23,1418,1236,909,1441,1271,1447,181,32,1245
1088,1773,873,1783,1776,70,1296,290,356,138,427,1454,490
588,1086,1584,1513,955,259,1804,1265,1820,913,134,1585,1035
591,875,1076,1452,1566,1305,1681,307,1303,59,1787,821,56
1585,24,139,126,1279,1284,756,1684,1307,920,1512,1018,656
152,201,1490,1290,1752,238,1853,141,772,1470,1276,163,591
1783,1272,1291,1097,1109,1539,1712,1142,493,622,1840,288,445
1790,23,176,1298,1841,712,293,656,1276,280,989,1854,289
669,696,1302,25,79,1580,99,452,94,901,1211,16,918
1302,1305,596,1166,1298,1511,1294,290,220,56,641,1279,1276
48,855,489,120,269,1804,897,407,253,1492,1310,1289,640
1279,1773,1621,76,610,1076,175,191,91,686,71,1295,1291
1680,775,1183,140,1147,811,983,165,875,545,1334,945,586
1183,363,549,174,828,1296,302,645,1086,127,122,1470,223
119,1669,1841,1281,978,1232,478,1016,1191,62,1291,934,21
1303,129,1292,138,25,1741,548,989,786,1107,1691,1337,1034
755,186,1289,880,939,1292,454,1432,1266,94,1658,274,593
303,1280,1550,101,603,1128,1279,720,219,126,1695,911,1426
46,479,940,542,219,1585,1291,1498,350,1298,259,1736,1654
492,576,848,244,855,1804,1341,1714,1122,1524,259,910,1300
1374,890,283,897,95,1829,1028,606,1802,1176,641,1537,1031
162,1305,1817,1472,669,1051,1360,274,303,1164,248,287,1648
1335,945,399,1290,87,1804,135,1319,1076,23,948,1689,943
877,1307,1741,1769,1564,1804,355,1280,645,1470,1752,990,1257
1695,1391,1024,1426,644,694,137,880,1289,645,955,1770,782
703,319,1648,181,960,985,878,506,193,1660,1555,478,1706
595,1106,166,1297,983,1095,832,32,1805,1234,1553,235,1752
1566,75,1853,129,1140,1284,284,1228,1536,23,1584,309,1490
1175,1552,531,1287,23,680,105,1278,1305,1373,277,1264,1781
1507,1141,140,1276,1671,1012,1178,746,1112,278,1426,590,157
152,87,1293,881,746,1822,496,263,1669,184,978,1690,302
296,657,853,1067,273,1276,1819,790,221,1564,170,1592,295
1128,1084,1783,281,1306,1183,1566,1014,93,1247,842,610,1071
710,855,641,1470,246,399,1778,639,647,901,1830,1752,879
845,1221,638,1817,1472,1415,1844,1279,1752,990,450,1302,855
1432,1303,93,1291,548,895,1299,123,622,997,206,1301,855
1563,1040,374,636,1644,132,1804,855,990,292,144,1702,729
179,1284,1699,939,1300,291,922,376,1741,1003,740,924,121
1372,1552,1182,1190,1801,1234,1464,395,1855,1720,934,863,1284
1374,86,656,640,1302,1477,68,1778,1805,23,1801,1218,753
1088,1702,1305,1313,1292,1374,940,1295,867,1566,1296,747,989
783,713,1123,1590,128,1229,789,944,1066,629,506,919,121
55,1794,1432,1247,1727,912,911,1298,642,1290,1274,1756,549
1029,1133,1278,478,70,643,61,1739,1257,1555,1804,184,664
374,1584,1336,1745,75,1293,1455,1289,1306,277,992,1682,1187
87,1267,273,1851,1294,374,142,1092,890,1067,691,1062,1830
989,1778,296,850,1457,1013,201,1034,297,23,1565,1564,339
20,1839,1119,75,984,179,862,1819,258,1811,174,1490,1070
1804,903,1279,492,152,918,1130,1702,724,1438,106,363,316
1845,1291,1819,185,1216,1483,427,507,629,1671,1811,1289,920
1296,1288,23,488,139,1839,695,1293,1301,496,1278,618,127
50,1648,297,1294,1432,815,90,726,640,1041,205,1469,614
908,1016,296,744,1352,570,25,1263,716,1648,1161,1595,1290
939,1704,1130,1062,267,800,1542,55,1028,1690,1184,1817,1222
126,583,957,1844,296,251,989,1281,1811,359,1662,849,807
921,1859,1034,18,919,76,956,1279,155,1348,27,989,598
1687,478,296,1563,22,645,293,1275,1028,992,255,1303,1633
101,88,139,1102,27,484,485,1732,890,1051,315,1292,202
1023,702,202,257,374,68,618,219,1426,779,1752,1060,1838
1150,12,243,27,1741,1307,244,1839,995,738,778,740,1777
23,282,1280,1237,1534,1432,1566,586,1296,1819,325,1532,1128
1291,217,12,845,1294,170,204,1780,70,725,309,788,1125
596,1648,1741,1074,1065,998,1566,1534,70,179,1240,828,693
1584,112,1748,1617,1566,205,1478,1288,644,1249,259,202,1182
1296,682,1564,1554,292,487,1492,1030,63,86,256,1570,690
1145,417,1013,312,1660,268,230,1291,70,1343,1417,1005,768
536,869,370,497,1165,1326,1323,1033,645,1220,1320,1193,1329
25,1234,311,641,159,1770,989,76,626,1419,887,484,1105
548,478,645,1778,1269,927,1076,1298,1303,279,1302,856,91
422,990,25,686,1836,1228,32,167,1292,645,178,27,17
1752,1234,262,521,1490,1510,488,584,177,220,99,772,907
193,1749,239,588,1379,1297,302,292,606,1307,1225,1280,243
1282,589,414,230,1307,213,1648,1182,200,1617,1700,252,857
1264,288,1277,1179,25,1084,1805,1301,664,1278,1109,114,1791
1280,1618,220,1812,440,395,1686,25,100,407,1091,244,181
1566,588,141,1655,1722,1151,93,307,1648,1381,1109,1778,451
1502,108,966,1217,1266,1702,1275,1817,1566,1276,656,855,279
913,179,1648,1686,531,1116,1496,1373,656,645,294,296,602
1711,1648,1284,79,990,1158,180,944,274,325,1295,262,998
1030,1689,1804,990,934,507,639,377,1305,163,27,70,1802
1320,1034,12,312,136,1211,817,504,990,1564,283,1306,399
1088,749,1366,802,495,1291,223,295,1303,1074,211,170,53
1804,1279,989,1245,1450,1231,172,855,298,591,1817,1108,245
1266,479,1183,1548,1467,95,1332,960,1099,319,610,1727,907
656,1372,99,980,1279,273,1564,1253,1289,1492,984,1701,1648
1296,1294,1284,116,868,641,920,1128,1677,1811,1485,1098,426
1306,453,146,1295,1273,921,266,889,1088,640,1662,1284,1266
1199,89,133,1060,1689,213,583,260,1585,1361,190,1012,890
631,908,1282,306,881,1781,1030,503,1564,1372,139,1811,953
1290,1197,581,856,292,151,295,83,255,1778,1426,929,1772
169,1374,713,697,824,93,1564,92,1804,190,1290,1426,165
834,1741,1804,1778,1807,1069,945,411,618,1584,1046,1058,1846
61,596,1547,1303,221,1644,1306,784,156,220,77,1299,1603
644,1780,766,622,534,126,1112,374,1346,147,1778,690,1247
990,490,1284,70,1255,1297,911,1566,1733,1087,1290,175,861
392,1230,739,1267,776,1584,1290,158,1657,1748,279,1823,185
656,644,291,1034,1225,256,596,335,279,288,1447,1761,1648
280,857,1321,453,1296,1432,407,978,454,175,1566,1182,250
317,1224,1295,1472,811,1763,912,286,1722,445,953,1732,656
1234,1290,944,872,1271,1830,1732,648,1552,1537,1409,1040,177
1804,138,70,1846,1842,1679,1365,1026,1136,1501,1732,1840,312
242,282,257,1266,190,1566,1229,244,1191,645,1260,363,1284
164,111,23,1472,1687,1034,212,134,1029,889,741,1651,656
996,550,1839,301,90,1183,919,196,1464,525,4,220,182
1702,1780,141,1550,1284,137,989,1138,615,124,1132,990,348
557,1279,987,265,1204,777,1666,16,1270,1026,303,1276,1296
640,1850,382,157,1084,148,282,1307,1826,1824,1306,1328,1274
656,1276,1644,1027,713,74,859,101,1581,1265,1307,1595,1699
1017,1276,596,303,70,1288,587,606,1306,4,177,568,645
1279,463,214,294,585,1680,295,925,303,1162,39,223,478
1052,1566,1282,60,943,1533,1426,1804,1188,204,1564,1088,11
1470,1658,1542,80,1741,1655,273,1091,492,473,577,1298,132
772,1115,1278,787,658,41,278,70,519,245,1648,1280,1009
254,320,1356,624,598,1648,1246,1296,856,74,909,133,1256
856,902,656,1073,1837,475,1289,23,1604,1278,1748,465,904
25,1302,907,990,831,1294,707,488,921,1028,335,1777,1286
121,983,640,695,690,478,1845,1289,731,1094,1640,1566,1741
1068,220,909,1087,1177,1406,1525,272,112,740,70,1811,459
1322,691,1799,99,1306,872,88,495,1284,192,1030,750,1195
1449,1307,645,681,1780,1534,141,796,786,1295,1281,1305,1836
887,1224,1064,1843,204,1295,1676,930,1357,126,91,246,598
1811,1153,1355,1282,74,835,121,1276,829,283,49,274,1066
1276,1294,1420,1041,1238,176,192,1268,1284,1132,1307,1748,972
1104,273,164,1440,902,856,1675,1648,1534,7,1279,542,404
1076,1552,1423,978,16,254,251,451,1064,1360,581,1276,1305
878,1681,1719,1401,1341,1274,1105,958,1824,136,644,642,1725
157,801,1783,103,494,1619,255,1228,192,1374,1585,25,1496
7,1804,1276,1303,1431,531,308,1189,920,734,1279,1711,656
227,1183,120,1688,641,1682,639,93,1741,1423,1294,1034,1804
245,287,674,644,1648,1231,919,1585,239,298,1780,1818,1845
640,917,1811,1280,531,1067,1648,95,169,1374,1278,990,1838
3,327,1298,175,510,1291,24,1280,279,253,652,1683,1183
253,1426,1169,1297,294,204,1272,531,1289,1784,1129,1555,990
105,609,1292,221,823,1432,1732,990,278,16,279,1302,1470
157,1119,811,291,1287,179,261,1426,999,196,1267,185,1311
223,1362,1191,1282,280,245,30,823,1202,1555,180,940,1817
335,690,416,1841,1638,87,244,588,1836,1284,1550,246,457
988,9,917,1424,427,1534,1191,397,1608,1348,252,384,1839
1616,965,1555,1076,1129,70,1303,990,1780,1729,84,1101,1270
1566,128,222,1247,181,1824,27,105,615,847,1266,1596,1230
1306,1045,1301,315,1490,65,909,1500,1012,1005,1848,253,193
1011,857,1836,322,179,1041,1614,988,284,1112,890,1036,1446
1688,1139,1489,1137,148,1566,1276,382,1409,504,1648,1554,1279
253,1430,1129,687,776,1741,194,1002,118,895,1780,117,1804
1811,1118,889,1744,1780,1040,261,1302,297,87,1182,727,1466
1307,406,862,1289,1182,460,940,219,471,920,1344,79,563
707,478,275,1811,1781,1291,1292,1276,1307,1195,917,70,958
1184,23,1305,1291,1303,74,131,264,1847,1788,1251,286,123
1347,282,677,1342,908,1546,1781,298,1175,538,1068,574,641
1840,917,1307,781,159,1301,990,1294,1026,302,1441,506,478
596,1029,1226,1859,163,1585,1085,551,179,192,140,1591,1752
1842,45,1034,182,1558,1225,265,1538,1191,632,1294,157,535
655,1683,1387,918,1052,1781,557,917,23,706,1842,901,644
235,862,573,55,484,1266,1289,1180,1204,645,178,1189,1083
1284,155,1297,1166,284,615,1585,465,1294,70,801,232,1279
99,1820,1671,1564,1274,870,287,598,1060,953,1804,459,1488
413,937,1320,1300,234,641,402,12,656,1230,1840,1132,1293
186,288,1238,499,1280,694,23,428,1300,216,1012,273,99
130,1732,1188,934,1409,1783,1232,792,145,1223,39,180,548
1264,538,123,1123,116,1819,1488,1555,93,579,394,1732,1692
75,1174,1125,1292,1852,898,1821,1093,1294,465,783,91,66
1183,553,1780,990,1741,223,1648,1076,725,905,179,1757,123
149,1812,694,1839,100,1307,1173,1404,1298,29,989,1217,1547
273,220,1577,890,1299,1841,1294,1426,521,1778,278,1280,1338
245,641,133,76,989,1003,636,1733,1168,146,562,1542,1462
937,489,1332,1426,407,450,12,506,614,1585,1098,1840,156
578,1418,1353,1441,133,638,1041,1472,895,770,74,1036,1515
1098,244,984,973,967,351,1489,917,1290,1459,1311,383,1017
245,1708,1307,767,74,929,501,1298,990,672,247,1276,1243
220,440,1279,1741,1839,1326,1762,194,1056,669,402,267,12
1284,302,1415,1293,1449,363,1138,1276,150,850,980,1426,1648
644,1819,1825,1278,929,1552,583,642,1804,1364,1553,1132,1710
1846,713,381,197,1162,1546,925,1061,913,1640,21,1374,1095
630,1783,961,1036,1252,937,568,312,1276,855,1668,1128,266
1155,1549,1290,605,1182,1293,884,1294,990,1333,708,285,305
1215,246,1566,138,1191,1692,1165,855,23,1228,1268,202,754
669,1432,268,179,561,1359,265,374,1187,1302,1067,1545,649
1648,1129,248,1841,1366,540,1284,1697,1041,423,155,245,51
1082,951,902,1566,1352,1014,1188,989,591,144,1680,27,1266
1550,248,1186,501,1303,181,303,1798,1098,902,1783,1266,744
1041,1086,533,1648,137,1632,1741,81,913,475,596,1418,609
133,1067,1113,697,1648,95,222,1135,520,821,879,1030,669
1297,1613,273,224,263,491,234,1183,1267,74,120,548,219
596,1147,1304,1230,1277,713,907,23,1226,519,855,1071,811
146,290,201,1302,1327,1160,1847,254,1699,1041,27,1599,1742
397,1675,509,1297,999,28,1183,1296,193,45,1648,1712,856
1547,1199,166,1191,1314,947,1850,90,70,76,351,1068,266
322,1279,254,1645,137,705,1735,188,176,1851,87,590,1804
79,535,1160,1804,1059,341,571,785,1247,1250,224,27,1741
1595,377,1145,57,104,148,1469,753,320,285,1291,902,1276
301,1700,857,530,1302,138,194,1103,946,268,937,244,1843
277,1804,245,478,540,1374,1697,1039,917,1076,1409,344,1585
64,145,478,1299,511,1294,883,1485,155,497,1588,137,976
1084,1428,1839,588,478,499,307,1068,857,1712,1314,1256,1778
724,382,859,641,1804,377,1108,320,700,1292,189,1818,235
695,1492,1321,1741,268,1804,1257,197,1296,1547,1256,1289,1276
321,729,921,83,1584,181,768,1409,966,1188,1648,885,1566
1239,981,1005,1722,114,1538,1298,156,23,1718,312,634,1681
1265,420,503,1547,977,176,890,70,1290,1307,1295,570,1616
354,253,656,749,436,1145,357,1256,1561,695,90,983,1290
905,478,48,340,1839,1695,1172,592,245,184,76,1108,1817
1702,306,145,1284,1801,968,1566,1116,1648,1301,669,1844,32
1268,964,903,149,76,906,1279,1319,99,990,24,1443,644
535,1426,1839,12,70,1292,478,1097,95,294,1277,269,421
655,1617,1279,856,1778,552,656,1260,379,57,1251,1306,1732
1374,192,778,746,644,1108,469,1016,1266,174,148,1564,1304
1564,1307,1128,353,103,1347,575,287,1681,908,148,110,258
108,1741,1432,1285,223,924,1354,855,221,374,1676,1524,848
1566,740,1290,293,999,856,1477,3,912,1521,636,1184,1804
112,1778,1564,1292,857,1304,195,124,1648,1020,990,12,1374
596,1566,1094,193,1164,1387,1396,1501,219,1293,857,1350,450
1306,1285,322,656,1279,862,123,1021,989,1617,546,1123,510
27,951,1564,931,74,90,1294,260,1291,1295,1290,1819,890
1276,1350,1049,219,1830,540,1121,1291,440,749,1827,255,939
137,481,919,59,596,1836,291,186,430,1781,522,1294,121
1279,186,65,1282,920,1839,903,1092,400,227,1737,1290,1240
373,194,676,966,273,1648,1215,669,509,1307,1276,103,1360
629,963,1656,785,894,1294,1115,1271,1806,1651,1183,623,1266
1263,599,274,1780,1781,953,823,1542,1597,645,807,972,266
966,799,645,1291,93,1840,137,1354,1841,77,48,1208,575
827,149,476,1778,1307,978,1228,1305,68,61,305,1294,327
1009,1835,1498,1157,1323,1307,1034,894,1247,1547,1213,599,1216
1846,1320,1642,844,194,1265,1199,302,1243,1217,694,599,175
64,505,96,911,966,1036,1817,1678,1648,959,785,164,1307
1811,1293,1648,249,1555,1240,186,123,451,390,507,999,1071
1056,779,389,1270,533,1292,449,833,312,1240,27,1296,490
1470,1502,197,476,18,267,353,911,186,1265,459,1840,23
122,1555,1248,1367,1302,1266,1145,904,1343,298,1702,128,1405
1250,478,1180,1712,1298,1207,884,487,1564,946,778,24,1702
1296,902,1188,1258,1760,1145,640,293,113,310,1017,1182,776
828,776,1303,1566,164,715,1333,1110,642,1780,1553,1302,1618
457,1280,1296,459,120,860,1681,1275,568,1757,695,609,1276
1298,1104,1095,1297,1752,417,134,1237,829,1225,1304,1716,90
671,1384,1688,1830,267,92,1019,641,134,411,1063,798,1307
1280,70,1778,1276,1691,1463,656,918,1538,641,1277,1240,119
1319,1741,1534,973,1449,303,174,51,1295,1804,70,1269,503
1013,1294,1292,192,1280,1012,19,645,1282,1344,1251,1640,1304
278,878,1295,999,772,1470,1289,596,1204,1238,1056,279,1290
597,1194,1780,494,1564,253,598,171,1105,1484,138,1302,308
1553,1319,1067,1617,1313,61,279,478,1684,1727,277,699,457
816,166,1216,1284,617,1811,855,522,62,1111,966,1303,720
1095,1403,1237,1498,1034,998,193,141,1549,102,1804,1318,984
462,985,1302,1564,1585,1246,151,1298,552,731,1180,1712,173
133,97,1211,1542,847,1304,509,568,499,1302,1579,476,309
504,1276,459,1506,23,1306,285,731,68,206,1295,1307,145
275,1470,1326,1511,1786,1804,1089,1279,1299,1817,187,306,1752
659,195,23,1218,265,689,1288,1088,1182,1741,70,1784,890
1284,1276,538,591,1819,1018,277,1004,1811,285,173,1459,74
1191,275,139,185,1332,445,695,1032,64,1749,731,1780,1294
642,1238,1086,1030,1071,1169,129,877,343,1741,150,1457,1009
407,958,1752,1415,246,1162,66,1282,1026,1076,333,1564,920
1841,1243,1284,192,120,260,1783,301,917,1617,383,1306,479
1242,411,961,474,618,1300,357,1302,167,447,695,279,121
1743,136,238,1817,142,151,1149,1285,1192,1306,1287,146,1697
1279,1584,277,1776,1282,1319,1648,128,1700,1166,1851,645,894
1290,823,181,1752,956,954,169,1209,1288,259,1141,854,1162
913,641,1289,154,1302,1811,114,1472,216,166,1617,969,1294
1426,776,1343,1307,488,152,1549,1566,1409,958,1817,1303,204
193,86,1292,1267,243,1174,549,665,1517,6,134,581,933
1282,1006,1169,890,1712,1292,1839,712,192,269,190,56,598
1657,1021,811,106,27,128,411,12,1798,58,1235,1132,269
952,1191,151,1477,963,268,1502,1374,1778,1116,1787,1265,286
1613,12,166,1819,1285,1018,547,1784,1092,1513,188,641,973
1847,1648,1029,137,914,1166,1795,775,1254,129,1301,1105,55
953,145,99,955,1565,18,1428,1804,1480,989,296,954,919
641,467,1417,1109,807,1291,223,1229,186,1160,1076,1284,325
1183,816,1549,598,1840,1208,1065,1280,1669,134,966,746,278
1116,402,1741,1357,669,1640,742,382,1306,1655,280,1836,1041
1811,1840,1585,656,335,589,1169,403,804,1112,1769,1073,1736
108,1849,335,18,1781,192,74,290,1683,1241,672,581,1216
1503,128,1306,1811,192,1076,1804,190,1291,1839,1278,1752,1840
917,951,244,150,1585,90,1307,1427,353,1298,92,4,1220
1237,1542,1861,164,714,1686,90,330,938,595,244,717,774
926,1666,1307,1819,295,1387,148,223,656,484,406,93,418
1288,686,1284,383,1811,1432,520,151,379,293,1277,1086,1154
1149,1733,1215,972,1159,305,295,695,46,100,540,1565,618
1336,1284,829,748,1354,312,1555,1298,990,1307,1622,472,268
358,1470,1584,1837,1307,181,1034,1800,1294,185,306,950,1306
1239,960,491,911,989,1248,233,1472,269,1288,772,1785,963
284,965,751,181,1644,123,157,222,656,736,223,307,732
1844,692,1101,1752,1754,1105,907,568,1302,990,1012,1226,1374
1804,1648,1656,1153,1303,1182,286,7,236,1712,613,308,1019
627,70,222,725,184,1100,141,825,1029,532,1503,1811,245
98,745,490,1052,266,1132,1036,354,256,1302,363,4,133
89,1447,1798,666,243,71,908,185,1125,1861,235,1687,1841
1175,990,977,23,251,1778,673,795,268,718,292,1301,1658
781,1111,1804,138,954,1550,1278,521,1069,184,126,1472,1651
1303,584,1259,97,732,1780,1247,1748,1491,1764,1116,74,68
41,602,1285,1302,74,1306,123,490,1689,1040,153,1687,175
1182,1290,1562,630,568,167,1273,919,1387,725,1678,1181,114
154,960,1778,1859,1290,688,1538,1819,1064,1432,1618,1804,811
182,1294,713,966,1290,101,801,121,921,1811,1076,1714,1547
1804,407,134,12,1767,1284,86,681,1728,1276,1154,335,470
1301,1566,1125,1071,1853,1088,1306,681,96,1691,1034,1260,788
402,1155,989,990,509,261,1306,1544,1356,360,1680,148,647
101,856,1279,855,1084,1585,280,865,165,253,375,1041,1088
1375,1347,1648,245,1741,1281,595,1332,71,28,248,1862,1040
1712,17,1357,424,269,1075,568,307,1291,378,1409,1294,1374
1456,188,269,1355,256,3,338,87,1648,1064,990,1284,833
1201,804,1564,288,978,951,220,1021,664,1584,1741,589,141
930,55,901,1303,967,74,375,279,1333,1756,1284,478,890
418,1257,246,1302,193,235,180,92,309,1673,1262,1294,1305
1776,259,1585,1089,1377,1276,928,1279,93,1415,914,1307,1426
1780,940,1294,150,134,1371,478,1502,1034,75,69,744,1841
1374,151,284,1277,1110,1571,640,100,1300,697,1095,721,806
1778,121,822,1209,1783,644,1364,1566,937,1257,1237,180,104
1778,1668,268,974,152,341,1123,1850,1644,173,1064,807,1648
1279,1472,270,167,1262,748,1267,641,1552,1426,1432,1244,13
1246,296,1314,273,133,1294,643,1279,1343,385,413,1082,793
1510,1713,1284,27,1064,1534,990,1374,692,1295,18,103,109
926,1798,656,487,918,1289,1121,1282,995,629,1019,640,1733
1585,1440,830,1752,65,523,1595,55,1354,580,1599,1292,223
915,531,1778,658,644,1704,766,1165,1303,1280,1225,1648,402
1542,403,1494,382,903,917,1748,1136,1752,104,901,855,275
1307,1702,128,1604,1655,436,120,1021,1284,221,1230,1045,1034
506,721,220,1306,855,272,1824,712,71,116,1176,1780,483
553,1285,289,1804,1024,1339,1836,989,294,322,389,1718,1741
645,1585,1040,353,1297,202,955,1292,934,63,1299,1208,1432
1091,519,1648,1492,645,489,104,293,914,152,902,1280,581
1648,1282,165,92,1223,684,289,1821,906,748,530,1306,392
1284,296,197,1682,1265,1472,1830,133,1648,1148,1291,62,466
1382,78,1616,1234,1174,194,805,245,493,1615,918,118,849
890,1247,95,1682,908,1688,1303,1271,1490,1555,1348,116,131
193,1128,1150,1491,656,755,765,1084,647,1711,1811,1306,1311
1432,573,1307,652,848,245,1006,916,561,100,818,148,918
665,766,54,1640,1566,1329,1502,1285,1294,749,395,993,1374
1112,915,1130,27,1268,1741,1491,1551,201,1376,1245,1819,86
1811,88,1543,1289,254,1280,136,199,1284,1303,274,27,259
1304,177,642,228,1145,1276,193,248,1337,1800,990,125,1741
729,1819,1542,1644,425,375,21,1297,548,1303,659,989,1295
1071,1159,1284,1182,1769,1052,1265,1260,1024,539,80,1290,1778
305,1152,1292,176,258,1114,158,265,27,703,192,915,1467
410,950,1756,1817,93,1045,176,919,1676,204,1566,1483,596
1094,855,1593,1068,634,923,813,1533,749,775,1306,1295,518
277,1564,1299,6,1793,1279,640,644,1678,70,1488,1357,700
122,1741,1296,1706,1804,342,1855,1426,478,1277,1279,1648,268
562,1156,1349,1697,577,990,1291,1648,186,1276,255,574,1499
101,1741,1500,494,150,1617,1224,459,106,1288,223,335,1294
744,641,1472,1276,138,1415,1282,1855,254,1293,136,1780,270
1295,1304,1136,595,845,71,877,1297,1778,641,190,509,1807
253,642,1360,990,75,132,138,1811,1256,27,1507,451,1279
346,502,194,1305,492,1191,1741,268,74,1158,731,256,1566
700,818,1663,430,76,382,301,1225,1307,1275,1550,101,75
520,1217,221,1519,889,104,1263,1681,1190,212,1199,1276,306
39,1723,1811,1302,1303,1774,157,24,1307,1277,79,1749,798
868,1555,398,1073,1846,1278,1217,669,210,1565,1648,598,1051
287,1281,901,105,1331,950,296,255,1294,1266,772,999,1093
990,644,509,1132,188,830,1449,1114,478,1015,137,1406,74
1347,1776,1389,291,1296,105,185,588,27,1078,1150,219,1804
93,509,1748,1293,179,1426,1574,1225,1677,1569,1585,1296,347
1746,559,1300,1294,146,1566,1361,1273,838,699,74,91,1308
1278,1741,875,484,1839,1204,320,893,402,1285,990,297,1298
1781,177,439,1280,840,1697,1290,1714,138,990,642,1223,1285
643,849,88,562,1150,623,425,1278,699,254,885,89,114
305,179,1648,503,900,1238,325,70,75,19,861,1284,223
1547,382,1544,219,1603,70,684,139,917,128,1804,1267,133
1251,1784,69,1781,1648,1182,522,85,1300,987,1752,890,193
1289,1847,1132,1234,315,1445,1278,772,1230,1161,78,914,290
1076,1068,258,749,1294,1470,1629,612,194,463,1693,1555,1307
1533,638,466,1300,144,744,1833,90,1477,873,382,1741,608
1585,259,1578,1147,1011,1266,265,1783,1566,1186,1545,128,148
264,1289,1555,640,1302,1129,1038,1128,395,644,154,1409,1656
907,1804,1658,1811,1216,1049,1298,1824,1678,509,1382,202,95
644,1432,16,1468,128,1076,1247,164,1513,123,1182,1069,65
989,1831,1145,74,1127,1285,203,1564,181,1282,1809,1345,295
982,177,194,278,24,268,227,822,1741,1297,466,501,882
257,1817,1282,1286,90,955,1026,274,61,197,12,1839,266
1488,181,1699,92,1862,136,134,1276,1176,914,307,1001,257
258,921,341,167,290,1237,67,1648,1303,1566,646,321,1595
1415,917,281,1076,607,126,855,624,610,1349,1074,109,1237
1468,907,1037,1281,1759,1724,1811,192,1276,1301,1343,318,509
901,911,1303,76,523,221,498,62,917,1092,1222,153,1389
1300,429,625,23,1129,1503,1585,126,246,804,390,1167,998
1319,793,1622,1705,175,894,717,1292,40,1232,1118,167,285
1804,956,1040,1284,908,1499,1293,1590,572,1267,1216,73,1189
520,259,588,1470,82,1071,1780,112,106,756,573,170,1250
253,194,1040,1669,27,1183,1374,1162,931,467,1294,1780,291
1770,234,583,1417,1302,1778,1492,857,181,494,147,138,1801
1712,1362,484,25,773,90,1272,220,1349,81,1741,1259,1732
1609,1472,1148,1417,568,252,763,1830,1551,669,1735,1303,1038
244,1819,1246,1303,1384,1207,1093,1295,1229,950,1234,691,615
1562,1731,557,151,201,589,80,114,219,1303,1463,707,263
1018,108,699,325,1728,1082,288,1691,1305,1752,1250,632,1585
1688,596,1289,292,891,490,1762,701,400,1817,990,1653,412
1289,1575,1204,1292,1307,1236,64,80,340,150,27,483,104
1050,1261,729,1223,1306,1829,1682,1684,133,23,1189,1752,1228
914,1462,1622,990,1432,113,1307,1741,1606,1838,1712,268,1243
258,1804,70,990,1778,1307,1156,865,136,1432,1595,1223,106
478,113,1778,1296,1694,1688,990,1669,1029,1640,148,1349,307
1585,1842,1648,1781,890,90,1268,907,645,950,37,77,1830
1014,259,1850,939,1304,1703,459,847,278,1294,990,499,1700
1783,279,641,1292,87,112,1546,258,656,181,374,1105,1523
1278,245,1322,1162,589,1739,843,479,1223,1229,146,1504,501
1233,1437,1285,908,1752,1333,1302,832,697,504,154,1783,1301
1695,307,303,70,1277,1357,1569,596,856,202,644,775,1290
1563,1811,377,598,1276,1349,1291,1372,1318,1741,88,1094,1097
1306,1303,1066,1565,669,1566,1598,1817,279,316,1000,1276,598
1498,1783,824,1293,1360,1290,1160,1627,1289,686,377,1620,1581
640,821,263,136,191,90,990,1566,1120,156,1340,1276,641
274,154,1712,1819,74,644,1284,1277,862,363,807,592,141
1669,413,1683,74,79,1524,1697,1284,989,289,911,1853,222
989,459,1782,1516,434,914,295,1296,955,1487,354,1583,1839
1658,1280,1076,1772,234,914,1555,1289,1271,1268,1101,1305,74
470,1550,1669,918,1305,284,9,445,374,1294,934,950,1007
1016,1552,1284,190,729,651,1169,16,1045,152,275,1321,1701
1093,1289,574,1374,1240,1266,641,503,990,1028,1173,976,760
966,137,1752,1583,320,135,1754,1732,1280,716,1030,1800,1851
1041,275,1306,1787,1621,123,459,178,1720,282,243,832,1503
920,35,88,855,287,1140,295,1276,1479,185,1012,1680,27
1712,1318,1190,581,806,1821,642,1289,641,1302,296,1093,1291
955,1276,833,390,1732,1290,1661,294,1284,1533,18,278,1700
1293,683,382,990,640,223,1303,855,1842,1432,1265,1718,979
1199,1562,748,197,789,1839,1719,478,1235,1546,78,57,1620
503,780,1161,1370,1296,1306,1076,1819,151,1804,12,1781,430
1343,174,1589,1694,1676,87,82,1294,1282,1555,106,1741,1307
1157,707,373,1181,608,1256,1409,1808,898,1025,1677,642,1752
670,452,808,1291,995,889,965,1301,1272,816,636,1780,185
1305,944,466,521,728,25,1137,990,855,26,522,1581,1290
1056,261,157,1099,876,1699,1266,1182,1534,632,1087,272,1105
171,170,1300,1110,528,1547,1026,253,1005,1648,1752,1821,1306
1648,141,1555,265,1811,855,1619,1301,1272,606,1177,1306,1700
1658,83,596,1037,907,1819,1307,1076,476,356,184,1752,690
1097,147,1145,1804,83,588,1498,1023,126,104,298,86,1075
1305,622,1276,177,289,570,308,1804,1817,179,1727,1555,12
990,91,1809,70,621,1304,692,1257,1291,1307,1400,1453,75
954,1804,882,269,941,1819,1326,64,531,1095,1265,1193,1278
62,438,898,1840,787,1307,1780,833,641,417,674,561,1721
1249,1648,979,855,722,1320,1163,998,148,1342,1780,344,1306
1833,1150,1284,768,1783,1776,233,1489,1163,1014,744,356,753
961,289,1294,1051,780,1222,1134,45,87,1292,1295,152,1282
1229,146,929,1303,687,167,301,1536,1357,1290,1123,1341,909
973,1374,1012,12,1307,889,507,74,583,93,1804,694,1145
1289,1088,1281,572,176,1386,1053,746,1068,12,116,1432,1609
620,1179,1583,1265,911,1136,1289,1103,1456,1597,954,586,1538
640,1514,259,1301,509,1555,1569,222,1169,106,1781,117,268
997,1847,1718,1087,1294,990,1375,1689,1418,262,689,23,936
1285,1298,244,1719,1387,348,1151,1074,194,986,223,1426,1290
1712,214,114,1321,1657,899,1006,1300,374,745,64,1372,1016
1222,1277,12,1321,1280,1182,1276,1441,54,99,1178,921,1748
70,990,1289,487,1566,58,1811,1223,163,1183,996,1051,152
445,1303,1179,993,1405,89,1299,220,1267,828,137,523,1373
644,604,1555,14,904,688,1859,1150,1837,1034,639,10,697
197,1844,244,1783,641,1294,478,129,477,148,272,1846,46
199,1304,1780,1374,1065,966,645,285,1292,1741,100,1534,877
1095,1201,1030,1374,1276,857,108,1284,244,3,1688,1811,1266
823,92,1804,1561,122,1467,1195,1278,485,185,599,27,1583
1762,642,1547,491,1741,1225,249,186,1781,1427,640,823,303
1139,285,1121,1353,1160,1488,21,379,37,275,1009,23,1281
1811,782,1853,1064,1677,299,475,294,182,1296,811,1566,1838
80,1168,356,1305,1103,536,23,1157,990,45,1303,1683,1161
943,1279,1132,1294,287,184,1293,80,89,1451,373,1041,772
190,1078,133,533,494,223,1279,1160,209,993,576,1545,1290
857,312,170,118,180,569,900,1285,1804,452,1302,245,1016
1830,999,1276,419,1305,1553,1373,273,1092,1787,1282,1033,1111
1196,1819,695,1252,1303,1568,561,640,624,1691,1216,24,1726
1272,1163,1320,1096,1063,981,1289,1669,727,296,1839,235,268
1034,101,68,1304,669,429,507,666,767,1741,1778,939,166
1846,1298,1285,163,254,1307,1677,429,940,140,904,1566,1654
1088,76,1374,176,1297,992,1345,643,907,1005,245,1299,842
1841,1065,1441,643,1733,1301,204,1732,95,955,912,126,1109
1741,1543,126,1268,273,1223,1776,1275,1296,1300,1695,990,1019
253,252,274,190,1291,74,23,833,1088,534,1533,361,202
1498,1012,402,193,566,1613,24,843,598,81,1304,245,1278
1778,934,1526,1076,1591,655,529,178,201,1804,220,214,1417
75,981,582,1127,1267,258,1199,691,1276,106,53,1277,1685
656,978,98,645,1566,1415,1839,1644,1549,1840,1680,1625,95
1585,302,978,645,1199,856,136,1839,1289,399,229,1277,1303
1304,1593,1188,1265,1780,1281,973,1303,1106,1094,148,495,900
1092,1804,1774,990,1305,1808,568,1284,1727,1442,1071,1288,1807
285,1278,275,1296,65,1210,916,36,23,472,25,154,941
1513,1710,201,303,1329,911,645,490,318,1783,943,235,1282
87,1757,92,1191,1498,303,1046,256,596,674,598,925,957
1566,305,321,1669,95,1546,948,1441,855,100,1757,851,596
1257,292,596,838,1072,1079,260,744,108,27,1640,1280,956
12,64,989,1374,151,1225,100,920,279,1018,809,656,596
1501,1485,1749,19,1817,491,1566,51,370,920,632,1846,1491
134,1604,1736,1292,700,1183,1811,897,401,1276,402,803,1550
1290,1778,766,275,996,233,1374,1294,1303,447,921,14,1811
1288,1660,478,1286,725,252,802,1457,1303,1294,244,1737,1830
1250,1693,1084,1225,236,221,1409,93,67,848,978,902,1183
804,1221,23,281,656,40,222,829,1693,1220,74,1145,1804
1087,1472,1595,220,455,325,1778,185,839,324,951,1178,990
1808,296,275,462,128,592,1581,1802,197,1132,1252,88,1509
1094,1585,1293,59,763,1811,675,253,1817,1732,110,779,857
69,1013,1297,967,1399,61,459,690,245,699,98,1769,494
1648,986,251,258,1542,1045,282,165,187,855,176,103,1071
253,37,155,1776,1117,1243,295,123,152,1558,1741,1712,910
723,1237,1780,1564,1146,1577,268,185,890,220,596,603,1284
467,278,811,99,626,1303,93,872,1369,1426,321,136,256
1432,507,1216,1276,134,181,1533,537,627,1817,1178,1076,1016
1682,600,1852,607,192,574,1256,1566,1804,308,253,748,730
1532,1300,1685,1374,579,540,1303,961,1266,1094,1563,1434,1275
1088,780,1490,1819,1778,918,563,1118,1276,132,702,1294,1076
990,1307,687,1284,1248,897,263,960,1418,1022,302,1116,30
645,1309,1376,1172,900,1210,1776,855,1753,561,1298,1584,644
310,641,853,1228,1095,1296,530,245,1051,185,450,1581,1014
660,1355,909,292,270,1773,1432,890,748,1292,1251,358,1113
1028,1332,244,530,1479,1787,70,1302,284,176,545,563,980
1770,882,855,27,246,1257,77,573,583,503,1817,60,1418
956,1741,113,1477,999,80,23,1585,984,96,1181,303,1276
143,621,445,971,1681,1426,74,1302,973,255,459,863,1566
1353,1182,6,1280,459,1441,74,991,568,1307,518,1566,990
233,284,557,949,1305,1041,1242,1691,295,203,1737,893,1280
1807,181,879,70,56,598,569,1235,1296,1839,1299,1819,279
126,194,1105,1550,856,694,1267,940,1814,691,478,1807,902
286,821,1290,1284,1282,778,1076,1108,547,647,103,311,994
641,1566,96,1354,1294,22,654,156,236,907,1851,1183,1711
146,645,374,1294,681,268,1840,656,1783,857,1804,1278,39
1777,1334,27,1303,253,1256,724,290,1555,1145,1228,1712,1685
186,1539,1307,1161,1780,1804,27,1289,1783,1021,621,1296,1299
1550,296,450,193,291,252,921,1470,1855,845,552,467,1281
1164,62,216,907,140,122,1648,181,1190,1584,1555,272,1526
1301,1555,691,259,1354,1491,1093,486,461,1732,1204,1104,1282
194,768,1282,728,1222,990,263,855,122,1034,1791,64,104
1432,1257,1588,277,909,1280,1030,1018,63,595,1235,192,563
1457,1811,896,723,1121,644,1778,483,1329,181,890,1500,1289
1360,1303,1741,64,192,319,285,257,425,907,764,27,845
208,644,1068,5,157,1547,1004,479,253,144,855,610,602
1296,1780,683,1154,1598,609,906,233,519,357,1732,1454,855
1145,990,1501,1306,21,644,1472,1830,1100,698,1279,1276,1169
1272,1183,1301,1374,1142,151,1182,128,142,4,1542,515,681
253,341,1278,989,1842,1615,1196,1357,952,923,167,74,1839
64,27,245,1291,1470,596,751,234,1137,688,335,260,1776
1291,131,1471,1136,333,914,1566,1228,1305,366,727,112,1547
270,889,1014,1182,1428,1256,76,1067,921,596,197,1776,1430
1839,74,1307,492,924,990,173,20,541,700,746,1648,383
312,59,877,278,1406,1752,1433,795,1566,1076,1160,857,817
506,1811,1550,159,778,727,474,990,944,1304,307,70,296
642,139,656,1276,1490,1136,1041,1199,880,1189,1096,1272,282
436,1292,1087,1289,804,139,1021,785,299,333,1302,7,1294
1612,690,596,1742,16,1685,1774,271,1278,640,1804,1719,1566
1811,690,1759,1690,1693,1752,1307,1737,598,192,1237,1032,1284
209,478,1281,1114,74,1684,939,87,1432,913,1267,23,12
1230,1250,325,1012,778,254,151,1175,1278,253,1136,1304,1778
644,131,558,1550,374,1374,1182,990,194,182,571,925,74
1585,303,669,323,614,1011,1252,1174,1566,856,1783,885,872
84,1086,816,1613,504,1562,1294,63,156,17,913,641,1849
257,589,1291,1470,465,906,834,1293,1843,691,312,1853,1548
374,540,997,148,243,919,90,272,1648,1303,639,87,996
1145,925,1277,244,1306,746,1068,1188,1776,1276,593,1291,1003
1231,1285,1277,1100,1307,1295,417,1098,588,1301,621,938,63
976,115,96,181,832,1257,1595,1302,1664,1776,772,145,1086
1515,1279,1093,1712,1343,1240,1034,1566,422,1264,98,306,244
1335,950,571,548,91,315,1323,1306,941,1640,478,1477,1304
1199,925,374,1721,1752,1347,86,878,1780,203,201,220,7
1415,262,855,1812,990,712,221,894,1182,121,548,277,1689
272,1247,1538,90,1470,955,1835,1306,173,727,341,1681,893
1840,969,1307,624,1051,674,1036,58,223,175,275,1294,337
859,131,1678,1714,908,990,909,1648,1298,74,1289,855,170
519,37,963,1310,1566,1292,121,1374,654,640,1270,717,312
1229,1818,279,1611,695,1038,1741,478,856,1105,568,1374,1314
364,1842,202,1305,908,1804,1301,462,1279,70,1374,253,337
1108,1680,1712,1633,856,1216,1128,990,1307,1284,1375,223,548
1296,1555,1622,106,1804,189,411,123,596,1686,1018,1161,855
1304,426,1279,1780,290,23,1612,126,987,581,1126,24,137
1182,410,1147,197,1458,245,203,990,1730,1235,429,121,971
596,133,1426,1349,679,190,284,90,320,640,201,989,1164
1301,950,1342,253,1116,1497,271,1608,1280,730,1304,78,1276
640,256,862,1234,885,1051,1555,74,1320,415,457,1182,1276
1738,25,680,1284,1307,70,145,1347,476,867,639,1677,775
1585,1573,39,254,15,1426,1205,1500,1290,1297,1751,1278,129
1068,740,1821,1830,596,1290,1669,23,855,269,138,1374,1660
12,1,1216,1741,381,1099,1585,1108,1175,268,59,1291,656
72,1741,114,1223,318,1314,493,1648,1092,112,1589,911,1290
820,1199,1162,55,725,1274,148,181,186,1741,1780,399,1304
1306,1821,4,176,148,303,127,1217,1060,1271,1804,1276,1311
901,402,70,1602,679,1303,811,1188,1781,116,1301,1294,782
849,74,1293,120,1299,101,1298,122,638,458,276,114,1377
1305,50,24,219,865,246,1637,1842,1769,1300,455,1780,1278
1804,694,268,179,990,918,908,1568,830,906,940,993,1849
1053,1741,1294,1744,659,1306,333,914,655,1545,243,1566,1256
1041,1231,640,1566,1571,903,158,697,1344,1648,156,151,606
1230,1307,260,1132,99,266,1279,978,283,246,152,1301,489
575,890,1742,1305,74,252,644,643,129,25,1770,91,855
233,86,23,1279,1500,529,1276,1804,1817,1763,1026,6,248
197,1245,221,1307,275,79,1299,856,1279,1205,271,1276,259
1365,217,1254,123,1655,1741,1492,911,1850,641,37,1619,1234
1776,1756,194,509,277,1082,133,1150,789,975,1648,957,1094
1303,932,1280,117,1305,181,1553,1648,267,1641,990,1323,12
1373,1845,1276,1307,1548,4,202,1752,1374,920,1509,1354,1330
1282,166,919,1290,733,1397,265,142,185,233,1572,1565,23
379,1307,126,1697,1343,1157,1790,250,302,1051,1804,244,147
105,236,1434,292,1528,80,1276,1566,147,523,677,148,570
687,284,303,1707,1815,1303,1688,1817,1139,885,1182,434,1669
71,1299,1011,382,862,95,190,1015,990,1845,1648,966,1778
70,499,1706,1702,608,1153,1278,1281,1769,105,1230,59,1285
511,284,155,1299,1161,6,1701,844,1006,1682,645,1290,1101
1722,596,284,70,1272,91,246,1432,1696,138,1845,1123,569
1228,84,1677,1432,593,1320,907,1504,1648,66,914,194,1015
1425,87,1806,1741,286,1299,926,1294,904,1191,68,1711,1286
257,923,74,148,1288,1169,1737,1550,1295,982,427,60,999
1428,259,1297,1687,523,275,29,1851,1298,181,1585,1009,1565
911,134,196,98,93,290,1279,473,101,1076,274,68,330
1458,302,959,173,1551,433,1754,1544,1292,1278,669,1128,1855
126,1842,974,1859,178,989,1793,288,105,459,470,1276,27
77,303,1620,1182,1126,1678,279,857,121,265,1761,1009,1179
990,478,1772,118,640,1852,890,1045,24,1282,860,1543,1675
567,261,1804,24,1778,916,1297,294,766,95,1016,641,1657
912,1700,1489,104,1817,1068,1016,1566,1290,1657,306,1524,337
1819,1804,1294,1839,596,1022,166,152,1188,656,943,1094,1555
1372,1585,1685,1305,1839,1290,267,1783,376,540,1307,1100,845
990,251,55,910,222,798,1076,937,245,596,123,1847,1279
1811,173,1290,561,1025,1306,1051,123,129,313,1681,329,971
1282,70,669,532,1037,192,23,1305,129,579,823,1752,406
1573,281,36,610,779,902,246,802,1182,101,220,1105,467
307,1564,1249,287,957,1017,514,474,1754,1292,1229,1092,1018
277,1417,1289,769,1105,826,1688,446,1472,1426,1197,645,171
219,273,91,1550,65,1805,908,951,612,677,1286,185,885
1287,844,1306,204,935,420,1660,1635,185,894,598,1409,1765
309,1741,697,573,1843,1282,1091,1551,116,7,1289,543,1009
93,302,1182,1305,1307,258,1353,160,990,179,1620,1076,1276
990,1509,274,1585,856,246,1298,989,1182,227,320,855,1599
199,1167,1299,531,290,221,1118,255,377,1611,1566,192,1051
466,1655,279,1490,1281,530,1719,25,1564,1839,305,1426,1168
74,568,1648,321,907,188,295,851,1774,606,1417,466,1472
186,466,70,572,1096,977,1583,1068,873,348,742,1036,1091
23,548,1555,506,1229,1417,91,343,261,1256,1497,1289,1780
1014,1176,588,505,1712,285,1513,294,224,1804,259,1844,260
1841,1778,1374,1222,265,1804,1041,1276,4,1712,1294,1279,372
1320,885,1299,470,893,140,1298,1032,1234,1005,1756,1290,940
1010,1028,1685,1783,1306,492,74,1298,1472,1389,608,1727,1811
638,1267,138,1500,189,1546,593,1198,245,789,1239,1426,1279
1353,1689,1076,1844,140,980,1564,129,113,1758,219,1153,333
1441,574,949,999,922,1024,1138,553,993,1490,667,246,1721
1311,999,1182,190,1301,37,1432,229,27,1105,104,277,1840
1522,1304,1439,1277,1280,257,1026,185,1221,1741,713,1392,950
1296,1237,194,1289,255,904,156,1292,142,1374,989,982,1849
1268,58,1251,1372,311,889,722,1334,20,1127,1445,377,1296
845,641,188,704,197,1293,898,613,508,1783,1522,165,1685
588,1042,909,1470,1083,70,293,1741,775,638,1585,1566,1269
436,598,378,464,46,876,61,70,1566,1281,1565,1486,1780
284,1279,1036,1458,1568,1343,219,164,119,714,1281,1783,359
859,890,425,1291,1227,952,479,1249,1294,588,1565,1306,1063
1292,217,1247,1372,866,1087,1696,415,1677,1150,25,1230,1012
1840,1291,692,1286,279,1267,907,1493,188,1488,1547,1293,1289
1566,309,628,1199,909,1207,826,69,14,575,1374,671,51
1688,956,4,259,366,37,1318,1294,1374,112,291,64,1285
1781,91,1305,1141,1125,1294,1323,1648,740,1084,410,244,70
1809,316,1280,823,466,354,1361,1804,28,478,1091,89,990
1432,833,897,165,1087,233,1467,1077,402,1804,997,1026,396
598,766,290,184,1566,335,82,651,683,217,1469,538,1533
1811,1776,1289,1276,656,1648,1740,857,1534,1548,1149,112,1702
165,624,181,877,955,1781,1669,592,1778,1811,669,151,1555
856,1066,1669,1817,76,1754,713,812,1278,1712,91,1538,1565
489,1294,238,1205,540,1038,1648,1104,1673,1448,1585,220,1821
641,1068,1182,1810,1712,1279,739,204,1226,152,651,1458,467
1305,1259,913,1648,1113,1289,1163,650,1300,123,461,588,1470
319,1686,1638,1585,18,181,1432,1217,265,1279,140,177,1038
315,1266,86,23,476,1543,990,1240,1374,1415,1272,568,989
857,1741,1017,1800,1005,1648,887,105,1830,138,93,1183,922
271,1585,1173,186,286,244,582,505,201,473,89,105,55
796,635,1280,1432,283,4,1279,1011,1489,96,855,1084,1773
640,171,507,235,1757,65,1279,152,1206,1216,824,1373,998
1676,533,245,998,377,138,1084,229,321,278,1490,1092,177
725,943,104,913,929,621,106,1840,1183,1302,1007,1017,181
1230,223,1370,208,1660,233,370,687,1172,1199,1184,229,74
6,363,190,283,1029,645,308,1286,256,118,103,776,167
294,1276,585,1555,244,1280,622,944,733,1426,1500,418,1182
412,124,1013,1492,1557,1188,789,799,1028,1034,308,970,1276
1650,548,1092,286,22,1277,26,1776,265,573,293,1266,69
219,1130,285,1855,1566,1297,167,424,1158,435,248,132,23
897,544,548,1741,1225,1840,1109,1291,1099,984,170,140,259
1229,1498,1195,596,279,1305,98,909,943,1333,1564,1424,640
511,1839,153,1217,1279,1550,628,1233,1727,181,760,1300,937
1094,192,1265,440,1564,1840,1076,1332,382,145,1257,1432,872
1256,178,531,1277,1841,452,1294,1372,70,570,694,1564,989
1585,596,234,1045,1566,581,690,1290,656,7,220,669,1732
1294,88,1290,642,643,134,866,1804,1263,24,607,373,989
941,1303,1062,1406,473,1295,1052,1290,1844,1842,1034,752,104
1276,569,506,645,1086,827,430,1658,259,1804,1266,460,902
912,1472,714,1305,1741,581,1780,18,1301,582,1442,27,918
1778,1780,25,351,141,920,284,275,945,1722,1551,838,1292
307,157,296,1280,1064,50,1138,268,1742,1563,223,285,92
1398,1847,1819,1604,104,136,1276,855,62,1701,1295,222,1206
1205,1627,913,645,1276,1426,1841,296,1780,49,1265,190,535
1802,263,1752,959,34,100,123,692,90,1282,459,1289,1457
478,1276,356,295,1182,1840,1282,1804,253,754,291,185,1819
186,1182,1161,115,157,714,1132,194,1296,349,288,1783,1045
1040,1091,74,258,1284,1103,1034,1289,186,298,1550,193,1564
1217,193,478,1783,835,645,1183,1565,624,21,1302,1284,245
1290,20,1585,256,1469,192,194,57,309,1637,190,1204,572
746,294,1064,168,1552,1741,128,603,1790,1283,1242,193,1191
1095,1183,1320,495,1136,1287,1336,99,244,1275,1804,1681,1417
265,1674,189,1656,1432,640,442,1355,1306,1184,267,1093,1284
26,256,1093,1235,1417,108,146,1086,541,1237,1804,884,1811
244,970,1777,1038,1278,1467,669,1564,1557,1804,944,1284,271
1345,1036,890,596,1234,1721,58,1305,978,256,1213,185,23
10,596,1071,1183,1279,1244,760,917,1564,1705,221,179,1297
1182,1805,1184,707,1207,1611,150,192,1007,1282,979,1781,1292
1547,1398,261,1276,847,1164,1289,54,1847,77,1374,1712,382
193,166,474,1303,151,1546,1187,1147,1066,568,1062,795,1218
1718,526,335,125,25,374,1778,989,913,645,70,914,954
1415,1092,176,1382,1105,1844,1145,1163,186,1305,150,1228,1830
930,910,1426,459,1036,24,27,478,146,333,1302,659,993
94,1217,1303,1145,1702,129,645,1120,749,1088,978,74,1484
1787,874,823,413,653,1752,1547,1300,1374,1805,180,70,1564
108,1426,917,738,363,1225,253,1297,1304,1276,1040,1202,1839
1249,1293,270,950,636,1060,1282,915,635,417,981,1374,688
912,1294,1305,1735,1295,1276,1139,562,557,312,307,1282,1741
1079,1266,1141,419,307,1839,23,1242,340,914,377,1074,302
589,1305,1276,990,757,1294,103,1082,166,1289,1805,953,1783
1524,1155,1302,1206,1299,1697,1752,1281,1748,862,192,1830,190
1817,1473,86,1278,306,855,116,1009,1291,1678,1430,499,1426
716,1249,548,1078,1390,1694,1071,197,641,1028,70,749,27
935,1061,1585,640,74,1754,1285,138,497,156,1178,1299,120
1741,296,1052,1175,194,1130,901,1290,1299,3,728,62,245
15,1036,1819,239,974,855,1476,1076,1783,1574,256,1566,1505
953,688,815,279,1083,966,74,1426,1129,29,658,1174,863
279,536,1819,245,1648,462,748,941,1290,775,1282,206,1106
1292,1225,1229,1277,257,1307,82,391,1296,1288,1301,990,123
1199,1289,1844,1188,1780,316,1175,938,290,1086,74,1209,212
23,181,797,1760,256,857,1280,774,519,727,1296,1305,664
221,1770,181,1704,155,899,1301,478,1675,98,140,93,640
878,530,1182,180,1239,306,931,377,1051,56,1448,1566,641
507,1703,1281,1089,306,233,62,127,268,693,669,1279,382
1270,1201,1433,1457,268,318,712,894,1224,78,219,1295,917
146,246,990,147,128,271,632,491,863,108,144,210,164
739,1157,178,859,1298,149,523,1566,1830,43,1817,411,1780
25,12,596,244,781,1201,1029,140,481,993,1290,1046,491
1120,781,479,1839,1817,1234,585,1305,140,656,78,493,690
149,1830,1843,1432,1741,1686,577,989,402,921,622,270,259
136,1290,614,1579,908,1104,907,1073,1778,1842,56,1682,1300
1133,146,1673,966,946,645,1264,1555,1076,1285,1298,1307,1011
93,86,1565,1357,1250,740,1027,596,144,1600,1621,302,478
859,1292,45,80,1294,989,1790,1836,1040,1279,1741,1163,1585
1285,1293,915,410,319,1778,1041,1091,188,1292,890,96,272
155,1294,296,286,990,579,950,266,698,1681,1676,459,913
907,61,1158,1714,1198,610,641,445,552,134,780,80,1241
202,990,533,1076,1756,1271,1741,1839,1426,482,1844,308,1162
995,312,1534,1566,1439,113,645,890,1552,1300,1426,1640,12
1659,1851,193,1095,1179,1303,592,835,943,669,1328,1771,302
494,1279,1257,912,236,1374,1278,773,1811,1389,989,1821,4
430,1091,1127,1097,1099,1807,115,81,71,142,581,1289,74
1547,1276,1432,772,577,1420,1030,855,1298,70,947,1427,147
1778,1296,1078,1801,424,1741,1298,769,640,12,1070,1732,220
1279,251,1845,93,1479,1306,176,672,1289,727,1811,1760,1778
1040,1700,1521,1296,540,1285,319,1648,399,1177,1292,498,1780
181,1721,574,1564,857,1835,132,695,1718,1282,639,295,1838
1484,1079,921,23,74,1474,1285,1306,101,296,1829,1224,1038
1285,644,642,623,908,1177,639,951,394,1566,1248,1307,641
355,775,192,88,1290,177,1691,823,1732,113,896,1566,1276
1305,835,1782,1266,1354,1597,510,25,1298,1362,955,1283,382
1723,176,1280,1233,1112,482,506,572,1498,78,1566,1804,1741
170,26,1282,297,219,1566,1298,1777,1360,122,292,775,1585
1301,1417,1648,768,1374,1839,262,1088,173,725,1341,1851,138
543,853,1694,279,1355,694,1208,1687,129,176,179,220,889
430,268,291,1305,1847,74,562,1306,1000,1830,1182,356,270
286,1171,226,1819,872,1774,1564,1267,1279,1076,167,1711,885
112,656,1103,911,878,459,1316,190,758,1114,310,100,509
1091,1472,570,1563,1118,1629,1534,1712,953,1301,478,482,1278
1479,995,1290,1296,1177,1426,165,1670,644,855,919,1639,1018
1174,735,1301,1478,1778,574,1275,911,325,945,1476,610,890
265,1470,855,106,1757,1161,176,192,1294,23,509,1071,1106
1306,1183,1298,1280,969,1232,1564,1843,1846,1010,263,1441,788
1284,1061,645,70,913,1738,917,1719,399,530,139,185,1179
552,854,65,1732,943,954,192,908,714,1675,1209,1290,1307
1096,623,1697,70,76,920,1353,1761,902,875,1584,1566,1281
920,1824,1690,914,1279,182,559,147,1027,1565,1668,1306,442
1066,1459,1697,1675,9,145,484,254,1288,500,1566,32,155
166,1291,1012,1160,1280,1780,1112,190,1528,475,231,193,1689
243,197,23,990,1282,1092,1182,1374,614,901,220,1338,100
268,1289,1534,645,95,1653,889,1810,1500,186,1300,305,1502
878,145,1289,27,1015,1817,1183,385,1776,1279,376,887,312
1598,1585,640,1679,243,1051,1555,996,1132,269,1418,444,645
645,700,821,837,376,1819,90,1276,750,1288,1017,172,264
645,1051,1481,686,1303,91,128,941,411,1357,94,615,1374
1235,1338,1049,88,1710,1068,1651,1272,687,898,196,1307,671
272,643,1076,645,1182,1148,1550,903,990,23,280,599,890
1182,308,1319,1136,757,74,1291,1172,251,80,902,223,530
27,1564,1692,1840,1374,1732,126,561,481,1018,4,1379,1278
1358,1136,193,1674,1409,1177,531,476,1648,921,154,264,1279
1711,1741,1055,1566,244,1303,1283,914,1819,707,273,100,1338
1752,1576,179,89,312,993,260,833,990,1217,1695,1285,1293
1318,193,106,1285,1279,89,645,1026,124,1555,305,543,228
189,1145,462,219,58,1083,1456,1741,172,292,722,508,1795
131,563,23,1285,213,1160,1012,1697,669,128,1164,728,259
887,1373,1433,1748,1481,1292,979,4,49,291,76,695,288
623,44,1227,596,462,424,220,1277,1290,1372,178,642,967
1566,1302,1108,1585,720,1575,1017,581,914,1515,1074,890,160
968,1074,1566,1841,1804,990,312,1732,1294,936,1008,1811,278
509,126,836,145,615,541,1846,1529,1011,568,910,1585,222
1279,450,1307,1484,128,930,361,1499,1300,189,1075,105,837
1472,1306,1490,1470,478,514,1426,1830,255,980,918,906,1279
1584,1472,656,149,1175,1294,1802,745,1015,1096,964,150,466
166,1276,1097,270,1449,1074,1285,1292,1232,69,902,1302,1773
1836,1426,286,294,310,192,290,859,990,889,1297,989,349
49,1102,186,1301,798,849,4,574,1093,949,348,1838,868
845,773,1006,781,70,713,1804,1172,1752,929,417,596,693
316,598,934,1691,1166,309,1278,1780,1711,1555,361,1492,382
150,1291,1192,1426,91,88,925,1435,1404,1420,902,589,996
1018,1224,1270,952,1132,598,506,1303,1839,1278,1688,1293,1279
1294,890,284,327,572,457,1426,1584,269,77,436,96,627
809,25,657,1287,521,520,1741,1296,1449,1832,1757,1268,932
1550,1660,267,274,1564,157,990,676,694,217,1395,1374,1279
434,1022,1752,254,1490,1307,1276,1342,1294,1468,1740,507,1298
268,466,1804,1285,1436,1141,749,1518,1822,123,1278,472,129
180,892,1304,749,175,1440,1730,890,1303,552,1052,955,194
1282,62,621,1757,1279,786,185,1305,636,74,1153,1040,1699
1224,181,1804,1028,175,1234,898,1140,1091,538,1285,430,177
1307,1680,312,253,1338,1306,990,936,697,889,1374,1183,1005
552,1566,1778,768,181,1687,1781,1841,1415,1182,190,479,503
1787,1294,1299,1305,862,984,235,694,778,136,990,1688,80
79,1183,1432,798,486,1299,425,954,683,114,1748,1224,295
221,1301,108,645,1752,87,1113,348,1547,914,739,1289,306
93,596,1182,141,1550,70,1163,271,548,1192,1276,312,1289
157,1811,644,425,557,1298,1029,1817,1265,1281,1819,489,643
1801,1693,296,308,258,1146,164,1278,1812,1228,981,855,382
1517,1817,100,1509,955,1050,509,93,909,1291,258,1278,1536
1011,1432,641,1716,627,1301,1285,1711,1388,1790,302,292,1276
1612,1553,1279,1805,74,186,1258,1191,1426,911,1432,1278,1263
194,1276,89,27,308,345,1403,26,237,24,1290,995,1305
589,396,1306,1173,131,1281,1732,1305,190,1285,1694,1778,1564
589,1041,1296,948,950,1050,1398,913,188,1076,1016,1292,695
373,272,1851,99,855,1415,1585,337,870,1281,806,68,27
1024,1817,1208,78,1290,898,24,264,522,597,18,244,1432
181,157,1284,990,1752,335,357,51,1789,1154,737,74,1445
1415,359,194,75,1354,27,1289,1804,1307,1280,1177,1741,1169
989,688,1289,1199,700,1274,269,1818,402,955,1780,1024,430
325,1749,112,648,74,669,1297,889,1305,280,428,1224,60
612,1660,147,1306,1533,474,306,986,749,1711,109,1029,1285
1741,635,1026,192,1374,1285,338,178,907,1021,913,937,121
2,488,192,1680,1073,23,1277,1703,648,121,1830,1183,780
853,1289,1692,1042,194,137,268,240,1374,1278,1148,377,1712
585,285,1819,1741,27,256,1026,1676,279,1128,295,823,645
889,1320,1490,146,133,909,1403,478,1296,700,1182,772,286
196,93,195,1144,1303,1566,61,1757,283,1367,1736,589,1256
1183,285,890,43,1279,1302,245,268,74,669,1274,1844,136
1778,729,855,1776,1276,220,955,1574,133,163,538,1295,1374
1109,245,452,274,1780,1304,1097,1353,430,95,1305,959,125
223,1016,996,1694,833,1280,989,912,1778,65,478,862,1555
901,139,615,440,1498,1250,1182,1518,728,1409,987,745,1160
1266,268,990,192,1374,285,645,88,572,989,122,137,1289
857,922,46,890,1191,163,1807,1285,1158,506,1741,1566,1223
1819,991,1297,719,274,185,1566,136,989,1853,1289,1145,1844
1770,363,523,811,905,644,1276,18,192,1199,280,1278,1741
1735,857,1279,870,596,867,811,84,1076,103,804,1294,1305
1227,990,1136,572,1302,1847,429,1804,866,1299,910,1306,688
759,1566,129,1817,1036,589,1444,1229,1288,136,1291,990,88
1272,1585,1249,1191,219,287,1307,503,1555,222,1127,1306,225
60,1677,1155,656,1780,1571,713,1204,164,235,12,1566,185
187,1839,1129,113,80,1662,1683,1752,912,215,589,624,23
1412,1806,1781,1348,1032,185,165,943,285,1752,1292,550,1052
279,479,324,1648,466,1280,75,27,1712,1766,1180,1162,1778
28,1563,1267,244,1840,57,833,1280,1625,1355,1294,943,990
490,890,588,1276,139,769,1648,1293,7,256,185,665,360
855,1011,1182,1415,304,1305,990,79,12,823,811,195,87
1012,1125,1306,1005,1546,1234,186,568,79,1689,829,90,1249
1694,420,1254,195,1425,1562,206,790,373,192,58,491,1555
1302,1741,36,262,74,1028,606,772,1374,1274,1712,1237,1841
1016,990,908,430,1354,907,164,687,78,1288,751,101,199
989,1004,76,1432,1566,1795,123,890,856,268,1121,80,1783
444,91,1595,1354,1276,1298,509,1374,59,186,596,581,244
1294,1780,645,1051,1839,890,1108,921,1216,105,1649,1276,1754
1106,1299,192,1546,645,1547,374,990,1145,1187,1168,916,63
647,1034,919,209,1452,243,275,740,203,1296,729,348,74
1702,598,279,1260,1272,45,91,656,1721,216,961,1278,1224
220,1182,188,1266,1776,1778,1697,1838,1648,254,990,989,1750
1306,139,1278,79,641,1853,942,1817,1607,16,935,478,993
195,1616,357,340,1655,915,1781,1162,203,1120,275,293,93
1026,1555,126,1348,261,153,26,1280,1141,1285,146,402,1013
1070,62,954,656,275,1091,93,1616,1034,1279,162,1778,1037
224,1776,1199,258,1372,395,430,919,1625,499,495,928,596
902,1780,1752,1817,411,220,174,1759,295,1811,45,693,287
236,1289,993,855,588,119,1817,1676,615,863,642,823,1372
349,193,856,27,1536,1550,1847,1488,1387,253,598,1309,855
1566,1301,192,163,1182,1804,607,1021,1404,1285,484,1307,228
1430,1263,1294,1804,966,1136,915,756,645,1189,1289,653,1050
1175,261,776,1720,453,1045,74,887,412,1110,80,738,1841
183,1817,656,1294,179,666,382,377,950,1533,530,1276,1232
966,1719,827,1585,1342,95,823,1840,1564,855,1375,980,121
113,1804,1151,1741,487,1305,257,1648,658,187,521,1136,93
1042,900,1276,1511,1500,121,105,377,112,901,102,136,223
890,598,1268,987,124,1741,1013,1278,1306,996,1800,656,1758
1083,1752,1234,1302,1285,76,1536,1123,359,845,908,1115,724
1770,1781,79,677,1790,1685,1188,167,1732,1684,1303,1839,1301
656,1743,308,596,1314,624,1279,1297,598,1846,1294,302,1173
1574,304,1358,117,1340,223,989,641,1617,1034,55,1374,108
1361,1669,1547,1550,856,535,546,1291,1294,1289,1307,952,1839
296,1302,1374,1564,921,1279,78,382,1507,1697,1547,162,1367
147,1307,636,1711,596,1112,990,1718,478,217,268,624,642
1720,1145,1784,990,656,557,264,93,974,1272,281,163,1780
596,273,295,234,1219,1616,1281,1483,1279,1832,564,1216,264
666,1426,1025,285,88,1533,1286,136,640,358,1282,907,95
721,967,74,912,1711,270,141,294,1104,215,1011,1276,599
1207,1176,1024,506,617,811,1319,1141,697,801,668,1177,1305
1360,1076,1257,645,482,268,539,70,303,246,1301,1470,632
58,1300,123,1305,538,1778,263,1340,1767,1648,1399,382,1807
1051,63,285,3,1283,1117,642,1163,1299,416,1282,55,77
693,1074,114,178,1286,1152,1741,1374,475,108,1356,131,489
1732,857,70,264,251,25,1849,287,861,1443,1448,1010,253
695,1280,867,960,1561,947,1417,919,268,245,747,340,1026
882,903,65,727,1585,656,1760,1537,1289,983,1842,1294,1174
570,206,1285,811,1128,1549,1706,146,178,1702,1813,1217,1648
410,1151,1155,697,694,1278,1204,69,1166,945,197,68,233
1284,894,1819,159,745,1303,1395,12,81,340,1072,302,1307
623,1168,677,855,747,636,494,451,1105,1648,1804,151,1066
1303,1819,1041,1733,35,645,1338,998,1669,1817,847,1518,1777
83,1161,1721,470,478,1700,1374,70,219,1817,1301,488,1807
1279,1638,540,1804,608,122,1802,1741,1090,74,267,1776,27
656,686,1801,1555,1781,1306,186,122,258,1014,1536,998,875
