1539,1242,1306,758,1064,990,802,1302,952,1113,950,1547,114,750,1301,902
663,762,1546,1247,1408,594,751,695,822,1208,541,87,1694,1840,1360,479
907,65,1371,761,166,129,1534,640,1679,290,74,921,1648,1168,975,90
1374,1720,1683,596,188,1299,189,591,1564,963,77,25,12,1493,1076,1294
94,1040,285,984,1547,1281,1776,38,1566,141,99,188,565,139,602,1841
573,229,737,1114,647,1193,832,1296,76,749,12,912,1036,221,104,1585
204,1709,1026,1280,1648,1659,1266,193,146,709,1076,847,640,1136,1699,246
804,298,953,598,1564,158,962,523,1570,258,1202,1301,1584,1076,739,1741
139,1298,121,859,1693,1351,374,1217,146,910,348,1722,1839,233,1847,768
1532,74,255,668,990,1542,656,112,54,1752,352,197,1353,1672,1721,1754
782,779,178,253,1305,135,101,12,163,1752,756,555,148,4,1293,1759
1585,1688,1287,74,303,1847,285,750,1188,256,1804,163,321,245,126,1648
1345,286,990,166,1267,1240,1289,1472,1595,855,281,945,490,1276,1141,46
1390,919,1018,1176,1000,1811,1169,295,93,596,1675,647,1302,535,1276,1595
27,140,247,1566,1778,1076,1052,919,146,1230,1266,1294,105,479,478,642
536,354,1076,1688,1290,1285,596,697,1095,1295,173,1279,615,1296,588,74
1290,290,151,281,1157,1265,910,1500,1844,1741,95,855,1776,1276,1836,1618
1303,146,1432,989,1462,1263,1544,902,76,568,748,768,290,1497,190,1289
1143,812,1783,1819,105,1176,1076,990,1210,1251,1293,1038,1432,630,569,139
1415,303,647,922,807,192,275,511,244,1008,415,269,1302,119,969,240
116,1547,644,228,1033,274,1648,575,1141,1780,1752,669,121,1795,1266,1775
258,1180,1041,1804,1780,748,1712,656,1644,1049,1122,1225,561,1051,1585,243
902,219,754,953,614,1305,1151,185,1068,1583,1203,1277,545,1682,581,908
1296,173,596,943,1811,1748,274,1741,462,1302,430,150,293,148,1230,1353
1783,902,1704,1294,1679,1291,325,1122,990,1846,98,1225,530,1346,259,1695
1574,297,1440,1198,287,1791,246,1032,596,70,1394,1487,1306,1071,317,1300
1493,1101,244,1815,1243,1061,702,91,959,918,729,478,138,312,459,1290
1302,911,184,890,963,1538,78,1229,1076,1446,598,93,1765,1550,274,256
69,1303,1757,1547,327,450,1840,194,227,1176,487,1256,129,1158,94,1276
195,297,990,811,1564,1303,1128,286,1441,1409,1694,1542,1305,579,105,1692
931,1160,374,527,124,1550,1294,957,97,1306,1616,1282,273,847,186,1752
1741,1192,509,420,1276,148,293,1280,1293,1432,1007,692,598,1771,139,894
377,1126,76,1741,739,499,845,1276,1300,1426,1290,1041,890,487,264,1787
684,1741,1585,1783,70,1225,1243,233,74,588,194,1284,1307,1289,293,292
1266,1276,1289,169,1648,1296,78,349,1279,989,186,322,548,747,694,1711
1274,392,996,1182,1076,320,903,1183,1566,1083,790,1851,1631,1249,80,1066
490,1681,63,1850,1073,946,1426,284,990,1182,1236,1804,1545,452,1307,1279
1128,741,25,1145,273,1276,1565,1110,1129,1394,598,484,1566,1472,670,14
1564,744,1741,1593,748,24,1291,895,233,921,1766,1695,1095,70,12,862
1276,725,1036,105,1727,1228,190,285,1783,121,137,574,949,228,855,1266
1294,768,243,1680,1494,725,129,459,1289,1648,293,1160,1010,25,141,235
1297,468,1061,23,693,1810,1552,1040,1849,1183,265,1432,680,17,494,1804
1394,176,1250,712,1181,74,90,275,1612,1426,1018,265,535,1248,1839,1741
259,405,302,1027,814,243,1120,92,943,1306,294,1472,832,1140,1802,221
1798,1533,970,1373,1844,1028,1274,1265,1301,275,294,381,1191,748,990,1076
1731,852,917,1752,1374,79,402,1190,855,1294,804,1303,373,1726,1018,573
578,522,1305,1669,417,1804,1019,1673,666,1038,911,318,1547,1623,99,1534
1805,24,12,642,136,176,932,1200,411,1841,1034,1296,192,74,644,733
1752,1290,1828,1157,1780,478,583,1276,1305,1648,895,150,785,70,1787,1467
967,396,499,1741,773,1683,1804,1811,70,269,478,1817,103,75,163,1534
1303,1129,1374,1158,1160,888,220,791,1534,1566,1712,203,197,1754,1811,1804
222,1285,1847,43,1279,253,39,305,456,1555,76,1272,640,1290,642,994
1583,956,1248,906,133,1585,739,24,1073,490,567,1552,185,640,1702,150
872,640,716,112,1098,591,1357,1648,123,1225,710,27,1307,1306,1278,914
749,144,59,92,915,640,290,706,992,1263,233,985,99,907,1374,25
889,361,479,1648,713,1087,89,160,549,1182,1112,733,1853,1280,139,1277
1290,914,980,1114,148,953,942,1145,1648,1188,152,712,1432,1592,1301,268
894,1171,181,1298,1278,779,1426,45,1291,670,1769,274,1162,1083,479,998
661,1718,1819,1780,415,856,1564,1298,424,697,645,1289,606,1845,88,1288
137,1123,1817,1045,1237,1256,339,857,228,268,1295,1276,1266,1585,1811,855
1282,990,1216,1292,1295,1164,1500,1697,1275,563,1748,1613,188,1111,1307,112
140,1276,354,795,995,1784,219,989,1319,294,1430,812,918,190,1345,312
985,636,879,1804,248,1778,17,77,701,1279,530,915,1585,1503,12,509
1564,221,1105,997,394,944,1233,79,402,1230,909,921,753,1306,404,262
1683,1284,1555,1294,593,1470,1841,766,345,1041,269,1303,1299,925,206,1741
603,1305,1294,175,837,1279,1451,1392,730,719,875,1811,88,186,238,1634
1585,855,1284,1544,1847,1049,923,656,687,1767,103,1294,70,312,1293,1306
1303,1839,671,1028,35,1799,561,1780,1372,281,840,155,269,621,1284,1305
671,279,1712,484,1710,1073,27,1432,1684,596,1659,266,515,454,1040,255
476,1076,854,1544,1418,141,1197,1749,1018,827,305,220,803,966,1456,1298
728,1139,20,478,414,913,693,1226,905,730,90,835,550,1076,1817,1278
490,666,1274,1223,1276,14,767,788,155,137,282,1296,990,1470,106,24
1564,25,1405,1507,220,1780,1288,65,684,261,1266,1289,750,139,584,914
588,261,890,753,1225,1007,1853,1266,904,119,568,759,1425,1326,306,27
268,1304,73,1719,484,1138,1041,279,1290,1725,827,644,259,956,1294,1145
890,1681,207,306,278,598,312,1770,246,1277,591,1843,27,1836,1303,112
157,1678,1145,119,253,212,170,1844,1298,598,60,970,1279,1234,164,981
1285,65,731,656,1727,1468,181,150,374,39,799,1778,1236,27,357,62
348,150,1008,1712,1291,778,551,1759,120,374,1315,1289,1338,1805,356,465
764,956,1071,724,1275,179,857,1290,1108,220,1841,1454,1844,1132,302,1384
1015,752,1416,1140,24,1768,422,1807,642,1249,269,21,279,176,1228,1648
1189,58,1537,1754,727,1012,1798,950,1840,1028,1488,1741,1169,1041,303,1289
1281,1841,394,1115,997,1265,1277,829,405,1669,614,1752,376,890,1215,588
1038,1029,588,1304,857,1536,1712,1025,360,1298,144,1580,1377,1285,695,1819
1165,1017,1279,478,271,1770,1577,879,1303,1290,382,1248,967,483,265,1384
21,1566,1279,238,49,1415,1046,1835,103,1267,990,403,1174,374,27,855
1752,766,1503,475,1780,1631,1743,1223,1844,1472,557,1210,640,945,1648,1530
998,1307,1838,1585,1319,1301,1284,1804,284,285,1183,1426,725,1839,1547,1781
1302,1294,1293,812,194,855,1621,417,538,90,1297,253,1819,1752,1289,1421
257,248,1564,1767,1526,989,185,175,652,1305,76,1303,857,441,1306,910
1751,1802,1566,1051,995,1265,257,255,485,1415,189,656,716,1266,349,640
288,1472,1564,78,1804,1741,1401,596,1302,98,166,273,1295,470,254,1292
68,918,1717,1284,1172,1545,1838,264,940,1811,1291,1338,27,881,1228,267
779,145,1291,495,932,1374,1543,1535,244,142,1780,1472,1851,584,85,1475
1844,148,770,1278,939,1676,163,1237,1781,272,1276,275,1116,1299,1247,1708
1776,1744,289,265,1292,1076,990,137,530,1009,277,1648,337,745,1304,1302
1222,1306,1278,945,596,618,1220,98,847,1067,179,151,1533,1351,933,1073
198,212,1752,383,1305,1781,287,47,1648,106,1250,855,459,1374,990,137
645,1291,1303,1177,189,1413,1555,1557,920,1284,812,946,134,1770,337,1409
1534,1304,1585,755,140,192,1627,1088,1076,1294,76,60,194,1302,1834,167
77,167,736,666,86,1752,1695,170,1217,775,523,478,73,310,1632,1032
111,1403,488,1374,1287,901,86,346,1485,1615,1284,117,1678,680,229,548
1648,74,1132,680,1297,1846,142,1010,1776,55,64,662,1250,1051,1763,927
1569,917,1804,221,1040,1677,1572,766,1855,856,47,1133,251,1182,1424,224
369,1305,1689,73,229,1702,1183,61,989,857,1301,1687,855,459,1426,708
1804,81,275,78,501,189,1544,1564,700,503,1224,150,1024,1266,136,640
187,131,990,1611,971,264,1230,175,1036,1804,1272,1830,1779,503,1261,967
254,1562,1780,1276,475,721,1182,156,1306,133,1741,312,955,1304,515,1198
1367,796,1253,966,978,277,914,632,690,325,641,1690,611,103,1005,1256
478,1741,1279,381,1374,1073,1183,1228,1805,69,539,1306,1426,1808,353,747
1384,233,973,1350,1206,124,37,374,251,885,151,1289,773,110,141,1281
1270,1294,523,1153,457,139,70,912,1755,641,1770,741,1472,950,1216,296
785,1354,219,1239,1013,856,179,1102,1671,890,842,214,1711,283,740,433
520,1112,1306,1301,413,1841,644,1134,984,911,1182,223,1843,69,1677,101
1040,1817,25,433,523,1193,268,151,1426,504,349,1769,1278,1150,751,476
699,60,1121,1084,681,1097,284,1648,279,78,25,89,899,1294,1752,1270
1778,1064,23,1280,1457,1279,1689,1547,903,309,1381,286,1704,70,1730,1846
1292,889,1700,656,1085,137,1288,1182,1129,382,61,1225,1287,296,88,113
78,1052,1347,1307,1306,1345,278,906,358,1584,1804,1278,71,1585,1416,290
291,1783,1432,356,685,1217,475,1252,1086,644,1830,70,1211,1811,1522,431
642,1267,1164,1819,102,1276,1286,1718,1728,596,1105,1191,1669,829,290,1007
1780,856,1741,1303,1182,791,459,1717,165,755,586,1817,76,1192,752,1694
1534,1034,251,1290,1106,112,140,29,833,1129,1555,870,255,156,1076,1284
1284,914,1546,1223,272,915,1015,254,1011,1164,279,76,1292,245,1197,123
347,1163,605,503,1306,322,1307,1721,1432,122,1741,1290,1842,1303,203,114
823,1657,285,104,453,905,1564,244,27,1132,1433,1298,1208,101,581,88
1444,302,773,138,1754,220,1248,1280,833,140,1302,415,642,1036,1290,670
640,1230,1534,265,834,1049,1199,907,918,88,579,508,264,1265,772,636
714,23,669,672,1648,1276,1839,1068,170,907,1280,1162,298,1294,1290,1306
1451,279,74,855,878,1265,1278,1298,1133,1145,99,1160,116,1842,563,1067
1053,573,398,1690,58,1012,1017,1222,213,596,363,1844,1175,529,74,1294
140,1853,1197,1236,1306,1181,399,1659,1302,89,1688,1539,713,234,765,747
1700,175,163,993,1298,1648,1824,126,1385,534,1813,123,1089,990,1741,1256
1256,1553,825,1301,1298,1280,753,1083,103,930,1584,1282,253,857,374,1571
1780,512,1165,1280,1301,1508,74,91,940,1581,644,788,192,823,768,980
645,644,887,1112,648,693,1819,1246,1305,195,430,1188,856,598,316,656
1841,1242,190,667,1303,213,375,1686,784,695,665,144,1341,655,857,1158
249,915,197,697,146,694,989,1553,194,74,1745,1156,1819,177,267,23
1279,1077,1426,918,4,1356,65,1216,302,1307,1819,1688,691,1783,486,243
656,1472,11,396,87,70,833,531,1295,74,1686,1103,1415,1290,216,1307
390,1811,55,767,1536,645,1181,907,1566,77,1357,658,1281,656,1840,1302
1374,1294,292,918,902,70,1732,1343,1298,1064,1567,1285,1289,1605,416,37
1183,180,561,62,1289,855,397,999,1851,1017,641,1285,1277,1024,101,1266
12,1751,548,1208,164,1518,1759,1778,760,20,337,1343,1821,1306,1284,1585
374,1448,773,390,1356,1546,997,1279,128,563,1839,221,1727,554,193,1830
135,26,402,315,641,1648,1049,1585,302,292,142,1140,1550,1278,1791,1183
1303,1250,315,1305,1440,1723,470,293,1066,1804,494,1749,93,1599,1417,1276
1341,1208,1290,284,1811,1120,905,1552,1349,74,274,1458,436,280,716,598
1648,179,1471,469,650,222,1379,73,694,909,1275,649,857,1247,1297,140
1167,974,807,754,286,312,989,25,244,696,645,767,383,663,1136,178
74,296,1303,690,645,662,381,1585,1839,801,602,79,23,1284,623,643
1294,913,1783,574,852,267,1564,89,1112,449,854,219,1125,1458,1237,1306
1369,235,644,1284,78,1566,1717,4,925,508,103,835,1279,1811,70,1731
1305,1250,901,1240,551,1566,1215,656,1028,1293,227,527,289,1564,1303,190
1294,855,1084,494,1076,1415,1584,1683,1228,685,1116,1305,1146,566,108,147
254,1294,192,686,548,1270,1775,1806,713,1720,220,901,1581,1648,751,1291
1225,1165,1566,1306,466,1289,80,1080,261,92,1547,1601,187,1550,879,268
588,1372,615,304,1472,280,843,855,832,592,194,648,283,1281,1761,136
1096,1133,1287,1281,644,651,645,1306,1268,1490,1039,748,255,790,1801,1564
1150,1278,27,1516,148,1279,1052,26,1489,70,1223,302,291,906,1280,376
1753,835,1241,645,1275,1819,7,754,18,1182,1555,862,213,747,1741,1648
1440,1498,134,1741,1564,1088,1604,133,596,1303,1566,1226,357,1094,257,1205
433,1585,1715,1280,1839,1277,1518,144,465,1598,120,348,1302,1276,324,264
1131,1276,952,66,588,280,193,1271,259,1246,77,1547,1097,1502,1294,721
1648,344,23,1282,1535,648,1819,1555,180,290,286,1116,1230,911,1637,114
989,1759,223,1302,478,984,636,133,1796,948,1069,297,62,1564,1804,287
1326,707,1819,284,713,314,156,645,1239,1741,275,1304,954,1294,907,823
1297,1051,798,323,686,479,890,259,1778,478,980,343,1302,1296,954,1847
1301,1349,1585,621,292,1292,856,1822,989,1838,1446,1242,331,1276,811,1176
1699,1780,415,1302,1776,90,1472,1811,303,153,1376,1726,1155,264,128,1275
1129,779,1348,944,193,51,49,1272,266,1294,254,1127,37,309,1077,1563
1071,984,1307,1757,18,91,105,23,1839,1301,342,1279,949,1295,1518,544
989,1648,1467,619,264,175,596,1305,280,1183,60,641,1790,1534,474,1093
645,803,161,45,1780,307,478,1712,1426,598,1296,421,1160,920,1042,131
91,70,1304,640,1250,867,1543,1147,1566,1699,1145,170,264,1741,1852,1279
450,103,260,284,1594,1296,1851,1839,1276,1123,1843,106,855,1182,244,976
855,1473,1804,1648,553,1099,1148,140,1840,1549,1182,1266,412,78,145,1503
792,20,136,522,1086,739,1566,1741,1366,987,1830,1250,1821,253,1527,1084
644,1778,23,1013,990,776,270,1741,1491,1839,220,1272,264,657,1288,71
1163,32,548,574,1303,1783,568,305,990,1166,645,712,1374,1292,1555,1279
459,1778,823,1836,1585,1077,926,990,162,1528,27,1333,1297,1584,1228,1289
577,956,659,1352,258,1732,1290,1819,1740,1805,103,75,656,1587,793,523
1015,1289,70,65,1009,656,1675,966,271,1217,178,1305,1741,1821,74,862
1306,532,87,307,147,1111,801,374,1350,160,984,1752,873,506,1855,1026
62,1254,1292,1306,1721,989,1266,1216,553,185,870,494,1463,1540,1182,273
697,935,1732,1566,1456,1005,1686,1137,1752,84,197,1276,485,1030,212,598
222,1028,70,1472,1699,645,812,1564,192,1118,137,603,303,781,1556,1278
511,315,1648,235,1294,1415,489,695,1303,920,68,295,870,36,466,1472
202,277,1342,1682,1701,1648,898,989,890,548,16,219,1007,1289,849,159
1038,179,1752,286,1780,274,897,1804,402,1181,1278,264,912,1147,306,651
138,25,1819,150,570,273,1780,867,1551,1415,279,1277,254,1839,1307,1769
265,173,1686,1235,640,123,1533,1243,921,1704,337,478,762,1667,268,1710
950,77,644,1276,1289,445,1270,306,684,604,1255,990,1648,192,1303,1304
645,1276,79,1242,1294,641,997,613,1320,1773,1851,903,1015,890,952,1719
92,993,220,1648,642,1816,808,1138,459,1566,1343,94,1809,855,320,588
340,1296,1203,1759,1585,1269,931,990,444,1303,1817,1783,878,574,294,288
1105,1304,621,990,151,289,92,256,596,1307,669,598,269,1007,1555,1305
1021,274,1499,1206,540,598,1027,1229,1774,627,885,1811,294,459,185,1105
219,1854,301,1182,1440,695,27,1818,273,108,1088,192,859,1236,189,1277
1032,733,1699,1504,105,1811,1694,252,1276,1564,1228,190,966,653,70,1704
1257,1363,223,233,639,1424,1360,1238,606,1275,1051,677,1752,306,275,383
27,263,1234,979,1018,273,1819,1595,878,890,484,1129,1580,644,253,1295
270,829,990,1030,1732,1117,1426,1155,1141,112,1268,1818,641,1221,354,121
83,842,1585,277,746,1087,27,1804,1372,690,1527,384,572,1770,989,1343
299,1351,1783,1015,688,1754,904,564,194,1302,721,1299,923,332,294,285
1291,1303,943,352,1695,1783,219,263,151,990,27,52,1030,1811,1804,1545
1293,1243,71,640,687,1589,1306,943,253,669,1546,618,1781,131,415,498
573,244,1558,1131,1298,97,669,274,1811,848,658,1783,315,351,1421,1101
374,1711,645,321,708,1225,123,1741,1040,1281,83,643,165,1769,1804,1266
83,197,898,694,911,1489,1078,1260,178,1371,1374,1746,203,1819,1682,824
104,1021,217,589,1014,613,998,1291,1183,51,1589,1817,219,1191,640,194
265,1741,58,598,1555,924,645,991,1260,1289,520,801,920,1836,178,313
1564,129,1648,1022,1610,1092,1640,1183,1701,1494,919,911,1366,1294,1732,23
341,152,1207,931,1289,1641,1436,167,1797,983,855,485,1294,1824,901,314
496,1300,586,1015,1294,1846,1220,1841,908,1088,1305,112,857,103,875,919
1805,279,1613,1600,656,139,500,122,213,74,131,1182,287,114,1572,645
1374,1555,430,1223,147,133,993,1266,1189,478,1277,1294,1305,166,1182,198
1299,221,961,1223,1512,1802,303,1266,641,1744,1204,1265,1083,1024,1280,668
655,1778,150,642,1147,1358,1285,1472,746,459,1540,1566,270,312,1136,671
1393,23,1282,1683,941,857,1770,1329,243,1105,1030,1303,972,1304,990,253
1657,1415,1840,1289,465,1479,1711,474,92,1388,856,185,235,1372,768,193
921,383,1297,1470,277,324,1432,1442,1778,260,1741,1648,406,669,1226,400
1353,479,1299,1223,1232,1483,1426,99,857,1804,1281,42,894,295,23,1844
216,757,835,1699,601,1844,1279,70,429,901,1295,1292,91,645,1154,1076
1728,1348,70,1247,245,1850,91,939,929,1148,1804,361,307,1657,1013,302
88,1086,1183,1627,1182,1168,901,509,294,1343,503,666,188,1467,1849,256
452,1271,70,25,1804,540,907,1305,1228,951,1281,1266,783,389,193,1434
1648,1490,1129,1780,305,907,1290,1202,1580,1287,656,1467,916,1226,1302,1093
1298,284,258,597,1607,200,1319,1554,1568,1204,1254,143,467,1303,286,152
1303,1554,531,119,71,568,1648,307,101,1836,967,1830,1294,588,749,1276
713,596,134,1332,904,296,989,62,1132,1781,823,305,281,104,1307,306
192,253,197,1539,1839,1741,863,259,1299,265,1702,656,235,1278,725,478
889,1058,140,1307,1339,740,1154,579,230,466,409,151,1790,193,1648,1605
50,259,300,1279,101,1784,1225,1585,1122,1426,1123,990,1492,579,131,1648
1250,1673,1309,65,1648,363,1305,1659,1472,641,1294,265,1489,1839,937,1279
1530,174,577,651,1145,478,1356,1613,779,265,1184,98,1068,288,304,185
80,1301,1304,1125,1293,990,1314,1267,996,669,1564,645,1817,309,415,1306
1295,1276,989,144,578,990,122,1811,1137,478,995,1285,1017,1190,1585,403
1539,303,890,990,1585,460,939,635,1183,700,268,88,286,925,1266,670
1280,70,1026,197,963,902,689,644,990,1566,124,374,1276,1555,92,1290
1239,1748,445,1294,1212,16,1431,190,1798,20,1163,65,636,120,139,309
1343,890,148,1325,1036,1280,1085,1819,169,1778,1776,1276,1213,1741,910,70
1101,244,1007,855,1228,58,324,1274,1073,656,621,926,1566,990,1289,641
478,76,267,1285,1294,689,867,411,821,1175,1808,93,1752,1182,1250,944
1319,884,641,857,1706,675,106,1272,911,1817,1374,294,74,1076,340,934
474,1467,920,388,1276,621,1804,459,1670,664,711,913,1554,176,1218,1648
1467,890,1276,148,150,97,1712,1841,1648,1690,1669,1128,1414,178,1302,1284
1292,302,640,1499,857,1842,1455,308,1183,1648,303,1490,764,451,280,289
147,305,725,764,1595,1230,51,596,1534,329,71,1539,1657,1277,980,77
1254,1296,173,1563,299,554,328,1276,290,1307,1839,60,27,1669,75,1303
1068,27,1204,289,1136,1272,1356,1138,1780,1244,1472,1842,23,1585,1182,807
775,1216,725,220,1243,595,598,937,1299,615,221,1669,513,1855,4,1263
1290,1564,1199,87,255,1036,466,80,1498,95,189,1266,1284,176,788,1689
990,139,868,251,177,1188,123,1279,272,277,1183,826,879,18,1566,244
1752,1769,327,1251,1303,478,494,70,1275,26,1783,190,195,1432,1231,1221
1700,289,1306,1368,1274,1798,1291,184,708,64,519,1712,1293,1580,1414,1294
254,1491,1112,1781,255,1304,1024,1694,137,909,287,23,101,1639,967,1362
1157,1680,93,1550,296,1280,1279,590,1700,1284,121,1152,1778,860,1298,947
1674,123,185,260,640,1012,1374,912,1041,1287,46,1110,674,253,1840,918
1477,261,1554,431,0,278,1550,1858,1639,1763,825,1727,1365,856,1030,1011
150,902,1327,1748,748,1555,181,1584,1583,194,88,569,1721,1851,1636,843
501,1811,935,1279,890,544,943,919,302,1648,134,1127,1307,1585,563,1173
374,327,823,1433,1146,1272,732,550,683,88,1347,1144,1279,1697,201,1488
688,1566,1780,459,1721,1574,596,1415,25,383,77,1041,1188,1648,56,1630
554,292,290,1188,1585,701,1307,12,1076,1276,799,492,659,1205,188,1279
1068,126,1374,25,1479,1005,1076,1230,1432,656,50,1277,623,1275,1272,1731
74,1164,1288,100,1681,169,415,947,43,1051,434,656,112,1321,1297,1279
89,83,1776,1307,1263,990,747,1100,644,1281,913,403,1305,1113,267,862
1305,1472,1160,120,1107,1295,1564,1747,648,1215,1303,98,1280,186,193,691
1547,1732,1270,235,266,29,1301,1550,889,568,1792,791,126,1291,376,189
1268,907,1409,290,1326,1029,1819,1306,1804,135,1257,1374,314,1290,26,1105
1028,1836,950,921,84,270,1555,1036,1839,290,233,337,753,435,189,1729
938,417,1301,1076,636,1415,1084,445,1836,1616,1843,1694,81,1566,857,1079
143,1303,74,1287,360,807,123,1284,1694,1741,1240,23,1243,503,204,1811
1303,1804,1257,966,294,171,262,1402,90,536,1686,1049,732,737,1222,1415
266,1279,1293,1404,194,1655,1305,1811,1555,513,914,1166,78,1270,1228,1414
1472,1239,530,938,288,374,862,194,947,1041,1549,1752,1249,716,948,1298
1087,979,185,145,1804,1432,1129,1307,245,1295,1294,1280,504,312,1276,752
499,12,1839,1307,1725,1566,123,475,1303,268,1555,1300,1851,990,217,1220
1555,674,167,164,1303,79,374,1285,1804,290,697,523,1299,1781,361,1811
1093,867,128,273,492,1638,1491,93,159,1798,1304,1659,138,962,279,1566
319,1683,909,1071,1270,723,1302,889,156,947,1240,1284,39,1295,303,374
370,199,742,193,382,1732,172,1840,1297,645,821,204,136,1759,1289,1750
75,1819,1280,669,1842,508,79,642,265,1326,1714,766,1811,306,148,1702
1660,910,372,1151,478,1802,1247,1,1118,1334,61,123,63,1837,621,1792
1343,148,1770,1585,177,1580,1804,1513,1294,641,103,1472,478,1565,1838,302
656,1432,180,139,1305,95,1862,1627,23,641,847,557,1613,1744,1302,1844
779,1374,644,93,991,369,921,1566,540,1776,1146,466,219,1076,772,1732
162,1259,261,145,1566,1555,1040,614,70,18,1741,1805,1306,1533,1284,449
1105,1018,434,253,1154,1205,751,89,1285,374,382,1804,1257,351,190,1757
167,323,1564,1385,1424,609,1372,607,1329,355,945,239,307,27,70,33
1242,140,1305,1026,1819,73,47,279,901,1306,1432,201,1585,890,74,1303
1648,1432,19,1216,23,1082,1052,55,430,1781,1547,1298,189,1018,319,1183
746,1741,596,662,640,908,1555,190,121,148,1305,175,1301,103,180,1805
155,1306,1247,1472,229,736,108,497,989,1830,1804,1741,1641,821,289,990
966,890,1280,806,1062,1094,1294,1053,519,62,1832,1300,445,636,455,484
779,39,1299,1187,1780,321,1687,179,770,1181,85,1472,1564,1303,64,1781
181,1353,516,990,1570,1302,138,150,1648,261,128,1491,141,801,1301,1304
855,909,914,176,285,1564,1138,989,234,1167,292,1498,1805,1110,478,298
306,1082,1128,1284,1748,1847,1285,1388,25,1553,1146,1480,1648,310,989,479
49,1851,95,528,488,1105,1234,1160,1599,1585,1289,460,71,1627,986,1720
1295,129,1268,1545,23,165,573,1106,1566,281,530,1343,142,855,1605,14
1265,185,1195,873,1091,1685,1242,1534,1780,981,306,950,724,1125,1490,1192
1415,1279,1060,3,1533,1129,1160,282,1798,183,59,1365,1407,1780,1549,1648
1299,700,1034,518,764,27,990,120,1555,83,459,1128,1426,335,523,1240
32,1585,1564,219,1305,192,26,71,1299,990,1382,1176,890,382,1357,259
255,1819,1174,1097,1564,748,874,1145,1300,1100,751,27,1741,1288,1115,1094
1566,418,575,828,972,1016,1851,1804,259,699,475,294,1216,139,1579,1564
124,1549,165,91,645,1859,1542,151,302,1304,1497,1049,1529,1839,139,647
1293,152,284,1449,855,635,1013,1152,1257,1438,1276,925,1303,1316,117,638
478,598,940,812,146,1101,1793,230,1781,711,1081,268,1347,1276,1062,45
760,1845,1783,359,197,1050,258,1145,898,312,298,1702,899,857,1306,1105
290,914,282,1284,1499,727,389,176,130,823,1294,128,1761,959,897,1542
80,1711,1811,512,1279,1293,1496,1433,1745,1289,61,1296,312,1374,1804,1561
458,902,1176,1674,990,856,504,1305,1798,1759,832,1849,1299,1295,1732,335
1566,27,416,914,1216,25,1821,1281,254,655,209,972,1073,826,1123,392
1374,916,1780,1100,1748,1439,627,1585,907,915,1305,440,1279,639,1648,1806
990,1741,553,167,1135,305,1160,485,529,212,259,1030,790,1303,459,386
890,768,181,1084,1300,1844,640,1534,1284,260,1795,1280,872,1657,253,199
1241,112,1280,1009,1024,203,357,1631,667,968,915,460,1558,478,23,1793
568,233,1076,1303,545,660,912,510,292,685,21,1418,1306,1297,772,990
1290,885,1147,1752,1251,993,356,1472,1648,1027,1175,994,1299,1303,47,1279
1277,1366,86,1704,487,91,1819,1291,641,1280,990,1648,1018,308,71,466
973,1184,624,941,108,890,1651,1182,353,1534,1432,903,1840,291,641,1112
1849,1245,1489,1594,1578,852,1663,1426,1293,1534,1188,1013,1544,1138,69,88
590,1851,190,264,951,911,1296,1539,1432,1238,1780,305,1276,550,690,1291
641,680,404,1604,681,547,1585,167,860,836,1320,503,281,720,494,462
1343,269,1271,1302,1689,260,221,185,1093,1279,1307,913,1276,1303,140,1304
400,1276,1132,644,1281,1534,193,1374,989,279,727,913,905,415,223,772
1280,478,890,116,1169,1684,1281,1182,70,1100,1741,1566,1011,1229,759,588
1764,1257,1184,1306,210,890,1365,1564,1694,430,62,100,1749,1228,39,1677
1051,93,167,965,646,165,186,1492,968,1585,35,1846,199,1399,1564,473
1306,309,1861,1249,104,1323,1099,87,855,288,1426,1704,565,1301,1798,244
1076,1558,1532,392,1554,1557,1163,123,1566,1279,1409,1734,1555,478,116,666
1276,1285,98,256,147,921,1615,1235,596,1376,1277,316,911,1289,1589,100
1302,319,1295,23,1018,1372,459,656,1432,1222,736,596,1305,1855,909,258
1291,1798,1284,1302,1847,268,1298,142,1182,82,202,152,292,494,1819,1083
1208,63,1306,1608,58,1144,990,649,1191,722,1282,72,1299,1281,148,152
134,81,194,222,730,1293,1799,867,938,1051,242,1781,1136,309,856,243
1290,522,487,920,60,966,1780,990,1293,1174,948,912,1281,1141,1144,1379
491,1648,188,579,143,27,1112,990,1299,113,74,1355,1652,261,131,855
253,596,1789,943,140,1490,950,1778,1744,624,1489,643,953,1306,966,739
661,1271,1263,260,1294,1182,284,1008,231,478,811,374,155,985,1436,253
954,1302,1326,1574,651,1748,1041,1491,29,1343,740,1600,1679,991,1294,697
1501,324,1067,9,640,1373,51,1519,1843,855,1700,194,510,1417,1266,136
572,1307,128,611,1498,941,1409,289,1783,281,244,1294,913,1017,1847,1284
1220,1752,1296,1166,1279,1011,280,104,1503,1113,1066,911,101,845,1050,137
1301,802,1855,347,725,1276,859,94,1757,49,913,1257,23,13,74,374
1791,310,70,696,245,1708,192,1778,77,859,877,1299,273,478,811,265
1279,1414,253,1145,1830,903,265,1374,176,724,1306,1490,26,535,1321,1780
1279,691,1491,1736,967,1020,1068,77,176,917,561,1778,1701,1697,478,260
1627,1489,1300,1279,152,1798,27,1345,1228,350,167,1780,1525,1362,18,134
1087,1702,1019,1302,826,920,1125,1704,1037,1304,990,903,1289,1566,716,12
103,1172,748,1830,1718,381,1045,479,493,863,1776,88,167,533,1728,911
1284,161,139,867,281,74,1676,958,51,268,790,1290,1780,1787,1589,473
907,1712,212,1223,1183,1811,1305,1702,705,1566,1035,1192,1099,1160,1145,1292
193,1287,1270,1289,70,772,1224,1730,956,1585,192,1188,410,1298,953,1265
91,1804,532,86,1307,1840,917,1247,112,76,217,642,1139,1288,176,1500
1301,1009,989,1293,1364,267,1038,1669,1839,913,1790,1292,1545,137,1566,160
1844,80,1699,588,247,647,990,262,955,920,664,989,1321,257,1671,1289
740,1321,1818,627,901,1034,1398,1226,83,1770,1257,248,1681,1502,118,1470
199,436,1330,1280,133,1018,990,1778,1564,1467,889,80,1041,75,670,1323
1799,940,1488,58,1745,1673,1432,1295,1752,1257,503,1306,245,1841,78,1182
198,19,512,398,1247,760,1363,234,255,23,831,990,857,1781,716,766
797,1427,950,1100,312,1781,1237,1242,1182,37,887,245,241,1543,1012,945
140,74,896,374,1288,116,1036,614,1284,128,1182,919,1071,1184,1563,1824
1343,746,1281,433,635,1374,70,1729,855,291,298,1844,288,1851,1292,166
267,1533,1051,1426,662,1279,1160,1301,823,1547,30,1817,272,1060,1296,1305
1069,1298,1307,1154,680,1148,822,1648,128,645,445,25,1673,1294,1741,303
912,1235,1294,1041,290,1323,1279,867,274,177,695,1085,623,93,1334,70
1669,855,280,1276,953,177,166,520,138,1550,291,793,658,1272,1418,1294
296,688,1256,163,1165,1542,297,727,284,1470,1291,1752,1238,1804,1321,1136
27,588,1843,209,779,1697,374,1682,1749,1696,857,1247,1811,289,127,1226
264,187,148,1457,1072,924,1297,178,1303,1566,1809,1174,1712,151,1415,50
1276,989,399,307,877,818,540,22,1723,947,889,1553,70,1584,1365,1539
1542,1648,505,1161,364,914,220,267,591,1804,127,1109,1744,990,148,1114
1126,1160,1333,1476,636,1452,984,1217,27,568,911,1711,297,928,61,261
1752,491,1341,649,1176,273,1162,84,1301,285,1282,171,1189,219,1741,1295
663,1294,1018,669,1112,312,596,302,1165,511,192,1291,1752,269,58,909
1697,101,1176,1418,1804,1524,245,1498,1299,1490,1564,103,95,94,806,1166
1496,1534,29,79,306,775,75,856,501,1819,138,697,1114,1138,336,307
309,1534,1769,507,286,233,651,1285,990,1547,1301,460,201,190,870,548
415,1156,1756,1296,911,967,446,1374,1778,1476,780,548,270,244,1076,888
123,939,1819,1030,1427,1616,1089,978,1732,284,1669,27,624,545,540,472
1374,1136,285,1271,862,1301,1012,354,1702,126,821,1669,890,507,1041,64
1339,1443,1672,422,679,1274,155,855,1114,1280,252,364,1714,8,147,1298
120,288,97,1237,1294,1021,855,1863,829,219,801,1060,642,138,1783,1063
854,641,1555,284,201,151,801,549,25,1203,77,185,1778,1069,135,166
1306,140,1113,186,1277,669,1578,1093,855,925,1266,478,1516,440,133,266
949,1778,1855,645,478,672,1688,1669,1292,70,747,1545,1756,1752,278,255
1308,596,1863,383,1249,254,70,309,166,56,1277,243,1783,1585,997,616
1307,1328,1790,640,1353,1851,1280,1052,137,1374,1284,417,639,1811,1301,1030
305,990,1220,279,134,909,1481,1214,1278,1424,1284,459,147,1741,111,1285
274,302,1552,1275,700,1306,1294,954,998,1805,410,1555,1726,713,1264,1290
1294,938,61,1403,621,194,1547,1433,474,1374,1293,1338,1014,695,1566,27
188,1533,1780,1662,1660,171,1842,141,1284,1547,281,167,1648,416,1305,1162
1101,1217,1259,1585,27,1303,913,1098,1031,265,108,1853,219,902,1658,374
1648,62,971,1300,1711,548,494,268,279,666,1817,791,645,1811,1290,1267
332,857,532,694,1752,587,889,877,101,913,1272,1048,1174,1289,1157,1276
659,1237,1783,1274,865,1548,920,261,1191,1569,128,41,983,1136,1780,588
1276,1426,1405,1007,1293,137,261,1097,403,1568,1274,272,1295,189,1052,1699
678,1301,1034,1017,1114,1305,1307,644,1614,511,85,1285,1035,202,177,273
1811,528,138,504,123,919,552,1709,5,1149,319,1020,890,193,1290,553
87,1708,105,1277,642,12,1164,1811,1302,27,297,233,472,285,1566,200
85,18,470,1153,148,1279,1071,227,333,778,1761,94,174,459,1712,1197
275,1669,215,1018,1254,1811,4,1290,430,549,1230,260,1564,1436,1190,243
1203,108,472,1075,1091,983,1192,41,1688,1521,166,99,897,302,1776,1303
534,1839,1564,918,1111,1005,1802,909,1291,305,1663,1272,1752,931,190,1018
1093,855,122,1775,1305,639,1284,450,1289,1291,305,25,1804,189,1280,1712
1298,46,1754,1263,511,1564,641,1053,1280,1694,1534,1751,388,90,1464,306
1472,1284,1075,157,1676,238,1712,1412,7,1648,1239,194,1598,1363,86,170
203,139,1781,1294,462,295,859,15,798,1301,270,923,1213,540,640,1040
89,1280,1036,1294,267,1279,1284,596,665,754,478,1018,930,1289,989,353
1374,780,753,944,990,194,267,1285,1265,173,1781,1101,606,855,16,674
279,1229,1752,177,906,1584,1426,1301,1181,1669,1761,259,262,1056,1781,1806
1112,294,1268,90,434,478,1299,37,144,93,669,658,572,1298,1595,1127
1305,405,855,989,1432,77,626,1118,1041,128,1720,1752,1850,1292,1296,1282
1167,992,1305,1296,630,1490,713,106,1841,1004,1778,645,890,176,18,488
1276,74,853,1564,481,579,273,1807,623,835,1648,1056,1524,305,1291,989
1182,265,1281,1568,584,1298,1111,1732,74,1566,1778,261,100,1463,1672,597
121,284,783,1060,379,138,220,1763,1289,1728,271,1225,1303,18,70,584
122,1299,279,352,833,990,1648,811,1294,1585,959,1699,280,1138,1836,411
41,1791,1314,1429,766,1658,1752,278,1099,677,903,1271,425,956,17,1781
1851,285,1787,113,1807,887,1145,1682,28,185,1576,1490,76,1374,727,128
103,1277,1817,296,1528,303,83,1142,1218,802,634,272,229,990,466,70
1832,623,1279,26,1301,989,245,186,146,1290,1740,1842,1544,144,914,1047
1165,290,1116,1292,989,434,306,1417,321,1312,141,251,1426,1026,1294,1256
151,1518,1297,990,1141,1276,779,65,185,156,88,1145,227,163,20,376
1755,1059,1274,1456,212,624,1830,1112,1028,943,1841,445,837,1305,1679,1840
758,1475,1801,44,1790,636,104,157,725,357,1068,1833,923,1432,642,586
1076,289,1284,907,253,74,1276,546,885,823,1335,615,343,543,1555,1272
490,1830,1298,1575,1367,1839,1306,1669,1583,1036,1585,1300,1804,855,1285,79
1671,1084,193,1222,1402,436,656,909,1752,254,1347,1290,1288,806,1855,1350
632,872,1093,1018,1303,74,1004,1342,1776,546,951,23,867,1742,25,303
1752,970,772,470,907,1277,589,1555,1290,1306,1732,27,1304,86,945,1346
134,1732,150,345,249,640,1830,1818,71,1534,1333,152,1842,172,188,1088
1339,1564,1292,494,1640,889,167,974,1839,1160,1294,1282,1284,1307,914,144
88,1132,374,20,1102,1860,1294,1182,1134,729,1187,1540,641,245,908,574
382,1089,914,490,1841,246,1076,302,1278,80,25,535,1583,656,684,805
1116,25,669,1544,1780,1573,253,244,1423,1303,1488,574,1083,1125,1804,1682
145,1710,1303,1326,179,147,441,1588,1305,1306,1247,297,1621,1114,1098,1695
1278,164,598,1804,264,1534,730,1174,315,1432,990,86,1349,1613,436,748
152,1294,73,1284,1457,1359,106,1515,1648,1741,913,990,1811,1003,259,855
1279,1585,764,644,1849,640,1389,121,1673,1256,1340,494,1547,157,356,98
1094,173,1566,440,1778,392,1680,1345,1533,181,1266,302,133,1277,1296,1817
1103,213,1259,1727,374,1291,729,159,70,1840,916,138,1279,176,71,912
1584,223,1266,31,1415,1099,1741,721,919,220,1681,1426,1470,1298,1711,235
201,1018,1282,1426,1685,913,823,1648,1305,782,1817,1112,252,115,70,639
1280,1304,199,1316,1643,1098,163,1414,1302,1089,1807,1696,1783,63,121,1841
645,1700,1115,775,966,1291,615,1247,98,1547,457,252,285,993,1007,989
121,770,1040,1712,917,1729,142,1504,1152,1680,1276,1415,74,1846,1741,347
1277,296,1577,1175,984,163,1204,106,26,1655,1657,1276,1778,1294,60,642
243,511,1305,1732,192,1289,1432,1321,1060,1852,1088,285,74,823,945,128
865,1222,636,1819,271,989,1409,106,1247,587,292,928,144,203,1492,562
172,245,1245,94,1804,80,28,1745,1297,1289,1160,1584,465,935,1026,1491
1092,640,1776,1426,1084,27,509,223,244,687,596,1763,919,767,1732,1349
764,1298,1266,956,9,194,1776,789,1406,1853,645,1648,1482,253,486,1844
548,1687,506,1175,1305,535,90,147,735,1217,950,936,50,307,420,1432
1259,25,1278,277,274,1041,407,1701,990,573,105,632,1607,1299,890,1240
1299,1101,645,70,1138,1751,6,1183,990,462,912,579,170,1256,1294,303
296,990,135,856,193,1809,1741,1258,1530,1534,1169,1005,1717,451,568,1804
1030,1648,1840,1681,74,1547,89,1188,1677,1605,875,889,1097,1592,136,55
1321,213,1177,180,1178,665,120,1154,59,253,1813,18,284,185,1648,1702
374,1756,1527,1295,167,155,1731,648,911,506,669,717,588,1561,1294,547
1215,1840,855,1384,440,1811,664,61,1819,1276,74,1336,997,151,25,62
119,1095,1163,1433,452,132,1733,1298,918,989,1659,907,910,543,581,464
855,1783,312,23,158,1698,1563,1564,856,308,194,192,467,177,1622,1279
1304,1216,760,320,1278,903,1296,1153,1103,1217,1566,1591,1146,227,291,1830
1150,1362,623,640,495,1277,432,1491,691,1695,1792,908,919,746,677,486
426,22,1774,138,870,1585,122,1804,700,1648,1284,1844,1374,759,1627,1356
268,287,832,370,921,860,193,1306,1280,1305,1799,991,411,93,857,849
1279,1280,1648,1811,1195,1467,1700,1291,1468,512,290,764,436,1290,1842,1248
1165,1277,163,1732,1817,1280,1276,192,254,950,357,1092,1256,140,941,413
1566,1266,1230,1232,199,548,1282,1707,832,1564,508,849,20,1300,417,1415
76,1294,1756,23,279,192,1289,1564,70,452,402,1585,1092,86,1835,1640
257,931,1855,142,1669,69,445,46,108,509,123,1011,1294,1490,855,166
1306,990,1302,1240,1690,1437,306,1235,1250,417,1247,927,1544,1784,714,278
17,1278,296,95,772,679,825,298,1295,1547,166,21,46,1307,321,900
177,912,1303,872,1305,1136,641,855,415,259,610,1,296,1234,142,1182
1326,1383,1285,853,838,1301,1280,972,1781,1177,1228,75,1299,64,1445,1358
1611,889,194,205,1303,553,312,628,1781,990,621,1426,244,1300,1778,126
1752,1548,990,1017,1257,1145,989,1778,426,1073,1188,290,247,1565,1490,1237
1225,192,1278,960,1034,530,1068,89,1774,1777,1570,260,39,1534,1250,199
185,244,1851,1692,204,1644,461,1284,1344,1534,1795,845,1294,725,984,1842
1048,1822,920,640,1585,127,1290,989,1714,279,1015,105,1703,130,116,1265
1374,1086,1783,249,1008,648,960,93,1521,789,1297,150,1804,293,1836,644
145,779,186,1113,713,126,500,84,1653,1455,1792,1284,1362,1819,1344,598
1279,1659,1819,175,1198,1304,664,1284,1839,348,1367,1288,1804,1534,1525,992
256,764,797,181,150,596,1804,635,923,1306,1712,642,1113,253,1805,645
421,1830,694,1181,392,74,718,611,1817,1855,1585,80,1065,664,1801,1339
1284,482,963,210,531,1732,268,62,1300,74,122,280,966,123,1040,1741
1546,671,207,545,1340,1266,292,1680,246,1545,984,793,316,1277,1862,745
1841,135,1294,1780,328,660,1071,1418,798,1585,1648,596,1258,1801,1684,1724
1426,220,823,233,1680,1529,923,1104,430,1485,1470,528,640,1158,1432,478
1290,133,1291,112,155,303,1188,23,280,923,1778,1306,55,1423,1839,1694
1306,138,1133,459,1844,1374,1295,287,910,278,1409,1294,1741,1432,1256,504
585,561,1285,244,87,1741,1305,75,1840,1182,716,1245,544,1314,256,478
540,636,1106,87,407,94,92,1677,1250,207,1294,329,996,1779,1242,340
74,1277,743,1804,297,1074,1279,175,1789,185,1839,233,1242,503,1783,1568
1293,952,620,1076,253,308,1230,689,248,1152,1284,1250,181,1306,1315,103
1492,1207,1068,1839,270,1291,744,1430,1295,271,309,1629,1757,557,811,507
1257,1585,1145,1279,1757,1139,955,1417,678,57,798,1266,1296,912,1674,1783
1293,990,1711,1830,41,856,233,384,924,1018,748,1034,908,1013,902,318
1585,263,1300,270,307,3,114,921,1804,1216,503,23,1819,492,1702,1306
323,64,1129,1648,669,575,750,1374,478,177,1676,114,179,887,1279,990
1498,522,1117,1555,923,1441,139,222,1034,137,784,1564,303,1566,70,1770
1837,644,1183,1197,990,1749,573,729,1844,60,1299,799,682,952,1783,641
1585,280,1824,1432,891,12,917,1284,670,1032,1804,1778,598,1566,1145,241
1555,1299,978,821,1566,73,1680,1783,1851,180,1669,942,415,1546,1130,1012
244,640,235,1099,178,1564,1778,580,984,1256,918,1566,1744,272,1158,185
1306,21,1830,1555,1566,289,358,138,1125,1288,79,1783,549,152,144,1592
1741,1567,903,907,24,855,823,223,713,665,140,1280,1843,1292,779,890
1279,1545,303,156,376,1165,1824,1722,201,859,796,476,666,193,1147,1297
1094,1302,1684,1712,1294,1648,1210,1307,1778,1224,457,1172,648,1292,954,1673
1613,42,674,1403,193,868,1604,95,669,178,934,1116,1056,857,1260,1700
1284,907,1757,808,193,894,639,295,1585,27,548,715,64,1265,1778,1498
159,550,1291,596,32,1145,41,1276,1262,921,1174,361,1426,1552,476,1147
126,989,1263,1687,363,598,1787,684,1278,430,1282,105,91,958,388,606
890,1704,123,733,1374,1145,263,1711,1749,1555,1529,1334,74,1222,308,1778
1574,955,320,1284,260,312,1276,1775,80,1432,1120,305,1566,695,24,1534
1339,59,54,1307,1412,1695,4,1441,268,1229,1231,309,465,527,1779,694
290,75,952,602,887,133,93,656,1303,1817,1811,1503,1295,1667,1381,1017
1182,857,1732,1778,326,108,890,1772,63,453,1303,136,130,1218,1627,259
1711,911,375,74,191,49,1182,950,290,466,1732,1308,1531,510,1718,806
595,296,453,912,123,1489,1323,807,246,1349,1291,90,839,411,582,1804
4,1545,207,1695,1498,1656,1727,1752,282,1555,289,582,421,1058,1778,279
577,1686,310,438,1280,1152,568,1794,1509,1009,998,990,255,312,656,474
888,808,263,305,1778,1276,1090,1847,62,1804,1829,588,27,829,1322,607
1846,1287,494,584,1360,1715,645,1276,276,1145,1568,1669,1776,1306,852,901
253,1152,1034,131,955,75,1568,1051,1566,825,1472,642,265,1175,204,753
74,120,1826,608,128,1067,1432,610,1469,1294,1230,1127,1068,1374,1550,1076
918,1181,1804,651,1435,1733,1752,136,1040,252,306,1034,1574,197,598,193
1545,1278,1372,531,1224,641,1306,639,806,135,1231,669,1217,120,588,1290
265,185,1692,1671,1648,204,180,641,90,999,1290,633,178,1374,469,1292
1197,1674,1804,222,1217,1277,260,177,1424,540,1276,1256,1289,1776,907,958
993,1782,1533,90,318,302,520,855,598,1272,459,1804,81,1249,644,155
1125,248,1294,748,530,641,1702,301,175,740,1152,669,789,1374,658,1549
1583,1072,1266,622,1265,509,1021,1279,126,267,917,990,410,1087,1680,722
1476,1781,1231,1041,386,724,1647,1294,519,1783,243,1039,1752,694,1278,1652
244,652,267,1321,639,27,1365,1406,129,847,1281,271,1555,18,1250,313
1015,1522,1092,648,1409,796,1712,1088,1037,220,1291,262,1160,1723,1146,1374
990,867,1361,656,1082,184,1289,568,1003,1276,571,114,1076,499,1566,1804
990,596,1272,1542,1702,1074,1564,1432,664,1585,1128,1257,1235,636,146,132
855,1534,193,640,729,1304,99,1214,286,139,309,644,1305,132,1578,1292
150,1281,1084,1832,1305,1724,934,913,950,722,1690,197,1658,1674,915,170
727,255,1276,1198,120,1215,1041,855,282,1165,1022,842,202,274,684,65
1295,1585,1357,1088,671,656,1270,1282,1639,1851,1276,1350,49,71,1036,641
193,1740,94,272,1252,1417,990,70,253,1136,245,681,242,1319,177,1806
696,92,538,1284,144,1333,224,829,1281,945,1297,776,975,1058,1326,1343
1778,1220,1780,813,483,984,644,1817,194,1136,1289,121,700,1277,756,907
1292,536,298,749,1121,1028,24,1276,244,1172,1008,481,1524,1257,1125,228
1819,622,694,990,1457,221,1676,1285,192,306,148,656,1804,1281,1780,243
75,911,833,245,920,1804,120,252,747,580,1201,1731,63,1069,1091,1306
1839,1611,1804,1584,178,995,126,780,1265,410,1721,266,296,579,535,1129
23,478,1840,1374,991,641,1294,640,1224,1217,1682,1088,1158,1654,1630,876
1282,1759,677,511,1141,1294,1281,202,243,172,653,1082,1839,1299,648,1364
990,102,1374,914,1289,1546,1306,1296,1741,904,938,1249,478,901,725,459
374,1307,977,399,27,1503,61,1677,1299,67,1595,548,914,1547,901,246
1521,1294,179,1279,1566,1245,1305,1804,137,297,140,908,1771,1297,1280,478
489,677,1747,1159,811,1301,1086,266,436,656,1088,302,375,1341,872,148
1264,1271,1426,1289,1082,1291,91,1348,939,175,1780,1175,255,257,1374,21
128,1620,885,1684,1574,1426,322,108,656,374,1591,601,1173,1239,1811,23
651,1346,117,244,1267,1585,1297,1529,989,1648,433,596,1026,1009,104,506
231,1798,275,1584,1019,1294,37,885,18,1339,322,1034,870,1648,167,1741
813,1507,1306,1638,1547,1034,142,864,1585,715,1276,1617,1371,1680,1089,915
1546,1798,319,393,290,1714,1007,696,1780,288,7,83,1292,1840,1616,552
1744,1005,1741,399,150,945,1421,1566,1303,884,1778,914,293,1298,269,1306
1082,1594,1052,59,1257,1542,1290,920,402,527,1322,1108,862,100,1182,766
1741,488,1279,151,1374,478,1330,691,185,669,316,417,939,1343,1415,1114
915,189,1276,1430,268,1841,147,76,21,274,241,1720,133,1017,1306,1432
865,644,1119,907,1648,1229,467,967,950,1840,681,1293,1080,858,1829,949
1579,615,133,301,1290,641,101,478,24,1304,1750,624,955,213,305,712
1842,859,1296,713,93,1089,148,39,1235,1433,1284,645,539,1491,1142,1041
1228,1467,221,640,474,777,399,282,364,1093,1301,1290,292,1432,1778,843
990,146,1735,717,306,1305,221,1405,1125,1819,354,1472,478,984,935,352
908,90,1307,53,760,1568,270,1547,273,909,277,645,821,1040,288,134
445,1678,177,1284,1741,289,1295,285,39,1028,283,1100,402,411,684,302
1289,621,1279,1141,23,648,1585,79,78,656,280,1266,1817,254,1740,677
909,95,645,640,894,1299,1341,589,166,1297,199,1365,859,129,1259,1183
478,596,120,809,645,149,94,1291,79,256,722,821,1660,131,1266,735
853,596,489,990,989,1778,1817,1278,1071,1277,238,245,1302,1372,758,640
54,1776,993,1074,1321,1141,1289,1296,187,1817,1292,1263,966,1795,74,946
1281,1463,244,1579,1227,376,1282,890,1191,1073,1360,1098,1017,1223,945,577
138,1028,993,387,1328,1778,903,1335,717,1304,1277,11,872,124,190,1678
82,113,951,1651,924,1426,1284,1127,1752,919,1298,465,914,221,181,295
74,503,1679,1156,1386,1289,627,490,193,23,157,253,1741,506,1830,1795
1352,339,1028,6,950,1315,1290,159,12,1303,1298,1192,1382,150,3,253
286,1732,128,1860,1018,910,1566,466,1842,270,1172,838,729,848,1112,94
253,1566,133,1555,24,930,1301,70,1161,1648,1535,1778,675,286,272,934
665,1697,492,731,624,221,274,1088,1616,1519,1038,100,1777,865,1566,1822
129,1284,1364,602,91,1555,1659,1084,169,1840,487,1637,1051,1846,284,201
653,117,1625,1030,1488,1294,649,596,459,116,136,1145,1555,287,308,61
356,180,1160,12,989,1305,123,1780,1798,648,1246,1192,855,1197,640,1804
1292,1621,1125,639,461,1285,349,1566,1139,430,1203,549,167,1447,1166,1349
390,1578,1145,581,600,1182,12,978,68,268,1153,771,65,1290,1432,1309
1307,393,1585,1804,126,190,1097,142,1299,1279,1489,74,862,403,297,1516
1386,91,548,725,1470,1296,1701,1302,1847,1840,1188,380,1282,1692,640,855
921,252,1564,1020,978,1033,990,772,913,190,296,178,1290,1488,520,739
280,1752,641,1279,1298,915,1780,1295,958,989,776,669,804,37,411,1775
285,266,177,1105,308,1847,325,1278,729,727,1290,1582,1285,423,816,1041
1077,253,1819,1277,1353,74,1426,25,1773,1564,570,277,1783,1712,1157,800
937,1781,1310,1281,259,729,510,1804,122,1277,1264,1398,1303,1692,1447,74
1292,54,1804,1294,623,645,984,1648,316,128,24,1426,969,1741,1284,1511
917,1553,912,1599,1034,715,1016,415,1685,1648,1066,683,1271,136,1307,1163
1694,1276,643,259,374,1830,1220,436,933,223,1769,641,1648,1350,1354,381
1824,1613,380,475,1781,258,506,1285,1303,669,1249,1542,1585,1646,70,1230
713,1566,1387,1035,1432,1824,62,1780,990,1109,1289,488,1374,623,1585,938
1248,1741,1564,1374,908,846,12,382,25,128,475,222,1294,61,770,419
1432,295,1347,1748,1354,24,1076,1182,303,1783,557,485,971,1216,1301,1279
1695,1296,1060,472,1068,1534,1499,1036,147,49,1045,1294,1755,990,1140,1018
6,185,283,855,1840,246,489,574,133,198,644,121,1769,1547,1307,274
1545,1841,1182,877,758,909,1119,1266,903,91,337,1727,1845,1811,842,1288
1509,70,273,1176,1237,644,863,1128,821,1807,1681,1741,597,1336,733,280
1276,281,695,1325,264,95,509,1741,1570,296,70,1718,1084,1648,326,98
1478,1780,610,186,904,1631,1583,1290,274,1564,659,773,816,1357,1045,293
1660,1276,1432,1345,152,1169,775,989,1682,1804,1380,1305,1648,1036,1731,956
823,51,750,645,1301,1562,67,187,1564,641,1236,1161,835,1335,656,294
51,150,1301,170,235,1183,1566,1669,1776,1289,178,1247,74,174,1297,1290
809,303,956,1182,1372,1817,776,802,1676,598,292,1187,1285,1279,87,1724
942,1198,1374,296,1819,1488,192,277,400,1296,1807,818,780,1147,1222,1595
1305,736,97,1124,535,1128,596,1126,1025,1265,770,70,1686,1276,953,939
914,862,1286,484,1585,261,1555,1747,1752,1703,399,1837,1300,992,303,781
175,724,1703,604,1347,1296,131,1676,147,1752,748,1426,581,95,91,855
138,70,1026,743,170,729,885,953,606,1299,128,49,640,82,954,1807
571,126,1160,65,123,1437,1374,1002,1262,1302,1304,917,1750,940,989,1752
1360,1228,1190,1534,857,1282,220,88,1736,1294,1296,1183,1299,185,100,1094
1741,424,1534,333,132,305,888,1290,1681,1284,123,1296,1806,1303,1036,717
62,1843,1265,1207,1301,220,149,104,224,1561,778,27,1302,1312,973,291
1431,59,908,408,1589,27,241,531,792,1305,823,121,870,359,285,1432
679,1282,1294,554,1276,1304,999,1161,1752,144,1712,79,1741,1278,658,1271
191,1248,152,294,1441,137,185,148,1305,855,298,1151,1280,1585,194,347
1064,568,1278,198,133,264,1305,627,93,1118,657,292,722,1319,1228,979
581,1125,930,234,1040,219,1777,1566,1272,1276,128,865,1611,291,640,944
1279,264,773,459,129,1301,417,1322,303,1683,1843,999,184,1205,1182,1285
1113,145,643,134,495,133,1682,1304,898,1217,1830,572,670,869,1819,194
152,1648,950,62,1411,1745,1817,1052,307,1374,1034,147,893,1186,1781,204
1776,1303,1298,228,320,1474,237,914,399,439,1343,93,79,1566,1761,1732
1731,1819,98,736,1297,679,1257,1282,1811,1780,1123,1501,1128,1076,105,291
122,1300,640,151,1293,1193,1592,264,1837,837,27,450,307,1173,729,41
79,1623,382,1555,1263,25,1580,1432,1303,1055,859,522,983,1787,1388,181
81,572,924,484,1306,1648,369,804,152,221,175,1284,1289,114,234,990
598,753,841,1804,1219,122,193,265,249,1529,990,910,1341,1302,1783,1266
71,1804,93,254,1584,510,1485,281,855,128,1374,993,115,512,1289,989
966,1150,1604,1306,1585,531,1303,1467,481,279,1373,538,268,1253,1169,1307
1305,1752,91,945,1161,669,725,75,629,1152,72,103,1114,990,1247,1288
74,570,1304,979,645,1307,513,669,442,1817,1256,1229,890,512,462,1277
623,185,1279,445,25,1105,424,1018,182,23,1290,1243,1297,150,1274,1714
1585,62,561,1353,254,212,1098,1298,1489,989,138,1141,1770,582,1840,1360
913,1802,1300,202,1036,1589,1235,1648,1088,1292,259,429,1188,490,1116,1040
1295,1574,271,856,1294,1136,1267,1542,1232,1783,1752,820,1299,1741,1070,821
768,497,190,459,1279,70,893,221,1186,1591,645,1449,479,1584,173,855
135,716,59,1545,1426,144,170,1225,602,1026,749,1302,1763,235,286,1217
1741,305,12,621,1290,833,1663,967,944,1613,71,192,696,1278,179,1302
488,581,296,1045,1817,907,146,520,999,639,729,874,254,1809,323,1305
1156,1185,281,1266,1648,1794,98,1181,1235,91,1778,551,1780,24,806,1563
653,308,582,1566,616,1289,602,220,1281,1374,990,302,1307,1690,23,1164
256,96,24,1029,1546,1120,1160,21,989,761,1277,1289,1294,1036,1817,749
1290,843,1300,329,494,272,1280,319,833,1274,394,274,1566,74,1532,593
1780,1297,995,290,147,645,654,531,104,1361,1183,157,151,127,1759,1452
1169,121,472,137,1747,641,672,1265,911,1290,1182,1295,1285,1208,243,1775
1281,407,90,1334,1065,1169,1092,348,990,1073,1800,1839,1308,96,1415,130
1146,1374,1648,1182,1305,1284,1294,573,1469,256,1426,1290,245,1819,385,1026
596,438,863,1711,1613,1426,44,402,1303,606,1721,506,1204,343,307,793
101,530,697,1293,1162,1681,141,451,1569,938,1294,1069,1657,1720,1051,568
1648,1778,990,1713,917,1300,1761,499,440,69,63,263,656,603,470,1621
1304,645,1696,1449,263,949,1618,1712,1236,1301,1111,1555,1290,1741,176,1683
1732,656,973,763,233,223,1711,740,756,1658,98,401,193,86,1057,1830
1490,1296,95,185,1052,1432,903,188,1192,579,285,1279,611,465,952,1706
193,701,1599,18,478,297,1721,1045,270,1181,1294,367,1546,1177,856,56
1156,1232,1819,1137,1279,695,374,950,1018,596,103,645,303,588,253,26
302,95,84,61,258,286,297,1207,474,1770,256,80,598,265,656,1732
1817,1700,219,1303,938,591,1615,656,952,1294,1852,1800,1104,1280,1259,1845
548,1049,473,778,335,1356,308,1176,278,1111,1804,1676,24,136,1270,1284
284,392,162,1305,1402,1177,1281,1817,105,1034,1804,1239,1680,1555,455,1315
1101,1741,1307,918,1306,652,26,494,306,235,1302,955,267,1282,136,146
259,1276,759,998,1809,1299,1167,1504,490,286,439,1778,199,12,1472,745
713,1800,1198,1062,141,1297,953,1780,16,1138,973,828,1298,213,1791,268
645,596,1640,89,1297,1085,1752,1840,939,1732,694,93,1209,149,1807,595
1294,727,152,1328,890,95,1748,478,797,1042,1682,1182,1271,1540,479,1016
70,640,1225,1111,823,1648,1703,260,87,1190,193,424,1276,393,1097,1295
1743,1272,1426,136,1294,90,1811,243,1692,501,246,1216,1783,1810,656,1303
229,1009,12,1818,1741,1844,245,1176,923,1547,723,193,484,1305,1809,944
1294,887,903,1851,1566,104,1280,1804,1591,613,606,411,195,995,1752,684
86,1136,1276,648,1199,23,540,1415,1305,1092,1258,642,238,713,302,1648
117,1225,1759,88,1302,1290,283,244,94,1711,806,863,598,802,1083,1298
1851,607,987,1718,1472,242,27,1280,602,1801,295,1137,129,478,74,827
23,114,1149,890,1776,1660,905,833,277,222,645,1307,262,546,106,1250
253,669,1251,1607,1308,1168,1732,1071,1099,1293,81,207,1198,990,1804,1389
990,430,1807,776,128,258,533,175,1169,1293,92,779,1844,1296,1491,1819
1520,267,378,1547,243,1014,1613,923,223,73,1279,728,640,1225,64,1302
921,288,641,25,17,429,1191,1357,960,85,1291,335,1257,306,1446,435
855,92,137,1778,150,374,1294,53,962,86,669,1741,1218,253,645,93
903,919,1233,641,1374,1648,1294,1584,1775,745,1496,1092,1041,1355,1305,244
1627,1518,1685,1294,510,926,1001,83,1060,1555,87,1075,89,1276,303,548
972,574,1560,1241,25,154,63,459,1862,1556,1290,598,656,1689,1294,489
452,776,83,1279,1778,144,340,530,1741,953,1105,961,478,1810,1821,1350
1132,197,914,1545,855,1689,1306,603,1242,473,1294,901,716,1808,1032,337
817,855,1426,692,1665,74,6,1038,1733,1224,1585,1193,1648,531,222,1778
1294,643,640,1482,1123,495,835,1229,1804,388,1144,950,1204,1279,1271,1076
1702,1423,967,640,1741,1295,275,1082,139,1781,937,1166,1490,788,1259,1228
1289,1804,1780,1306,1669,335,242,1273,1491,302,1298,1133,1747,432,1711,285
973,1555,1105,1278,645,990,1272,1298,1305,6,27,74,621,12,501,1372
1301,1805,137,235,827,857,1040,21,245,845,1129,24,1488,1354,1534,1049
1465,609,74,1692,714,192,215,1175,1741,1262,1301,1778,148,1329,1780,890
74,1555,100,1752,1704,1256,23,333,1565,543,739,1536,112,1276,1839,1290
24,647,1294,1018,322,383,1844,1566,1076,126,141,1563,25,890,1028,106
177,129,478,12,233,1293,1296,123,1289,1171,1036,580,1580,641,1807,215
1306,990,674,755,535,708,1282,1301,645,948,265,445,77,27,1418,920
1566,707,717,25,1172,906,976,508,1289,560,1220,410,1424,1752,132,1306
297,1360,1198,915,1007,645,1188,980,1091,1555,532,136,1804,181,233,965
1296,978,1388,228,1564,1225,459,188,1423,406,197,74,1776,119,1780,1297
279,934,835,1032,108,925,1289,1417,997,274,374,1336,323,478,1027,277
1076,938,911,950,244,194,180,1723,1278,1229,216,1049,265,1247,1064,1712
645,1247,1284,857,195,574,273,644,175,915,1780,1287,1584,406,220,190
1030,548,233,70,77,1148,1215,403,1302,316,479,1563,901,280,473,764
69,1014,121,674,1811,961,913,373,203,1276,1275,99,56,1778,1851,1680
1247,1034,723,144,640,1245,609,305,784,1804,570,613,1387,474,219,947
728,1781,1268,1811,918,1752,134,1296,1017,1778,1276,185,70,875,1538,753
1262,1790,23,1182,1532,139,273,1839,70,277,615,1441,1294,1426,1585,1432
1084,1712,1279,1275,1741,203,435,938,1805,969,193,1030,1658,1528,936,1320
707,186,1755,265,1294,227,353,261,919,1564,1035,740,1545,354,1280,478
667,1306,1169,1302,296,1368,1300,45,1153,217,1360,656,129,1280,921,94
484,950,602,1279,645,348,1231,159,1813,1372,1714,142,203,1294,79,452
1844,884,1289,890,1285,916,1304,1860,105,1691,1290,1374,645,1146,1276,1273
1857,287,1409,1040,1470,1279,679,1744,1780,1566,1307,1704,1276,283,749,163
1016,12,1274,627,62,1279,1397,324,1332,192,123,212,521,1444,1749,1192
1284,1441,1278,55,764,1192,478,356,1172,74,1679,1681,993,1224,964,855
1524,177,277,1815,790,220,989,1183,145,1247,903,1374,740,490,1301,1691
1787,49,778,289,167,1286,1727,631,925,386,463,1585,1418,452,1348,1327
938,1294,430,641,1129,1087,138,1303,1246,936,1722,1786,1756,1783,492,934
1307,550,1303,456,129,819,1305,1276,1029,545,303,167,88,1841,1387,890
290,1291,142,87,1289,618,272,1783,1371,1280,305,1374,266,1766,1326,183
1711,194,983,1298,1749,294,707,73,1304,1307,146,259,829,488,267,1847
474,1824,724,1199,296,832,290,1802,1230,1364,498,1844,1851,1392,192,39
1741,1141,685,870,1819,1817,94,1113,1374,1058,951,1232,1804,1267,1282,1306
1583,1242,1302,516,78,343,714,1566,475,328,95,24,1307,1732,785,1231
859,1551,1009,1217,1804,126,952,685,128,1348,1157,1303,90,1290,1307,27
1173,1295,1255,1804,1164,1477,1265,1128,956,1470,223,646,1781,1275,1183,1198
1728,1700,116,19,915,228,128,1748,579,51,1295,906,102,1430,1073,267
1338,87,194,946,258,1819,415,108,166,77,1132,1306,1160,1564,648,975
694,1303,148,69,1535,474,1300,307,74,919,1555,412,1639,1811,134,254
1152,489,263,1804,267,557,1102,684,1679,576,588,220,1098,97,1239,70
1110,596,175,642,1299,1862,134,92,1585,325,1566,63,338,816,1289,1498
27,557,1804,291,1736,652,181,1284,308,696,1426,1335,1306,88,647,1711
204,74,531,890,95,1777,636,181,1096,1307,194,1071,268,1290,478,103
1777,268,1123,1302,990,116,579,856,1251,1453,1303,271,1744,1566,297,283
1166,267,640,1074,848,134,1513,1592,254,1690,249,1563,342,951,508,1555
1350,1852,1297,1374,1324,1289,297,1136,950,1243,531,333,259,1589,917,1028
1086,1279,981,348,1314,1212,490,1294,380,1724,1719,1501,116,125,1841,168
316,1862,793,1290,486,908,598,760,1778,754,274,789,267,823,1851,1148
1007,919,1045,265,863,772,315,74,1307,1800,151,1817,3,1121,1175,1300
478,1560,1246,907,244,1507,1068,146,1852,766,485,889,713,1076,1034,133
702,856,1014,1566,1181,245,1025,621,1426,855,181,993,100,1524,1307,1694
1277,1128,157,1204,57,1183,516,192,1854,893,503,27,243,176,1294,1832
1819,579,223,1491,1852,1804,636,381,970,1712,1306,1303,1032,1073,1290,379
1305,1778,1721,945,1487,99,536,593,146,1302,1400,1246,1294,1289,1279,1123
1741,901,937,1277,1457,412,1436,1141,823,134,939,764,405,269,1555,877
1158,1276,1584,1182,727,90,30,221,642,98,1830,1555,1440,1783,136,1821
956,856,1564,1184,898,909,233,126,93,343,95,1234,1305,1612,245,1168
1689,370,885,1316,1250,430,1132,349,1306,192,1099,1681,478,636,1278,1147
565,166,919,746,146,581,1158,645,685,624,990,1564,1176,1294,1537,1105
686,955,1290,1306,294,1229,921,295,742,179,212,1226,319,1444,967,1357
290,1805,917,1028,274,926,1306,93,1110,806,121,1071,1811,484,1243,419
1534,559,268,150,1293,528,459,1432,695,890,1018,307,203,1279,598,1542
478,1537,889,636,1488,374,1077,1294,1549,1224,1161,1688,131,376,74,114
695,1257,83,12,1278,20,907,977,1801,23,1441,1224,472,1276,479,53
1840,1555,1305,243,939,312,1175,131,556,1805,1282,150,63,1041,990,1267
1034,878,656,14,1293,941,1145,1292,1276,1298,596,1824,1616,53,1284,1085
790,1426,1296,1385,1564,1279,1357,1128,969,138,1472,1182,1697,470,1301,753
114,1091,257,1695,185,1327,1292,1284,1112,297,1711,1088,856,408,1267,1277
306,912,1052,590,1182,1732,64,638,1804,708,862,786,1696,1301,1015,1555
281,1205,623,1778,1337,335,1182,146,1706,1278,975,1555,819,1648,1550,845
150,1,1501,554,1076,296,278,1259,147,1752,989,953,892,1292,1267,1285
1839,1817,1291,1752,1787,346,275,1357,1804,956,1717,1800,1595,1548,296,555
855,1550,1005,1086,1490,265,1199,1832,1076,263,1727,1741,903,102,354,148
914,245,146,1279,990,193,970,374,1752,24,1620,1282,1804,282,1721,1712
1778,753,245,1278,1564,296,972,1648,1303,749,1294,621,1655,934,1191,630
1225,1240,1265,257,1781,1846,1463,510,1150,1132,450,1648,165,1014,1105,1009
1260,1559,134,1333,442,1276,23,1165,316,1752,163,1299,1295,1306,636,1262
995,859,823,1148,1693,1547,999,1011,1296,980,103,1213,223,148,1041,788
1280,636,1555,1305,474,1712,70,596,1781,1147,1695,1256,819,466,1293,1299
179,125,845,1700,1659,1293,1811,20,1086,1295,1727,1472,1045,990,856,70
831,567,643,749,812,583,213,1564,343,1181,279,1060,294,640,201,1284
1307,63,95,1093,1752,1722,340,779,1292,1741,1280,705,1669,191,1844,1426
1851,7,135,297,1534,1105,142,1284,1673,1853,1010,915,1279,140,70,1072
1566,200,1533,1824,1188,1776,258,1306,1783,1299,1276,312,27,1279,926,175
238,477,370,69,87,484,643,1374,1340,253,159,1566,1811,1238,197,1291
1780,855,166,259,1749,1697,943,1088,20,1298,1077,297,1344,1470,1662,1752
23,1314,1291,1276,1826,623,152,186,374,1294,855,1536,1086,75,1741,1348
390,1297,374,1294,968,1743,846,645,1292,1491,138,943,1847,1260,1859,79
269,602,748,224,1009,1294,1749,918,1486,645,811,1297,1566,972,776,1783
1366,1292,947,1296,1028,1829,25,1302,440,1374,1759,1279,1804,1115,259,623
1279,1799,1300,1062,1007,1203,808,144,234,1741,1214,1307,98,1302,1248,1243
151,1031,845,24,855,921,265,1292,139,878,105,990,175,1817,1551,1648
1114,12,186,997,444,1718,1005,999,1280,855,596,1095,550,1838,220,452
873,1718,1230,94,261,1780,23,990,12,1798,1308,1299,984,1266,1136,1566
1305,192,1026,921,18,1129,1472,1291,1844,1648,1155,244,748,645,1054,1289
1802,570,1139,752,1321,1281,598,1250,1302,1409,867,669,309,170,1542,1569
103,1294,75,656,1160,1280,1266,1564,1044,23,1299,263,1566,1045,507,1128
760,1128,640,435,1717,534,1421,931,1030,1677,1566,27,1307,1513,383,1688
1284,87,135,982,1830,1744,120,1566,430,70,1301,1074,1648,1485,287,946
990,295,1755,221,1250,1776,213,1282,492,911,1301,148,669,781,51,964
1648,234,1293,972,1313,96,1852,640,146,1298,1276,1320,598,767,129,1550
847,1277,1566,447,1466,1145,1184,1719,1413,1243,1467,1183,1687,651,1299,358
187,41,1237,194,552,730,915,280,1285,288,1134,146,1034,197,1804,290
1669,106,855,658,1357,1293,1585,1812,1304,1555,365,146,1277,273,499,93
640,1585,860,116,1658,76,268,1293,1294,1671,1566,1846,833,736,1289,918
340,695,1277,163,1804,595,914,1040,1741,173,1360,319,1752,1296,305,144
1268,1049,139,1266,1585,275,543,640,1741,1259,1700,1500,589,271,1566,918
1067,510,295,283,1584,1036,1830,1307,990,181,1183,1167,191,479,1646,740
86,1776,894,1566,1277,875,1778,1291,767,1198,217,1301,1590,812,1529,148
244,1514,1648,179,1566,1087,1225,900,918,1,253,69,696,598,130,1244
1301,70,1819,1812,1135,1648,123,1374,263,514,231,371,1474,943,1773,294
1841,1225,1013,1824,1440,784,1491,278,1115,111,190,647,1562,1343,476,1759
1076,1825,829,95,1555,964,742,219,121,596,1276,1780,370,108,1296,648
1587,296,27,950,430,284,990,1432,643,245,1002,1648,864,880,1276,138
1703,1555,1403,1839,207,1086,956,265,921,1026,1306,957,993,1076,291,1280
537,602,1804,186,291,35,1555,3,1415,1118,604,113,201,1703,1183,59
893,1687,972,1780,989,1144,146,1162,1298,77,570,694,955,1052,417,1778
1279,1734,1284,1306,303,74,987,859,374,137,1278,1064,1307,1303,589,63
1752,1489,25,182,1776,1719,347,146,1009,1185,1312,1780,855,1290,823,377
1518,1401,892,140,12,1301,1560,641,1847,253,1294,197,288,1291,1088,1603
484,645,1092,875,1256,1188,891,303,1824,1713,1669,1839,1032,1302,220,1503
106,1123,642,1811,27,104,1295,41,1818,1182,1276,1293,93,297,1197,185
259,1333,1852,70,1188,1113,260,1648,1094,695,84,897,1296,894,1278,1295
640,891,568,550,596,1068,167,855,915,1305,1761,1234,1276,151,1291,1373
466,648,989,1418,1492,1041,1277,1294,1804,1591,264,1752,1778,1721,1783,1307
1839,309,1038,1123,70,98,1776,473,1627,1247,1294,192,921,1663,1115,1566
1712,1583,713,1819,1472,363,857,1323,509,198,1776,151,1804,644,1164,286
739,901,138,1741,64,1648,197,1861,73,1306,1193,185,1034,11,1071,1171
478,1136,244,89,1829,1550,1778,279,477,1711,846,1446,990,1518,630,1426
1305,105,1052,26,1778,292,21,113,849,273,25,142,1757,1307,1147,920
494,1741,117,282,1242,1086,1415,289,457,1231,363,1026,193,150,1648,1783
1298,280,1105,1595,1220,264,1752,1648,1307,1549,1074,1696,179,189,1537,882
669,855,1297,1702,1426,186,1564,1299,623,374,1289,284,139,1651,1215,1783
868,1798,170,1335,644,306,1306,70,1106,1058,1290,1289,126,1727,1303,459
656,1215,305,1303,1357,337,1291,1817,103,845,1248,194,1656,1053,108,1158
185,1073,1289,1429,106,1088,1563,439,1279,990,11,221,1276,245,1752,1552
596,1414,175,1712,579,1303,1619,1216,784,294,1566,572,1278,867,278,1335
104,1289,167,478,907,1415,779,639,550,288,1470,129,1687,904,983,1778
1604,1113,1301,1593,930,268,1812,1588,919,1745,347,1183,1744,870,1217,1585
124,1778,1281,1709,1294,1084,100,1276,64,198,1248,1711,1474,176,575,1141
1291,974,917,94,285,953,1304,1498,1645,1824,1007,575,990,1805,728,27
1296,711,634,854,669,1156,1016,1097,106,915,1207,36,645,43,1501,155
1780,1469,1257,1778,1290,1294,1804,258,882,1064,207,1547,990,1304,308,524
163,523,290,1266,1780,1294,488,856,297,150,950,1163,1529,689,1180,1776
1245,1044,284,856,648,140,1525,165,197,921,1266,1584,1238,23,136,1272
1490,1314,1199,186,1068,1817,142,1012,1291,1285,1719,635,1417,1284,657,1306
1306,1266,1305,1175,1307,23,1752,1024,1021,459,251,1849,92,1177,1546,548
319,16,656,1770,223,1780,96,905,1811,26,1298,457,1294,425,1301,558
289,1374,285,72,1785,596,523,1566,1191,1036,1230,855,1302,1432,158,184
1321,1608,27,1299,1128,1822,292,1272,147,88,179,890,1034,715,779,1811
920,476,446,1076,1125,80,1778,1680,855,659,572,268,1584,451,1415,303
1019,1005,120,101,919,570,259,545,913,1150,1559,1188,106,1146,103,1278
1314,1290,20,811,163,25,1470,1432,460,889,1665,1296,806,1533,267,677
1373,914,462,1306,103,1093,16,374,1550,148,113,524,637,1566,501,1292
911,1830,1536,451,503,1294,1804,1429,1381,1188,27,1555,254,397,1798,921
569,167,1165,1604,1275,1279,1547,779,854,188,641,725,1284,1432,1227,1778
1460,984,919,1306,686,799,374,167,1533,1200,189,97,262,6,1633,1584
277,260,1147,141,1041,912,796,1603,1694,1778,1182,406,1076,903,909,167
1482,215,985,74,1266,459,1466,620,1306,1304,264,1010,126,976,641,1064
340,1260,1306,1136,1165,260,1470,220,459,1223,192,1294,835,1281,1076,1804
1780,1705,440,1280,92,1303,268,1806,1027,86,571,126,146,980,459,863
596,30,980,1247,1013,1105,970,1752,1497,25,1445,1644,548,700,1026,1281
116,57,975,1830,983,1306,972,568,189,1284,1702,185,1279,1215,407,889
877,274,309,312,215,1067,1657,283,1295,1304,357,973,485,1041,359,1298
1303,1323,499,907,1293,1249,484,1374,549,1295,1277,157,310,1470,116,705
74,1778,70,1280,1301,23,603,931,259,919,975,1092,1634,915,1490,1613
757,9,1297,1267,644,490,1790,1426,974,990,1453,1274,1830,688,1307,687
531,61,64,1466,1506,274,1847,806,1221,70,855,1282,294,1366,1677,1013
596,1290,855,1035,1304,430,1226,1009,1780,898,713,262,1238,1284,87,525
1819,1293,1447,1332,1305,1648,509,53,1131,166,1279,1525,277,1842,641,160
1145,1778,1281,269,1298,712,1294,484,1722,855,669,12,1230,1441,309,506
1648,855,278,773,1752,474,266,1836,1237,27,137,1245,621,1174,1341,669
669,1819,1780,821,1845,1826,1752,125,746,1822,177,1088,938,1089,195,1841
1099,573,186,1472,598,1028,1025,24,1243,188,1307,1037,1811,947,156,112
1076,1290,1780,448,1648,540,645,1294,1426,1469,244,635,644,163,235,1701
374,151,1234,855,112,369,598,645,410,745,105,1454,889,1305,1076,1322
1291,1289,855,1566,1090,409,1836,1305,65,178,903,570,635,1217,1093,530
636,186,1139,99,577,595,900,562,1432,943,376,1778,567,1100,106,1182
1302,1145,1648,111,882,1732,253,234,307,1076,814,656,739,268,30,712
1183,1704,1780,253,279,724,1811,489,909,192,1018,1284,1334,233,855,255
235,1076,1577,19,859,1349,1187,833,1469,1780,1282,320,151,1182,1169,1062
1607,773,27,570,1302,641,1284,1279,819,1303,1295,1585,890,122,990,284
754,127,1839,990,179,84,254,1372,1307,166,201,1235,907,87,235,243
479,178,1512,952,1551,20,1296,921,31,1716,363,1405,900,510,296,1040
1094,1842,1685,1145,914,1780,254,568,1759,170,7,1374,1426,990,220,1300
1684,1237,84,1055,1353,823,312,233,1552,1299,246,1292,1741,1096,989,620
264,1419,1171,1305,75,845,1673,1298,382,104,219,1534,413,1250,1277,1035
179,1473,1535,1099,1295,24,606,163,645,1500,958,369,748,1274,426,1534
74,1199,1306,1301,1217,909,1294,1076,150,1694,1164,1491,1457,1087,1257,890
406,1679,100,881,1817,108,62,1524,491,1087,244,90,1068,1107,1804,1160
780,148,291,694,244,704,293,1242,1373,1353,1752,164,855,224,1356,1172
681,1018,124,1566,194,1817,1199,1783,23,1169,185,1245,1555,1182,168,1412
324,1490,1744,956,640,1096,747,951,1237,1804,1301,1415,20,573,548,478
119,1449,972,1282,990,1472,478,151,64,1566,1374,1555,122,1490,1303,1300
1280,1182,968,256,1714,1292,943,320,1627,778,1692,1226,1183,1305,278,643
272,641,1776,1216,777,1280,111,312,1302,44,140,1426,1564,306,1648,693
1284,740,795,1303,1029,866,129,23,930,20,256,1145,1182,281,1307,1811
1733,99,81,1564,1680,76,1849,878,280,1846,1305,574,1841,268,968,1521
563,18,475,767,694,337,713,596,907,885,1499,275,1595,648,1036,170
1648,436,1228,830,22,1346,12,165,574,1445,829,1191,797,322,1071,148
1018,918,845,1752,291,1305,890,1367,1619,598,939,112,1585,1076,176,1294
1806,921,46,1347,1303,1108,1332,111,807,275,553,395,1247,12,1305,487
1374,151,1453,848,20,1099,1143,1585,1804,200,1029,855,1732,1114,1778,990
688,124,1240,1256,114,1261,596,890,1046,912,563,273,1851,147,90,1752
51,619,879,1817,339,1035,1787,829,1298,1216,1712,1097,865,621,572,1561
166,640,969,1145,562,1195,1834,596,93,1302,1291,1685,1127,905,374,866
1566,918,12,1249,119,238,1276,1300,1465,1064,588,596,151,1198,240,994
1183,1684,1804,146,244,1565,1585,1490,256,203,24,269,534,893,1776,1842
596,69,257,1294,974,394,379,1223,312,1326,1297,922,1306,127,1732,484
91,1285,1564,129,1040,267,1294,1034,164,396,1374,519,77,858,121,1470
598,1280,1279,952,1585,286,1303,305,1326,323,645,1680,415,112,863,1710
817,1744,998,1566,1648,924,23,407,918,1244,148,1296,244,1807,603,1657
740,940,1209,845,984,255,1314,1721,295,799,232,489,126,1251,1763,1795
83,93,444,890,1300,971,548,102,135,1007,891,644,1780,957,103,1819
990,1674,288,997,967,113,1137,318,1266,586,294,1306,686,301,75,81
266,810,1130,504,1534,1192,1295,641,138,269,598,1648,1776,703,136,1112
1306,989,88,1183,293,1115,749,292,579,403,1566,63,65,70,1741,212
1445,1018,855,1198,1298,1294,1113,192,178,181,898,91,1304,1280,623,910
1839,1296,972,1772,27,1648,70,1032,523,99,1621,672,1844,132,1279,990
1353,489,1303,857,914,1294,1770,990,511,523,133,845,459,989,192,534
1188,144,1817,306,402,254,901,656,568,70,1839,1532,259,1488,274,596
1076,1029,1759,598,1268,906,993,893,1839,1842,1307,951,285,1342,1295,176
740,459,25,1759,890,946,1152,1374,1298,640,1280,244,862,646,287,1648
786,1148,1702,1415,277,25,1276,596,1434,1087,1547,411,235,1137,1659,1374
901,1285,1305,1306,62,1707,640,234,1811,302,1278,168,167,1242,1484,1038
1712,201,950,1064,1550,133,1676,823,1588,871,1425,995,1644,1305,990,1146
669,940,639,1007,1805,1290,863,670,289,640,1215,155,305,1288,976,1274
589,1426,193,353,1294,1852,1292,1252,1744,1192,113,1700,1289,956,1280,1305
942,274,112,1215,588,1566,1824,100,1648,568,12,1295,495,459,87,523
1536,1566,1799,1326,1410,268,1264,574,644,440,1778,1305,1388,722,1824,138
656,992,160,1005,1524,20,319,1268,1760,1851,821,59,1732,295,1761,1278
221,969,989,436,564,509,461,1802,601,268,1781,148,23,140,188,1778
1284,1174,956,27,1372,1222,259,402,1129,139,1776,1563,756,166,1280,1310
1307,1712,595,1284,990,1029,1230,879,859,884,1308,1182,1280,1564,121,1136
1220,1334,483,1674,935,857,1700,144,1007,112,1165,990,971,596,875,1199
87,177,1239,492,989,78,1489,296,70,466,1384,1752,1198,104,167,247
478,1172,216,545,1074,181,179,1721,1566,1027,424,1374,1250,277,1010,894
1472,262,1648,1294,1183,384,93,1071,1534,827,981,1683,1242,1671,519,83
1687,592,1374,1275,1774,146,1155,12,1618,713,1100,1305,26,561,1852,1188
1518,1030,56,572,1145,1016,199,71,1276,1839,1302,370,281,1334,1712,1014
220,561,1820,1732,1047,203,53,1303,1178,1841,1836,1811,642,1669,74,1585
856,151,1355,1741,1536,473,1279,1564,1840,898,1015,951,1284,972,288,883
249,1281,1778,623,259,24,290,95,87,1216,323,173,1293,220,1426,38
1819,304,1402,1832,278,648,277,656,1329,1555,1672,917,642,1457,322,1029
1491,392,669,1552,146,837,245,1352,1219,1240,1712,460,638,1215,656,478
204,1278,144,148,1566,826,1166,1242,1307,1780,829,233,124,438,1718,1291
1276,1154,285,25,1036,866,1306,764,1552,649,98,254,890,1304,645,872
1284,83,74,689,1744,478,1055,24,82,872,1087,1839,306,1534,695,591
754,1012,382,86,503,1152,823,132,1234,1113,290,1781,1859,319,669,1280
1300,903,731,1804,1655,864,1566,914,1277,1432,918,1250,1305,256,1780,170
112,1360,1564,1359,744,1057,1282,368,1839,806,220,1266,74,1778,594,767
1849,1306,1266,1335,1049,841,1289,598,1345,1191,89,1850,1277,1130,1752,374
1759,478,1276,1306,1123,1302,113,936,1675,1008,1289,233,407,511,642,304
562,577,369,1536,1145,1277,1210,219,1152,540,833,349,574,949,1741,1728
1076,1566,1297,1670,1005,1426,1299,1548,1303,1106,152,573,1279,1228,1111,1519
253,824,24,244,466,1129,302,75,344,984,1804,645,255,1597,914,1294
400,91,1417,949,1300,277,611,749,302,1555,254,1276,1778,1280,1585,1491
1528,1585,596,1293,550,997,1296,115,968,1648,1181,1013,1280,81,1804,100
590,1024,889,1163,94,116,1688,1295,1507,905,459,294,1677,219,727,845
1299,572,1106,1648,1183,1752,903,1347,202,1422,1479,1088,1279,505,1841,374
1675,772,1132,669,1804,1471,1009,1306,429,948,1302,1566,139,1278,1026,416
1555,1669,1395,127,151,244,1264,1181,370,470,1248,1306,1293,684,1307,1240
1776,309,1778,645,1177,1584,499,990,245,1191,1433,1017,1303,374,355,1304
725,689,740,1297,148,495,151,1305,180,1432,192,1284,308,10,27,87
1354,1839,907,1547,403,1082,491,1294,72,233,1432,1759,603,1728,912,1648
1238,264,911,672,669,1376,1682,383,596,890,694,859,1284,308,1281,1496
288,1276,891,1585,104,147,1021,1294,1712,1409,1267,1192,1302,235,1334,957
1011,190,1467,1245,561,136,1267,796,1289,280,1028,855,645,1012,1279,1811
835,27,768,1215,1863,1295,1564,1018,75,1664,1284,58,1385,185,190,1198
1123,640,298,412,189,158,1455,1861,862,21,1101,1536,325,1106,285,760
100,985,27,1838,155,872,17,589,957,1022,1138,103,484,151,1839,644
594,377,1068,572,1841,1432,1160,1300,1266,253,1648,317,1292,877,277,244
1228,23,1289,55,12,1403,279,240,712,1267,1404,285,141,246,133,177
1284,289,926,1426,958,980,1213,1691,1125,466,1307,478,1712,1640,70,610
108,1145,1572,637,357,1458,14,1498,1472,1694,1564,801,1294,183,1433,1699
1566,645,1470,163,1695,684,846,909,659,1354,487,954,382,36,818,1529
974,278,181,989,1187,134,142,1572,1149,118,1700,990,70,897,1178,245
179,812,1712,1503,1741,947,1536,1685,185,731,1467,1780,1013,1843,108,1292
1148,1276,1714,1010,760,1235,643,936,938,1752,361,356,185,304,1320,235
65,354,1374,993,108,1294,1164,1629,145,1804,968,219,1326,1819,915,290
186,1191,615,1247,848,284,148,579,310,312,1294,1059,450,1182,928,395
25,1319,1817,393,337,430,1148,1842,807,669,92,434,1267,371,260,642
138,909,1692,1300,832,82,362,1092,1141,720,123,23,992,1019,1123,1028
921,1701,152,185,1470,436,257,640,1263,993,1817,1157,1718,1780,1279,910
1073,623,1763,1221,90,1732,1741,1279,290,989,1266,1851,1804,1076,1096,1294
27,1718,1257,615,1021,1305,298,1707,739,640,1783,694,121,673,1780,1711
233,669,1284,134,855,1304,91,645,657,425,1740,1297,1366,302,1432,70
1712,1752,307,1513,1083,145,240,1434,1259,1225,490,1291,1247,658,990,821
1215,1217,1026,21,24,118,1686,1566,134,1804,27,180,1051,18,548,1851
27,1396,824,496,1441,200,641,1289,407,1732,806,92,220,519,1225,1008
1513,1842,1844,411,552,175,987,1595,990,640,185,295,104,1122,1017,1707
291,1062,499,621,204,290,1303,1650,925,1564,1826,1432,1215,810,1840,87
1207,890,1306,1727,267,254,246,694,961,702,1648,459,323,1774,1522,626
451,387,256,79,1584,1232,1205,1294,59,30,908,540,1291,225,745,279
223,354,1295,1470,136,479,857,1481,1585,1579,98,780,138,303,388,1160
1198,1084,1566,1276,204,167,268,1292,1301,243,308,1840,1296,1746,1555,1030
1284,1731,1415,74,237,1297,602,1409,1294,264,1344,153,1781,261,1307,1426
1707,925,1585,1327,1855,93,1329,439,88,1736,266,1175,939,752,1276,913
