1314,1278,257,1550,913,1543,135,156,700,233,383,890,1303,590,1016
1360,1266,723,296,1681,975,1278,1026,460,1783,51,1282,1228,1692,855
679,25,1303,1299,62,1409,24,1824,291,245,287,845,928,829,1374
949,503,105,1841,752,279,1741,492,694,1305,1804,1545,274,238,1680
533,1304,989,176,855,1780,460,954,872,1550,256,484,479,147,1701
1284,12,1191,1243,903,459,1302,1608,952,297,1467,1621,1253,1018,113
1016,589,1550,882,813,1364,1104,1453,1276,1256,1416,681,776,328,1499
1148,397,1257,295,288,1183,966,1163,186,75,756,1839,303,1173,1674
1278,1374,1853,1296,1547,1648,1285,921,811,570,977,207,1657,1841,123
1161,460,132,856,548,1314,1272,989,1301,139,1566,1225,978,1780,275
1741,1156,1280,1432,91,990,1371,1225,1540,983,989,573,1566,436,1829
1732,1669,223,22,1278,1521,1591,963,821,690,1284,588,1028,256,259
1783,1266,1115,856,1472,361,188,1191,1585,148,1289,1555,822,1453,576
1728,1778,151,1005,1145,298,356,1265,596,1362,573,213,271,1042,23
1349,1034,1830,855,176,920,1432,1374,280,1780,1856,1564,296,643,902
1250,363,285,1298,1595,151,539,1682,104,1312,267,411,373,507,645
990,1609,1744,1305,1804,627,983,1147,469,1787,298,173,1748,424,1529
1426,165,1224,1778,1809,308,1307,1269,69,1472,694,258,1174,609,596
590,1289,78,1817,1256,99,112,951,1147,206,1680,990,1013,1240,1747
303,459,1246,642,1540,1117,1274,269,294,1547,1764,212,1712,470,1281
912,1752,1374,636,1648,1294,990,1085,256,179,951,87,621,1208,1332
87,1029,176,1179,1182,189,586,268,820,1616,430,1781,285,23,1306
485,1062,1752,1760,186,1426,1032,1662,74,1555,1334,1580,459,1282,1291
1032,1321,527,640,608,1817,276,342,196,1303,1674,1028,1287,989,234
1770,866,1648,294,12,1263,80,917,292,1302,1097,1134,1443,1589,760
1230,1763,990,823,126,1277,289,1840,669,482,1566,1441,590,641,155
1585,1575,416,1304,1536,1696,1550,918,434,1296,1147,897,1240,1290,1215
1657,335,990,134,184,811,1839,1292,306,1853,1780,596,457,742,1298
219,1297,1291,425,23,564,267,84,1702,1836,1014,197,1585,1279,880
50,581,1839,1286,219,295,1652,197,1290,164,1280,148,193,588,932
232,934,1291,275,75,1741,1299,1158,685,598,642,321,1778,245,1036
129,1238,1081,1775,1700,1098,1798,171,64,236,687,989,548,1012,83
1029,685,220,1705,1075,1774,684,162,1305,1290,223,915,307,1121,1804
1250,1228,1313,1294,644,739,1710,94,1175,591,1072,828,509,1759,1284
572,1804,153,644,337,1277,119,1819,1842,1276,1679,875,65,1129,1301
126,70,120,548,245,779,623,357,853,740,138,909,641,825,905
1807,1290,642,445,1266,1276,1677,972,1306,540,859,649,1305,1125,512
1811,640,901,122,1284,1824,574,907,1354,103,730,113,1488,990,1549
1712,216,1300,1830,1566,1321,1778,1169,1752,1374,1245,1279,209,302,1472
1712,1276,1291,907,1223,1426,167,1741,1405,1173,1653,1284,855,74,1314
128,1088,1220,197,1278,84,1580,1164,1301,1816,1805,1292,1072,703,645
93,1839,1276,373,91,121,319,1717,1294,1654,1844,302,1067,1759,1301
493,568,246,1168,269,1839,325,978,1292,1230,972,1480,923,206,984
1232,1702,1692,1003,616,471,1752,595,1781,492,1648,855,534,1732,1145
1179,180,347,1669,296,377,890,990,983,873,1266,1292,598,1315,581
1279,1047,1648,1805,459,1285,1303,1296,761,1179,1163,722,1518,1278,1675
890,312,1304,8,19,1337,176,1830,1426,598,877,1195,1307,264,252
1312,1287,27,953,1426,1648,23,90,669,507,1094,274,1326,1024,1049
1839,636,1555,641,1397,1305,255,166,802,126,1374,1058,878,1853,478
80,1778,1708,640,175,1298,1293,1402,862,1294,23,382,1384,879,1415
279,193,661,1636,290,17,1657,185,847,827,1249,770,1276,913,1347
1547,1292,440,907,709,1026,1073,948,1303,1457,1401,1214,1297,1778,290
1242,478,1307,894,1286,1301,267,528,1245,490,1302,272,644,535,1447
789,374,1275,139,1539,1711,76,219,383,1084,913,1343,1248,911,193
146,1266,246,1099,121,1306,1564,838,763,1577,823,1191,1289,1472,778
1853,1290,1839,1104,294,1344,1286,1840,478,181,1585,185,909,749,715
1514,1295,25,76,187,1566,694,984,163,154,465,1242,1175,865,338
1613,1005,91,1799,1678,1746,855,890,773,589,192,503,193,1298,1851
1538,1811,605,12,1800,234,69,128,1432,1337,1426,308,96,1731,970
466,1422,1600,571,1844,1112,1189,94,1752,1090,1299,658,818,1279,623
1260,983,623,1147,27,1338,259,767,1115,139,1426,1748,273,1031,1545
676,1326,1819,133,220,1585,610,1811,1839,459,1276,642,1491,1290,1357
154,1282,152,1294,86,1432,1012,1702,908,264,287,456,1182,1832,705
1648,956,279,508,1306,1281,1282,1348,145,1832,857,845,1096,1780,1711
1714,1842,416,464,65,1841,640,1799,1622,509,1132,1289,1712,310,83
1632,745,1648,1795,1262,1604,1052,151,1353,282,1671,1116,1798,1279,244
1491,1314,439,1432,1135,703,507,645,1434,515,1340,989,376,1777,914
1776,1432,39,193,274,1840,121,493,1295,1027,960,1741,1297,1289,459
232,1235,1081,1778,1291,1569,1581,296,1344,27,588,1165,459,989,132
1147,1010,1347,1281,1034,275,1830,1019,200,335,1374,1804,1225,1076,634
876,16,1780,1112,859,45,647,1449,1374,18,1162,1208,1610,1108,433
74,1443,454,286,1844,253,530,1297,23,357,1112,1237,1034,1646,1749
624,380,1294,745,257,1266,1269,621,1304,1292,23,958,1145,1374,1839
641,1280,1295,130,955,192,219,545,1239,452,126,272,1804,292,24
392,119,99,1284,776,1276,1565,1839,683,1277,588,1712,1752,756,1296
375,1278,1117,202,1294,1232,1648,645,1702,246,669,104,519,640,596
574,303,1306,99,1292,258,197,60,1811,1106,1566,1585,164,1189,1304
1279,1836,1787,1290,1811,1101,1056,1251,1551,343,1566,286,1294,221,1648
645,1566,1700,186,1064,1245,1839,105,291,1036,1276,23,1303,1497,1205
990,792,890,1837,1374,1844,213,1680,68,1301,360,454,325,373,1302
307,1279,1780,56,641,1741,1307,169,1110,1472,1712,1276,1285,495,790
1555,93,990,1302,37,1498,1109,1277,1092,129,1339,1291,1265,1199,1840
669,855,148,68,91,77,1373,25,956,1290,1289,75,1294,262,199
953,1275,1712,1360,136,1028,1676,1611,1707,1296,1555,1770,270,1097,26
693,246,1235,309,1783,1288,1294,93,549,459,37,722,713,1280,128
1648,1091,1351,1321,990,490,1804,895,1291,1314,1280,176,691,669,265
1145,137,1727,925,1049,1592,1661,1702,114,1294,1490,990,384,1552,1024
1344,1040,381,6,1007,1290,1534,220,12,70,640,990,1128,1842,589
1804,779,1694,1432,1182,399,934,984,1150,979,1279,1585,1840,1307,1491
1533,285,1177,916,1696,27,357,1658,1284,1819,1294,1741,1756,1748,64
1752,1256,166,1296,1301,1546,1,1289,151,312,716,484,645,1660,653
1850,1844,1169,834,954,811,157,1278,1036,64,895,999,928,911,1566
1490,296,134,579,1304,1834,823,150,1298,1613,454,1830,763,79,1694
1195,556,1566,1482,553,642,1752,862,133,1280,1284,1128,1741,1471,128
270,1531,298,1784,527,88,967,1675,253,1069,102,358,1183,90,70
1585,1294,1028,1041,70,1305,223,487,1290,61,1277,89,1657,23,1374
264,1294,160,103,532,857,1585,1286,1694,741,541,902,1038,454,645
6,1520,23,645,1188,74,846,1279,175,1295,918,596,1599,465,562
430,691,264,1752,1279,291,1566,983,1704,1802,1767,569,308,1604,284
75,1647,990,1529,1722,1726,1297,921,1838,1250,645,1274,69,221,543
855,1401,1403,1021,192,199,147,267,1426,157,1291,583,991,1564,561
1722,1566,259,1076,183,71,308,1041,901,1222,1059,1513,1528,733,112
989,193,1289,1292,102,74,25,1294,1199,1616,1282,1019,116,202,471
1712,520,1730,136,990,1545,771,1788,1284,102,1051,1741,1302,1679,8
1712,1293,1279,1182,1305,146,926,1584,573,1107,1564,698,27,955,596
1289,1269,1007,560,1301,1780,1303,929,1566,246,1294,903,175,1307,1267
1206,1137,1547,1776,597,1648,190,1839,1177,1340,254,245,27,162,132
1555,1000,70,220,697,470,1154,1294,90,1307,1248,429,1183,478,285
152,243,348,1555,891,1490,1382,277,1839,1464,486,656,1822,1304,1280
1304,1083,1296,1340,845,1068,1373,1815,1018,279,1672,656,714,1780,949
1199,641,309,1727,748,1263,79,1851,1415,1289,1343,658,865,183,1303
1804,1714,1839,615,736,1150,768,1819,955,1311,1589,1292,1051,1817,645
129,1295,953,1547,213,1384,1305,269,656,618,1282,1294,1489,1169,1813
1285,1566,1752,1680,610,646,1296,188,1257,92,1778,1844,1769,1470,94
289,76,1333,990,1276,1292,1294,749,1300,1320,277,1284,1842,1260,93
1595,990,748,25,986,1222,973,1158,1659,855,197,1084,1843,952,1566
1787,801,1660,1260,254,979,374,547,200,88,966,890,265,1076,1093
1303,1291,908,406,123,50,290,1537,913,1641,890,3,1294,1084,1276
1648,1687,1125,1295,68,478,834,988,935,1463,1246,382,1040,178,1032
821,152,1275,681,1732,1285,462,1472,990,1332,147,92,857,1243,1284
14,450,531,1830,743,1435,1669,1714,147,560,907,234,931,1842,70
1291,855,381,1717,1290,1564,1432,1498,1442,1267,21,1289,570,1279,194
586,221,1426,1112,1323,1276,914,646,25,1610,916,1670,889,1278,1787
695,1011,1536,1811,303,1172,108,177,1300,880,26,984,1226,21,1432
1297,108,1266,1819,279,1685,1648,1321,1146,1711,579,1278,286,1778,1603
155,1081,990,1108,640,95,1223,142,157,239,1824,459,1145,101,1303
493,1183,1095,78,1585,1844,165,354,979,624,272,1064,1036,1804,1088
529,1227,598,927,1099,1064,1396,1711,851,165,1086,35,1076,1741,1648
1687,537,478,118,898,203,1032,1294,1374,308,1648,1043,645,100,845
88,596,192,621,1059,62,152,1689,1144,686,907,1354,1076,1621,1830
1060,925,1179,1297,1678,1187,456,268,1279,1718,1116,1683,569,117,175
1220,602,175,235,198,999,1276,1648,1658,1735,1839,99,1426,242,1038
88,651,953,128,587,72,532,1354,890,1561,1819,1339,1555,669,749
1284,1491,929,1224,1302,466,1266,857,909,749,1295,244,1021,1490,1091
835,382,1778,1076,1105,76,430,112,973,377,46,791,1741,521,663
170,1564,1470,181,1741,1774,1655,294,1294,990,912,641,145,1566,1387
1780,1217,272,1406,141,112,246,1285,292,1288,1741,1752,23,1692,1585
1714,1303,294,233,23,850,277,1566,66,120,1822,173,74,1294,157
378,1282,1130,181,95,907,18,608,1277,941,972,1286,60,525,1778
1339,1289,596,26,914,918,1811,656,279,1470,1313,950,1432,1268,507
1285,1776,1058,640,1242,1290,1089,1306,1056,1566,1076,907,1782,286,1249
1230,21,812,1307,51,1183,1242,45,1198,1254,228,1245,1522,1776,65
354,1778,1553,957,1741,1648,695,1064,909,1585,1575,955,1432,358,911
1780,568,88,1294,1840,160,77,1717,255,1167,345,167,823,984,363
414,863,1729,1410,177,588,596,1720,847,1026,1022,1252,781,1306,621
1248,1073,1840,1566,736,25,805,135,1808,809,1558,86,990,982,193
370,234,1034,1804,201,179,256,71,1534,1678,25,135,1306,1305,1839
1086,990,165,1470,303,265,641,1163,25,1216,1145,219,1249,1109,1276
1052,567,641,1372,1741,984,1617,1321,556,1183,1263,1161,1216,1242,826
1805,1540,173,116,693,117,926,1783,1564,1156,966,958,459,245,503
1084,1741,72,88,1305,804,998,695,1374,1777,1712,1263,754,621,220
1781,1756,233,293,1016,101,1821,309,496,1014,1145,294,194,265,574
855,1247,1242,262,77,264,1583,1298,1678,515,1266,1188,1787,144,1296
913,74,1183,976,1358,1305,1839,304,1820,219,302,1811,1810,1199,204
1294,80,1343,1291,993,1297,1306,1076,12,1804,1566,1208,1374,255,137
1307,1564,165,1258,1741,282,990,1804,1752,793,292,302,1566,1292,954
270,1294,1343,1313,990,374,251,727,1070,1544,1182,1291,94,983,21
1778,568,428,1192,1297,635,279,1472,1741,1840,1498,1302,984,288,459
513,1671,1183,1648,1277,925,1198,25,1273,1041,641,1798,1336,27,1841
695,290,645,136,1106,1584,1125,1281,1223,939,1701,911,621,1851,1188
491,1674,25,1686,1328,1432,1307,245,1303,136,1126,275,855,1279,1807
1566,1711,1168,568,1148,867,1284,729,1740,459,134,1330,641,712,644
984,254,1102,1470,1356,1099,137,993,1550,1281,219,474,138,177,1804
133,647,621,1029,193,1086,1669,915,128,74,808,1782,1674,1741,640
377,1844,1280,1374,309,220,135,496,193,1648,519,640,1854,285,1714
1538,274,105,1063,839,1574,1040,38,1804,928,308,190,74,1401,1302
1281,645,1741,265,1285,705,443,1297,1336,504,1830,1815,417,1276,586
309,27,260,689,1306,1046,1057,151,990,459,890,911,1804,253,133
686,291,1472,142,1147,978,1352,1780,917,478,990,1769,244,1842,814
8,152,1485,78,295,98,1648,129,875,1415,830,1275,280,1051,641
269,137,145,1263,640,1018,1757,1778,187,1292,290,1076,29,1547,1490
962,321,125,94,1230,880,1426,1076,26,1564,98,287,185,331,598
51,100,77,1215,1564,254,1856,1191,1024,1048,499,1740,286,1776,1804
930,1843,1837,1176,876,1278,395,1486,223,1247,540,832,1507,972,1165
1034,621,157,325,1853,147,1538,1288,287,1842,1291,1510,1708,1303,266
1291,100,118,1389,921,1290,244,574,1328,1426,1500,1157,942,1778,1621
591,914,54,644,934,770,148,337,1026,1207,1374,807,114,955,773
75,989,1432,1174,101,494,1307,1284,128,1777,1430,1266,1815,1318,1028
418,175,1558,1153,166,1323,1086,1374,514,611,714,713,1819,1741,1815
199,969,764,1016,1182,136,756,1291,1146,56,193,1025,813,279,1307
108,574,914,572,335,1291,1804,511,1076,1585,656,1290,1404,1098,1640
1292,1183,997,1161,1486,1289,1182,139,1781,1281,1817,152,645,286,108
642,1594,290,157,1711,690,1546,71,902,1714,84,919,53,1306,903
95,166,554,725,1017,1344,285,1065,1115,142,1676,108,602,1280,915
1297,1844,1467,656,1694,222,1711,1289,156,1309,95,1550,919,1292,915
688,1807,693,1306,679,1192,1307,512,1235,956,1305,1029,193,335,1093
1727,1068,374,1264,1296,1101,883,911,1679,1627,1276,1426,1091,1215,70
1226,857,1585,1051,920,1262,926,123,1208,759,1123,752,1711,1374,206
955,1669,925,941,1846,1202,3,252,1162,877,137,458,508,645,147
219,1564,656,723,1804,106,1306,1270,1777,1613,1817,1009,828,530,310
1303,1824,1263,478,1305,26,786,1783,1290,1114,1183,267,81,1837,740
1230,647,1305,1804,1421,1593,141,260,80,1301,137,90,1837,892,268
1819,12,1261,1566,970,1277,645,1583,243,1781,641,1432,1703,1278,430
57,644,909,1016,1741,1291,1150,817,489,369,1655,954,1817,1763,1276
645,103,651,571,990,642,1285,1230,1544,1300,1001,105,182,1289,286
743,664,165,1564,1266,18,104,77,939,1303,1752,1291,478,864,1188
273,1585,1306,1851,785,915,1528,64,1293,1284,190,1804,404,1780,27
1426,484,126,192,1236,497,170,1415,1405,873,1787,194,1251,165,178
1123,1819,223,1321,312,1271,1025,989,1673,1778,1291,1165,114,192,1851
1854,12,1819,1216,1648,25,1294,1125,1830,678,965,1136,1235,1300,1164
274,243,220,142,1426,1217,382,24,1721,1294,190,223,929,30,1123
1307,74,1133,308,1076,134,911,1284,1663,989,270,1574,166,1295,950
1288,1028,243,429,621,1274,1294,1565,1353,1221,1811,779,1755,990,1463
374,244,919,998,88,108,562,1775,287,478,377,25,354,832,271
247,1843,1752,16,105,1821,1803,275,1145,1302,114,1191,1502,742,1407
254,1278,993,274,1215,921,995,1314,112,760,1159,349,1021,1437,1741
760,1555,51,1648,111,59,1290,1145,1278,1817,484,1440,1215,1132,1426
760,1564,1280,1279,1305,621,1845,903,1260,503,1518,772,1266,552,559
55,570,1780,1018,392,102,1289,385,403,1298,1312,642,17,163,1426
1076,63,920,628,249,1294,1276,1648,1302,645,243,1752,1837,1277,990
1051,255,278,1555,1360,1292,121,433,23,1780,219,137,317,845,1021
1276,1076,943,286,621,1116,1648,913,1355,1789,1432,907,865,65,289
915,945,946,1497,1780,669,121,1234,1374,368,632,640,1278,188,954
855,633,1304,1145,1829,178,253,1074,1426,256,1156,1783,1276,897,1017
1778,1455,74,1284,1432,943,68,1643,244,571,1265,1819,688,540,944
249,180,859,220,1242,989,71,1409,152,581,1782,140,999,504,752
70,1250,1291,784,126,937,855,132,1840,1298,112,1295,596,170,1149
1426,417,295,1187,1202,728,296,1238,163,1321,1128,1109,37,127,104
645,612,1108,261,133,633,1829,257,1278,484,406,596,1564,1780,1024
1551,137,1593,1770,954,53,609,1497,1819,91,588,778,649,263,653
1145,1353,295,918,438,1763,1434,1280,1099,61,1444,1202,651,24,149
1524,1307,519,919,728,743,990,1776,656,279,506,1648,1214,1741,176
96,1551,861,1207,29,1017,1352,1844,1462,1263,1175,1285,752,1041,1486
583,27,1306,1230,349,1547,498,51,1307,1707,462,1374,1490,1780,623
1536,29,106,1659,1432,148,1427,1837,1266,1026,289,1277,1168,601,990
1830,923,1752,1780,1068,1235,1060,1714,39,202,1696,891,104,1232,241
136,1036,1505,56,1415,1426,1184,541,71,60,193,308,857,1280,23
433,1321,1834,1305,994,640,1303,919,53,1234,1049,1769,1188,1149,93
267,1266,1648,694,1292,411,1279,306,939,1511,519,1366,277,51,189
571,811,1175,179,1259,246,1205,370,1554,717,306,767,405,857,1288
133,1341,254,748,1307,1019,337,1711,196,1034,195,30,289,374,1841
253,1183,713,1421,119,806,1840,1224,855,553,450,1691,126,114,1147
1671,26,863,1280,430,908,1300,1452,568,1298,890,811,1306,753,648
1374,1710,694,83,166,1732,1694,489,357,928,12,1768,1578,915,234
799,822,990,1018,296,1040,1156,254,1752,89,1205,906,1294,1094,1648
1693,1084,1551,1566,1167,203,98,764,169,940,759,680,1851,294,651
962,1242,811,522,1191,621,958,577,1303,641,700,146,591,596,93
1289,494,1425,857,1741,116,984,605,969,914,920,330,864,252,1700
116,306,1778,1492,875,727,1278,1732,43,24,934,193,1490,1024,1704
83,1409,1817,1290,1187,270,1357,1289,911,1276,1294,642,141,1780,1125
1291,1529,194,1277,1292,70,94,1083,491,220,259,65,1624,1298,1130
25,1182,1224,1303,1195,990,617,1137,596,806,923,574,1778,717,1306
484,807,887,878,99,1279,1432,204,492,466,1250,286,490,126,548
913,814,1191,1824,1136,530,1648,123,223,1294,700,811,79,855,1012
1469,1840,284,917,1052,234,1534,568,628,585,1783,1295,1279,1294,1285
1038,1602,1648,1778,75,989,1787,167,1686,730,27,532,1279,185,1783
143,1300,307,615,24,1653,720,1095,636,1741,871,1152,285,1415,1534
1294,1731,1304,478,1302,336,1056,306,104,785,1797,1555,1741,596,503
909,1049,1068,1314,1780,937,1259,1839,922,1297,1284,943,322,1722,64
279,752,1778,83,629,1564,903,1217,1819,859,1677,917,203,1426,1062
1068,1851,128,220,1834,1616,299,522,749,129,167,507,908,1375,1289
93,1305,1638,549,83,1712,253,1068,1289,272,167,26,1441,152,824
1071,990,644,1470,1024,1163,583,943,103,1383,540,201,687,1037,72
1294,1078,23,1752,113,1640,1831,89,1804,1543,1034,175,1351,990,1299
219,714,200,1276,1344,1256,1528,459,1843,1219,1780,121,295,919,1136
1278,1282,1129,1298,278,1704,890,1011,83,47,1277,242,1105,1104,855
1627,193,1293,912,1279,1158,1242,1307,1804,253,960,1846,1682,279,1426
700,1012,617,862,1466,760,193,1303,312,1276,1284,1374,90,285,669
28,138,1787,1280,989,1540,1184,98,148,1204,1805,856,1802,1121,1535
481,985,1281,1840,415,1071,990,1011,1552,279,312,1585,1033,1297,878
1120,1217,243,18,978,41,990,910,171,942,1126,701,1290,691,1277
636,1863,1292,885,1811,917,1307,190,43,1682,1830,324,1648,1597,934
173,1228,192,143,937,23,1817,640,1808,1076,1130,1550,1280,1199,560
1289,193,135,147,1564,640,459,574,596,284,890,321,298,903,1621
866,855,1034,1090,909,1026,1284,88,1125,1276,1648,58,1752,1817,1304
222,1290,62,1299,185,1296,308,917,243,1555,1292,1488,912,23,1092
1300,278,1839,101,298,1090,1277,1235,1076,1099,1224,1266,1191,27,131
548,1716,782,100,355,975,1147,1074,239,1284,990,1490,1183,74,533
1842,1503,1125,22,669,891,1158,383,1537,1566,1749,1545,1088,690,70
1787,1304,1234,776,1168,916,644,1276,1294,1305,1498,504,1297,269,29
1129,1292,78,1733,1610,1830,914,203,59,1024,74,1432,1851,603,122
1298,574,150,686,724,1415,1125,1147,1242,1199,1291,316,71,1685,1290
1274,1040,1161,925,144,185,811,545,574,303,233,1160,1183,907,1807
568,789,1783,1599,669,1804,1125,16,197,1335,1299,641,181,1470,855
989,74,780,1417,656,1328,337,1489,1585,148,1183,23,942,245,193
252,1113,1278,861,1387,201,989,244,1145,1752,909,61,1158,479,1165
1757,140,1019,945,695,1817,178,903,481,990,369,1340,732,652,266
918,1297,1299,1292,1819,1374,139,307,171,700,70,1486,459,992,567
1305,1432,394,1086,201,70,289,771,1334,845,601,1455,12,92,1441
754,1242,1776,1302,1839,134,713,807,1129,1820,23,155,1799,1294,275
890,452,1496,1551,425,89,1253,1095,126,1841,478,32,989,1374,78
123,1246,1306,138,1284,1372,1190,811,1292,1307,1585,890,1566,1004,1294
243,302,474,228,1182,253,1555,237,305,1284,1815,374,1141,1620,184
166,335,756,872,925,340,24,1087,1290,1301,1084,278,1306,268,123
1440,451,201,1712,87,1648,256,190,1296,24,93,658,1817,1547,94
1276,264,1262,281,49,1216,301,1604,911,669,278,12,1707,213,1764
603,913,645,889,440,259,123,1286,1233,1112,642,374,95,256,1296
1299,488,1312,1059,1303,1051,1741,4,1417,1161,624,99,252,1286,1526
253,1389,1798,1028,1549,1289,233,303,912,903,1267,1248,1503,1299,1240
1126,1301,286,1242,68,389,1204,1116,1217,1314,715,906,383,220,598
1804,1741,1748,75,1152,1306,1585,1417,1680,387,70,1367,128,1697,734
90,1828,1362,320,1798,1087,857,1272,633,179,330,1294,1163,331,792
177,1292,119,1679,122,1017,908,1432,1648,137,1132,1007,1711,1300,1374
255,203,305,902,112,779,1804,826,268,1417,1182,1374,1195,1672,1290
1421,990,890,37,121,1293,1016,1306,133,1280,1780,1275,72,1511,1089
1295,1302,1049,1298,1126,1305,485,1272,913,1119,1732,623,1783,894,1763
95,509,1426,890,1282,307,1566,1500,1281,1811,1284,100,235,1687,240
1617,1804,243,25,645,985,624,1638,1305,1776,990,554,117,152,280
1305,290,1781,1804,1162,1740,768,1013,642,272,91,228,1243,937,132
1294,1293,445,1426,137,1842,1829,1306,1090,1277,1299,1303,280,1298,1289
640,1843,1032,1279,952,1269,245,635,1778,142,920,990,119,855,664
195,627,833,478,23,185,1603,70,1677,1303,1617,206,1584,137,544
1655,1368,856,1189,296,104,418,1224,908,312,188,1302,128,990,1294
74,220,1426,934,292,1178,1604,1071,1852,1280,201,819,908,154,458
1676,1840,1202,1183,1289,1029,283,50,1776,294,1591,1756,1585,920,1017
984,622,1278,898,645,147,186,96,1426,568,319,248,1149,63,166
1535,222,414,1305,1125,145,265,253,165,724,1518,88,1005,990,1295
1284,14,1741,1677,1294,289,596,1585,1625,188,479,1164,284,1229,158
268,1091,913,1132,536,669,1545,1307,603,1385,1780,1298,1075,147,1770
1295,1066,1294,1368,1306,176,1279,811,909,1804,1340,1348,1188,1087,509
271,920,1761,243,1281,164,1292,1320,185,1327,747,29,208,1052,1201
785,1223,1174,816,1148,1001,1418,335,1397,1490,1804,194,1037,1695,939
725,1013,429,75,644,74,126,466,1573,122,146,855,1849,1583,929
950,740,219,722,1294,23,78,285,1297,1691,585,160,1804,1776,1533
70,545,1233,1440,1303,984,399,220,1585,584,1829,942,669,1132,253
1804,265,23,596,391,1034,1068,270,1286,100,215,1362,1289,1298,1690
1348,1045,255,618,273,133,1198,1564,1090,134,279,967,1547,1366,1052
1188,813,1222,726,713,1685,333,1669,806,243,189,1305,54,1160,1741
1182,1293,175,1374,279,1276,1720,1299,894,1566,1071,1470,956,1648,1741
699,574,694,253,1712,1239,656,1263,296,1709,727,133,1289,1804,644
915,144,931,1289,1844,1741,258,984,479,651,278,1307,1296,70,134
170,294,1145,193,588,90,235,429,1851,242,222,970,1266,95,1689
1304,417,640,701,1663,930,728,28,1730,1775,1566,727,269,1264,201
876,1314,58,569,220,1299,689,1292,1264,70,99,1276,1090,296,1777
1659,1648,267,1276,1305,1741,27,934,1778,244,70,1640,264,63,145
1580,990,1301,219,1780,641,777,185,103,1470,91,1703,1164,128,1497
1817,710,785,142,606,855,1550,292,1305,1076,235,1058,88,1105,658
203,1125,335,341,1164,1842,920,111,148,1584,278,324,292,70,683
197,640,641,1219,1809,308,1051,181,1284,147,74,1255,1800,1177,82
642,1675,919,14,385,1420,1669,381,450,830,126,686,1564,112,974
1290,1238,92,710,54,864,123,1804,1857,1620,25,181,785,766,1279
1653,27,294,540,1303,1277,244,1280,993,1245,1034,83,990,143,273
1761,310,1013,1058,842,1306,1558,1296,1546,1585,1291,1742,958,716,1548
1294,1276,25,811,596,1122,890,1704,287,200,1256,318,895,1449,712
1426,1305,80,69,255,253,1019,1812,1300,1285,685,228,1303,1307,173
197,135,238,847,697,76,890,265,1307,350,935,1301,1780,1056,1281
1184,1268,1290,55,1154,118,793,1804,1030,920,1093,349,1819,1372,990
23,74,113,1284,215,1092,1087,287,1839,1787,1294,312,453,266,1682
12,829,1804,1280,901,1305,913,1816,1076,1417,363,1301,1851,1276,1426
1134,612,294,1251,412,990,725,953,590,263,1260,254,150,711,1294
271,1711,452,79,1085,1668,596,1289,251,1781,114,949,624,846,721
1821,377,1182,267,990,44,88,297,596,1007,1622,535,63,1372,1282
20,201,278,1847,58,1603,92,1648,138,245,1147,1291,1295,1584,1409
781,927,1115,596,990,1849,380,1781,1838,1300,735,62,104,1585,365
1303,1693,74,1294,1648,610,1282,1093,1467,684,1836,1314,233,1284,476
1776,1294,175,1648,141,1290,1074,265,1167,136,185,540,508,493,71
1842,1566,162,1306,748,136,864,118,178,1817,1276,1558,1648,499,1103
157,180,293,23,1284,263,1289,1276,1599,98,259,1298,254,1547,1534
512,1836,105,274,101,1468,1245,1584,77,374,255,890,461,735,1134
1076,810,1228,151,1284,989,758,912,823,268,1823,1819,1263,1552,1293
914,1369,912,1776,1080,1288,1243,1584,950,117,1648,133,642,1276,1005
766,934,1550,727,1780,392,1278,1295,194,893,24,1307,258,140,1175
390,87,855,1681,1778,121,59,1305,1768,596,857,290,640,1307,669
392,25,1224,1227,919,269,292,1538,129,855,1307,522,306,1281,253
1712,503,1780,613,120,1702,90,1741,669,1426,1051,1151,1103,1294,1242
1566,990,75,151,571,806,1289,1265,1812,1282,1277,1234,185,1284,574
75,283,1741,845,603,1294,934,1694,1157,1113,1352,459,177,139,937
1040,516,1306,1284,1761,1828,853,319,254,1697,506,942,77,1294,27
1778,687,1306,445,1264,309,907,920,1014,1026,1811,1823,274,1303,669
1705,596,1243,176,143,1861,641,1584,1566,1497,1034,1851,253,265,1128
1326,70,1056,93,285,1277,1294,178,1478,942,460,197,1676,1244,190
772,598,166,1733,478,193,56,291,617,1044,1585,64,1781,1049,853
430,1305,893,1277,1781,1106,945,1205,27,176,1374,1041,1231,542,641
945,835,86,127,1067,1271,554,1295,1544,170,460,160,1727,1302,855
974,76,271,1432,176,88,159,1798,907,160,1235,1819,1781,1851,1300
540,954,1824,129,501,132,1282,641,893,178,1492,1585,878,549,1306
436,309,1426,219,877,855,1368,16,27,245,367,548,1071,1026,875
1307,1564,1374,297,1506,888,74,356,581,1105,105,27,1348,1817,93
1067,91,656,1298,1778,264,256,958,1303,494,1277,146,1138,1811,1828
1459,1160,253,1292,633,1347,4,853,1836,546,907,1280,1817,583,484
167,1781,605,592,63,128,262,628,1668,1223,245,598,490,1533,190
1722,175,349,1052,1687,1306,1778,890,1116,908,1229,343,1737,1294,655
24,140,913,260,319,1564,1817,306,1790,1287,371,63,1727,1115,1306
1810,196,1836,999,1125,1422,356,952,1280,312,933,1702,268,1585,1254
1279,1752,1105,1804,1285,253,88,813,1307,1490,588,1019,1172,700,1302
645,1309,139,478,1844,1389,1282,194,1482,279,701,775,855,43,98
253,1277,902,1045,1230,282,1160,1584,1383,484,918,255,1297,1732,596
263,1223,649,1819,1291,1539,27,610,990,1585,627,1564,1320,79,645
1731,998,913,318,1798,768,105,1285,522,900,1804,1145,811,70,1305
921,890,917,648,829,80,88,1781,692,1214,1780,19,547,697,684
1160,123,1751,1294,180,877,1374,1017,1585,1397,512,1662,717,1741,1811
1585,1536,45,466,1354,1307,1182,1757,1296,302,267,665,1294,341,833
640,288,990,36,1819,1069,1682,111,137,1507,180,920,150,707,449
1289,1314,1269,694,557,998,88,1306,1026,1498,1263,1205,347,1809,57
675,855,648,279,274,1752,492,893,630,1648,909,475,242,170,1279
847,194,79,1830,1783,1297,423,1302,1303,1852,221,1374,1780,1294,656
1691,745,12,70,1780,1132,1706,204,546,1073,1741,525,993,1279,1393
52,245,663,268,656,921,956,1360,1234,971,222,1243,61,136,1303
700,1355,1188,746,1166,1752,1168,640,917,1574,245,368,1076,1020,1302
1334,644,1732,119,1288,1183,1648,533,70,880,1303,78,1817,1301,1188
974,1778,1611,1566,1585,990,1303,1245,613,198,1836,292,1752,1784,898
1846,121,1182,139,443,120,1248,1347,1183,676,1415,141,1752,293,1203
656,295,76,1067,1305,78,1566,1812,1518,935,763,1525,1141,1360,1302
1013,894,811,187,12,1712,1648,1816,740,1843,635,568,1302,1711,1608
176,1408,1303,103,1781,1221,1112,919,917,568,294,585,696,943,1778
1192,70,626,112,1804,990,552,1294,1566,1031,1290,1330,1299,1092,1610
281,1160,1694,12,1711,1289,1294,488,662,202,74,80,944,94,134
1279,925,656,890,989,223,1137,1295,1648,181,1290,935,1534,1783,1440
192,908,201,1288,20,1265,1279,1157,1679,768,134,74,139,1088,1289
642,722,1093,1216,887,1564,270,1659,1009,321,1165,444,1284,1098,1243
1289,1198,698,108,1649,85,790,1801,430,1741,690,377,990,370,155
1123,1651,302,844,1702,1748,939,1284,1190,712,924,1289,266,93,1145
1228,1161,498,203,647,632,1307,1267,1068,1295,530,1844,188,1847,304
288,1260,635,478,64,1306,959,62,245,1839,1648,1246,1276,1028,155
596,1812,306,82,193,1305,1098,101,1278,253,453,716,126,1323,1290
1223,808,366,780,1300,1563,121,1619,581,1295,656,1374,1811,1302,1069
748,669,570,88,596,1175,1355,103,640,1432,1778,1074,92,1741,186
1279,152,1817,299,478,1564,43,1292,1295,1566,275,1804,754,321,1164
255,821,1084,108,1257,24,254,152,1303,450,74,1022,1648,1281,279
1372,284,51,990,1714,1296,1280,278,1014,1033,1359,274,293,644,316
890,1058,506,894,503,1752,74,641,75,1070,350,262,196,1145,1307
1719,348,901,1086,548,1555,23,1296,847,170,590,1144,1744,684,275
1256,215,691,110,949,1472,243,890,418,275,1006,723,369,478,151
287,579,103,479,294,1566,914,956,1276,74,656,1307,1850,1745,283
885,294,1162,88,37,790,1307,28,1780,1804,718,259,1839,1795,1145
1741,127,1372,138,1842,65,1347,1847,1293,244,37,907,1555,459,1295
1564,1798,1727,1026,132,23,1242,1272,669,147,1846,803,573,116,1775
1546,1246,402,1294,589,1174,1360,912,233,1062,1303,70,1103,1306,1585
1228,459,938,279,1278,1847,189,1711,919,1566,1166,302,167,1387,1778
1296,1076,438,1688,16,677,935,1811,207,1648,903,1303,1173,612,1297
51,1804,917,366,195,1,1019,1242,1216,1490,1744,930,80,1173,71
79,509,196,1224,469,980,9,1514,1812,1805,1341,1223,1051,263,201
1690,1780,1307,1056,1034,188,1352,1366,1216,915,1127,831,1260,1741,70
1276,1846,1137,1836,915,1334,1544,1433,829,900,1605,1229,201,1032,128
1542,1711,193,953,1564,572,302,166,1276,1479,1477,296,1448,807,848
495,596,1297,1292,100,671,1799,1536,25,1600,1158,1538,1087,256,1287
113,587,645,116,733,244,1346,1006,74,1470,1073,1306,780,1183,995
1287,1277,643,297,573,1064,1098,1303,197,1307,907,869,1188,1240,1704
1783,1386,1566,1298,181,1199,1306,1692,1190,987,1294,1134,1425,656,219
1801,1303,644,1158,1574,1415,1811,1123,1305,201,908,545,1824,279,478
1105,152,1776,1469,1307,1247,1294,1770,1271,1721,172,961,268,1851,1786
508,1578,1130,1776,132,1734,961,273,128,676,749,1293,277,170,69
1564,1302,121,330,136,39,133,288,695,1688,233,1684,778,1778,1491
183,1102,1263,1255,1547,184,610,197,1300,1472,102,844,1799,1199,1138
1712,495,1021,439,714,1292,1285,785,201,305,1648,1266,905,890,479
1839,1625,1288,1282,990,106,1349,383,1648,1752,150,366,147,1305,1106
396,69,1306,588,1549,1086,586,1851,579,641,877,59,1173,1267,596
1839,132,87,694,296,1172,1558,1778,642,430,1304,811,1064,833,1409
640,981,677,635,1741,1016,570,575,27,1278,1843,1692,12,1426,290
113,1811,856,1558,1415,1807,1306,185,1029,1806,509,692,760,156,1243
596,1404,1299,893,857,889,1104,1267,624,880,931,205,278,261,174
370,459,62,1615,1533,23,855,1539,258,267,283,1305,138,622,1276
1298,290,804,1039,1297,1689,1741,1250,65,1289,126,1294,141,1810,548
1550,1312,1051,990,645,640,1683,184,137,1585,796,1298,1783,909,861
748,75,1470,958,1296,879,27,415,1566,1780,966,270,1249,959,1196
1028,1220,1839,1712,94,1648,135,1617,1076,1781,1378,137,1547,1036,273
622,845,1136,958,890,1374,1533,1808,1055,317,202,1097,1282,253,1691
614,445,1374,1279,140,1060,824,1282,1162,284,679,1778,1566,1491,669
754,1182,1294,430,715,1648,736,424,55,1780,1422,484,1280,233,1670
353,1426,1776,1296,1279,1125,1648,895,1764,1114,1599,1840,1695,1183,1404
1169,1277,1248,1585,1165,1679,1100,929,918,80,1492,1547,152,194,198
1187,1284,264,256,1114,1648,568,325,93,1279,596,1155,1426,875,1783
436,1853,1061,136,628,994,989,1693,1253,1276,1398,1809,35,1374,325
1712,1780,1565,485,913,186,275,1217,873,952,1819,1702,1732,65,632
1156,1734,1511,1811,320,1804,1028,1680,93,589,987,1544,83,75,1830
1534,1699,1394,287,1804,520,1282,1306,244,1284,753,1234,1294,308,1305
140,631,1093,366,478,857,59,618,138,182,133,253,1301,1182,653
70,548,246,1183,1279,697,1301,25,139,1519,120,1783,613,540,694
140,776,280,269,610,642,868,1215,1501,1723,461,1095,1817,288,1566
1218,1555,27,194,644,1280,1067,265,189,469,467,1356,1149,432,1182
264,84,569,1584,286,1286,1305,1550,591,374,695,788,1211,778,731
1722,1146,682,1544,245,70,248,1780,427,1549,377,1423,496,955,93
1302,955,1230,1276,1566,1291,236,901,1155,55,1187,1409,669,1220,1288
281,1735,1305,890,1374,907,246,1697,1712,167,1136,177,168,1280,66
1144,1299,320,1778,145,258,154,950,1781,1301,270,3,1585,1096,391
1781,1290,29,93,1278,160,318,990,1412,53,1034,1164,1036,1298,1128
1389,1426,1722,1374,1304,1182,1585,399,960,501,857,937,1819,914,1030
1294,1076,25,1276,1060,915,642,1566,987,1220,1278,1004,1756,568,450
245,990,1318,1770,229,1222,1066,1199,909,1804,1364,1780,1840,1742,845
1279,1052,1515,1574,155,1734,346,1787,284,942,1266,499,404,911,1216
911,1234,1279,1089,1128,257,1547,1577,1564,1298,88,1007,1276,245,58
1720,945,673,713,197,62,645,156,607,112,890,1291,1281,166,1021
903,1151,778,1231,1303,1216,740,902,70,1703,855,1802,923,1690,1247
640,1775,596,743,223,1258,1223,1281,144,475,292,24,152,104,290
893,1712,26,436,186,1146,1337,1209,990,1752,1129,1041,1235,914,175
1779,685,553,1260,1804,1304,1374,189,174,990,1725,1101,1460,200,156
1290,280,278,894,99,258,1051,1804,1036,963,1024,1251,1294,140,867
1285,573,1230,179,907,1426,712,282,1626,309,1648,246,192,1265,920
1192,939,1022,1564,1546,1305,382,937,279,295,1492,361,304,148,7
1811,376,1125,88,807,821,763,1291,1076,1280,989,148,894,1780,1415
1851,644,931,1297,913,1278,787,353,1817,1139,74,194,24,1298,1694
1277,159,1677,1591,1292,1426,10,121,1302,1323,217,908,926,990,139
890,1279,833,1300,96,298,1472,965,1498,583,1293,1201,656,1151,1252
1294,1289,1470,821,277,219,1028,857,1305,1098,1284,150,1285,86,27
302,407,147,1585,138,1274,1028,1825,1084,779,696,1290,1030,23,178
252,178,767,1280,1752,70,1648,1372,1188,496,486,1333,1426,902,1778
1304,1815,1095,23,1097,1348,1783,964,623,1555,1233,222,1224,1285,903
890,1444,1081,751,889,1769,1564,1691,1374,253,1695,1145,81,1130,303
272,1641,1847,377,568,43,1295,1277,35,1731,1793,243,1669,1246,1820
641,279,70,1290,331,1447,1741,216,15,187,1752,1426,1281,290,645
1847,178,166,1114,1364,855,108,1284,903,1817,1290,6,96,1281,1540
981,388,1238,87,1093,920,855,253,1183,574,238,1050,374,952,890
1619,930,1680,1566,1040,1811,1087,1804,768,621,1775,900,1039,222,1780
1547,1751,1277,960,598,717,656,1290,253,847,54,1555,1669,857,1712
286,254,1741,1037,1297,1282,1547,7,1232,411,1780,1302,1585,68,857
1030,177,246,714,1164,33,713,478,656,1056,1299,893,872,1109,1648
1062,644,22,286,145,1539,1289,279,610,595,588,112,1306,1730,3
921,714,419,292,1708,197,1617,924,1290,1555,253,375,1289,952,268
1276,243,504,1253,133,581,963,644,245,1017,1288,1676,1490,63,1303
186,147,1295,1126,1845,1045,1415,1545,285,1840,127,382,1612,1544,834
1787,1780,23,716,1304,1819,1081,167,1791,1318,286,114,226,1851,998
1607,272,1580,912,141,1811,1305,1280,1279,471,131,6,303,1778,1768
268,1593,602,1151,1374,1614,1806,1294,1564,101,943,310,142,194,276
157,456,192,688,1190,1303,12,589,1778,150,912,857,1039,1307,220
1303,74,1778,169,1136,273,1585,190,1752,760,307,95,1304,857,1014
219,1084,1504,1426,1297,695,1811,421,194,1727,179,1778,1183,671,664
1182,1278,79,1781,211,1228,1294,83,116,81,295,283,259,1191,641
1533,1737,504,1154,690,1305,1290,1468,269,1298,622,545,1780,1538,987
1847,1640,1841,1298,137,736,277,162,286,913,857,989,93,939,90
1362,70,1431,573,816,93,254,890,1305,1013,645,1774,1585,675,640
1302,572,288,1781,235,438,1052,75,1178,1183,1298,113,602,1294,1309
642,1016,902,77,1839,1796,1474,1425,121,776,930,1305,1165,436,176
571,586,86,577,645,1076,568,104,1781,1657,1663,931,273,1216,24
1271,1780,1289,79,419,307,1679,1307,855,1277,1123,1741,918,752,1804
234,102,405,627,557,913,1574,1278,27,1664,997,86,973,480,1741
137,651,108,1070,591,1374,581,1302,1470,1372,1367,808,909,1428,151
1128,262,1017,1689,1778,238,1566,710,1113,640,1131,1306,1109,254,1708
656,1290,1781,1774,1648,1276,157,1138,630,1804,855,1182,1105,1279,1014
583,1040,1281,970,107,298,296,253,283,989,133,696,1305,27,104
287,1855,1157,1287,1737,1076,724,1294,1427,1236,1075,91,1366,548,1811
1290,192,23,1700,185,1699,3,1268,1276,390,389,193,123,997,284
1534,945,707,476,1757,1387,285,1115,695,559,1175,91,1294,1305,641
1223,1163,136,1182,459,1042,1291,1383,412,1853,1299,1585,1566,737,284
288,49,635,243,1083,1769,591,1036,938,1811,1732,494,855,1406,673
76,1305,114,1126,1197,268,1028,1432,282,1555,1084,1187,917,255,908
1336,1206,1299,1432,75,1051,104,1076,1843,1830,503,268,97,107,1305
1736,18,911,1794,885,1426,1551,442,126,1851,1220,1307,905,128,1279
114,74,217,1307,855,588,1039,483,1786,128,105,1305,294,1249,1757
131,78,382,166,214,1307,195,1302,919,1282,613,776,1770,1304,62
478,487,1648,1040,890,265,1759,1276,1726,1071,1839,572,1295,1329,956
1299,1036,277,890,602,645,1479,1037,866,806,176,596,1302,1755,738
813,1669,75,1440,1757,934,1676,1585,459,948,709,1648,1836,403,70
1288,890,586,1303,1216,1554,1741,1843,1142,433,99,1123,1335,166,1293
641,491,1074,780,131,621,1128,1224,1791,1602,572,252,80,203,859
993,258,1301,70,568,1293,54,989,245,768,1432,166,1550,650,990
180,492,1360,1324,363,1855,37,1233,1125,1182,1208,1301,1049,1342,749
462,1289,918,129,296,1145,1550,175,242,1213,190,1188,179,163,1752
1167,945,1338,105,902,287,1393,601,642,1298,1304,1238,835,1804,1668
469,1817,1128,903,1683,419,1298,919,136,1260,1305,1132,1183,867,285
243,166,1314,561,1843,984,61,1761,540,1629,1426,1218,223,1741,1792
1278,713,1844,221,1300,453,1513,1470,833,796,1332,275,640,1221,1335
62,1303,1061,502,908,196,145,868,1847,1274,60,1741,1851,640,1276
1470,306,354,100,1817,1801,924,1291,1108,1225,86,1307,273,357,89
293,267,1574,1247,855,674,573,173,920,1674,1675,1493,478,63,296
918,1722,894,1800,1374,1289,1296,1098,1123,271,1212,49,696,197,1302
233,569,181,306,137,790,1280,955,1744,1752,353,1717,740,947,1281
115,1285,1712,1136,1824,1148,1222,1804,1018,1374,900,70,914,198,1676
120,1374,399,1281,1073,1294,1839,70,186,99,641,952,1272,246,614
475,434,254,186,1731,1363,1372,1294,438,1184,577,23,666,1284,990
1552,261,531,1772,686,1720,1303,950,323,1476,245,1339,662,478,70
1745,490,990,233,834,750,1329,1173,1689,170,772,1757,1387,1613,1291
990,1304,166,212,1741,1294,74,596,452,1117,1276,1301,194,857,1305
1600,285,989,22,1841,418,1253,1847,303,1555,1052,1470,581,1307,512
1289,386,388,473,841,1076,1292,989,531,491,1026,293,644,1242,1276
640,1,1279,1314,478,1114,861,1566,1276,1041,1752,185,1034,1648,188
1684,70,399,403,943,857,1854,1178,1228,712,1550,1111,1295,1491,880
1328,351,1648,112,697,192,1409,1850,1566,847,1841,284,684,71,1300
306,1357,313,1175,1076,1741,971,1284,730,1778,620,1305,1038,293,1112
998,1272,1374,1783,990,83,108,480,934,1357,577,645,1752,1503,1848
1188,1648,178,435,170,990,1840,74,268,321,272,12,572,1707,1260
1426,990,878,58,287,165,639,645,1251,1542,1420,1326,891,270,681
1547,267,290,123,1534,859,889,157,1759,1181,989,1487,645,1294,1304
1232,1036,903,1125,137,188,720,260,441,1671,1523,589,65,1773,402
186,973,1509,90,260,990,1074,1226,659,812,377,1374,1305,1405,1807
1812,1503,321,58,785,295,108,990,1538,198,1804,179,1215,1279,1206
411,1289,695,1547,1298,1731,1303,984,1017,7,1296,856,1583,1729,71
445,285,915,1091,1040,856,336,1189,1441,1007,1305,1274,1209,1780,1284
520,1564,890,1048,1783,981,1036,1024,293,768,748,1399,857,596,358
1721,1182,126,987,331,739,294,307,1297,137,990,112,688,1748,989
94,1836,14,985,253,838,1136,1566,1060,1394,1683,1282,1176,998,1307
881,1675,845,185,261,1232,1036,1585,1304,1306,593,1278,1040,1291,1293
133,83,189,166,1390,946,890,156,863,1289,1305,229,1732,455,514
1821,357,989,1279,136,1415,820,754,106,597,1002,468,1799,220,913
1276,74,1744,293,574,1158,1648,1306,1307,1732,1752,374,602,1741,939
875,1029,574,1426,1811,1836,1527,174,825,79,975,115,302,235,1042
741,309,1296,712,287,321,1294,65,1449,495,1022,546,617,311,845
795,644,1763,1290,117,1668,1566,1759,1564,869,219,146,254,1307,1182
892,21,1348,1694,1585,476,291,1282,1289,1276,1034,907,387,725,70
253,673,1146,1284,1752,94,336,1804,1458,512,983,270,1304,398,1291
219,1807,1170,278,1150,1622,27,641,74,296,1165,1426,845,989,268
253,271,244,234,992,1721,1339,1223,1780,1855,1279,919,1278,879,69
903,1502,1804,87,61,1752,686,1279,992,1418,1305,872,83,933,242
1086,1776,739,1160,18,104,298,1437,21,950,1293,242,1266,291,1566
245,23,999,462,1032,1604,1109,194,1276,1243,411,645,3,293,1836
641,945,1839,1299,1145,530,1293,1374,150,857,139,909,1844,1711,1328
1679,568,562,1294,656,643,25,1841,320,192,596,990,456,1250,1289
1298,900,501,1824,1727,1305,1585,1618,1830,730,103,1273,1276,309,990
1844,1704,284,77,438,1084,1307,855,1293,700,1374,1585,192,105,1294
23,221,960,162,1566,270,24,1731,216,269,405,1555,1087,377,37
93,23,785,965,1208,402,855,920,150,290,137,847,1305,1507,819
275,1230,1041,224,1668,1183,1289,902,1650,1605,1145,1413,261,55,1295
1026,1307,27,278,956,958,1176,335,689,1275,74,1585,1839,1780,1029
1354,244,447,147,877,46,574,1304,1374,1432,509,1299,1426,754,973
514,151,866,1555,306,1084,531,955,1247,305,641,925,159,1444,259
1302,1199,677,1284,1689,820,1584,885,1289,1139,1648,952,997,1276,411
1466,69,1136,912,294,166,918,285,731,478,952,1034,70,907,1748
740,855,1078,1071,125,1712,808,1134,377,1216,57,1296,1306,645,90
1702,1294,185,1696,1534,1778,641,976,1090,1648,781,964,653,279,1487
224,139,1087,1840,817,1287,146,74,1510,1156,280,44,255,1282,288
1749,74,1145,1432,185,192,1285,1581,1182,1841,56,1804,666,181,308
568,108,192,220,104,105,178,1539,1669,1277,170,1693,1292,1785,1305
1669,1572,9,1291,134,644,1417,1716,178,1086,221,1230,1840,1343,1029
1291,1445,184,1305,1129,1855,1299,219,1173,911,296,322,1854,1566,1282
1812,1033,1800,700,1223,1288,176,1371,1276,953,1851,1430,863,103,106
306,1294,92,278,176,1321,1041,358,1606,855,1468,1324,253,1292,1689
596,469,283,259,1026,308,822,1281,908,219,656,1132,1280,911,945
1359,58,509,193,541,1770,1105,178,1320,1544,317,1407,822,1682,1265
1278,23,284,273,1223,194,1804,1172,1225,618,723,1681,1703,1757,148
1497,520,779,1113,1778,1620,1547,1024,1173,219,263,1018,1815,1130,964
1759,1242,1064,1158,1595,1572,1306,1648,1520,1257,1304,571,768,1266,279
285,866,27,1280,937,104,1426,1722,64,1289,1222,1534,147,1726,1233
1851,1525,105,285,999,58,1290,70,1499,1380,641,128,990,1009,194
1585,1563,1076,764,646,1089,548,1545,134,1778,1184,1081,1297,1294,1305
958,1752,1648,1033,1189,990,265,129,1279,671,92,1477,70,1811,294
785,25,1839,1276,969,291,656,1737,1160,641,1278,1216,192,1811,288
1778,1441,909,1671,284,291,1533,1307,751,93,1702,160,272,257,809
1292,1811,42,1502,288,1105,1293,149,309,312,1201,1132,1275,688,1289
1806,148,154,70,1453,692,975,1266,1147,680,758,990,165,913,1026
1566,323,1284,1780,908,855,669,1363,1585,596,691,1611,1306,1555,36
642,490,779,1620,185,947,321,527,159,1584,67,1579,257,1108,960
1852,1068,721,1741,157,1819,1584,148,933,1307,514,1266,744,1042,1417
1297,62,979,1695,1566,596,1550,990,837,1076,466,1164,1564,8,532
609,1280,992,1300,714,474,770,394,570,889,1096,573,221,1564,1648
918,996,1305,990,402,1325,123,785,444,1811,989,907,1763,129,1830
1564,1279,1307,89,1292,931,1293,340,278,1278,1780,850,67,1284,1305
1302,1852,1851,553,1752,990,1192,318,811,245,1036,265,1303,58,1232
281,1499,955,1830,306,989,1285,1290,233,1068,776,1302,592,268,1241
1470,6,1799,298,415,1363,1277,113,1374,445,1585,544,395,573,669
1062,222,1228,1811,1783,281,1176,150,1841,1817,1277,1264,889,174,1164
300,393,1018,340,655,656,1173,1564,1741,1276,63,1073,1056,571,643
1277,148,1491,917,286,1071,222,92,277,1076,1290,645,1823,1845,93
808,1334,223,1256,1744,990,1296,1117,636,1470,93,264,1648,50,966
1500,98,155,1432,1566,1228,219,1694,253,417,1479,1377,1811,1076,1657
1687,1296,1614,1648,478,165,105,1564,1546,137,1585,46,621,641,1256
1564,1305,1094,1290,1093,1098,27,989,1752,1778,857,1432,189,725,387
1076,38,233,1583,1282,890,1225,213,273,1778,296,189,71,1290,1772
70,1113,669,1294,146,24,1432,1819,1534,502,92,1357,1288,150,1571
1289,1488,259,1426,598,1305,917,473,459,1278,25,1409,23,1440,1291
65,1566,1679,803,259,1730,537,302,1334,1459,1281,1640,1076,233,674
1648,540,1689,1656,1277,644,155,1547,1741,62,139,309,1540,879,953
1307,303,87,259,990,128,989,243,1780,235,1298,894,1470,632,1111
639,74,309,1303,1804,644,1547,1727,1840,27,1191,903,1648,1240,190
1850,1804,220,908,146,714,70,1851,83,1257,650,1727,749,1819,1226
103,1276,1028,1406,549,907,381,879,810,1675,1289,1565,1182,1103,1279
1708,1534,1307,844,1712,894,273,1289,1678,494,1533,1301,64,135,482
1100,884,136,188,1290,271,568,1804,176,859,1153,1808,382,279,919
509,729,1272,137,280,252,1112,23,478,157,1294,190,1115,695,1838
596,1691,1279,1821,990,1273,1778,1217,123,376,1566,937,1843,233,1409
530,185,1374,112,253,224,265,1180,589,1432,720,681,1279,1007,789
914,492,156,71,665,175,1778,990,1160,875,647,1279,1289,1413,129
1038,51,1585,1145,1275,1408,1014,1302,508,917,1276,8,271,189,1804
233,1778,292,253,645,1340,146,749,103,1280,700,855,1789,1763,1356
1284,1307,269,1362,1365,1297,1280,253,511,16,1633,1249,24,1323,1240
1842,23,1778,379,1274,279,1299,304,880,1277,1718,306,294,1098,945
990,253,955,1566,361,1012,1300,909,1297,1128,29,1765,1006,272,1242
765,1711,1426,269,951,1585,306,473,364,239,25,1806,1277,1555,1680
903,190,512,1778,673,1306,310,1281,1472,1445,1372,889,1732,1552,1296
1355,793,1432,1772,1188,100,1804,1178,422,909,1297,1808,374,1205,990
88,1270,94,151,1558,244,1036,133,1840,614,1851,1130,459,417,137
1064,156,1303,288,1853,1566,1555,224,1776,1294,1304,499,1306,1417,43
1741,415,1296,1290,1026,1680,903,1118,919,1289,1669,640,179,1178,1190
1011,223,676,1658,246,920,1819,1341,62,615,185,1053,1285,1679,1160
823,103,1341,203,86,1452,369,1096,545,312,126,1697,1034,1298,641
119,1182,1777,491,1688,656,294,1145,1604,1279,809,1570,947,645,1237
1036,1440,823,335,68,1366,1780,1722,1271,534,1256,1294,1781,656,1293
1470,607,74,440,1294,1306,1695,1776,913,1155,90,244,1298,1280,1222
1675,1014,1566,127,1781,1076,534,1216,756,806,202,42,1160,1817,1789
26,1183,762,191,1741,1281,1817,1780,1798,165,294,918,133,25,1267
1756,220,285,419,990,863,1470,1190,1585,1374,1197,151,1232,1294,1826
25,952,533,75,769,918,1155,499,1502,1741,857,1689,691,692,1350
1784,1014,302,645,129,1681,1320,1360,1306,990,1817,1778,259,459,1302
188,1680,1842,1702,1294,1056,1301,23,166,220,1017,1182,990,656,1426
956,19,23,1436,939,548,1074,1144,456,640,1235,1604,1568,569,1284
606,1306,1369,1830,579,172,320,1305,1843,452,117,266,540,1339,92
1250,645,984,1277,1732,308,890,1545,1724,1305,1011,478,1229,1235,1617
1307,1432,1168,201,889,919,7,159,126,113,877,406,989,796,1539
178,1857,382,913,4,1432,1290,811,1279,904,606,1387,254,81,1303
242,1145,1234,86,944,253,1406,552,919,478,603,27,55,459,192
247,1741,222,645,656,848,855,1234,1401,1488,558,740,1289,1361,1455
93,645,656,1132,989,1804,903,1550,499,1285,193,749,1234,1307,1211
1752,1276,749,1778,1306,1804,548,1655,1026,1302,212,756,478,221,1415
1288,292,863,990,1275,1804,1030,1534,911,511,253,287,255,259,904
1174,1493,1574,1441,989,156,749,363,641,717,950,1218,506,895,262
87,1830,513,552,1505,1015,548,1809,31,1689,1819,1722,108,80,656
1841,725,1289,71,1113,1074,128,170,253,133,189,193,1303,890,1305
951,306,1804,418,1276,1620,1288,1280,1741,214,194,1841,1840,137,1233
1752,1574,1017,146,712,1232,194,1778,1745,822,1305,1741,1076,1201,1218
207,281,747,898,1778,1752,114,1282,309,1284,233,112,1732,890,280
1199,529,1184,1334,1165,1804,1314,258,1648,1284,1197,714,961,1566,669
1774,1224,139,744,76,931,845,63,1094,1307,106,1406,903,1250,990
641,1504,62,918,1301,270,977,1289,1009,140,494,1804,1355,1026,138
542,234,1299,1533,74,1062,1375,1432,1181,656,623,1278,1038,856,1811
1279,688,621,1323,201,1425,1210,78,136,1291,1432,1455,1489,126,1131
890,1741,79,642,1714,1100,86,1167,279,1657,1267,968,1690,189,1294
1426,1093,1330,179,198,1075,148,1783,989,1305,1674,1374,915,1741,525
74,1850,87,1296,1282,1472,1034,590,358,169,1444,674,1271,1084,491
1805,1379,1332,1689,256,621,1183,1188,950,1847,1182,907,891,479,261
1294,1339,344,886,1276,1403,1789,585,306,501,900,1566,656,1024,909
1706,1595,243,642,577,25,123,385,694,561,1294,268,188,695,1426
1585,392,1092,1532,707,1299,1265,1076,522,1328,1051,1289,756,1284,904
855,1545,285,1224,301,59,1294,720,1696,995,1304,691,1804,1291,1282
1545,119,88,1243,531,1719,1415,255,1648,1272,133,636,1444,1122,6
914,27,26,1702,1538,1764,645,1220,1821,188,554,338,1145,1781,1302
1343,1113,1784,700,589,932,1585,150,1047,1217,101,530,1341,1697,1841
1306,1008,1678,132,56,1307,641,1441,90,694,25,120,1029,1042,1295
1727,1292,1811,1034,1817,1285,1175,19,23,285,136,1355,639,1819,192
1294,1818,412,640,855,484,669,478,238,190,27,1289,1302,297,1300
529,148,1249,1547,26,1225,990,1349,1819,1276,1282,377,1470,842,84
1780,1585,12,953,1851,290,1778,1238,1752,1292,697,1301,16,1125,286
773,5,1232,12,1296,1154,259,1783,95,57,123,1562,574,1812,820
73,104,956,1389,302,27,1830,131,857,88,478,1086,1279,197,1226
845,716,348,1121,1397,943,194,1132,1011,74,16,955,1051,302,1276
258,900,908,1005,596,670,989,313,27,917,961,1007,286,1817,1183
1002,1276,598,1292,1303,253,1306,1555,1097,694,1123,163,1829,1704,1827
862,147,1160,596,374,913,484,991,1289,30,1295,1163,261,1488,1076
27,412,1741,1282,1296,1145,1299,917,745,70,279,1555,473,1804,1432
1105,373,1757,646,1432,1474,819,872,1403,1279,268,1128,1164,297,136
124,1242,749,1759,139,346,171,714,45,1395,451,1418,106,1776,1752
341,891,1332,1301,1357,243,27,669,509,1327,1174,1778,1405,1804,1780
1236,235,1147,645,173,802,1607,297,1145,74,621,554,1075,429,236
1384,256,1585,1129,166,779,37,716,194,499,1282,1279,918,961,1069
584,1059,91,476,708,568,952,507,451,901,1585,126,1711,902,1653
423,1301,70,901,1094,23,1773,980,89,1484,852,27,645,644,221
717,287,1520,1121,1297,1026,695,1812,1372,128,1686,983,917,151,178
1727,1281,532,1659,1320,1301,1299,407,642,1298,1005,288,250,1306,105
941,656,1426,1228,1276,1432,176,1085,144,103,940,808,278,1152,856
1781,1068,577,1839,52,3,1853,1481,234,157,185,433,100,823,991
1648,194,1177,60,596,285,1738,1585,1133,1298,1374,989,1323,185,392
645,1216,54,1076,1279,626,1855,234,1247,138,908,337,836,1303,717
1303,1838,642,1440,1373,325,1470,1105,1546,129,141,286,399,1290,93
252,575,45,778,632,1357,890,855,951,1304,1529,999,697,1036,1708
890,1804,76,1285,1811,917,1324,1168,67,257,305,949,1762,1299,578
1128,1674,150,255,1224,948,49,194,142,1294,606,1778,1787,1280,1529
217,756,1777,1028,1648,1304,1265,1374,1127,1365,1051,1791,1687,1181,691
1666,484,596,87,264,1710,137,81,281,614,1702,1112,641,648,1513
725,268,1547,1176,1780,361,1005,1541,1585,505,1182,1500,151,87,254
520,70,1846,287,991,1781,1292,190,1279,645,1289,533,1258,1794,104
1547,1711,1298,1859,523,249,897,1223,1781,727,376,1296,1289,953,216
596,603,1082,1780,290,823,1819,1804,1844,1840,1222,233,151,194,1083
921,274,691,1292,1401,170,524,1409,285,1811,553,1555,988,854,1851
1648,1294,1847,1074,377,1726,972,1266,481,175,396,1307,27,1843,569
1294,341,645,912,1229,1052,1566,358,582,64,991,192,75,246,1718
232,276,607,990,74,1297,845,1406,286,138,510,1233,305,648,374
139,1293,1625,192,849,1416,150,1286,575,783,760,1824,1279,1128,990
1292,64,1732,489,1599,1284,955,1569,281,1712,990,695,1737,798,98
1096,9,1545,174,1260,522,1302,1215,1591,1218,193,139,1300,1599,1585
1053,114,1183,850,1303,1099,1181,1566,669,279,1298,1807,878,1022,463
1234,268,672,578,917,186,1374,1282,23,1036,221,648,489,459,1292
244,1082,955,1780,93,1553,23,280,265,74,697,1276,695,656,1290
233,523,90,289,117,675,70,959,355,78,872,315,11,955,645
1289,990,581,763,1218,254,512,223,423,264,1282,257,1611,1277,563
92,1182,1533,1374,1156,475,1592,1235,1752,79,1169,153,1817,163,25
1844,1164,1721,645,1036,669,968,220,1432,1307,820,1712,25,506,479
1692,283,1249,1208,1490,1488,245,177,7,1293,1804,1163,1778,295,641
274,1657,376,264,399,645,1415,1819,1276,1347,1824,478,1677,766,624
234,1457,1403,501,396,1807,636,1303,862,857,15,901,1374,747,695
313,1305,1441,88,1151,294,1343,1838,720,649,1648,1374,1819,47,259
1727,93,658,533,733,1085,1267,1432,845,88,913,699,121,990,429
755,1191,291,1365,275,106,1026,276,1648,1183,264,1406,285,1708,1824
193,907,1852,536,70,368,1741,903,308,7,1347,155,1495,255,1652
291,565,823,399,1290,250,1712,1780,155,798,821,1085,262,1851,974
1282,1752,1276,177,1552,1234,235,400,539,1802,1443,1781,1352,1293,1675
1737,1302,639,146,1084,1566,308,1648,1303,1212,1480,1564,9,271,588
1306,918,272,268,953,1193,560,1246,1761,656,1284,1780,1055,923,1303
20,12,607,1192,1306,640,24,966,729,1294,1182,104,273,1578,1720
1240,503,23,1017,1076,588,1547,213,558,697,175,459,1294,1554,1147
508,277,175,1557,467,1728,1278,911,1028,229,1374,197,1684,268,966
1634,216,279,1303,722,1847,459,1265,989,1040,656,984,1276,229,1691
425,1034,1145,1490,30,268,1407,1018,99,1491,1566,1374,1726,1293,1452
1303,1298,74,1770,1285,478,1084,1301,1034,1564,1627,1026,1700,917,255
1302,270,689,1242,415,262,760,285,1555,1353,1168,540,233,185,1109
1686,1426,197,1778,1750,848,156,1585,1042,1846,74,1234,1837,478,1809
274,194,1089,1011,1780,1182,1022,1296,1277,1481,1636,531,990,1585,656
596,645,1805,181,153,1662,578,965,1550,1787,808,486,977,1298,1749
984,27,903,1298,79,1678,1811,69,1502,645,1290,1566,1250,1804,1676
573,98,691,246,1752,1669,1441,1000,87,1336,62,1688,1490,1700,1585
24,1265,1041,1008,1128,902,909,1281,281,1037,1727,936,288,1564,871
445,1276,1441,374,1064,286,70,43,1041,1712,1426,153,1285,123,1539
67,1163,913,917,1426,670,1018,402,1304,1863,1199,781,126,1303,1256
1221,306,1434,836,704,1839,1818,909,170,1284,1285,1741,763,1235,1374
277,1291,21,670,1275,1142,909,1678,782,890,473,1749,1306,1307,1279
1288,1233,1778,642,234,1109,357,1490,1430,1069,245,1566,768,1674,739
1228,1288,1221,302,1265,62,510,989,95,1780,1007,135,997,1266,193
691,72,1859,1128,296,1092,26,155,1257,1756,194,1091,418,1150,1844
754,581,1108,1690,70,1675,1472,193,598,902,1555,1013,1267,1009,857
74,541,1174,573,506,724,354,1295,1215,1008,1282,1216,1323,823,1312
27,46,1312,59,1089,1739,1731,1540,644,954,39,639,425,411,813
862,289,1304,1307,264,118,1204,1289,596,1702,140,60,1228,989,1279
281,23,1286,588,1117,297,1182,545,387,1279,1165,1724,1301,1426,259
1268,1529,175,1821,246,665,192,1123,1094,1305,713,1741,855,1787,589
563,1302,1239,1176,644,1305,1726,307,1374,297,1286,1566,189,1804,1343
205,1292,12,222,170,1301,297,299,1298,58,1105,1780,1828,1302,972
25,79,99,71,1238,93,538,1741,259,117,429,327,785,1270,1811
495,1817,75,641,1284,305,167,1721,68,1098,1266,1069,1542,325,1752
1566,294,132,57,175,1306,1181,23,1537,1855,91,1298,1403,610,86
1125,990,76,1067,274,1103,697,1728,857,997,156,586,1293,645,1677
1410,1279,1458,70,1564,1752,487,785,1294,88,353,1148,1097,1277,828
1065,1544,1183,279,1841,1697,1276,1034,134,1205,1804,228,1084,74,635
1285,170,266,1752,623,1711,260,63,139,726,1846,1298,1078,1288,253
1673,152,1475,1710,419,18,425,1554,1263,1030,907,1391,984,1114,1155
1242,811,1305,1531,1285,1398,857,1426,185,1038,1145,656,688,212,1304
316,1086,1432,855,87,1223,51,1296,494,1018,1306,543,1374,1804,21
245,112,902,1041,1040,1752,91,494,1279,769,1740,215,780,1291,1555
104,305,1830,640,212,1648,656,1564,74,859,1112,1294,416,1295,1006
312,1783,1839,1732,171,275,1289,193,1217,645,990,136,301,1183,1263
491,1092,835,376,1217,7,139,163,1099,1300,249,430,308,26,1360
1230,36,190,880,323,461,960,1853,1238,1841,1472,157,722,1253,258
1307,1294,1819,1303,1580,1223,967,1182,1302,990,1347,535,86,487,1555
1564,924,540,1574,613,1299,1682,105,1250,1279,485,848,309,859,152
229,1819,1703,1839,1356,97,1158,571,1670,1732,1290,1288,1545,167,1192
1279,847,1555,1333,862,78,1319,921,590,760,1819,787,342,269,1294
278,644,1690,1819,1166,1847,979,1353,909,1009,1066,1840,307,267,894
656,1555,345,1285,983,619,1249,1712,557,148,855,181,1585,93,1149
1688,487,1175,138,4,1648,941,990,950,12,85,23,568,740,1492
1681,559,1730,1778,197,105,553,1564,1609,246,1197,1490,1174,1651,80
305,1540,596,265,634,25,1648,647,186,1228,1818,1113,1467,1776,1140
991,1302,915,1161,1780,1306,1801,25,53,1276,1684,1266,506,51,984
1270,192,74,349,1468,1296,1555,157,269,1374,868,990,1236,1187,162
181,1182,1005,1293,1211,898,1292,1305,845,984,1295,470,1802,915,921
1250,1711,1432,1304,1374,1284,920,1804,1260,1128,1266,617,220,117,1536
140,492,1595,294,1584,270,859,312,644,1693,1534,990,246,1445,65
494,478,902,1489,149,1424,1789,70,677,43,202,1470,1028,357,120
1230,253,437,1302,1285,103,233,306,170,1314,1300,98,166,173,694
1817,954,618,1741,123,844,126,1734,1625,1306,265,1720,784,296,749
76,181,18,640,4,186,1242,504,1153,1290,1711,1030,120,953,509
1778,112,361,46,1175,1294,194,1374,1717,923,253,213,1471,27,1178
1410,1279,1470,1303,1804,767,1142,1466,917,890,896,1178,306,1827,1745
1846,1333,971,1295,1221,1045,535,129,258,945,1776,335,87,445,1289
1304,25,1028,1285,1780,620,1095,1566,856,1290,956,478,862,157,1781
1426,190,1294,134,598,1811,1096,491,1417,319,146,233,574,991,768
173,1182,1141,1585,12,382,103,1830,8,1769,596,1781,23,951,1778
700,1307,602,1432,1131,1327,1836,914,1648,1166,1558,1780,277,1733,194
494,1290,644,278,544,1276,170,646,117,974,1303,1230,1113,25,58
1617,101,78,1804,796,223,194,839,1598,1648,1844,76,1817,1566,990
1181,713,1272,1320,1052,1032,523,1279,1626,1850,370,189,1116,1826,1303
1289,1145,1426,1850,65,341,1432,1410,1267,920,913,1132,1208,1440,1076
1780,1228,1524,25,1199,1246,536,879,1817,1129,857,920,1426,184,1297
102,1278,103,265,1704,500,236,890,1280,284,279,1432,1086,1839,1426
1162,268,222,645,671,270,1341,942,1720,1084,1192,245,1222,1272,1207
1246,478,165,1257,1441,1467,1175,1612,1295,1850,907,69,1574,1847,287
74,1805,319,451,1621,21,131,1840,1689,1292,51,972,1248,1669,823
193,296,100,1213,1491,913,877,60,1228,1674,1778,257,253,783,1470
640,144,1680,1839,1741,1566,1285,1543,749,945,917,927,64,990,1595
78,1297,687,128,462,1215,249,1347,70,744,907,1711,984,873,138
1313,1282,590,1199,1855,990,967,23,1296,823,1290,1732,872,1299,99
559,1780,1776,1804,1528,1534,1301,835,548,540,1470,200,165,1278,27
78,1279,797,1293,1125,263,1183,1182,1739,1292,1294,1516,269,254,545
433,989,164,911,1206,1426,142,136,1306,1681,901,645,640,489,1263
265,65,1184,1092,1648,1230,1657,25,1052,279,194,1703,366,1727,527
1839,1292,1360,1542,1806,1680,823,845,1294,1235,1064,990,290,1411,283
359,1545,917,1040,1276,12,1552,1248,70,42,1298,1555,1299,1228,562
1262,589,1306,1717,41,1225,415,358,459,285,1290,1273,1789,74,1012
598,1040,1679,586,1277,80,219,1811,186,21,1752,280,1432,1789,170
1150,1276,1566,173,1188,110,751,333,1285,1254,478,1669,801,780,1318
1648,132,716,1711,105,419,617,822,889,194,1174,1285,1303,980,1113
62,1217,1304,724,1566,459,1266,567,994,862,1555,203,176,180,811
1366,419,30,834,379,603,1292,644,293,914,1585,172,906,1752,259
906,1618,1716,588,562,992,1298,1150,753,347,866,1783,307,1179,589
965,1294,1297,1811,855,1518,243,807,1863,1303,740,1175,645,760,129
197,677,297,1136,243,81,106,990,1585,1098,168,811,252,1225,1267
668,133,450,1823,51,561,515,106,1294,1851,885,186,893,685,1426
1470,459,228,208,1294,928,1588,1776,984,535,219,1285,990,1378,171
1192,1259,1628,642,1353,176,265,113,112,220,1134,1555,1248,1306,913
930,819,914,1254,103,1421,1477,1299,263,972,1752,767,1034,563,1303
114,1622,186,688,523,416,1743,159,57,185,1721,309,725,788,656
108,1839,833,1411,1415,1804,1086,64,1661,1348,1161,1741,1384,1689,1041
1301,890,376,1288,313,1732,282,1549,1653,85,70,181,1547,1266,1165
918,1781,434,256,106,1839,234,1276,1373,76,1712,163,848,531,931
913,641,910,1294,1648,1158,1839,1027,351,645,1565,1669,1376,1113,1705
1460,1613,1616,88,74,76,193,170,669,1534,1223,252,1669,243,1781
1439,855,151,969,12,983,1045,1041,852,913,1208,1488,1396,325,139
80,139,131,128,453,1550,1158,579,1120,574,111,1182,640,1123,1682
228,1034,915,1300,1804,966,1362,1182,264,1115,1045,864,1732,260,635
507,1296,57,568,288,1125,1182,138,1426,707,1274,585,1550,649,438
242,1409,912,285,344,1752,1403,1289,1374,1279,71,1195,990,642,445
1840,74,875,1566,294,1284,1187,1291,1472,1018,1129,1306,256,946,1111
335,278,917,459,1197,1294,1223,640,74,1464,990,716,890,1612,1285
70,1304,643,1240,1276,165,376,1585,1105,1213,1636,284,245,1028,1837
1145,1371,1037,596,194,1804,1374,1539,1223,690,653,495,1703,55,281
562,98,1498,1761,383,872,656,598,1550,1294,1278,720,1349,1804,804
986,1121,1533,1585,1026,270,713,1794,1741,1798,804,819,1060,284,189
506,958,1182,756,1305,776,1467,855,1263,163,1013,1470,1296,826,167
176,1731,501,452,807,722,485,100,784,154,1440,1276,296,1306,785
147,1798,285,1763,950,128,1102,1076,308,59,136,1712,1305,1216,1289
418,258,1250,656,1301,1292,1702,1293,636,941,1811,1840,1722,1051,619
1272,1278,596,1009,1584,1058,642,1284,1128,812,1839,902,175,83,703
750,1752,154,1267,1370,20,900,1426,253,56,245,1131,1819,140,1330
1040,76,1711,1306,1300,1631,1242,415,135,374,1841,1030,485,253,1761
255,990,1250,913,1840,1648,374,1856,540,725,1690,1296,1839,1326,645
1357,1804,399,70,1303,200,259,945,1839,459,689,4,1007,1517,1846
1263,488,268,1290,656,259,821,998,1585,1294,417,1305,700,264,1804
1857,983,1757,1301,121,1306,1662,1683,43,768,98,340,1175,264,1182
1372,693,193,297,134,1306,1550,1336,137,470,1303,12,1581,1024,1294
1292,1017,75,1468,1807,138,1566,1305,1847,557,156,1284,1280,374,568
640,77,1313,1842,11,1295,310,1607,642,861,297,192,1076,1566,984
1574,1134,1251,1804,598,1014,1836,541,285,636,506,1012,219,1303,1687
253,288,583,1695,214,903,1134,642,788,1566,98,855,816,1570,827
477,1755,1305,698,325,1811,1226,1517,1697,740,1293,1279,641,1040,1274
1403,25,1741,51,1071,889,1755,734,1841,286,990,466,79,1157,474
1692,395,760,1242,1704,1534,739,189,452,1305,1778,1290,1128,152,1300
1307,1225,139,944,1843,493,1175,285,989,1268,1806,656,1711,908,128
135,1804,530,1360,1334,1783,1801,422,1336,1291,920,1828,55,293,717
1289,1290,1052,1547,63,1304,23,1009,704,416,1778,372,1265,1803,1432
1073,363,1297,1146,220,1383,702,165,1089,914,1106,1804,430,855,1732
1691,1333,1279,1555,835,1239,157,1847,574,274,1472,310,466,91,399
76,1276,1648,166,120,77,1564,645,1741,1266,1349,1290,536,1297,1752
1242,1648,1306,244,1678,1695,1166,267,1132,956,1145,93,1558,1298,1358
12,973,1230,198,127,907,170,1242,598,1821,139,1482,1016,1374,990
749,1026,1543,1804,934,1856,478,917,151,1752,23,1129,1830,1029,1462
933,1240,562,1282,240,845,1553,1182,1278,75,139,571,1476,1116,1247
503,1177,1301,157,307,903,65,167,1851,1286,1518,194,526,1030,134
1125,690,1817,943,1038,1234,307,259,1638,656,87,1041,1064,1294,1572
224,93,1303,689,990,108,946,1034,645,1741,1367,1618,490,321,1814
1585,855,430,776,136,345,1282,1297,759,1306,645,1566,1013,46,163
193,525,1177,170,770,1276,233,1294,194,557,1585,392,1268,1341,772
1555,1278,1711,135,1302,1712,1534,20,1805,691,645,1042,1279,430,1293
82,1712,1099,1565,1685,1655,730,640,914,1566,1294,1303,234,64,1298
1188,1839,644,12,1058,1534,1248,1160,890,632,1836,1841,1296,103,1648
1352,1374,987,1732,1147,1216,855,244,527,1281,120,459,861,1536,617
1776,1304,374,1840,113,1660,1307,730,640,1309,647,1555,173,949,27
754,1276,1311,1817,141,867,1305,1188,853,1125,827,1804,123,484,838
1798,1301,74,833,590,136,983,1276,1676,99,1182,1682,825,1286,7
1184,176,1741,810,126,377,1041,217,1839,896,1483,1470,27,1840,180
1757,12,1100,1777,669,74,831,855,1695,1204,992,897,1756,650,1491
27,234,1109,1283,1338,1538,1181,1677,1781,603,1691,1585,68,1182,1195
1497,592,509,70,259,1305,63,990,1741,1545,1543,1725,1292,1343,380
1295,176,74,1783,589,1288,1093,1293,1679,606,1840,1504,315,1276,73
272,1455,913,1648,1274,93,312,754,377,188,1751,656,1290,59,897
1436,170,1276,1259,1694,938,478,679,297,1290,167,1820,1620,99,1326
1152,901,145,955,1291,268,1138,1815,1034,1252,1741,1290,1783,1566,1279
27,97,1792,95,1161,934,1187,478,1164,1778,1648,1802,90,1094,1804
459,1648,969,1546,118,918,1228,1564,1326,1296,1303,1284,1128,875,1078
1648,498,905,1126,1352,1498,928,87,990,1278,1434,74,1215,69,930
601,656,1067,1279,1555,812,845,1354,1712,55,1459,59,823,1298,77
1333,1546,1248,280,1147,1289,1041,188,1781,308,641,958,76,1780,1555
1224,1432,91,7,460,1343,1648,1585,882,1729,1053,1147,958,51,1226
1009,996,1205,1290,1282,1266,1288,1296,288,1841,950,1549,855,600,68
1300,492,509,279,78,857,990,588,120,656,499,100,756,879,4
94,1266,645,942,1090,1361,1349,1850,911,839,681,492,1228,1252,1303
1687,863,1294,700,750,1277,1145,1276,1267,1306,550,952,980,1106,108
302,1482,292,830,282,424,1555,451,257,70,459,342,989,1426,159
1736,1741,1296,930,3,856,278,1034,27,902,855,1303,1374,1276,1494
1491,1432,192,70,862,531,1555,1777,1290,307,778,1605,244,1298,253
173,673,1289,1235,1176,1264,144,1348,1780,1778,363,148,1839,1340,1284
1470,1812,1276,1304,1278,403,277,1032,278,1182,1183,908,98,643,596
1058,1778,134,1032,1307,265,1284,271,1118,938,143,1263,155,695,1276
465,354,1768,1505,1413,1555,317,478,539,890,922,1527,213,914,1686
1490,264,1279,1307,1817,93,1323,295,67,655,50,1032,113,669,877
762,1732,1554,956,293,1616,237,820,1282,932,1188,1477,75,1146,1250
58,1648,302,772,760,1564,242,22,1187,958,990,857,1850,190,967
1687,1339,141,1776,190,983,571,1426,1564,919,890,27,596,274,1247
1136,430,739,1077,58,656,1303,377,1732,645,1130,254,855,27,436
1544,1582,1770,173,1084,1692,748,1169,627,939,6,1272,1797,1228,1280
768,1697,1307,1727,1824,103,1534,183,667,892,711,1564,966,1704,285
1374,1817,1819,943,1552,1492,717,88,1490,1017,1299,1778,1257,917,1333
273,4,1301,453,1083,890,1675,777,1546,950,1817,1564,1144,1441,1844
1223,957,103,1547,909,268,844,1719,1780,175,1293,1732,989,1687,807
1604,1283,959,166,1276,535,18,1028,1121,1305,478,318,823,1712,1172
1049,650,1774,1026,501,669,1686,1804,957,478,1566,1611,1148,738,951
16,599,1291,1302,1305,275,134,1841,909,235,265,808,1294,436,855
887,855,971,1290,151,1294,656,1684,1268,1527,1710,503,1090,145,1030
683,1282,912,114,1284,1277,1302,175,902,320,1588,1583,1306,975,301
1142,253,1470,1346,1265,1544,77,93,990,1141,269,1125,215,1321,952
671,1553,1010,93,170,1108,749,1748,1652,509,568,459,1648,24,438
1307,275,279,1267,1741,1187,479,478,1028,1821,467,1804,318,95,1052
643,1741,1256,969,1565,705,831,554,645,622,144,1307,259,161,1106
1296,1853,545,644,190,1752,1289,1191,1301,891,121,473,1426,179,1012
1151,1290,1529,1842,1058,754,1294,527,1298,1282,1426,747,126,1555,990
72,725,1163,853,645,1841,402,857,1276,823,457,1306,1038,290,1636
855,981,833,259,1811,430,1123,1037,1397,1076,470,191,954,1477,821
639,686,1804,1585,1780,984,182,1052,219,1296,540,978,120,27,105
583,284,656,49,1013,907,1202,303,1648,108,1299,1121,1093,46,1306
1741,990,1306,1243,27,1298,273,1051,630,23,484,1518,74,582,202
274,1294,247,1535,1278,159,492,1725,1777,1275,943,1276,1234,1082,953
101,1169,1248,1235,642,415,740,25,1817,1745,1787,1847,104,1754,199
1276,1239,234,270,1030,1296,1114,1146,755,275,283,662,85,1354,1306
108,572,984,1004,436,49,1284,608,907,78,1555,1049,30,1648,294
137,71,1296,1029,139,857,1752,990,931,134,605,915,1284,1305,408
1372,1689,748,1426,1514,1305,1745,1819,958,893,138,244,1470,277,1518
1280,1187,1228,270,1011,773,150,1304,136,452,900,1278,147,1296,334
319,94,1607,87,240,1266,1741,412,243,645,901,1294,1299,1292,1302
138,1452,992,77,1804,1694,61,1642,1306,1718,294,1732,1233,588,1266
1432,151,1278,335,1804,1306,1300,292,256,1566,348,644,1627,1564,1081
642,990,170,94,113,606,1284,239,302,1353,896,1266,984,1234,296
1604,1413,261,722,1150,1292,55,1357,1648,190,1274,1688,327,1547,641
1749,243,325,177,1279,39,595,1301,1804,442,1203,91,642,990,1851
1811,12,1378,1781,1362,1289,1302,606,1757,635,175,137,1034,907,269
370,1453,1303,478,830,148,118,1741,1028,235,801,1811,1272,1284,90
57,1413,1842,253,1291,1042,1585,1564,1272,1028,197,1118,72,1199,245
965,294,134,1278,573,1374,857,913,956,1030,178,1496,21,138,356
1426,275,634,640,472,1088,25,645,785,1570,704,1136,890,1305,51
1254,894,1804,1241,1547,911,1017,1170,350,644,1188,245,952,277,1302
1243,1534,1837,49,259,18,1768,1328,1299,656,1147,466,105,520,598
640,1603,212,24,1488,115,194,845,1691,1182,1130,167,1585,490,1356
157,100,552,812,1683,15,990,1280,500,12,233,1300,1648,623,661
1005,855,1415,975,1691,924,1227,1733,568,94,867,989,645,23,1819
1409,167,1191,989,213,3,1093,1276,192,643,1195,1017,1443,1221,1534
1303,1555,1681,1662,1267,186,1007,1804,459,69,1302,1141,1291,262,1464
1282,1291,1741,315,1566,1277,93,141,1284,952,167,954,656,184,1426
23,1293,907,374,1374,561,1279,1532,94,66,1280,185,915,530,1276
