478,99,96,108,88,1183,1432,855,302,1489,46,1605,175,1364,246,254,1537
1345,192,1024,459,211,656,62,1478,1280,412,1276,1117,105,990,861,889,1297
89,1233,1150,1284,1135,574,855,1290,194,1278,255,1604,1418,1201,847,216,503
1303,695,1699,1276,310,186,1070,1293,1224,1105,1191,1387,1684,1555,112,146,1415
911,1257,129,656,166,535,518,308,212,1418,497,1006,243,1019,1279,919,1297
1223,736,1357,1168,34,109,395,1243,658,1277,968,335,25,266,1810,1807,1102
35,1204,1579,1770,1182,1289,503,1307,642,665,1631,1284,1531,1166,1162,181,722
1099,1852,819,80,874,1819,190,1117,1354,1432,1302,1279,306,1141,1217,1441,1105
1296,1183,98,197,1238,952,656,1105,981,1441,1432,1346,510,302,1280,87,780
669,671,141,1775,1226,1299,394,431,1853,246,127,41,1125,1552,1304,1817,1112
1240,1146,1566,596,220,457,1306,1084,716,850,1277,1304,918,856,556,1804,1125
1741,374,639,140,302,1,348,478,1498,1585,1457,1701,4,1580,941,23,503
1585,1727,101,1306,1280,949,410,1296,1234,1289,193,989,573,506,1111,1534,240
1780,644,74,1276,596,283,1768,27,376,926,1294,855,1706,873,597,1839,494
907,1147,105,1271,1015,950,1780,266,1128,293,724,923,138,728,1031,1307,789
1309,1784,646,1749,819,252,1761,244,50,259,1855,1166,186,402,1839,1282,902
1561,642,1209,1804,411,716,361,1293,21,889,956,478,273,95,779,1157,1584
1290,1445,463,188,87,459,1067,287,1061,1219,857,1753,52,1802,751,664,141
571,1320,645,134,1741,1293,1092,1344,256,1279,1271,261,1058,1278,694,950,268
460,284,85,1287,918,967,1840,65,243,990,130,1607,1300,966,863,1855,950
383,733,312,1682,1281,1234,905,1141,669,1498,1326,1454,1691,1217,167,1305,88
1298,616,1555,1306,587,170,1145,1804,280,268,931,1732,281,857,1646,1839,1190
185,1028,1252,1182,1830,1180,1278,133,232,1617,1432,365,699,1304,159,1783,1307
952,494,1301,993,1083,78,1776,1085,1817,1129,806,1410,122,263,1570,298,295
1839,954,269,1071,1281,181,658,724,1648,1300,934,152,37,1285,403,294,1444
363,1320,1839,949,1780,768,1305,177,1564,1128,1374,7,98,1741,958,348,579
1555,622,1282,1752,920,278,1064,1741,472,270,1539,501,545,308,1277,1518,1839
818,1220,1295,1792,1225,944,1783,1307,1802,1036,765,1585,475,445,1040,89,669
863,197,1240,24,1011,1312,1683,1770,1503,1306,1044,1246,123,712,1113,275,1648
1741,639,1305,697,253,1566,302,1068,1009,1817,80,1279,1801,321,559,1280,69
1293,1166,1292,1123,290,1349,1286,644,1297,982,890,279,292,694,115,1595,935
1276,1470,106,1648,279,1305,117,126,430,1804,151,1831,1215,1183,1839,1374,320
914,642,546,1695,1305,1759,1164,78,12,856,93,291,192,1470,1289,1199,902
472,1778,1290,913,1679,1292,1259,1741,423,396,427,934,1529,639,1200,41,291
297,1052,167,1088,1301,13,855,1844,1294,1292,1277,117,444,1776,194,80,524
1344,866,295,1082,218,77,775,1470,573,478,1700,1542,445,1307,1120,206,25
1111,1732,1112,644,992,789,646,1300,1374,1279,449,309,855,965,1289,1648,1596
1466,990,939,905,597,1200,1648,1303,305,569,714,321,291,989,1236,1613,309
93,1648,374,1300,1276,1478,1128,497,112,1778,259,862,1279,1555,1728,222,1174
284,1635,297,1282,946,1297,1372,1608,1076,163,624,826,296,1317,827,1669,301
1804,1247,20,1005,1534,74,1295,427,1150,188,122,193,1843,104,913,1851,855
470,1018,150,1780,532,502,129,909,1566,1274,665,1648,1671,359,1271,1160,120
1285,1811,1680,246,602,640,335,595,1819,1841,1303,648,498,1293,417,855,627
515,2,1004,715,147,1190,1783,1426,102,1323,1490,944,1811,1151,1732,278,302
531,1458,656,1695,641,254,46,1276,1294,277,93,355,1303,624,1306,478,1384
807,1289,134,1470,211,166,1760,98,132,1844,257,263,1198,150,220,1740,219
1295,656,192,1486,1282,1542,573,61,220,879,621,1071,728,139,1470,1216,920
124,1242,1445,1296,144,1715,1309,736,879,485,154,903,23,905,772,1007,640
501,474,113,95,1123,1533,121,1276,279,1741,16,93,743,1489,1790,1076,24
902,99,1518,1085,1251,478,112,598,363,693,1650,1158,857,596,989,1326,1677
1289,1262,1290,931,243,1158,182,1669,289,1294,258,233,1760,1657,1040,1798,129
1353,1291,1306,1012,1637,219,1334,1686,1583,1732,1846,91,1108,596,1155,917,459
1357,114,999,889,1093,862,302,1084,181,253,163,1374,1278,315,1243,1648,1094
325,690,890,1426,990,200,1660,849,1780,488,318,1049,229,376,1844,1389,321
296,996,89,1731,179,1179,1298,915,548,1686,1152,1307,1196,644,1306,1409,1302
1584,574,4,1192,1566,1296,279,1254,357,1741,1564,1354,1276,1036,1840,1516,1510
1030,1299,1752,247,244,571,1104,1136,866,1305,823,574,1357,1121,136,1102,1780
1067,545,1284,474,690,303,1774,333,1853,1564,997,1419,4,896,70,1237,731
1294,18,857,686,919,175,1117,729,1374,501,1681,1285,61,918,766,174,27
1387,713,1189,596,1284,1688,1804,1807,1,1417,1195,175,890,990,1836,279,1637
399,383,1301,1299,1838,1038,1305,1284,1182,132,1839,176,149,620,1547,280,1534
185,1228,1752,262,58,1306,1023,641,889,571,1689,855,1128,1566,1780,990,466
451,581,1106,70,1223,279,989,1815,1188,1214,1293,731,1022,640,1079,1120,1564
1018,1817,990,1694,1279,596,309,1017,1674,1145,74,1235,907,668,134,475,1307
681,995,212,503,728,1289,1145,855,272,1182,1292,1741,999,1577,1426,1067,270
583,956,1778,1489,544,21,1834,27,918,803,991,1741,1361,1811,1819,1341,697
1708,1188,903,1613,88,1274,1306,621,405,80,823,253,194,345,1107,693,990
192,1741,1266,1278,50,492,349,696,1566,27,1695,523,89,1620,69,862,1301
1712,1164,217,1065,1003,477,103,1188,921,504,1278,1775,1470,50,1817,1084,1837
1343,1841,185,680,1374,79,641,108,1780,691,1005,1032,1279,451,990,904,1047
1078,220,1555,1722,194,1289,1172,1150,1604,1136,1264,821,1306,47,533,133,1361
943,41,1648,759,537,1344,1741,252,1441,1291,993,989,642,543,192,691,1778
1009,644,340,893,1073,1282,1117,669,1169,588,1068,1306,454,1752,220,1811,139
1030,323,1026,1374,1547,312,967,1606,112,1284,874,915,1373,271,17,1840,163
911,956,1319,1300,1041,192,1305,1281,268,1294,435,27,1173,1564,759,857,1052
1776,1415,1005,1669,76,245,135,1294,675,1092,728,917,1648,792,112,1071,1146
103,1472,459,23,1280,1301,1780,911,1403,77,1227,80,122,754,1034,1152,1298
749,188,817,718,457,1720,244,167,893,574,1091,943,1307,1303,71,478,1094
1771,1297,1182,927,1029,1472,236,111,1278,1064,1611,717,245,1483,1518,1013,1268
1292,1780,1073,1299,1307,1216,27,1710,56,1242,614,845,105,855,1276,1128,1093
382,61,1034,479,821,718,684,644,983,1584,1136,1491,1528,72,641,908,964
832,1570,811,1016,1780,689,100,570,1804,938,1385,1301,867,560,1752,76,74
1597,1279,281,1276,1759,291,1182,1294,1440,814,170,245,152,596,268,1332,1278
1648,96,1802,50,1804,297,1605,76,137,903,1547,946,1094,530,928,79,253
1804,197,661,621,74,1150,987,274,253,647,142,1285,1266,878,1014,565,1280
278,1303,183,179,264,1029,1032,106,1511,1731,1284,645,156,1379,895,807,1276
523,608,1389,638,1129,458,302,1564,88,1076,1706,1307,503,373,274,1237,1090
823,1844,520,1302,720,258,1702,72,1217,27,1235,217,533,295,186,1489,687
499,1289,621,982,1691,1824,1306,412,644,1811,588,972,1492,1154,1301,925,1354
640,1374,1217,1814,307,93,1289,674,1276,1291,1781,1531,1293,1302,1566,1240,1294
1432,1289,1299,1488,212,1282,195,259,146,280,221,1269,128,934,1648,1041,141
855,1702,1016,658,1769,140,1282,63,165,1787,953,26,142,677,280,1290,1739
989,1840,366,1369,23,1279,190,36,1334,405,1796,713,1274,1761,781,615,1052
1472,1851,1306,159,1417,1183,1566,1732,1552,1741,70,206,91,598,1289,1776,1780
1094,1415,1119,1306,188,267,1648,1744,1034,856,1305,1819,1293,1276,1280,374,1092
1198,1276,265,1039,1286,190,25,937,1749,1698,1146,788,618,733,1292,700,1285
575,968,291,1515,1266,1804,1304,1071,1294,917,1001,1451,184,270,1613,478,312
902,1662,697,105,408,1298,1083,23,127,1572,1780,1851,281,478,1230,1041,1511
1780,1741,1790,1343,1116,144,1096,1174,1259,253,1529,1669,1705,192,99,1830,1136
1846,1229,1594,1580,259,970,228,1301,1289,74,962,989,627,1277,1627,1472,1692
1449,114,176,557,640,855,1691,1306,320,221,220,1205,1083,99,1811,1366,656
1566,1296,120,1472,19,894,1492,478,656,1811,1839,889,1819,574,1432,1612,80
1441,1426,664,1306,1564,55,1183,1555,568,1804,271,132,1303,88,243,1791,1781
1610,1581,287,1730,546,1509,352,1209,458,1564,302,1347,1542,295,90,688,1041
1001,921,1306,374,358,1292,430,794,1492,267,572,1648,1482,596,910,223,1488
1026,1683,918,25,1302,712,641,1306,268,1841,175,1192,939,1566,1297,80,1432
1289,540,136,77,290,1265,1260,318,1306,167,102,1569,1005,220,1287,1374,166
220,1401,684,697,216,1045,1119,930,1024,989,570,579,1303,1780,1804,602,294
856,303,245,427,1230,578,123,970,918,1492,1220,1713,1125,1303,1242,1302,1276
12,1307,1571,1804,268,1531,1332,225,993,599,1305,1741,914,157,745,1702,93
270,702,736,137,1516,1059,831,81,1420,1853,934,1290,1426,1026,494,415,1163
942,857,653,914,539,159,729,269,636,750,177,100,1223,88,478,1574,1648
141,87,1052,178,1163,598,1279,1241,1127,855,186,303,1268,1308,459,312,174
150,76,722,1146,1353,1272,1276,485,89,1257,596,588,178,490,990,1102,1305
1432,958,260,1407,1278,415,126,912,1470,1374,16,1188,307,285,1430,1752,1832
821,1566,902,1081,1447,302,148,1802,1799,908,1439,1306,1776,1490,1585,1564,1780
1819,233,1007,1305,293,1236,914,1166,253,60,1132,956,139,595,1237,1298,1294
1306,307,755,376,1293,405,917,152,1773,1686,137,1040,101,1282,989,175,1432
1276,1473,1291,890,1294,1759,1183,1569,919,133,383,1516,990,997,1292,1635,920
4,134,1302,644,1673,901,1161,691,692,1806,1353,985,1804,819,1307,1282,1830
687,179,121,1305,640,1535,1299,1679,81,186,1297,656,937,1847,1160,1648,1533
1529,1291,105,279,1318,1593,93,1555,1237,1196,725,1278,1512,1152,920,1299,92
1182,95,111,713,1084,877,1819,159,510,907,269,277,1610,1804,281,1303,1752
833,1199,1627,1741,1226,1648,1782,856,1566,1328,374,705,913,1076,111,1441,1585
1281,381,857,410,1306,1752,743,267,1073,1233,1129,149,984,1284,748,1374,466
233,1171,1490,151,859,1585,568,245,161,1693,1034,1549,1762,1296,282,989,1449
946,1279,1088,1374,1540,1076,494,1229,1554,972,1741,1067,141,108,114,192,354
1697,1852,1223,1836,1029,1417,253,1102,136,170,1676,374,919,1533,924,1821,767
1759,989,1778,1695,823,179,833,1296,212,862,331,438,1603,1284,1472,1566,1305
1741,65,91,1855,275,596,688,1847,1034,35,1270,315,991,1313,1161,1595,279
395,307,274,1230,74,976,1378,254,4,550,835,1239,481,990,24,265,1839
1276,185,1148,668,1851,820,1840,1083,151,669,917,641,1053,1005,1007,1780,1711
1305,1752,1768,1648,65,1298,1309,656,1732,192,27,309,259,1519,1284,1555,478
818,1291,1550,656,793,269,181,1776,1264,632,1618,1034,1017,1585,1101,772,906
597,1292,848,1657,921,955,126,1566,930,1546,424,1030,1738,1224,296,1238,1230
1780,918,139,119,377,1262,1547,1249,1018,1183,1051,176,1472,126,797,772,259
129,1007,286,1182,1303,1732,645,990,636,23,203,958,683,1239,24,1305,1279
1629,913,1305,24,563,135,616,1817,1752,1186,1769,1075,1648,1267,989,889,972
1290,641,253,491,1296,478,357,1804,1491,27,1853,1784,581,89,1281,913,1305
1817,1564,506,1232,1726,718,1276,1374,1708,912,1242,980,430,759,1757,465,1294
1307,1830,714,1005,405,186,137,890,1731,657,78,1162,1853,776,644,1817,1732
1551,1297,694,1165,857,1731,354,506,235,1292,596,1841,1198,248,571,121,1137
1294,1301,1736,1306,403,1851,1120,153,114,73,1147,590,1034,93,1289,1303,1302
927,1320,793,1279,893,1280,662,1367,1110,219,1839,768,1581,1291,1536,164,1278
979,1837,1821,411,316,1728,1585,352,348,1714,909,1276,1141,1289,290,738,912
1069,1564,1752,201,1424,1846,920,1802,147,1040,1179,1486,939,924,1293,903,1447
1128,878,98,1821,648,540,100,289,990,137,1704,285,635,776,1546,1306,1226
205,1529,749,1509,1161,1289,643,1547,890,1804,322,1839,872,1472,1696,1798,295
523,348,790,847,1546,1426,312,1555,1716,1306,1374,1634,1804,133,1247,283,947
1305,227,1417,880,1426,65,418,1811,863,153,641,1566,1564,1555,1321,1225,294
1657,1695,807,1815,784,93,1341,1377,1759,535,1648,1251,175,1808,23,292,176
540,972,105,1310,1284,1190,1360,949,1094,1007,1306,1804,549,621,990,1343,1298
197,294,1289,1752,1741,1616,1297,1190,1268,1811,1049,233,139,1256,1789,984,549
745,1258,579,857,146,1845,686,1741,1401,1432,1490,1285,1050,11,228,185,893
1289,557,977,74,1830,181,724,1836,290,1516,1294,252,640,438,1123,1183,1030
1190,70,1147,1552,307,1844,494,138,323,96,1278,1780,1686,1072,1280,640,74
1307,973,74,70,507,950,1029,1155,1299,855,1352,466,1484,133,1780,1038,1398
478,1299,950,1817,641,451,1824,1712,1224,509,766,1776,1341,155,990,1294,246
302,645,1246,402,193,998,596,1680,412,806,1030,23,1305,1844,1819,1403,918
290,3,354,1304,295,410,982,99,1298,1300,730,1340,1282,603,256,88,1299
1783,220,1005,919,473,499,1804,1741,665,1076,1306,222,918,227,1584,1689,1432
1320,990,1192,699,41,142,1811,1787,114,1819,1188,1229,509,890,1305,621,1293
395,357,70,1068,1224,134,1756,1566,640,138,1797,1805,1731,821,1295,1018,629
1292,1566,1284,890,1774,1306,779,268,658,1580,1247,244,913,597,222,92,1536
907,746,262,296,877,37,1289,1128,1574,1298,967,902,1835,1022,1720,1811,1410
1490,776,855,8,259,1701,47,381,166,1704,180,1294,1780,91,1281,1036,1291
61,1685,1224,148,1347,145,1607,1167,1118,902,7,1279,1298,656,1141,1183,272
1302,146,1804,1599,1409,1564,457,1101,1467,87,1257,1306,831,1780,155,1298,22
1292,139,1432,1648,234,848,169,875,41,376,245,1595,568,1281,271,917,1307
413,260,670,645,1015,1784,1321,1174,12,642,1305,1179,1752,1340,214,74,268
470,95,277,492,756,167,1801,136,229,25,1208,1350,1150,863,1306,1287,1073
319,1490,1799,823,588,1304,1033,876,256,1689,478,1208,111,235,990,1744,389
1684,1292,1587,1290,1182,115,1298,596,833,1699,1234,18,185,154,225,27,1148
1128,1145,1280,1778,217,1426,894,1276,1783,1301,356,885,859,166,71,1305,1432
1653,135,393,1741,1296,920,1752,302,1783,1824,1123,1801,1269,820,1637,1303,1136
1619,694,307,25,510,1012,989,990,1533,645,1463,511,598,1432,36,1444,293
103,194,1819,74,1307,1570,1034,285,283,193,1445,147,190,1374,900,1236,1584
1349,408,1691,503,1839,1564,1781,1432,783,889,1555,1732,1787,284,644,1290,74
1748,1374,479,46,95,1680,1231,383,3,982,219,973,255,294,782,1298,121
656,165,465,1251,460,256,1561,322,1778,1372,1112,169,1256,1821,308,1292,990
1817,1250,1374,150,1839,25,137,221,890,1491,978,1245,293,989,609,984,953
596,1674,1284,1389,925,1770,103,1692,100,1028,126,220,798,839,25,711,1087
1300,1659,1281,430,126,1007,100,245,664,1292,1584,1749,1507,1741,1547,1778,656
950,623,1281,482,108,1215,270,1182,1307,589,431,145,306,1040,1305,1539,374
1060,1410,999,149,3,1301,466,103,1283,1176,200,978,1086,645,140,177,1805
1013,1280,494,1590,1018,1088,137,1301,328,167,229,524,640,1012,577,1840,644
1256,25,179,1694,1690,1744,1182,1300,655,581,1564,1293,78,27,1432,1693,1770
1026,919,99,72,1303,1117,1640,178,498,1136,1042,219,229,402,1092,284,245
1303,1272,360,1757,1278,1307,1276,516,104,897,452,71,194,1281,857,1374,859
308,522,669,1306,1498,435,1546,1734,1323,1201,1844,255,1018,1731,142,1213,640
1113,568,23,1502,1286,1245,278,1303,1781,912,1818,252,93,980,1032,845,243
1178,1307,645,1704,1259,361,734,551,93,287,536,255,302,1761,1009,65,1584
1648,1817,1811,889,773,1306,1459,1708,1298,1404,1145,495,1293,1301,123,1542,1305
1732,1617,1292,1781,602,254,598,177,1146,714,1025,1564,1300,1083,163,275,1016
21,30,1305,70,1232,1747,1284,225,905,78,102,530,1054,1306,1648,1555,990
695,139,1804,912,24,1728,1073,1648,641,1770,133,1759,1778,1149,1294,1310,1216
1595,913,22,1294,1409,156,1276,865,1760,254,395,1278,260,383,630,1279,752
1307,859,291,116,1804,183,16,976,148,1290,181,1566,376,1490,1660,825,245
1294,478,415,56,990,1839,1295,99,1041,1822,279,1717,1288,1840,1307,1472,148
949,1668,1355,790,175,1306,989,1492,373,1804,1861,1006,100,645,28,1030,1141
787,1752,297,1778,1584,1302,1705,1284,1609,203,887,253,640,112,1448,919,1817
254,51,1191,1752,186,1298,1483,656,977,570,559,815,136,244,1356,1164,680
641,1693,1263,49,965,176,1183,1291,1225,1259,857,270,1690,949,451,824,912
990,294,822,95,490,292,1825,1225,100,1289,146,1349,1335,1809,1802,1276,1280
78,1706,458,262,186,1432,749,1237,309,1306,644,277,1687,1191,100,112,1479
93,1303,83,478,723,1115,1299,1554,1193,284,151,864,1837,506,135,823,23
1601,526,1640,1177,1293,284,1801,223,98,913,1147,171,613,1129,1752,644,639
966,1648,990,1150,1295,1292,1741,1192,253,80,1564,77,1581,720,1728,1819,281
1804,1250,789,1169,1294,1177,190,411,1182,950,233,103,717,27,842,1278,1472
28,87,193,1287,1237,1659,99,1799,1648,1295,26,220,321,1728,990,1289,1165
12,699,1345,465,1607,1295,1040,489,1701,1817,1622,832,1074,1426,1304,1260,1775
1298,697,1326,1040,1305,3,1292,494,112,234,1388,1306,1681,88,1092,192,890
931,1276,1727,1843,1752,1264,219,927,1338,259,177,636,1648,1829,69,573,308
1266,907,992,1712,1278,1069,533,1265,912,1811,1393,1580,588,1277,1033,867,635
1295,93,916,1290,1302,1281,273,1036,163,284,714,878,1343,1282,1243,934,702
1741,1277,1338,1036,71,1290,739,163,596,1704,1302,844,1280,287,1165,855,1547
50,1238,1841,1300,1610,93,1011,466,1367,546,1741,1648,1165,660,369,12,70
596,1202,687,901,1305,1826,1842,1780,737,121,1546,1811,903,898,167,1291,1555
1266,1489,1192,1280,1133,1305,605,1813,186,244,1741,914,202,1289,1319,1094,1555
994,578,693,1281,478,1589,1733,1858,914,1155,1087,631,1210,1712,1276,266,1223
307,1289,70,39,1741,166,1181,1120,165,235,1320,1127,490,1292,27,923,1605
945,140,1732,1819,1479,1304,1711,645,1305,544,1094,845,105,112,968,1498,1804
1467,1555,219,146,1036,145,1819,1229,1207,1051,1583,1058,35,1843,1426,1303,1022
1704,1426,1341,1648,428,163,258,1114,596,669,972,564,651,98,1732,1558,291
219,1288,272,1336,129,1231,1853,816,1736,1285,654,1279,644,521,1179,1552,39
461,383,156,829,696,1279,1644,259,152,1550,12,840,112,1375,1374,1138,1290
1216,548,284,778,1846,1169,204,1760,953,1566,877,716,1247,270,573,1284,1147
1303,1233,1187,914,1064,180,1566,1449,1199,1821,1830,1802,952,972,1849,514,1266
1678,508,60,540,1295,1280,1294,100,1230,139,893,814,1292,1817,1299,1564,674
808,890,1303,1781,1233,159,1851,1840,1140,749,779,740,374,123,129,920,990
656,146,454,1018,1293,1781,164,122,1161,1277,70,764,1725,253,1080,1304,1158
1585,1298,1804,1182,653,221,1000,353,122,459,1741,1303,928,1215,566,312,101
1564,580,277,642,1503,116,961,1282,740,108,953,1258,877,1259,855,1784,1198
1720,594,1862,1585,1778,565,1430,1084,504,163,194,1594,1292,335,521,544,1648
1804,1778,959,1326,126,1555,89,448,1009,1280,220,575,306,1305,17,212,1801
1804,262,1138,268,1849,1268,1284,147,1301,1781,194,1839,258,1276,1733,1289,1859
1374,1479,990,1849,1280,938,281,559,141,126,387,392,766,630,1292,1298,1221
987,981,1491,1136,919,1564,596,1076,1284,765,24,1085,1764,319,192,1585,561
1334,596,1360,1276,268,1165,1648,1083,1480,99,1752,1063,1817,194,192,269,641
855,478,308,903,1778,1371,1295,1026,254,990,679,1294,1182,1279,69,935,24
669,279,8,238,494,1776,1811,16,656,27,527,282,662,451,906,1426,978
194,1340,1165,43,133,478,1182,98,474,1279,253,152,848,853,1566,596,1778
1152,151,308,1112,961,1821,1306,1092,363,1409,266,1280,278,1822,147,1302,280
175,1147,1089,129,1607,1534,476,87,1298,776,121,897,807,123,1291,1014,1305
1679,1276,1517,989,598,179,269,901,1804,1306,1488,772,263,83,1299,1738,54
642,1030,1554,1279,46,1293,1232,817,914,1036,1701,473,1112,1426,1173,12,1242
576,1074,1448,1555,1303,1778,84,561,1732,415,1278,1798,1197,1616,1648,1271,1207
1665,193,279,1240,596,1305,1470,659,150,1278,1307,262,1748,1062,1760,1607,1284
1564,1295,1741,245,1018,1187,1290,1789,1158,1359,1776,22,292,1702,69,83,659
1292,971,993,1554,467,1046,688,1482,1145,1744,174,1739,703,281,451,245,1207
1295,1307,136,645,119,51,1741,1542,1372,1199,1298,268,466,1585,1387,343,1051
1294,1556,374,1286,1275,1182,309,939,1235,553,1576,1482,335,1266,1306,910,25
1292,1187,632,1162,990,1307,989,25,416,807,1804,1250,1318,1132,84,267,914
1595,74,1728,23,905,1066,902,1235,1256,221,1237,1371,99,1318,1067,855,1001
148,1749,1741,1374,61,1010,827,890,324,1625,297,235,1291,1064,260,1177,912
1093,103,776,454,1306,1294,1319,603,1732,1019,770,999,1289,192,639,1776,1840
1256,357,1181,683,175,214,945,615,305,134,1781,1145,381,645,180,1142,1730
44,1682,1547,176,417,374,297,938,644,156,74,1266,963,263,429,1022,981
956,1337,748,104,1279,500,876,1828,219,995,775,613,489,1248,379,1034,1040
171,936,1303,1787,1741,259,905,1582,363,1566,1247,903,1189,1523,95,915,957
25,1011,1441,1291,201,83,1416,966,1010,1780,1209,533,1564,623,1245,1211,473
1294,1214,1303,748,410,1371,478,1550,262,989,1282,1722,1845,220,292,120,909
641,818,324,83,301,1306,910,399,310,132,993,176,973,277,98,138,811
1497,108,1167,1741,141,1426,489,227,1648,163,118,874,228,1804,989,890,164
478,469,656,1281,1568,1778,1648,960,1599,1004,1213,934,150,1752,1282,1284,919
1545,281,645,134,971,1136,51,1687,1297,1296,859,459,1491,1557,1294,95,911
166,1630,601,899,219,288,24,1488,309,70,273,1555,1278,307,311,1290,955
1123,392,25,973,1276,1820,624,1076,257,889,503,536,1655,268,94,69,74
1306,1151,952,1563,1628,1285,621,1003,1019,93,292,1595,27,528,890,990,74
1412,333,1339,1188,990,1555,1125,1281,1424,153,1191,907,1506,478,1684,1088,70
1542,1783,193,1776,1804,1191,1184,1724,733,190,596,1284,731,855,565,641,744
176,1781,1830,177,856,1804,1304,1356,1776,1278,1306,95,1733,87,1276,1585,98
784,553,1184,1566,281,1693,1648,1303,1711,435,955,641,1178,1285,1383,282,665
1276,1007,100,707,1558,233,1778,600,246,1648,1426,539,532,1281,1343,573,1278
1732,1297,1691,853,1305,1264,1491,120,380,855,913,227,914,847,1545,27,1677
556,1190,350,640,1350,309,819,373,1741,305,1566,1687,920,1306,1309,1752,201
446,1092,193,596,320,1028,1156,70,1128,519,552,1285,1426,756,1281,1670,1279
1564,1295,253,649,266,365,255,269,798,1804,1568,1352,1741,283,1783,1688,1076
1756,695,98,821,70,1811,1302,1276,1690,23,798,713,1303,1680,1289,550,922
624,1731,1278,905,967,843,1286,1076,256,297,84,865,377,192,1296,390,1804
1277,1679,28,698,833,1182,1034,6,1051,337,1162,74,639,176,656,1468,134
1333,312,377,1291,1276,1235,1432,1804,1840,1181,973,1115,890,1709,1190,546,855
27,1426,912,170,136,1741,1091,1290,139,1612,104,624,319,175,1804,990,1183
1233,627,107,6,1679,177,990,626,1186,1531,1610,811,285,1673,778,581,1547
70,1297,511,1172,74,1058,296,1658,259,669,1181,1280,182,1278,141,164,1757
1052,1327,1456,178,733,86,27,909,918,596,955,1463,150,1078,704,1303,1294
1132,285,990,1266,39,1056,1811,1294,114,1114,1311,1016,1296,1293,642,78,146
23,444,75,54,1080,1780,100,1289,659,1249,74,1727,684,1658,1014,22,1303
1780,1752,1432,181,478,302,522,779,58,269,860,1307,234,1488,1374,588,1199
93,1164,523,312,889,1296,1776,1281,1068,83,1278,290,1154,1282,1747,223,1303
1812,1657,530,1778,1152,1294,542,1163,1676,914,1154,1617,1665,748,1585,229,1128
689,282,1841,1276,1232,1799,1804,1021,445,492,503,1752,1306,1278,1086,95,269
99,70,695,131,1417,1515,258,893,642,1333,166,640,658,302,192,564,1289
1347,1844,981,598,112,242,1012,1208,20,289,1058,1176,1297,379,273,1184,135
1817,269,1285,1390,88,1280,529,1242,1374,1256,1819,1194,723,43,193,1708,1068
296,955,1297,1686,1084,1861,1804,1584,1663,1783,1604,459,596,534,1152,101,152
768,1776,302,1303,1284,275,1267,1744,489,253,1538,641,1819,1088,1817,136,1025
502,1595,1547,298,902,1733,857,1585,1564,1266,293,1542,776,141,289,149,100
911,1336,1474,1780,1817,321,890,1041,918,1409,979,764,312,1267,853,1611,1166
1266,1751,1029,1285,149,574,259,516,1741,1457,1547,598,1357,1094,643,1145,1155
1253,148,1299,779,1796,1257,490,701,1039,1304,614,1842,1558,1285,954,356,1563
58,134,925,76,907,293,1084,260,23,26,1257,1565,599,148,200,1863,1116
257,1290,744,1620,230,410,640,235,658,520,305,186,656,385,890,96,572
1741,754,1804,1555,1285,402,276,1276,1718,1282,70,139,412,925,1564,133,1710
1804,1776,1291,39,1219,678,220,190,186,321,1277,100,1707,1146,841,1513,169
823,978,132,1245,772,982,199,1824,885,678,1503,737,1068,903,1280,1298,453
126,955,1327,26,1307,889,596,1778,1298,1067,1049,1183,1648,1182,1050,1570,262
1361,911,1223,1797,1776,572,545,76,1306,1840,1305,684,325,70,295,1122,1178
256,27,754,1483,783,1041,613,1374,890,1117,273,25,1470,89,1752,1607,1566
1280,1611,9,588,1296,1708,399,366,989,1417,253,402,403,677,1073,1648,319
1700,1830,260,366,1034,1167,802,1627,1840,1243,1075,268,1076,1285,1071,574,45
1299,1307,250,1311,641,1303,917,1360,1819,1440,745,1732,181,257,152,1297,1472
1661,1648,966,1199,1778,309,1388,956,602,1294,1301,1200,525,407,1719,588,1741
690,1000,193,451,156,965,922,26,285,176,1756,1719,872,1027,1374,645,1285
270,21,411,704,201,596,1741,948,990,504,1017,870,1032,1290,1566,1011,256
12,760,285,866,1388,284,1321,915,1280,1257,696,1368,492,1555,1128,1426,234
1711,1284,545,1007,789,980,35,568,90,984,1134,950,610,61,131,1714,91
918,1150,261,310,1780,1307,1228,1579,1176,1498,27,686,504,1839,1676,1484,58
413,531,1550,1272,374,779,523,1225,275,1529,188,1784,1298,139,285,1712,244
78,593,1309,1035,596,417,1289,1290,246,492,221,890,284,1280,1285,1304,1474
74,1266,1804,90,623,695,855,1811,134,257,39,1279,335,1074,645,684,1073
357,1279,325,471,1278,264,989,1360,189,1096,12,64,1294,596,1644,641,1173
112,1145,375,90,1566,1792,254,1798,27,1294,1759,536,642,1296,1327,1276,1740
921,203,121,1027,373,1453,282,1778,1204,912,1235,495,583,1747,1109,1783,157
220,1799,23,1539,1566,112,990,1139,1073,1247,12,94,1432,1182,426,1192,1669
219,264,1284,1314,105,89,1851,943,1811,88,1306,1824,316,965,1808,87,1585
1294,1566,531,1804,1175,292,1647,1263,302,1855,495,975,1781,1558,972,1026,177
1278,1273,355,950,93,1013,12,1578,1303,1566,976,290,1087,1405,320,289,137
990,642,1220,1083,1279,296,1618,1830,117,1084,1277,411,1051,1297,1741,1136,95
1165,607,159,1383,66,1294,1606,27,1566,1300,978,1306,1812,288,1097,1091,1648
1125,567,1778,1401,1549,562,88,1741,645,1648,1861,244,25,105,1332,1415,306
1566,1581,1717,642,989,473,825,952,855,1292,645,134,948,1073,1669,1547,1302
1132,121,1238,922,312,292,179,943,1100,914,1551,1037,116,548,149,89,307
83,641,259,1817,1712,1277,1280,190,152,219,942,261,1145,1752,893,1285,613
1294,382,409,629,754,298,70,1545,193,730,1293,1524,644,980,333,220,1819
268,702,1314,1307,1704,1287,1297,1585,1583,1259,1034,544,1817,459,98,681,23
474,1804,989,618,1752,823,1221,1854,385,959,1018,1275,89,1712,145,1490,1248
897,1113,1299,1703,1552,219,1145,1696,666,856,485,581,598,1769,175,1307,1294
1465,65,1232,889,1780,1673,1438,1293,382,681,1752,848,1690,950,1783,88,1490
1357,1534,531,1304,695,194,482,272,811,478,380,50,1280,1694,752,1303,907
1279,1192,1303,1250,235,291,921,811,469,1674,709,1732,279,483,1762,891,1298
75,1593,919,1100,1819,992,1712,1648,1285,656,1299,1102,1243,1153,789,855,990
488,713,103,1648,1401,309,890,1537,78,960,1291,1517,1564,623,1017,1277,70
452,1234,1752,1225,74,103,1138,127,1011,1714,1291,890,680,1300,475,1853,1306
259,101,641,1290,1648,833,1811,1321,695,186,1303,1780,1470,535,856,579,295
170,1517,1279,1190,755,459,1305,253,85,1297,596,1160,1298,98,924,27,1304
1302,596,268,1296,1076,1240,430,1299,1804,255,1434,1169,1776,1191,1566,1814,1472
1160,1024,219,1415,128,1780,1689,1534,818,778,808,1276,656,131,924,1778,104
1168,358,459,1851,70,214,1727,1722,1306,1285,404,870,1689,1289,1683,4,970
1099,1574,1786,1847,890,1307,70,12,1479,392,1163,1819,993,1804,825,1853,1451
857,1615,1741,1147,1547,1839,1648,25,672,1181,1374,663,1093,1372,1662,642,1294
1567,679,361,1294,919,730,79,1071,669,1566,1042,1747,1697,1444,286,1149,1145
914,1303,903,277,1780,506,424,1289,299,1585,1355,1320,158,179,1242,623,1268
1370,1749,132,640,198,1804,1763,719,1256,1182,260,293,588,1076,1472,1787,1033
1470,122,1289,1183,1621,112,1224,27,1296,475,1804,202,620,1830,1307,1248,1555
1781,286,1285,1148,1498,571,1817,312,790,775,474,486,1225,1648,159,1798,798
990,91,27,1295,989,478,1433,697,1859,1305,333,144,137,1052,1780,219,1383
581,588,673,376,706,1741,1305,1830,61,1012,487,902,1224,1301,664,245,440
1776,234,1329,165,990,1306,1256,894,566,1216,993,288,61,1293,1741,1043,1307
74,1374,1294,875,1472,1242,1545,1118,178,1544,7,1307,785,595,1038,135,1296
198,286,1300,1251,1053,1307,1278,1284,214,1769,1106,645,574,157,1073,24,1140
65,1552,1472,478,69,253,192,1298,955,1000,964,1374,1524,1288,1492,1741,1306
1293,148,1297,42,1299,636,821,272,451,1257,361,1586,194,759,1298,990,541
74,1029,118,1277,25,1276,185,41,177,573,589,279,1374,1648,114,1817,62
1638,146,952,1299,645,26,919,993,1371,1302,257,1103,149,1304,1278,1836,1158
1711,536,12,1776,589,144,1439,189,1302,1842,1082,303,1301,1524,163,1783,1281
1617,710,1278,961,618,643,1298,1042,1222,1277,689,1518,1305,1724,935,292,89
713,27,296,1708,1780,414,917,1619,1648,1544,358,1566,1697,451,602,1804,1153
1840,1145,842,1432,637,1266,1276,70,128,207,1029,1271,1168,684,748,269,23
1281,142,916,89,870,1238,1811,1778,1257,1108,27,277,990,848,1279,998,1566
472,1191,1290,1254,749,1554,166,253,1307,100,1364,201,1294,1711,1417,550,1028
1830,1648,1076,1781,1280,1702,1290,909,59,970,256,275,901,475,221,1326,825
779,1300,853,291,1183,1294,1403,214,1018,1224,1144,1251,725,985,369,83,874
968,1306,1132,400,572,1355,1275,1784,190,1441,117,623,901,1025,1299,354,919
1732,1294,1807,1295,54,7,1689,134,1095,1172,23,1777,1121,990,383,24,901
1109,1009,692,274,1337,1853,547,429,285,899,1173,100,1156,503,751,1298,989
278,855,86,1613,1549,721,1187,163,1305,362,1303,1307,683,204,444,706,1704
1280,66,255,1279,887,451,74,772,713,1601,121,592,857,120,1669,285,1648
1295,1279,280,923,1299,1276,1007,100,1710,1158,1306,1294,856,118,1266,941,1036
1071,568,1206,193,1323,1426,1289,1147,351,105,123,532,890,417,1164,800,1277
273,909,294,412,1291,1277,1817,1294,1301,1276,1564,1095,1783,816,1778,1648,989
64,163,1829,645,1056,1191,1306,1125,150,926,308,819,1448,1525,451,642,877
258,181,761,124,426,1566,1284,923,937,1295,645,1306,1468,1565,1752,574,581
909,1776,645,181,1585,1775,695,139,812,1804,1144,1767,1288,1840,1645,1051,1584
1686,701,1165,244,311,1349,1068,1331,862,581,1145,1307,1534,445,646,1180,164
1704,900,54,1648,394,37,1426,69,118,1554,1228,178,1289,1689,913,624,570
259,297,917,640,284,645,1084,1126,1293,1338,162,1823,309,1141,1289,1184,128
284,123,1840,1188,572,1328,1229,312,1247,436,568,172,966,293,1019,1426,244
855,1278,880,632,1292,404,374,656,717,1191,1490,1585,1323,509,1073,1074,1294
86,526,1301,87,136,1132,989,76,126,1094,1068,78,1291,1397,1545,918,186
1723,932,269,1565,147,186,469,69,1304,166,1534,1580,279,1292,219,193,1289
1778,1517,705,1234,1564,288,1034,71,136,1036,1384,1302,27,729,1049,25,1691
69,1429,1373,240,1106,1752,388,1281,1819,219,288,1139,1306,1305,406,749,871
1479,606,1710,756,104,1432,179,1290,202,438,1783,920,12,990,845,1291,1294
713,65,1290,117,1276,170,64,1612,230,414,1016,1417,1314,512,452,725,548
1625,1068,954,1302,284,1291,361,779,622,22,921,511,1295,186,1217,636,1817
952,26,1290,359,1128,236,177,101,913,708,262,459,1303,937,1778,264,829
129,242,149,623,641,779,782,188,1137,875,295,23,1192,407,171,1747,1039
1426,1302,243,1284,1294,1295,217,501,1104,920,180,1045,989,1250,1049,918,677
1187,808,592,912,1804,1175,1278,1297,1456,98,1564,1076,1250,175,1415,315,193
839,911,1472,27,938,1234,245,872,478,126,1175,173,952,1470,990,913,440
1290,173,779,168,1053,1193,180,509,99,544,1513,221,1433,666,446,896,414
656,1041,279,1148,1821,1294,24,1279,407,1319,131,27,1768,1011,1783,287,176
428,595,1432,70,1098,408,1138,1275,1276,1017,62,1705,228,919,835,874,917
1506,290,1578,1159,25,93,875,312,1752,172,917,1681,63,1352,855,78,163
1723,1534,268,524,1125,1073,138,1547,259,967,1165,979,1307,1284,104,908,207
669,39,201,761,100,1294,857,243,24,459,275,1115,289,855,485,1275,1374
1289,160,322,268,1804,156,1305,120,825,389,1564,417,302,1215,290,1841,1307
27,1182,784,581,1049,1306,1824,583,727,120,106,1703,722,1516,1093,49,1830
1745,1049,179,403,1547,856,1669,1134,27,1068,1098,611,968,33,136,1336,1055
1689,684,150,785,235,1051,855,1800,303,1752,1358,1492,128,1088,1657,875,1276
1247,71,967,108,282,1216,192,1512,18,573,656,1300,1149,1051,1009,1182,87
1187,1711,1320,132,246,967,969,307,1327,723,201,203,1304,278,1036,259,686
1208,936,80,163,123,949,459,171,1223,385,1206,1301,70,1177,1265,1088,1585
535,193,640,1230,8,66,1233,1305,1058,1617,305,1688,58,91,1741,1304,138
999,1669,175,839,184,403,1804,424,269,1278,953,105,273,941,1784,1688,1123
1776,989,83,145,1284,1292,1191,1303,1291,25,1655,260,1257,1688,23,1306,1648
108,95,574,253,1280,937,1597,1184,139,1006,596,1018,1681,1294,1756,915,1215
1286,93,1041,1696,26,1250,257,137,121,1189,889,1284,935,1819,890,687,118
1299,81,1712,1294,113,1573,27,165,1374,1257,1697,1305,18,1756,1839,1492,1211
1034,530,1488,403,1613,531,23,129,1568,1291,90,598,1089,509,1505,1648,151
143,1282,650,1175,333,579,1217,1280,1778,175,1490,1279,493,971,1145,1278,639
478,1298,740,1307,1296,70,182,1303,914,297,1284,34,626,1804,1306,1444,641
194,494,1240,1160,1770,443,1708,647,990,150,186,469,1201,126,74,113,913
1032,1160,1762,247,1585,509,1028,234,890,275,190,219,1191,1307,1805,1362,91
1374,1280,1230,1350,1115,411,1472,1333,152,767,292,183,1034,955,1305,1824,302
1768,1303,1052,1637,1807,384,1284,1040,261,307,1306,1770,1304,1409,343,861,85
444,1304,863,1220,146,1208,1773,1265,890,196,1285,93,140,921,295,290,1221
776,1265,1305,179,65,535,493,221,921,1717,1694,992,778,615,46,27,1356
900,1550,70,1804,1140,23,61,105,1811,622,1290,148,1660,573,178,1084,1267
825,1840,1294,1306,700,1045,970,87,781,1542,1559,1307,76,1374,890,1312,1276
1154,686,1566,1778,639,1648,278,1564,1291,1472,829,740,1271,146,645,811,1704
527,1280,1168,90,83,1122,725,652,308,1289,1775,1041,190,498,323,56,855
957,1648,121,203,26,1847,1752,583,1290,22,101,70,989,27,253,1182,1853
577,648,989,403,990,1307,1305,294,694,1752,1040,112,176,656,588,1280,1181
856,1353,236,1284,801,949,894,1811,180,1586,990,890,1099,268,603,1648,1293
1641,465,257,530,639,366,1817,1136,754,740,645,568,265,303,1626,602,1559
1279,1298,61,902,1089,392,1299,610,151,1202,643,1280,893,1292,275,1289,219
889,1620,387,23,1287,1162,1668,1252,1361,747,957,1276,1058,1232,1566,316,1741
875,493,1804,1690,1294,831,1187,763,1295,1292,382,126,1243,1314,845,640,571
1804,1432,63,1145,1648,1298,101,918,1212,859,120,1117,1306,989,1219,1805,27
287,1585,1142,461,1067,121,27,1566,1741,579,70,644,1291,1088,441,1198,1289
1444,1776,110,230,1805,1374,586,315,1242,478,1232,1685,952,1852,445,917,542
277,885,32,1278,71,640,1708,147,1648,1817,359,645,54,4,98,1353,66
1300,1778,1543,1648,1276,105,522,59,246,1145,1036,989,293,1585,120,1299,1205
64,1819,1534,1288,1307,755,1804,1703,167,920,54,275,1778,392,289,1306,374
1684,1191,1360,768,855,990,50,1648,1613,1776,184,1555,273,1261,1299,713,1323
1694,1823,641,1279,1669,1074,262,151,1370,665,1778,1206,1648,1346,88,6,39
1038,1830,1013,1181,212,596,309,1326,27,1225,293,251,1205,1182,1741,623,294
669,74,522,969,900,1744,27,1289,1677,1752,1296,990,1011,75,475,1285,307
1642,1780,1373,12,1279,74,1374,1861,1585,1187,246,188,1785,1234,489,27,1176
1759,1109,1649,192,1158,1353,1285,179,1123,1780,1657,1547,1564,13,90,93,405
768,885,884,491,1295,639,894,855,1838,1182,1793,1841,1374,142,801,497,127
873,748,83,1804,1295,603,262,583,1569,95,813,1089,980,1741,1109,990,1475
643,422,1676,1192,193,1298,822,297,1178,876,74,136,320,1752,339,285,1669
553,1655,1311,1841,1426,349,746,1232,1564,1783,1357,139,1037,942,504,246,221
1293,964,1648,990,489,1732,1204,852,312,1783,22,428,669,624,279,78,681
776,641,1675,553,459,1539,748,1305,587,146,1293,1042,492,74,1302,1338,178
93,1080,1374,1804,919,890,1276,273,1325,1677,696,1492,1491,145,1305,469,77
1511,1005,169,1189,1267,377,1306,551,402,1276,548,1539,1817,4,1472,12,1426
1781,176,228,296,624,1783,1752,25,136,394,1734,1294,748,289,93,950,1157
1217,1564,1781,129,525,1083,1182,1259,1144,252,1157,1285,780,1307,1432,1759,474
559,106,1033,1182,916,1607,976,1539,267,1279,166,148,298,1284,78,136,1515
1280,70,51,1277,509,256,1631,777,490,1472,1226,87,959,1500,833,1587,220
740,284,933,141,855,135,1298,596,1191,1804,123,1182,1432,253,503,1540,640
912,1183,1674,76,128,1798,516,1804,1626,990,1225,1784,1221,806,1195,119,956
485,1776,318,1036,1091,1303,775,1216,591,1585,1285,639,1041,1076,93,694,1523
365,966,920,1289,1284,303,760,918,552,649,1853,1830,95,1,290,1114,1115
756,1491,1207,1305,1216,1302,1253,1307,1041,382,890,99,1289,962,1447,340,265
244,1247,1082,669,1225,1353,1290,618,1030,123,1280,1384,243,1852,294,1781,286
1280,990,126,113,221,883,732,1564,533,1183,910,1072,1765,857,1503,1177,1534
679,202,1296,797,156,1175,989,1303,940,95,459,1289,470,533,875,1300,22
1564,1157,1490,285,451,459,596,588,1278,1282,819,1739,656,163,61,1705,862
1240,1183,633,1279,1564,1052,554,253,59,1712,490,308,1584,507,1233,1328,402
1648,870,27,1084,1303,601,990,881,1216,1787,307,1040,890,1490,122,209,473
1071,1817,1174,990,1706,341,1294,911,1804,1778,75,1426,1099,126,287,1356,1438
1306,1231,1280,911,1226,60,1502,268,1305,231,1584,917,302,94,211,990,453
1213,1648,644,1190,942,1733,86,36,1062,1804,708,1780,1813,1285,1277,93,69
1277,823,176,194,1608,181,86,1298,348,989,1192,713,857,1276,1729,1018,552
667,1540,1276,185,956,900,857,1157,1742,366,1278,1000,1681,943,623,1291,937
1299,130,1772,1284,114,478,200,990,253,921,1371,1339,499,292,983,957,1188
1472,1217,920,1182,1741,1289,817,1333,109,94,1294,206,507,1842,1281,863,957
377,1104,267,820,687,990,1303,1304,510,991,1839,1285,1088,598,323,1752,51
1305,794,1564,1819,265,485,1712,1289,1847,950,829,865,967,105,1303,491,890
990,861,203,1244,1297,548,23,1844,1585,535,1830,991,1808,1226,1290,430,801
1778,1680,302,535,1105,1017,1566,1851,1028,1306,1776,108,98,1054,983,61,1191
108,194,1192,1280,959,1347,283,993,1529,1426,820,855,1292,540,1804,1713,114
1851,1781,1775,1844,1289,1296,1752,1648,1552,41,533,302,1545,20,1841,990,1129
459,73,177,1237,989,1444,1840,1513,906,1783,1216,1588,834,1175,700,579,1036
1677,847,193,1182,1804,1470,931,1398,1279,112,113,1748,60,1817,80,1028,602
406,1074,980,1247,1432,1267,780,903,12,1169,256,374,1058,641,701,1585,1396
911,266,286,1307,1228,993,990,647,1076,388,989,570,128,1306,165,86,966
1585,609,828,333,419,296,990,249,1076,642,70,176,670,1284,1136,1847,1297
1595,1277,219,1778,1165,636,1181,49,55,1783,1426,287,112,1296,1276,90,1167
1321,1378,294,1839,1296,23,1778,78,1752,955,150,1277,478,1732,1438,138,1542
1531,455,1280,1299,1161,1307,534,1303,1182,1778,133,1277,746,1550,76,134,849
525,1307,478,1145,133,268,722,1241,1819,1266,1345,688,101,1374,520,266,275
62,1855,911,266,1070,113,1268,618,501,1279,494,1752,1804,1294,671,847,1616
197,1555,1802,1199,1470,1217,154,27,235,100,992,1850,1432,520,1175,202,996
838,193,861,1307,1147,1510,1028,1239,1859,890,219,1712,953,105,25,27,1060
1228,1267,1388,1084,1304,806,577,1648,1343,1292,1305,910,1158,377,381,1191,856
1019,1585,1127,23,1145,1804,170,1294,789,642,506,743,1119,145,1600,1648,1764
1285,129,1579,492,1229,1855,935,677,1544,157,219,1289,1585,25,912,858,1583
417,772,258,478,1840,856,1302,308,513,582,1837,1354,1036,103,909,348,1289
284,1323,61,1189,582,1710,399,1566,152,246,596,272,1279,855,25,975,1778
880,898,656,1266,263,297,641,561,1284,1277,1415,12,300,277,272,1778,1781
1470,538,295,1838,61,1063,954,91,272,1847,1778,1082,990,1592,1007,1171,1863
723,1714,185,138,176,204,970,86,268,1279,1566,1702,1276,656,1145,972,154
246,1220,812,857,901,1744,1819,1156,595,1775,1279,1659,1278,1741,70,1296,187
769,1697,1073,1234,357,1852,1295,845,202,606,1300,1018,91,640,392,163,1307
1059,1817,801,1203,1389,201,266,278,825,290,990,98,1285,1125,1289,1292,1303
259,1276,1696,1183,99,1818,135,1780,1034,1808,1302,1680,205,454,258,1164,941
738,183,784,1278,1140,1312,288,1076,574,1776,792,856,492,736,431,295,1298
1774,1302,1266,1748,1811,1305,129,725,1695,459,23,1182,1780,907,1356,1648,147
708,1842,697,1290,358,855,1303,929,1043,1704,132,27,780,1778,914,276,1293
1306,68,538,244,1741,1288,264,1297,993,147,1406,920,1307,499,1426,444,1732
1630,1759,1302,921,1300,902,1284,27,1276,1184,1182,1117,1301,1348,1659,540,1082
417,1226,1691,1676,491,452,333,940,918,1099,645,989,1648,181,981,1804,51
1851,137,186,272,1817,990,1289,635,1042,957,133,274,108,548,1191,1277,654
1236,70,164,1085,633,1136,854,103,990,1460,181,555,83,440,1807,69,1266
175,1359,1232,1674,261,186,265,596,9,221,568,1584,70,909,1307,636,1304
562,890,132,80,644,427,430,571,1744,1811,1759,1662,1524,586,1402,1293,1296
566,440,67,1216,1305,74,955,1288,176,1092,656,1670,1215,1441,1183,1409,316
245,1343,430,271,695,1620,1192,1005,1778,1689,106,302,1248,739,732,112,1237
413,1288,908,916,27,656,1804,137,922,1555,1284,979,478,1197,1799,1685,1566
165,98,990,1804,540,1304,1555,468,1243,882,122,1566,980,1426,1299,1472,12
1292,953,1685,75,1655,648,890,1175,12,573,1275,1307,282,755,259,1400,27
1036,1112,268,1294,767,596,1780,286,1288,645,1199,93,488,711,1804,1266,289
197,1699,1299,1182,1534,1128,1132,1719,1306,541,1757,1680,990,1152,265,919,1721
1168,1566,907,1280,934,533,1291,618,957,1187,61,1702,1211,1426,123,1792,1587
588,608,1800,278,691,1426,267,1764,1819,1555,1294,1781,615,695,1578,492,837
466,1485,298,879,782,1094,1549,427,989,1648,1051,74,1778,1294,1256,79,1776
103,1076,137,1122,1296,192,258,374,1726,1563,1276,1805,1822,194,294,644,525
1303,1432,1327,1780,1564,1648,1258,322,1585,642,64,1288,1353,950,348,636,1710
598,155,46,1303,478,1290,1246,1516,264,1280,1292,1693,257,1651,123,875,484
117,955,827,1863,1040,293,1783,253,191,1026,357,1187,1374,235,1806,1348,1256
1702,1302,1262,146,1432,128,133,1301,1278,1846,118,1012,1291,1589,1279,1307,112
219,411,1288,193,855,1819,1370,105,1678,1203,1632,475,74,980,133,1472,684
1301,1290,990,1564,186,639,272,202,1343,1110,1294,1075,908,1228,12,78,1287
988,1304,1156,22,1094,1289,1125,1778,267,1839,12,1343,1426,1671,598,262,398
579,1642,1415,1271,1742,791,1424,1303,76,347,185,951,27,370,1014,720,644
1229,643,686,1692,147,134,1334,1291,695,1545,1241,755,244,1298,870,357,1439
990,1276,858,1260,1267,74,1225,550,1305,1416,918,374,1457,1294,1133,645,1088
1301,656,157,478,931,1285,1280,1118,1354,484,596,99,108,1298,272,883,1752
1276,1615,89,1041,292,474,87,1395,1161,132,1426,1216,855,540,1741,1297,1307
1234,1775,640,1288,1741,1178,656,1045,1099,697,1182,340,1276,16,195,1084,1291
1595,419,656,667,255,1811,529,1847,589,506,1294,1285,1702,723,408,103,252
499,484,1279,263,1455,1290,1426,478,1627,1515,96,494,273,1154,1497,181,548
1490,1817,1310,960,1044,1296,167,401,1679,264,1741,1752,1804,415,3,1125,1230
189,1284,1714,1236,1125,1372,1783,1741,1792,256,98,279,1147,641,145,990,1297
982,1694,460,1125,1426,587,927,528,1648,266,289,1106,1286,1780,1297,1677,618
907,286,244,1194,1175,669,120,1282,126,406,1028,115,1426,1173,1811,1662,856
1804,912,105,1138,1817,280,310,656,1799,1426,977,270,760,176,694,429,51
713,993,377,385,1565,1266,1274,1248,1769,1778,28,890,941,787,763,275,1250
479,598,740,244,1043,872,993,78,470,383,1536,70,1537,1369,1819,505,1156
1266,290,80,1791,25,1406,1295,1467,1276,1472,1669,608,1335,930,959,640,1790
1374,1276,965,1028,478,681,1256,729,572,234,1051,382,1304,1360,640,1545,1289
592,102,1491,1426,1648,309,301,1678,1305,1053,80,1749,1418,430,579,399,621
576,890,819,993,1441,1284,1040,27,960,1850,645,1277,676,914,1702,70,1326
1302,1290,1007,1489,554,424,1778,265,1852,179,1211,843,24,1839,856,129,447
1289,1136,303,581,1305,642,747,919,325,1088,1167,1299,78,1811,823,286,811
1182,310,635,1432,812,1234,273,1,654,35,1086,313,1697,45,1145,1564,440
669,139,1303,1534,360,772,678,743,98,499,1509,1320,1296,478,411,954,294
1285,272,1301,374,596,1585,1607,1752,893,1289,129,1719,332,928,126,1040,554
1011,295,37,1305,363,1301,1839,80,493,1780,899,953,655,1302,376,1265,194
262,157,1205,285,1036,1280,1611,1296,1067,233,1281,411,1741,1391,725,845,114
292,596,1111,103,1683,966,250,1740,1156,1811,1432,438,912,1287,93,1783,1278
246,1780,972,614,1820,877,65,140,144,1265,1069,1298,1280,617,1306,1147,275
1307,1648,1290,268,194,990,1547,642,677,535,1780,396,1808,1410,1303,656,1566
1752,234,1689,1277,171,1513,60,1770,101,194,144,1842,114,859,1185,83,1278
1187,178,1599,1278,1314,475,234,1114,483,834,1547,1292,1034,1711,1695,506,430
695,1539,903,1092,645,1547,1250,1064,1489,1280,307,1851,1007,905,1279,1695,1021
96,1578,267,1216,79,852,1403,1302,857,856,596,1128,1560,766,1249,155,1648
113,179,136,1017,645,616,1306,199,1664,1016,1807,1666,1697,121,445,203,572
1552,220,612,1299,853,478,348,1294,1305,70,23,1298,80,1752,167,151,1295
220,343,415,983,382,1806,1103,1847,185,91,1817,1811,129,217,1295,857,723
955,1052,990,1069,1516,691,1586,896,596,1379,1292,1145,1564,465,1282,27,1008
186,1415,62,1348,1804,1228,1320,863,285,1034,1824,1032,553,1206,713,833,1566
23,990,346,163,1817,878,1783,1687,520,666,296,1745,1301,280,416,1207,494
1103,640,320,1811,1307,254,1036,194,1092,1277,262,1695,1171,1084,133,286,302
342,954,890,1711,1787,147,642,449,291,1211,524,1374,990,234,1306,1301,579
1094,1788,1732,792,1292,206,917,1041,1476,1007,641,1846,1058,100,996,484,694
1778,583,444,1821,243,289,1183,1266,476,491,1057,354,1178,661,1564,1305,372
1839,983,935,1804,1583,596,809,1307,1819,270,1851,1173,1025,1306,912,890,13
1781,919,849,856,374,12,194,124,1026,868,114,65,902,1266,467,250,162
411,890,214,181,1068,1017,845,1076,1669,1555,132,1778,220,478,1257,1015,596
480,1275,1374,1216,778,1741,1648,1009,334,1290,258,812,1079,383,1276,1415,1546
1555,212,1648,335,1280,87,1489,1338,740,127,197,221,889,990,904,1269,1490
1585,598,608,1819,93,1302,961,27,1798,1491,460,265,1804,1712,1456,803,139
1112,357,1234,1282,1296,1819,953,167,1301,486,307,1175,1612,1275,1182,1778,295
282,1222,179,977,1741,1426,1648,1853,27,115,1217,645,989,137,1585,902,792
1842,1189,1844,49,1152,901,313,546,286,1559,114,651,1780,960,1741,990,186
321,1293,1302,1165,649,958,1426,345,1463,1298,1013,286,23,911,381,290,832
165,129,68,1804,1301,1805,336,1677,25,478,700,643,100,1669,1811,1191,170
1804,1298,890,1256,1061,1341,216,275,863,828,648,1276,694,1307,478,1294,76
1675,1264,259,98,1564,21,1545,1714,681,338,1667,220,1290,451,581,426,272
264,1839,1294,340,1384,306,1293,70,258,292,1804,1276,1532,1554,1684,804,1489
60,1305,1377,856,1028,1712,1685,1296,1182,1563,272,114,1804,754,1749,1092,1337
725,1585,1842,1303,1075,665,1296,89,1739,1491,1836,1804,1732,1677,223,1672,148
990,1262,1839,1285,1824,1011,955,200,23,303,1472,1189,1329,1293,92,263,1781
807,253,749,1483,268,914,919,562,1726,1136,176,1192,478,1129,1444,1811,1343
139,1073,1278,690,308,271,1811,1732,78,93,973,1847,1295,258,1289,1060,1145
1682,669,1129,93,1694,845,995,855,1060,185,293,1717,1328,990,621,1564,23
150,286,1773,243,316,1432,669,151,1817,1101,1289,1470,799,1472,1277,1228,745
89,130,804,312,825,1247,1289,1091,1335,1541,380,610,1603,713,1306,403,1231
1028,1547,1470,750,6,278,1258,907,1534,1277,621,1373,402,170,86,1302,1741
176,181,188,713,891,544,151,280,1840,644,1783,1294,1230,1560,787,65,893
982,303,194,1280,1709,920,25,1839,1146,1691,1555,1304,1757,907,1711,1563,128
1805,755,1281,1706,1851,1305,1296,1206,1566,339,640,142,1585,152,1328,145,74
136,1088,669,643,1555,407,192,1684,151,484,7,150,1297,1228,213,133,1295
1083,1534,170,259,1821,893,280,1585,242,265,1176,535,1394,1026,1175,1300,989
1452,1234,1469,1472,1302,1252,1094,1104,645,170,415,304,370,1566,604,897,1128
990,1778,817,752,853,128,306,134,1555,1752,273,96,1679,265,65,1192,9
90,106,927,1289,880,1302,1472,1604,1013,785,912,103,1235,1278,274,1007,707
1843,1299,275,572,596,879,1849,12,1127,1325,949,1641,70,990,308,310,374
1712,1783,1846,1501,146,363,1276,1024,79,190,258,643,1804,645,1651,748,636
1771,1306,952,1839,1564,925,1552,164,272,1374,1284,27,156,93,104,39,1141
1780,185,1040,596,1399,155,1314,1591,1224,700,233,588,1139,1847,296,1804,585
1564,1700,736,244,1018,877,87,265,990,1337,1534,121,1569,85,496,1759,696
1305,1566,506,1180,1062,70,1539,272,767,1354,645,63,241,1564,350,459,914
1013,596,917,111,104,1028,634,1306,1793,1662,1132,89,721,1264,459,1303,1543
1847,1302,478,642,1290,1052,382,1021,200,1287,723,1297,309,1121,1179,1284,1333
1301,1294,1226,1568,1281,916,169,1371,1830,1034,261,1507,94,251,1099,855,1050
188,1752,669,1100,193,1290,4,776,490,978,298,636,273,1762,1247,279,985
1119,1780,1290,1168,1305,903,1301,856,1015,582,1540,1752,1842,1234,760,1770,1111
1432,1160,179,812,1426,310,1303,1282,1042,1780,27,1277,1455,504,510,295,1585
1830,855,1301,1821,72,1754,669,1277,23,494,833,242,908,280,1787,989,1303
855,686,499,1182,532,185,84,1242,272,1287,1831,1741,1012,24,640,1840,1039
1700,622,438,178,826,188,1834,70,890,1205,1839,1039,93,1357,1722,144,552
478,1566,459,23,100,1839,694,1296,1281,947,917,167,912,1041,1086,400,265
25,1409,123,1285,1305,1302,1441,74,691,254,1744,1291,1781,1038,179,1648,912
1297,1213,1282,478,207,414,1304,1012,995,1294,913,234,785,1732,1776,1291,120
1007,79,54,750,1615,1237,1722,1312,74,769,151,1301,453,1187,506,1019,435
156,1374,1811,984,1584,192,190,220,1294,1286,1266,359,1306,306,1770,585,177
1026,1307,1115,1717,26,1761,568,1776,1304,518,1808,1365,25,1305,596,280,27
1842,166,693,1844,1500,302,1303,1289,176,1290,1769,1518,1145,1686,466,1106,1585
746,490,51,198,1534,27,1094,1627,990,74,373,354,1040,88,669,1042,989
1017,1789,1078,1513,1544,116,1113,617,1294,1318,943,1064,490,27,877,1398,930
1276,859,1301,1068,1311,1335,1758,818,919,550,134,1243,1611,1296,1839,1807,848
312,1284,903,256,1652,1287,233,551,114,1291,12,184,640,430,917,1230,234
332,1036,446,1804,1417,435,495,1409,1307,37,640,461,18,128,1603,27,1374
1182,1585,86,889,538,1275,195,1305,189,1465,1348,1357,1711,145,478,1819,377
332,186,1426,1688,1824,1841,285,192,292,257,1207,99,91,1678,697,12,363
1299,1576,374,1115,70,136,1280,616,101,1669,1330,581,1348,939,598,647,1156
1307,1150,374,1616,488,1681,266,437,506,1547,1657,1069,1260,1097,65,984,1733
1289,1116,1804,96,1036,531,1778,192,494,1266,244,1459,548,194,1276,1084,296
1051,1488,1790,1145,302,1679,1305,683,286,303,1711,414,1161,1409,273,1514,1804
884,990,88,1824,1595,1142,1841,228,1301,724,1392,1580,474,855,1281,334,1432
1248,1115,365,1417,1490,909,269,1097,307,1306,640,1545,697,134,1801,396,1374
1305,932,113,990,1426,1188,696,80,1534,1742,1291,1293,1690,99,133,1644,284
644,430,62,669,1284,1288,819,233,575,774,938,1237,855,1298,1199,1307,286
1296,1007,1447,623,1487,133,1498,1566,940,1657,1417,1752,157,35,1163,491,26
1230,137,1266,572,937,1188,1811,1721,286,724,1279,1830,222,1007,495,465,918
896,1752,179,969,1289,819,1374,976,115,1373,1304,632,274,1783,1441,1168,1051
424,1024,855,989,302,283,1164,1305,722,262,690,514,913,114,975,1802,80
1302,134,984,1780,1595,640,691,1300,1382,484,193,1093,1783,1804,27,1294,1213
1712,989,1041,70,94,257,1775,683,1036,1852,1172,1125,1028,536,411,194,1817
1299,245,284,286,1332,1678,845,79,1305,1774,1665,839,135,1776,1851,1294,297
194,70,123,197,1169,1182,1566,569,440,640,1263,1230,890,1778,1303,257,453
802,846,1847,643,1299,1302,1648,979,993,1266,1679,176,1566,22,377,548,1182
1689,1409,635,943,917,1302,478,538,636,928,389,1132,856,695,1711,54,642
1294,284,292,175,1059,1642,156,1593,1583,1847,280,1589,12,1303,1301,155,1304
1306,253,150,1432,1817,1257,103,856,1843,656,1710,128,824,1804,1433,1298,1839
1076,623,1783,538,639,107,1299,1564,137,642,1290,1539,1397,1101,1617,918,109
113,492,1781,1599,1839,589,1191,202,1128,246,1323,985,420,1069,1566,285,25
346,1564,670,780,253,294,932,1555,1702,911,1488,492,180,93,1224,1712,1648
879,1282,430,1840,989,1777,120,1177,370,1306,596,1293,1490,1681,1783,1276,1279
239,178,775,114,999,1163,1566,1302,1092,1366,503,103,1592,1808,1804,1826,641
895,1337,1613,139,316,1783,982,644,81,133,1233,1298,487,27,1804,973,1234
326,1051,855,1591,1246,751,1449,116,1697,167,1804,43,1112,357,844,77,1699
1750,1585,1043,91,875,350,1072,1648,1298,1076,133,1291,1691,125,74,990,825
779,1278,1817,507,176,1276,713,596,222,1282,1077,219,170,341,490,572,1702
1243,506,974,1064,146,1131,1182,855,1836,1777,1099,1307,1585,1432,533,1811,1776
245,1290,1669,1025,284,1284,274,1549,1759,1226,1817,379,1016,1288,1303,176,1374
1720,202,688,586,1167,1555,1526,1443,253,1741,1830,1783,955,1284,1321,1307,114
1752,1235,1669,1648,1162,816,1296,1451,1272,1304,1798,484,152,104,555,280,495
137,640,623,1256,1070,1389,989,166,1778,1278,29,506,445,977,779,1307,990
1301,972,1648,642,683,233,1517,1290,907,139,1657,1281,1689,1840,1282,1206,1276
27,980,263,641,1307,181,179,164,1748,1674,150,1833,1290,656,257,1077,746
1297,1281,98,1307,574,1123,1447,861,278,855,1161,1066,1041,893,186,642,254
1374,785,1289,1293,544,1704,84,828,1331,1660,562,1301,644,943,911,995,267
1489,23,1493,1752,995,603,1307,358,1773,1301,1138,252,1426,1091,596,1298,1242
177,1851,253,640,258,243,1233,1374,170,647,1539,1693,362,1182,1726,641,494
812,147,162,312,292,1305,919,1303,1607,1248,598,1711,0,259,524,303,1585
1288,223,233,148,27,1128,1108,1564,1804,1302,1277,1150,893,305,999,105,1297
931,918,1289,644,289,1232,1301,73,821,1409,1276,1329,1294,1847,393,432,478
548,1374,816,534,1087,1303,939,645,656,459,1819,1115,898,151,1180,27,595
1292,1805,1094,859,1267,136,478,1266,354,1845,297,1140,5,1708,978,50,1841
175,1223,272,287,1306,835,1271,1388,1700,917,1191,216,725,132,1290,856,1417
1472,466,1061,1712,193,681,890,1388,505,486,1279,1708,990,1256,1289,1844,9
1014,572,1452,693,833,1157,1640,588,1097,983,1690,70,1285,739,1804,934,373
645,1094,1537,1029,374,753,840,1305,950,1291,1547,1045,1415,1424,1234,823,1035
598,1093,1781,1444,105,77,1648,1306,87,1489,1183,632,298,95,1778,23,883
1286,1182,1252,57,913,1280,223,1290,357,1305,951,856,875,645,489,725,791
1812,1302,148,1520,1294,1330,315,118,254,1019,819,944,921,244,1545,1071,200
1294,1669,1474,1305,1285,1811,990,913,90,311,183,1781,1252,656,89,673,644
450,1778,290,1185,572,154,404,221,176,1184,640,247,226,1303,1195,1059,1276
1436,25,916,1391,1516,1320,1297,1778,270,1021,340,1136,1445,1576,1285,1284,1306
307,506,424,716,1299,1426,244,690,755,1317,1778,1294,1699,1145,152,1188,234
627,1842,170,1534,1307,436,1469,1836,1845,417,1280,1076,1145,597,1181,1497,754
1780,644,912,1091,382,106,1525,1302,1266,1702,374,290,476,333,258,1182,1008
1853,1840,92,689,174,417,150,1547,839,23,855,1183,1305,955,1290,947,105
913,1306,1257,256,1179,1229,1638,309,1256,95,1839,1282,100,875,1472,1648,1673
568,1741,1712,1076,1266,98,1776,1306,1233,901,113,1296,1538,1685,1783,913,174
1277,1279,203,1574,87,883,260,303,1491,990,694,93,1294,344,665,1257,906
25,175,118,466,1290,989,70,1260,1343,1470,1276,122,1691,220,895,854,235
1277,1280,1305,76,1300,1066,1279,990,607,648,829,1295,1564,1290,641,55,645
454,893,1441,1778,956,41,279,1201,254,920,265,990,104,876,61,136,59
101,1306,1752,548,681,561,290,1289,286,1387,430,990,1509,356,93,148,1245
1141,855,179,669,1276,1819,901,1648,128,294,1676,270,83,23,864,544,968
1184,24,466,1077,1683,201,1289,1188,1217,572,1183,1274,1555,137,1757,83,91
1301,1463,845,1454,1612,1157,505,1555,1770,139,1814,23,185,314,105,985,978
394,1034,307,1269,573,890,1306,1787,1702,989,552,275,1191,861,1272,1292,1735
1732,177,148,25,1578,1265,287,108,1849,279,1294,444,1566,1306,1549,1547,243
557,640,235,383,376,1433,407,855,596,535,1188,1481,264,507,857,1104,504
878,1830,1294,383,1819,1301,1564,24,1593,229,79,1364,679,1527,1306,1302,1270
312,478,1289,1566,339,1012,645,1156,715,284,102,1582,379,133,984,1804,615
1119,668,80,1783,990,1646,1278,1076,484,1547,163,185,1303,1837,1648,1302,173
610,1256,282,251,1279,1804,1298,123,1372,236,972,1128,1022,76,554,221,394
87,1776,186,956,25,967,1125,1819,647,536,1294,1193,123,1003,1693,902,917
1005,826,142,197,1279,1811,1511,970,1585,306,186,1133,533,1053,1290,890,1284
689,1064,234,1289,1547,1165,165,179,1222,1776,1303,1432,1710,1702,1296,267,784
466,1456,946,752,148,374,955,1490,1294,1316,1182,1844,1276,139,1686,104,1278
23,123,95,1247,1417,174,1277,1485,1033,1301,747,1778,866,1534,1372,1564,1256
641,610,1417,175,1150,1817,1157,901,86,277,648,194,1298,1290,1302,104,258
459,847,997,1752,1276,403,1036,753,1669,1145,1591,1524,1262,640,59,1362,644
1733,880,1269,98,121,1722,669,363,42,1840,271,847,70,1146,1279,1804,890
1232,1337,1018,1498,742,912,1305,3,189,1230,1303,1267,955,1804,1539,644,1307
1690,62,917,1230,1741,1430,1034,1851,1286,645,1296,842,436,309,1123,86,1298
106,76,1347,1686,1298,75,1585,598,1266,265,331,427,1290,1263,1792,1821,1307
1780,1654,1585,242,1829,1843,1231,244,1256,1296,525,1034,1302,12,1564,1009,555
1804,640,1676,1294,320,146,1287,95,636,277,1752,201,1284,61,579,756,45
906,751,655,137,70,277,1544,999,77,1371,293,382,141,645,1468,1236,819
641,95,1781,1266,995,295,1675,1030,101,1191,1251,1125,176,257,234,1321,3
280,1306,1648,1786,572,1230,218,214,911,117,108,1804,70,1472,294,1555,1293
389,1238,1585,1245,1149,1214,1432,75,825,991,1555,1564,1778,1293,1217,1268,472
979,1289,1426,1307,1770,1258,1409,990,321,157,1103,1817,702,729,1811,1314,1218
1547,1830,664,1128,1585,1297,666,310,112,810,1219,1293,146,680,308,909,1291
461,1268,88,304,1824,1410,1844,645,1290,902,602,1851,1270,223,1305,1300,1648
70,305,986,46,1045,261,647,374,185,1145,166,1478,930,953,914,1295,1555
939,1248,1730,1568,807,146,1692,1426,694,598,1068,1301,656,1804,116,171,1761
645,1413,1651,845,1564,190,259,290,173,321,1199,1244,1163,531,1305,1479,548
1302,1289,1804,95,1305,484,1711,1032,794,490,87,1276,1355,1445,1234,603,1778
890,267,669,990,1781,1164,1712,1804,1728,656,1470,177,1727,437,1690,857,172
945,1303,641,1296,906,645,128,1677,417,1029,357,1669,857,441,748,1679,1648
297,640,465,806,636,1767,1212,1702,198,1726,1233,1049,945,800,254,639,1050
1279,243,1720,548,779,1245,146,176,89,1716,220,1585,1244,1798,809,913,75
579,382,633,1802,531,1805,8,190,1276,428,993,903,1415,243,891,1712,412
1817,287,1176,201,1374,1703,645,1589,579,1531,451,1294,165,1432,276,1386,1752
1007,800,476,1163,903,1086,749,878,202,573,9,1804,259,1301,303,374,93
235,837,540,303,1374,519,1305,148,151,785,798,1284,1604,1145,1294,19,1314
1584,12,1023,1517,1182,1432,210,855,1084,1183,1801,137,129,1296,1804,533,1558
121,1690,950,977,645,1302,340,853,166,1783,1839,113,1279,915,1643,246,1651
1804,1728,1781,89,1798,1291,1373,1289,615,990,1741,1076,188,1566,1215,1282,1227
140,144,879,287,184,1841,1323,1711,1616,509,148,946,289,1266,1103,785,994
1531,1113,305,696,553,1118,1748,1817,46,834,686,990,155,740,1266,190,23
1374,1540,913,245,568,964,312,1082,181,463,1285,1432,287,807,466,1306,1194
1236,1306,869,94,1334,1558,817,588,278,1093,1555,589,185,65,1164,1719,993
1307,1279,806,144,1264,478,1094,1051,151,1136,1534,252,1070,1242,1626,1674,104
993,302,233,1278,1289,455,151,166,1294,745,71,1546,1855,1161,1533,127,70
1295,1303,1819,53,25,1129,1822,588,1028,632,1233,58,532,640,1276,1752,363
621,953,234,917,1347,1294,103,1300,181,1337,136,164,1140,1803,1400,221,1669
1830,69,1256,906,1100,1731,106,309,482,70,1063,24,1844,245,137,66,1374
980,113,1285,1432,1216,806,844,918,1291,293,935,1235,156,27,420,199,591
1303,1128,1136,1057,1712,1298,589,319,293,1418,1711,641,669,913,246,1034,1266
244,45,641,1819,581,1817,273,1192,142,1292,268,829,920,279,1670,1275,1222
669,1811,325,1817,380,91,1842,1210,807,1145,1850,303,1138,1819,1566,1545,1009
1180,1294,1157,1696,253,1038,1712,1534,151,1705,126,1472,686,453,183,1744,1564
951,22,1258,1692,907,253,1294,1749,1776,1103,1285,570,1056,1139,23,1543,263
274,85,1555,1314,1016,1307,222,1281,369,944,855,498,1013,185,321,129,1732
1585,964,94,911,37,1305,222,122,307,4,1034,885,192,436,1819,581,100
1740,263,1284,1561,1276,478,265,1752,684,1076,549,70,1225,25,1689,39,189
1564,428,1585,783,720,1426,998,1764,103,531,624,902,768,1125,416,223,911
270,562,913,1130,1294,132,123,287,374,1062,1190,459,23,1831,499,1555,382
185,949,1695,244,713,1331,319,721,1585,1610,177,1712,1780,1426,114,4,908
645,1741,1204,1282,93,1432,279,1584,342,1,1289,1406,1128,656,283,1076,570
1648,294,1302,1374,1243,749,1305,244,644,913,1564,1304,1644,656,1335,915,1712
903,1778,641,857,1780,640,478,296,1223,1525,188,365,194,244,1013,1830,935
754,277,1288,1294,971,453,970,1741,1191,19,1566,640,1250,307,55,790,210
88,579,915,1287,192,285,905,489,1285,971,1674,890,94,1146,1276,1263,914
444,178,990,262,1262,1300,914,1426,572,1113,1301,644,106,1651,430,1682,284
296,1548,1182,1811,424,24,181,1804,1753,1555,1680,470,1587,466,1110,1463,1374
1122,291,889,70,478,91,1821,1721,1648,687,193,555,253,152,1817,513,1304
1686,24,538,914,548,1374,1648,194,138,466,144,972,708,1692,551,645,181
1277,61,1034,1298,303,1564,321,1851,1847,1839,820,1330,1058,913,1132,885,1266
1570,27,663,257,74,990,952,507,70,101,1540,645,1295,88,285,1306,133
1843,136,596,1307,1712,1038,1285,1277,1356,1206,915,1566,768,1564,478,1741,804
265,659,129,255,1234,1278,1150,279,1277,948,531,1716,997,1076,1426,1256,1780
1076,1566,1280,288,1044,799,927,899,1291,1307,1680,150,164,1847,212,973,868
1299,1276,1248,990,1691,1298,677,1426,623,1851,732,181,1179,1805,1767,1233,1584
903,1811,1817,1488,457,1280,912,1234,1182,1839,1648,1819,1555,1546,646,1037,641
348,641,1302,1840,1639,1282,18,806,1204,136,1804,1440,1216,1091,1182,977,1239
921,1692,80,1341,1298,1307,878,1550,317,1657,93,1183,1712,1457,390,1778,430
872,1206,1568,1577,1714,655,776,936,312,1086,948,1176,1123,304,235,770,1095
990,1780,1227,615,175,469,1640,122,1352,374,1673,370,308,978,1065,769,1125
1839,1747,545,212,1804,192,1076,1557,1574,643,439,139,259,5,987,1289,922
112,1265,93,1291,26,165,990,1578,765,1405,1752,296,981,1675,1495,1268,148
490,193,776,927,274,1145,223,1007,918,1680,1163,1712,1780,309,749,71,1430
1030,1819,484,1669,223,79,1472,1741,1547,143,1171,1309,1302,27,1804,1426,990
1319,1713,1781,1041,1752,162,132,1284,565,1094,596,478,1558,1036,12,63,911
1585,23,25,1246,1290,1276,291,1421,234,1292,1627,1278,531,1291,1547,1401,51
1566,1161,812,907,713,821,1592,843,1470,1075,440,188,1656,971,1178,88,1555
1858,201,257,1451,825,1305,1778,151,990,1804,1245,1136,1748,414,714,1335,1648
1388,1546,530,193,163,1303,219,1192,122,1555,974,1294,1286,1041,1279,1692,1778
1585,772,1277,1307,141,1778,573,70,80,1318,1558,21,346,1740,1811,1805,1648
137,1636,1811,220,1798,1366,775,1279,1655,1092,349,156,74,176,1298,126,134
1297,1839,1590,1029,1232,574,440,912,1521,1040,476,857,348,666,1824,1752,1356
92,549,1067,754,1,1167,338,99,1778,116,383,76,223,27,253,1305,478
1841,114,1300,1781,213,1307,1741,1292,193,1225,286,990,1374,989,467,645,1251
295,745,1811,1191,1453,1697,790,134,138,1628,635,572,1277,1280,912,290,61
586,0,1749,21,1357,1293,100,1299,1305,1029,220,1224,83,274,699,1722,295
1306,1304,254,316,244,1303,245,738,268,187,823,1288,27,772,1104,1853,1071
757,123,132,1574,1216,1266,1705,378,1756,1104,1840,265,1306,1732,273,187,1842
142,730,465,537,278,253,749,1472,552,134,1295,1810,1161,1457,196,1294,1305
478,990,1286,1300,1256,856,1426,1830,749,1783,244,273,656,1303,137,256,921
1722,1542,1277,946,478,600,1757,194,137,267,281,978,1115,1291,259,1307,1550
1035,1285,589,849,838,382,1846,302,1804,1748,1281,990,996,186,1389,1294,642
1302,990,351,1648,890,1145,190,1276,89,820,281,1566,260,1287,720,478,1291
1228,244,134,690,1264,1305,341,734,461,96,1177,336,1781,254,219,865,667
1481,1593,1116,717,1811,137,894,520,1325,1097,990,1288,1279,1042,1297,1778,1292
1844,157,1132,644,305,1169,1178,1732,1298,100,534,656,1135,1303,1350,990,1306
294,1733,1132,105,1566,1776,669,1182,274,890,383,88,752,492,1500,193,1084
501,178,644,303,933,1786,642,305,374,253,1294,478,1073,1198,191,1613,391
297,27,191,430,1276,1298,1619,151,159,700,1420,476,694,1449,71,1087,1286
61,998,1281,999,94,134,492,1710,140,27,1216,194,1277,74,980,862,598
979,197,1819,1110,990,562,1312,478,27,696,1374,1728,1568,1757,855,353,1150
253,1242,27,478,1778,484,644,855,850,1294,1306,77,1804,904,1818,621,1182
764,1328,1788,1781,245,36,1648,93,1374,1684,1284,530,1605,867,1063,987,1267
1352,990,1817,1093,278,811,1417,1564,220,0,1244,12,740,64,1700,264,308
297,79,1555,106,658,1546,193,725,716,958,1432,1115,410,740,1216,1301,1199
1257,989,642,478,921,174,1720,984,1811,165,1088,472,1041,302,645,1278,1564
805,75,1804,1648,1280,600,909,1117,1554,1817,795,197,1780,669,24,114,1114
1610,1783,1029,1305,913,1801,1293,1184,63,1710,220,1284,70,200,596,954,1547
1839,1692,1748,1488,1341,1678,1349,1323,1277,132,262,1569,113,1284,644,1294,259
1145,1323,872,855,811,1781,1761,323,1041,27,414,1155,93,411,1151,12,857
1741,1819,1306,1426,1502,1531,1840,1778,1243,1563,1784,1555,263,262,1365,1291,1293
1266,100,639,1819,1780,156,282,175,551,1157,1604,1292,1189,1326,1564,1417,885
1177,92,1189,170,488,1754,978,1084,27,1307,103,1737,656,1733,1076,76,74
320,1546,1145,1296,395,1041,1722,1305,478,1146,1805,1277,919,1325,221,896,917
1648,459,1292,1112,1781,1570,888,1426,139,235,1276,1441,489,574,1266,1498,121
1589,1082,773,1169,1830,141,1292,87,1564,1648,166,593,202,573,1280,914,259
1082,105,294,228,349,193,942,1659,1544,1811,279,1491,1838,699,990,1470,692
989,1048,695,1557,176,273,1757,446,1327,274,1302,1805,247,1154,1752,290,529
1804,309,194,137,1286,178,1840,70,1309,256,1242,929,264,1303,131,855,1556
129,641,14,1284,140,1292,168,568,70,1564,1276,571,1303,1741,1155,260,1817
1152,259,1289,1036,1426,1550,389,1683,1277,1760,1542,1778,545,70,1665,462,1847
1281,137,1291,629,990,1748,1150,1134,878,1472,1760,1013,74,1278,1237,1307,1426
1265,1230,606,752,462,70,445,1280,596,139,1279,381,1246,1440,333,770,427
1804,1110,1817,99,1306,1676,1290,1305,647,128,1160,1780,132,609,1842,1013,1615
194,553,308,1648,1222,459,306,407,572,641,589,716,282,1276,1040,1534,331
788,1432,1712,813,644,1011,1178,1305,1266,596,281,137,1374,1761,1045,970,288
170,761,1669,1252,1648,174,76,1686,989,1280,320,937,695,0,677,1093,175
361,240,1417,98,1284,488,193,72,1119,1294,530,1306,1388,640,171,268,152
846,645,1136,253,1298,656,889,456,1045,1291,1146,252,98,1374,1305,1533,50
1298,1284,523,196,103,71,150,907,1360,1838,175,223,1305,781,399,909,151
1374,1625,1298,229,1648,918,1294,55,1093,133,1,220,1776,1566,108,459,449
1340,1128,1290,1264,37,1270,430,100,1438,937,468,397,1557,1780,142,1547,1182
1066,1298,1051,1817,1843,1648,1671,176,1689,1778,952,976,912,1543,460,614,1844
307,302,779,295,1289,270,1846,87,1188,1052,1280,1465,1432,622,420,1296,90
782,985,334,245,98,1384,1490,219,256,176,1648,1234,1294,316,93,1305,1296
1648,1552,1770,1290,656,213,1628,1172,837,87,1228,1675,1706,141,1374,1041,855
92,478,1295,548,1741,195,823,235,453,1013,1257,1319,403,1547,1302,920,1754
253,158,1761,1124,894,133,1327,128,1648,974,907,25,1296,1237,645,1300,1090
1117,1242,136,1862,1778,235,87,189,1307,436,1648,1555,723,620,271,134,921
893,624,1294,656,1236,1234,598,1296,749,909,1289,1533,474,1828,1314,645,39
855,1390,479,1741,287,478,669,94,282,640,1277,938,1275,581,1146,1304,1648
478,1026,253,125,1784,1115,784,1290,1348,1075,1252,140,62,515,1265,945,1304
1804,1432,1296,279,1305,570,151,788,1670,1301,1688,917,867,1300,766,289,472
1284,1591,23,306,647,1477,1804,906,1306,1374,1810,1741,745,18,1265,569,147
1183,1279,320,1280,1242,616,545,23,904,1112,1297,1285,205,1741,444,525,1373
65,56,1459,1819,163,1029,128,1822,1812,1272,857,1276,528,1306,911,59,855
972,531,1302,1542,1205,1016,1842,152,148,975,647,1259,1213,645,127,430,982
1005,167,1642,1298,106,1305,1097,1685,291,642,768,1036,259,990,1278,1811,74
1280,1291,264,1194,62,1216,1017,1801,1012,990,116,1719,937,179,747,1271,1566
1026,1292,261,1566,1290,1627,875,907,1500,1298,1285,1178,717,926,1714,912,1278
140,816,55,1280,108,1051,894,134,91,138,170,1303,1701,793,312,1120,1225
374,1009,357,1302,1323,791,1036,913,93,639,581,1217,171,1266,1781,1711,272
1306,1279,1294,1282,89,1855,589,1409,1132,1434,989,1138,1701,185,981,126,294
567,1188,1745,253,1441,1417,1555,1085,1374,366,997,32,1300,1326,233,60,138
1841,1566,1181,1028,1284,259,1555,243,1702,1093,1741,1595,733,642,18,855,830
1536,381,1449,1362,645,1188,835,1555,856,1566,478,1279,573,1296,1804,596,1780
530,1007,1046,1003,952,402,1817,1805,1448,252,108,1146,993,1741,1164,890,1783
1778,1294,615,1787,24,833,139,415,842,278,935,1195,954,1804,1295,1000,297
176,186,270,914,1139,247,1745,890,861,1123,1744,1752,1303,1112,672,1297,1285
183,5,1064,993,1566,272,1389,1776,1279,1780,245,1847,1048,55,1732,598,520
1711,503,1829,610,88,1279,1304,1853,1278,1817,1688,1702,1132,256,596,1432,574
1515,1266,644,287,478,1720,700,1188,1585,1303,1712,1256,1741,1476,220,1839,621
1306,822,989,405,219,1819,1114,331,293,57,1652,1513,1620,278,893,1145,739
855,645,85,649,990,61,1415,911,1289,1097,832,12,1265,578,909,1305,927
186,145,1554,1346,1585,1292,374,1041,1291,695,686,18,831,857,940,1844,909
295,1839,117,1305,219,246,1236,1565,598,1276,268,483,25,536,1059,217,1265
12,1182,302,1563,256,1691,1238,1242,1569,1087,991,1305,475,1112,805,1830,1016
654,93,984,1648,1215,769,781,1294,968,74,1281,1307,23,1123,174,144,1646
1780,1303,25,1076,1366,1171,699,147,88,316,136,65,491,159,945,403,940
1276,1804,484,253,70,426,1781,1056,383,1303,814,615,598,358,1028,825,945
1476,186,1249,1374,459,95,265,563,292,1297,1780,1741,535,1085,494,645,290
1266,1676,1457,1550,590,1038,27,1090,465,419,185,1294,973,1741,295,278,990
370,1821,661,1304,1284,582,1209,1157,399,1141,383,1017,461,1364,261,1415,1780
1648,156,1729,136,1276,1128,18,1752,1417,1155,1742,1160,694,1836,406,1564,1585
253,184,290,1182,1245,451,1741,478,645,1289,1783,1222,1173,629,1836,1780,1125
307,478,1778,561,1290,1240,1091,909,1426,303,1774,970,1095,1246,989,1658,19
274,596,259,1546,1186,239,1658,223,403,989,216,303,1610,1284,1805,211,133
589,1546,439,900,1538,306,96,1469,920,596,1273,1483,511,1296,1555,1301,1098
395,257,821,150,690,1655,1728,1830,1222,1292,86,847,193,1752,1426,1290,1284
1208,256,289,1776,783,1716,63,696,1374,618,374,856,1566,984,74,1472,1778
315,1426,1118,1222,1840,1276,178,1374,439,1323,451,1306,1470,1301,913,208,483
1566,573,23,1285,1607,1795,93,1305,1648,190,312,1086,105,459,280,1294,244
1362,1863,1700,1611,1178,138,37,268,1374,1781,956,1115,321,1164,65,220,645
1479,1024,1052,737,1284,234,908,308,1518,279,1676,990,150,524,1041,1237,1374
875,219,1631,98,1236,300,1306,1357,344,1778,1140,265,659,645,465,1305,1797
60,478,890,990,1280,1278,1609,1290,412,1784,1744,264,1328,1284,636,985,1824
1041,1132,1192,132,193,1096,640,103,1280,902,1775,1170,990,1266,1305,1157,1804
1846,104,197,1296,1053,1648,157,993,755,179,1332,1047,1076,308,233,1307,695
8,1745,1841,1307,25,1294,286,192,262,245,1005,463,122,1488,172,303,1585
1714,177,1313,1305,1271,1790,1469,697,1018,911,70,983,1245,234,465,1853,1642
1162,700,1780,23,1260,1266,530,872,12,1289,1839,1747,921,128,1279,26,968
779,1300,77,1797,1268,176,291,1296,1261,193,1472,89,49,507,1553,1430,454
1298,307,635,1064,1648,1374,1729,1098,678,1115,887,1285,1476,695,382,1199,1307
1176,546,265,1505,220,88,1774,93,1752,1426,1007,908,1041,1783,1292,14,971
80,1648,220,1812,325,1285,64,138,1584,126,1232,1752,1811,185,163,212,1187
178,895,1711,123,1249,855,1013,1417,59,119,1024,1713,707,1752,1781,1839,1280
1447,203,855,263,1297,88,1669,623,519,289,909,835,1747,192,323,1301,1116
265,1566,470,1344,1279,1341,286,1839,1269,1305,603,150,127,100,1208,1426,1297
1676,1257,1778,478,1449,1092,1215,1713,1576,918,595,645,445,1028,1294,61,1804
180,1741,1555,67,245,1326,1690,1286,1163,760,588,1076,27,1306,320,235,367
193,1542,921,1741,1148,1535,1804,1638,1298,839,990,128,1776,1181,997,213,69
1566,71,621,1343,1175,1274,1195,1778,1372,1741,1374,1305,93,523,1294,628,1119
80,260,1175,428,1277,170,1123,713,1289,1306,1281,1088,275,23,1145,1569,566
430,59,4,285,683,1222,872,1068,1010,1294,354,321,58,1805,523,1534,224
93,1564,884,70,1028,1268,1289,158,1084,77,286,1284,151,947,268,1798,469
952,364,1492,819,1564,1741,990,478,1421,285,1011,207,83,906,1826,1076,188
1472,193,64,290,501,325,1026,1303,1086,847,128,825,641,950,1276,442,1298
883,357,1225,74,69,640,1303,308,1296,1795,256,920,656,712,1418,499,540
577,260,1138,1303,1293,435,142,1307,1289,1128,1029,1213,1321,556,46,66,1148
1305,1225,1282,1781,1292,1293,1533,1280,1364,430,1104,149,902,1009,284,784,1277
1485,1496,279,103,911,1546,1154,1030,152,1294,1187,268,1688,407,129,1426,25
990,1189,228,1318,1106,1000,700,1267,146,962,489,826,1585,138,690,1266,848
1059,1175,656,872,193,1041,989,133,1682,1313,1232,1280,1292,1298,314,424,1147
1492,984,91,621,265,1821,188,798,237,636,1172,730,1182,915,1382,826,1055
1488,1547,758,1792,70,364,71,91,1426,135,1676,234,842,1248,1783,192,1804
990,1566,1176,1759,1648,890,991,1305,645,1469,568,177,363,1555,270,1294,54
642,279,1566,1651,324,1787,1440,146,430,645,943,1282,95,108,1416,259,137
1804,194,1298,909,254,12,89,1102,1110,938,164,1323,1585,65,185,243,322
569,1267,1182,973,1271,1250,1585,902,409,1305,1640,1276,1032,1034,645,1401,23
1294,651,644,1279,79,1432,1792,281,1546,1430,1302,509,132,1801,150,642,1307
1011,141,644,77,1300,38,1294,1307,263,1289,364,245,1853,1272,1092,1301,1302
1817,37,871,298,281,644,377,1681,1804,1265,379,1819,64,1306,1692,1038,889
263,56,509,1240,1103,479,1503,64,12,1442,1262,268,1714,1232,833,937,1804
335,1741,1284,963,1733,1053,679,223,1033,1160,656,181,1441,820,1076,1302,1617
716,1811,1055,1279,1628,825,190,1690,1648,1846,624,76,159,645,178,753,1842
76,1808,100,1836,656,287,1022,1637,1355,290,1030,990,275,1182,1825,832,1821
989,127,1778,1824,1276,274,1554,1306,1279,1035,382,1840,573,1183,1245,1638,1265
266,165,809,1503,1399,1171,587,90,989,867,374,736,1289,108,1607,860,1284
297,911,1147,118,1276,1566,296,1279,1451,694,999,1704,343,1804,1470,1219,1249
568,1490,1777,1237,220,914,645,68,382,415,3,552,943,1543,1314,189,572
815,74,290,1126,1279,1426,246,71,1828,1847,512,1585,1837,1484,1817,1592,1712
12,1205,902,302,178,1136,19,473,24,1752,120,1304,377,960,1690,1188,451
1412,394,1003,1084,1648,753,157,889,111,1282,1676,24,399,687,1432,288,303
904,1377,914,25,192,1338,188,1830,832,45,1302,593,1036,1007,521,575,641
1291,1745,503,864,420,1303,990,87,780,1242,134,188,821,1806,553,1297,1409
812,1282,1714,402,140,756,1840,151,644,55,919,966,1662,1432,1609,1267,1096
1481,1677,1076,71,536,1070,1307,1292,1595,1566,358,951,197,1282,499,1811,94
145,1174,1297,1240,154,1197,90,1731,789,790,128,811,1007,1545,1650,5,1203
395,303,1247,1265,1294,1291,847,175,626,1566,950,903,48,798,1280,1694,1067
1266,1188,7,1752,746,309,286,245,430,862,1648,478,253,1038,193,12,843
383,776,1010,897,1699,1208,70,1585,234,126,989,151,645,1780,1584,1623,1432
1555,890,1045,1728,305,1017,1304,1819,574,1225,309,301,1783,200,138,120,540
1550,1534,1367,1182,1817,1374,1231,1280,255,1403,1292,1731,1557,847,855,917,179
1585,1845,293,194,610,141,873,265,1038,1145,1284,920,1188,1076,1278,574,598
910,268,1648,1470,131,403,1783,1064,1799,1764,74,71,913,253,1432,618,221
98,1811,1064,811,101,1228,1218,528,1290,260,1011,1276,645,1648,630,197,1241
1342,890,1778,1761,989,1320,671,1803,1159,730,522,1291,1300,1167,100,763,656
138,142,855,1542,265,263,1648,478,22,1276,72,1036,71,89,1780,1823,1498
219,572,1289,91,1534,1634,74,279,120,1374,1299,1648,128,1696,305,1524,1839
121,285,1566,1307,1409,255,70,829,1133,1490,1534,1674,1217,1374,730,1804,900
856,1555,891,1144,1819,407,27,39,25,644,648,581,1076,1274,464,1389,1115
1285,1277,25,1094,488,1303,114,1418,796,273,143,236,1804,279,1275,1302,1339
683,1290,115,1289,284,273,1291,1684,1566,1804,1285,1163,1332,1168,1722,855,1306
586,955,1354,1821,37,139,1304,1249,1780,219,1521,744,1277,627,234,286,460
80,1490,1851,1388,914,1810,1432,1585,694,148,1648,74,1145,165,952,271,620
238,1712,512,75,1741,1282,988,1279,1294,686,879,1850,1038,48,275,853,1806
681,271,256,1851,1026,93,1326,1778,1374,1220,1076,1289,823,458,1278,1295,244
1026,857,1298,319,602,504,484,1084,1030,669,1805,1244,1554,691,969,1538,105
670,1752,249,151,1012,642,1721,943,1426,149,743,1248,478,1804,293,1028,1733
27,265,279,1208,1307,955,1125,1320,1415,1137,1277,146,1564,1290,1301,902,890
1248,69,1712,914,1041,725,308,445,271,1781,1459,1278,507,166,268,588,1295
459,1502,71,460,885,1302,1432,1615,827,1182,18,586,1470,951,1830,602,882
1728,747,1802,235,148,1409,1778,1313,1566,1088,1838,1184,339,258,1239,1648,1301
855,281,174,1504,1843,1372,49,1717,1426,1318,1566,520,1029,1007,24,1432,986
1711,128,1093,1104,1374,1305,552,1235,93,1224,157,1289,1454,133,1778,596,78
1837,1191,1088,1301,23,1276,862,123,1298,1306,969,152,116,43,1071,586,788
1300,341,905,475,589,135,1204,76,1812,278,1472,1686,132,641,1014,129,263
1024,144,749,23,1298,654,1335,126,136,1688,717,1859,133,1294,310,263,559
913,863,597,942,1258,70,955,1625,1563,1152,61,681,1347,1289,635,1034,1780
1640,586,186,127,1553,1648,1284,64,156,74,1305,234,1861,259,262,1278,731
70,1317,568,219,1296,1012,902,27,1067,1260,1126,1303,290,1096,1510,479,990
1777,145,1092,1306,427,939,1669,1804,1284,33,598,1086,1320,1228,1235,302,1648
1125,1229,1268,1702,47,921,1281,1291,1256,1498,1275,175,1240,1272,662,1290,1277
24,1285,918,415,1432,292,1182,1158,289,101,642,171,1566,1648,1303,1299,298
1432,1094,933,80,102,760,1048,766,1295,434,1356,1659,144,870,990,94,1741
