1741
1300
1845
1757
1086
915
1558
908
1285
1685
1294
74
1566
12
294
1837
1305
269
1478
1780
1668
1722
867
1145
1094
141
1136
894
1222
952
133
1010
1182
1689
1857
137
51
1847
1076
1491
1744
1722
1830
856
144
1444
604
1278
644
287
1182
1763
105
641
991
494
1113
453
1227
1564
1372
307
302
1855
150
1349
1232
877
1293
1188
1682
1621
1778
470
1409
989
1648
1382
98
1501
1086
1200
1674
136
921
1409
1861
1197
136
1595
1374
1308
1547
935
55
1073
1220
175
1566
1189
1296
1191
439
990
288
1183
1834
747
645
1778
121
529
1804
1155
1543
1064
350
1599
185
1743
461
1273
510
1839
1087
917
596
276
223
1326
1680
1086
1285
1372
259
1426
941
144
1776
176
1599
113
645
1778
598
920
1752
1684
739
17
144
1228
596
1623
1668
1842
1288
857
403
1265
1564
1282
451
669
684
1787
984
511
811
1115
1704
788
596
890
1145
272
1821
1819
49
1305
1128
27
1425
247
134
937
1284
103
1159
170
1242
253
175
596
1036
1752
220
1215
977
1564
1730
1036
1254
644
1292
77
1296
1279
1696
141
485
1030
175
1555
501
1566
320
478
1040
912
303
1232
1125
1305
1575
1373
1302
1347
159
341
322
1024
402
588
142
257
1820
1417
740
1552
380
1847
657
100
151
105
1076
374
981
319
1247
1291
1578
1304
1712
1206
23
1687
1183
1023
603
1294
1402
1268
27
1342
1691
263
1285
1534
990
1266
1281
610
23
1116
333
1741
478
1566
1565
1426
215
306
1301
534
1585
773
157
177
625
1675
1515
1294
245
989
1307
64
156
440
436
1780
1566
1804
199
296
1415
1569
77
859
275
1550
74
1804
549
823
1534
292
90
1741
1839
186
1306
831
1450
1284
1791
467
1563
235
478
268
134
570
293
193
217
1778
1284
1307
235
953
901
657
1327
1778
1070
91
147
1726
1409
807
80
253
1279
321
1297
644
1237
909
133
804
1440
1162
259
1091
526
913
1781
727
1128
176
644
1344
882
1593
1426
1104
1610
1694
1599
1417
549
127
1292
624
1300
93
62
1355
1417
1686
1215
274
1284
1281
601
178
307
507
1585
787
678
1169
257
258
1763
1234
1223
176
1819
1817
1741
499
26
1298
78
915
1299
1048
1830
1180
1215
128
1409
1804
1279
1804
1819
1780
246
1684
459
1374
27
645
1284
1289
1780
478
1265
327
365
116
275
1417
1353
1804
889
1843
1232
253
1290
27
104
1545
1778
1307
903
1162
917
572
826
1718
1780
644
1281
921
889
276
989
1158
188
124
588
486
1542
233
1442
1301
87
265
1238
972
511
659
1819
1192
1306
1280
1041
319
1851
121
953
1817
1145
233
1182
92
1776
1256
1554
89
484
151
640
1509
1117
189
1284
686
121
164
140
1293
1012
975
1758
1064
1532
63
1227
1296
1093
268
165
112
1024
27
27
1147
914
530
127
574
1533
907
1850
1817
296
219
1778
1302
1289
1350
1313
1811
1804
644
814
1807
407
583
121
989
312
75
1477
108
1844
1374
349
1296
779
1374
489
1326
27
557
1295
855
497
1544
478
1801
1354
294
1162
1131
321
1737
812
1306
1529
1842
118
602
1280
880
1811
1547
167
312
952
170
1299
407
1712
1123
767
639
267
621
1296
547
618
1648
772
12
181
1276
113
1585
970
1278
1371
1472
935
949
1270
298
1307
11
1753
1285
1302
297
1266
1306
1305
955
1171
348
462
802
23
77
178
144
1097
185
1304
1741
1641
1374
921
464
1297
645
912
900
970
1239
1293
400
1303
1695
1238
1802
185
855
74
975
570
207
753
147
1460
1699
756
74
1280
190
556
1289
618
990
1403
24
997
645
1168
200
1812
842
781
1294
1027
1281
1279
1277
1277
372
1291
990
246
412
1518
1780
1566
1182
1553
827
1242
298
1271
188
10
1305
23
1294
1413
1243
1236
1034
435
265
1279
1449
554
1182
859
80
1290
1301
1855
1503
1291
1610
103
254
246
1276
1630
1098
1389
1456
989
994
1294
1297
1329
220
1029
293
1366
636
955
93
1129
845
24
1012
1347
1265
909
1773
1517
1007
1249
1291
1648
1354
176
1307
1712
972
1664
432
1780
178
1280
1839
18
1277
966
123
911
1550
531
1819
281
1546
234
1114
1251
134
936
74
1182
8
1790
142
1052
1302
142
1243
253
1780
1804
20
415
855
1849
1579
1544
1230
1276
911
1572
822
644
1648
137
260
70
1545
1217
835
841
666
1432
123
266
990
1304
916
27
198
917
1028
1288
74
935
570
1153
1238
93
499
1559
1238
1289
1680
1256
83
34
155
911
1031
403
1515
1279
253
136
137
1704
1299
949
1636
1590
1278
1029
290
1778
1374
25
114
1741
1574
545
1264
993
1501
766
70
1166
1078
1182
377
167
751
685
70
1288
1678
181
954
538
901
595
913
1289
268
157
302
1161
1289
303
970
399
725
1278
658
144
433
890
718
1704
1566
1295
1024
911
598
273
1592
26
1298
1574
204
1299
204
27
640
411
1648
1290
179
989
27
792
1104
1426
1279
1274
16
121
1372
122
1290
194
1783
225
1308
1172
99
253
1290
1655
1123
1778
1683
856
909
1106
1178
1332
645
1210
114
1752
1373
18
1289
1365
74
670
1306
1144
1268
1082
930
12
192
1302
83
1094
292
132
1440
1697
1840
1289
1303
295
1291
993
1799
70
1757
84
1648
1741
1832
451
221
1305
1354
1819
1781
