1748,506,949,1071,981,1292,989,671,1830,938,1030,70,1034,1181
181,1293,1455,1301,154,1839,1276,990,1807,1544,1712,139,172,268
465,178,1170,78,98,1285,1029,812,273,70,1302,1272,137,1113
993,127,1228,1569,23,220,1648,733,64,478,1285,909,371,1093
302,1819,26,1778,1284,1294,255,1301,579,1046,1839,1016,1106,1407
1741,1291,1278,500,789,979,293,505,88,1006,1306,523,1307,1073
60,1296,1260,254,271,61,415,985,215,1488,1830,1189,212,605
534,1074,905,271,596,1547,137,27,451,965,1295,312,58,74
646,645,1374,61,93,746,656,104,902,103,274,990,1084,405
1306,645,1232,1284,1569,1491,713,1136,280,233,1184,88,1276,1533
186,1415,284,845,1291,1165,833,253,1271,1294,1270,492,123,902
278,429,1840,6,462,1284,272,1804,256,1040,901,48,103,827
940,1298,833,1472,854,1706,239,656,1648,544,990,640,1152,1163
984,1296,1277,602,536,701,193,1291,1306,1175,1276,1607,294,1012
222,752,1301,889,855,1228,459,1715,719,1540,1077,953,438,1156
1018,163,1822,1565,856,150,1339,1700,1418,1082,1285,1318,1296,1701
9,416,694,877,90,889,1160,305,23,1607,1306,503,1732,421
1417,1677,1277,108,1680,768,570,219,1292,1285,1780,78,70,598
1301,970,1021,150,303,1830,46,1182,298,141,940,1781,1258,101
65,1276,701,430,1151,193,1374,943,1161,1851,475,290,1292,1294
1234,1305,1485,1238,219,1302,859,444,1648,1689,1658,1298,1069,1461
100,1161,1724,296,1278,902,1309,679,579,956,848,1230,382,1294
1040,907,1050,1204,645,1022,1824,1275,1290,902,80,1299,171,1494
1282,1804,378,244,1809,1346,189,1303,1314,1256,1133,1084,485,246
1303,1648,1426,478,305,297,190,1415,1296,1770,272,990,1183,1291
203,246,498,1811,1386,70,1280,1367,1648,24,1669,173,596,456
1274,1035,554,1118,99,989,1276,1776,942,220,1173,246,1279,373
138,310,828,1303,1274,511,278,1012,74,297,1842,1349,1410,823
1291,137,907,1673,108,89,353,174,403,656,1305,533,509,186
289,644,192,294,156,100,867,1291,169,91,147,165,1305,152
290,1648,475,1545,990,277,989,541,1233,1640,1805,1563,932,179
909,1450,1294,163,137,1839,1284,1732,1836,1545,1306,1787,1289,1432
1804,1290,862,1491,1302,71,1204,907,1752,1064,120,23,1250,1228
1397,657,92,1191,1840,1021,1266,713,1555,1532,70,1240,83,1305
1364,615,596,1492,184,1741,884,1850,181,644,1712,179,1780,421
89,807,1804,640,1301,1555,1616,1566,274,1276,1811,1474,1242,1684
144,1717,1577,1032,544,570,1199,1304,531,810,1188,385,902,1306
1855,948,279,509,312,950,474,776,856,1432,1830,1288,1511,24
305,1468,989,821,1136,1298,1432,1284,1842,1276,146,1566,1579,1347
70,1799,859,1705,107,1813,1301,1217,1264,1024,1792,972,984,1676
636,82,272,1160,1547,1750,1282,481,478,1752,1395,645,277,410
1201,201,772,796,2,1229,1554,133,1799,743,1303,139,1279,967
113,857,1761,134,510,494,905,478,636,1847,79,1728,1084,1778
1095,1013,1800,917,1306,925,1677,590,572,220,355,102,1651,872
1817,630,220,656,395,714,1547,285,24,303,909,63,995,1284
1277,1648,244,1374,170,68,1102,179,1780,69,1026,1747,1604,1132
596,134,1601,1841,1432,1199,1836,122,294,287,1301,93,74,1566
644,811,1291,598,862,105,1690,93,1362,993,261,1051,1409,1819
179,1182,1632,665,1602,1269,138,911,1716,811,1199,178,1304,913
128,889,807,80,167,151,912,201,102,1224,192,1070,93,833
445,715,645,70,376,1246,1843,959,689,1555,93,1012,27,244
797,970,1230,1804,640,1681,746,644,1828,203,863,93,862,399
1502,1225,999,1442,478,462,194,1298,173,215,1374,1205,135,1394
385,1174,1006,235,1036,950,1051,1518,1648,1280,1585,1804,1552,1328
1305,1304,126,23,113,561,963,75,12,935,1136,357,424,583
1300,645,632,86,855,1543,1076,275,1051,1018,656,1305,63,1840
647,1732,854,1497,1712,1298,62,178,1354,1128,836,538,136,1285
1467,181,1328,1320,1093,1804,282,990,1669,1492,71,902,50,1789
106,1295,100,1078,1024,1719,1165,970,114,1299,901,917,1783,1811
982,1221,1580,146,596,953,1722,500,50,687,474,169,1426,1306
377,0,1717,975,1381,1150,1585,911,1830,902,991,1312,1101,1732
1280,1294,856,1284,271,589,105,88,1302,640,929,470,1192,1182
293,287,1302,501,1074,409,1205,914,27,223,1550,494,614,1303
298,489,1068,862,908,602,1051,1289,14,990,804,1279,194,197
408,1294,1645,1071,1041,1374,602,1280,1658,1778,1690,1291,201,1182
1748,1813,1030,1280,478,1285,410,952,1139,1167,76,1852,1183,290
450,478,529,265,297,506,1238,173,368,1780,325,128,274,1091
1780,397,1272,289,195,1110,1566,18,1213,785,1299,1223,850,303
1045,1859,1536,530,149,274,234,1036,1296,198,1266,696,1498,1178
833,902,213,924,990,1088,1115,185,1432,1011,1285,511,1290,1241
399,1289,112,1085,1067,1335,970,1545,531,46,1457,1752,541,1303
801,410,1297,290,442,1470,68,1863,1093,233,156,478,272,947
989,411,716,561,1183,1198,1648,427,1524,641,1294,1541,596,1472
357,152,1841,103,1307,62,78,1303,279,1158,1438,651,1277,473
275,1432,1157,990,1282,70,989,1555,305,1327,377,1776,1307,271
957,790,383,24,1374,358,235,122,1555,1847,1299,282,890,1305
93,1041,466,748,626,1418,70,1630,355,954,1129,1074,46,1501
976,478,1034,49,1411,1521,600,1268,969,269,492,185,1069,1552
302,250,509,236,1275,411,1289,1305,123,1285,1247,1145,1295,37
80,1116,1472,166,478,1290,385,243,1569,121,1183,1021,575,577
811,1534,1276,1659,1299,603,1704,1083,1105,1811,1824,1470,341,1026
624,855,841,1758,78,182,235,1113,1305,1303,139,1648,1110,1843
1525,350,847,478,91,504,23,131,1279,1269,1278,1172,644,1668
511,645,1432,1759,264,890,956,1459,1238,156,901,1717,1756,656
182,1534,754,1778,1687,823,1012,234,1295,51,332,290,117,1550
319,245,889,1128,788,1303,1648,116,622,202,1448,1284,1290,551
150,298,184,1158,1776,1845,561,990,1285,12,478,788,1280,645
540,889,845,1041,87,1303,1093,890,507,1527,1776,563,1451,928
164,1297,879,989,185,684,1706,370,1076,641,306,80,1118,1279
70,1307,656,984,961,689,609,263,829,494,1168,651,1276,1778
1440,1432,274,913,268,1242,27,70,1205,376,1564,1778,289,669
5,1284,989,1027,24,1595,279,633,583,1309,866,1132,174,1836
219,1147,1301,1671,185,418,1293,1549,259,74,1778,864,1780,8
1080,176,1330,1280,1564,103,1555,99,295,1051,12,1648,990,1640
440,1700,973,74,151,1181,128,1566,1121,1752,621,775,641,246
990,1732,1302,1249,284,1529,113,656,722,1780,648,291,419,486
974,1566,1538,1781,537,1821,1827,1614,913,510,1303,415,137,187
431,1307,1776,430,450,990,1749,339,1302,1639,307,917,71,285
978,1379,51,101,1851,1041,1040,1256,1684,293,1547,918,289,1426
177,1099,920,1087,303,890,1549,232,1295,1277,579,1745,1035,918
151,321,452,1595,1279,189,572,1742,1811,274,272,1426,1306,812
698,24,549,126,442,1305,589,1338,65,1374,506,729,104,1161
93,1534,1669,111,1547,1331,1817,1303,89,141,1696,73,185,771
74,931,1389,1291,1303,993,1115,857,1741,913,1811,643,359,1476
937,1585,1679,1566,857,203,135,1648,83,917,1132,804,855,377
1778,1783,338,478,550,1059,62,1305,1584,27,89,930,1287,1752
253,1086,990,22,235,496,880,1298,1780,139,42,1231,624,282
1245,557,259,785,722,1722,1797,930,1840,656,1574,1851,1786,420
1068,244,1162,206,26,200,1276,503,1277,1648,1265,27,1533,1303
632,859,863,1291,266,1347,1493,914,61,1472,1292,1183,972,1804
1296,1845,142,56,1627,1430,1333,136,1698,586,1426,90,1778,642
1782,1495,1564,449,1346,519,1307,1836,1676,1830,1389,137,86,669
158,264,1276,989,954,1306,190,1213,1307,39,595,1230,695,548
53,177,1811,962,1265,69,411,302,1432,297,535,861,280,889
465,193,1297,1141,1276,169,1426,1769,1776,496,321,1711,1343,1108
832,12,269,640,1820,645,95,1040,1409,140,291,88,598,1280
172,70,1266,1817,993,1225,303,636,257,194,273,293,895,1739
1732,1306,1303,867,320,1297,1246,370,1082,935,713,245,89,1015
1674,1855,308,1795,1276,292,574,430,53,1335,1752,1292,1112,1302
862,1819,1780,1697,946,1851,1679,894,24,294,1294,1470,1268,1289
991,470,300,729,273,1555,194,1182,287,987,1585,636,203,1290
803,855,259,990,623,1297,1732,1191,1694,89,1279,1302,1303,189
972,1566,1840,531,267,992,1304,645,1299,1287,1246,1294,400,768
293,166,1061,1829,1116,1852,1093,194,1051,1804,254,1426,1417,1301
460,25,700,253,164,69,1305,568,1289,951,1640,489,1042,955
24,1106,596,36,1695,857,100,705,1162,1315,949,511,1664,1624
266,1010,1199,1128,1279,478,990,307,75,613,1735,1274,1339,1566
1356,1838,495,187,989,275,744,223,1113,1289,919,1776,857,297
1780,982,1294,548,190,1582,80,645,1128,1424,1374,681,4,286
166,1551,1104,1175,1278,256,478,1229,273,1012,642,1028,1074,1804
99,613,1302,712,1032,1275,1303,243,83,1860,182,1276,242,233
1648,1305,1819,246,62,1340,1776,268,402,1805,1290,1783,132,1548
705,27,1306,260,374,312,1276,810,924,1810,656,1058,1804,280
1092,912,1291,1778,1226,181,274,1301,1028,1789,1492,1839,1098,734
228,1306,613,1533,900,458,990,1648,1182,110,913,1366,887,920
614,918,1648,641,944,1566,1732,1861,856,103,1129,1809,79,27
1226,58,411,1305,128,106,1417,166,550,779,1374,382,285,1137
640,1306,1778,220,656,572,1780,829,194,74,1334,1688,1276,1781
1734,174,669,1302,1616,245,1657,1192,914,1307,1403,1266,1337,908
1265,70,376,465,22,145,1038,1817,1005,1041,1680,69,1804,1277
57,108,1113,1564,219,1625,1365,87,127,304,259,1781,1301,61
258,1804,1284,533,909,985,1673,150,234,1249,1141,1256,967,1169
1342,621,157,21,1447,1752,920,1307,1648,940,1182,841,908,1263
1783,292,106,1554,316,1238,193,490,90,1279,975,1011,1027,694
1037,1005,1819,1293,1811,1290,726,855,1741,1752,1118,194,1094,648
780,50,60,641,1136,317,1276,1284,583,1566,1076,917,1581,1300
1284,1275,568,990,266,1034,219,1687,962,107,577,694,436,1051
491,1256,729,1841,1849,1691,985,596,1276,1284,954,13,1599,851
989,262,1073,1167,625,1281,478,258,1279,1306,1307,67,1648,1201
216,12,1778,1334,844,1501,1083,1279,139,1182,1291,1304,1045,872
23,1258,967,1326,624,1564,307,1114,1279,163,1804,1440,12,1660
99,140,1228,1807,1648,59,522,1801,1553,677,1230,88,277,259
919,1167,1028,86,23,1243,970,133,1296,950,972,1040,1813,1845
1078,641,1303,1223,1255,354,924,1306,1511,1534,1003,224,1778,25
1277,399,146,1374,1564,1429,1717,1051,596,77,163,395,1124,994
889,1264,1307,116,645,454,523,1013,909,166,1566,640,1810,1266
972,1566,1842,694,1585,70,990,253,857,1555,1183,917,278,155
1072,176,1277,533,641,1839,1482,756,65,186,855,1303,1305,379
653,588,163,74,1804,1301,306,491,1511,1030,202,641,1778,1215
1759,1278,641,648,1674,212,1055,258,779,1831,1776,810,1276,1279
1276,1513,460,1225,268,1292,255,1280,46,415,93,253,71,312
1566,754,1780,27,259,1851,44,1067,265,1154,1276,390,123,95
656,1534,937,669,1503,1804,450,890,1270,1303,1260,243,1278,114
147,1780,855,1086,1165,95,1732,1790,451,1432,656,1138,101,129
1744,1550,1533,1175,278,1220,1278,1119,1276,1840,12,374,666,1778
972,215,696,245,842,189,1778,1074,1741,1250,767,126,27,1284
597,389,193,1617,235,259,1292,642,876,1279,1238,1297,88,1249
644,621,1256,1778,640,656,990,1030,1500,284,896,890,1285,1432
254,920,1701,1285,1020,112,1340,185,325,253,1266,811,461,1516
1817,636,641,1094,220,748,1550,1277,1732,0,88,1291,1842,896
147,577,532,581,639,1550,708,1301,1297,1299,1266,138,151,1040
1076,841,1315,990,760,1280,1266,1415,1198,148,717,650,170,1299
990,1299,1045,823,71,80,1012,89,952,1804,489,1348,165,641
126,1711,180,90,527,989,1302,16,1296,1280,203,1648,1306,70
1811,1290,588,1052,1158,1529,123,508,1675,1633,1284,294,990,1607
878,645,1780,855,1243,1563,1150,166,1853,309,1839,1484,1258,1722
1834,60,1839,1781,903,1149,573,1484,1564,1174,596,70,1218,1101
1712,614,1280,133,1289,754,1061,400,275,1620,1442,642,1291,977
1289,265,894,296,26,1759,1679,303,1190,1718,1177,65,1374,269
1821,189,651,88,1498,1811,244,303,1217,1290,906,1018,1220,186
785,1691,727,984,136,1597,116,993,1206,1175,217,1807,1290,24
1430,971,681,103,814,192,72,990,645,841,12,150,1553,260
955,1012,64,1284,1295,156,1064,545,975,1700,1298,907,1746,356
27,989,953,1306,1818,780,1307,231,656,157,921,167,38,1290
1819,1294,1250,855,1058,90,1821,1648,596,1585,267,122,1741,788
3,1432,914,1278,1839,887,956,112,645,1741,1215,1015,1808,818
1781,1776,1811,1141,921,1804,30,1320,1756,87,833,1432,1648,990
274,1837,163,598,912,74,1233,122,253,945,568,194,641,1074
968,123,287,194,1303,1306,1290,1147,144,1625,692,267,249,1844
1456,897,1307,1279,1827,358,1552,669,1297,1277,1812,297,1604,1224
1302,902,1032,913,1648,244,1084,1585,811,1306,890,274,4,399
120,1294,287,249,1426,865,1842,362,1535,1058,1840,890,855,386
1566,1257,148,1638,78,641,100,136,1552,990,1440,483,146,1161
1275,1250,190,669,1075,1307,246,1304,1294,1500,1076,943,221,903
523,1732,202,553,1279,128,574,89,1012,1224,689,129,1648,1136
297,862,202,641,1750,1123,1757,1294,1271,532,1232,909,259,126
215,642,1836,269,325,1100,1302,1566,1019,100,254,574,238,656
1043,219,413,1849,225,1072,509,963,25,569,518,194,1225,1210
444,811,79,1067,273,743,1340,1285,1426,915,1280,285,766,1592
719,657,870,266,88,1303,1839,978,932,1289,1281,686,221,253
1426,1019,1280,924,186,1305,679,1221,1025,860,253,184,1357,1290
281,80,1804,273,1163,919,1300,1737,1648,181,142,1811,901,1851
531,1741,1699,781,527,1323,178,309,1759,879,1041,1781,1284,1115
1819,1673,1477,1332,1566,934,656,1472,1306,1744,1104,953,306,1290
1067,1564,1229,1272,274,11,520,259,1839,303,1304,1247,246,897
1804,645,1280,1754,1,897,433,1083,1756,1298,1276,1305,9,990
192,1068,1297,79,1727,1124,1394,1278,307,1477,144,510,159,1301
1224,478,265,1579,105,1648,23,1649,1136,324,1026,872,325,1289
178,734,235,1298,824,641,1291,1176,914,1071,12,57,1470,1372
494,257,277,1299,1611,989,1741,1141,1124,178,287,855,1525,268
1112,1783,1566,1302,857,1276,1306,1778,1109,597,273,845,1278,1279
552,644,1339,889,779,1247,274,1675,713,51,1409,466,1804,743
1472,1190,1125,1280,150,1513,1566,1181,1256,1272,1738,1303,767,1334
1376,1279,694,418,1150,331,990,912,1566,270,25,140,1780,1233
1778,234,253,1076,644,1028,1566,1712,1142,25,1701,178,1145,833
62,308,857,190,1566,133,1741,1351,290,1721,1198,1857,1847,1294
823,1829,1732,25,1608,1300,229,669,979,1858,1082,1374,492,664
669,11,1161,1752,1049,1279,590,401,359,93,1290,954,1511,390
303,285,1554,1828,855,598,279,128,1852,1284,1297,296,989,91
1415,1780,1300,766,728,258,1648,1294,88,1701,1305,920,1296,1842
1841,1305,96,1780,1163,70,574,1702,444,1289,990,501,20,1295
1372,1524,1062,1224,548,1807,1290,925,1270,1678,1448,1302,642,946
1846,235,1112,180,754,791,917,645,1418,1584,1778,1481,1422,302
872,1669,1783,1347,909,155,571,1289,801,173,1278,1123,641,857
1757,1847,1741,913,188,990,838,1347,1776,95,181,1705,1703,788
1465,87,141,1199,596,315,1292,753,885,911,1683,192,1009,114
1280,530,1018,255,640,1076,1052,106,508,1063,478,1374,274,1296
1292,1276,1357,784,1183,23,834,918,1599,188,828,103,1290,482
1404,1307,968,1804,105,1310,1699,1279,400,642,1242,952,920,640
656,1061,77,1182,1787,1291,907,1153,166,517,142,25,657,1294
788,1778,179,268,1430,1165,807,355,995,1409,494,1294,167,1732
1566,1115,245,972,1227,1756,1086,288,1015,1012,908,529,1776,98
235,872,1681,1595,126,911,49,1290,1551,402,1301,1819,191,521
137,1829,688,925,1395,1063,745,855,1304,83,154,918,263,1418
1712,885,1305,1272,1404,259,1068,1295,574,1759,1290,1711,185,1238
1660,1299,998,23,546,1675,1741,531,1614,74,950,1244,1076,806
1302,126,429,809,389,1648,1567,1780,273,1716,989,1276,1282,1372
70,1299,280,484,1804,302,185,1222,1839,12,1328,695,1032,640
185,812,190,531,902,363,1702,990,655,1073,1051,835,1819,1648
365,1067,288,1259,139,1266,1555,91,257,1811,1293,938,242,1337
581,393,642,1396,813,328,74,832,89,1278,1842,1855,978,1206
1676,921,1691,1276,165,890,990,1302,1097,1020,603,1049,1804,1711
1278,298,244,1841,1612,1778,989,188,1276,539,920,1297,150,112
1305,1266,1728,1142,1415,1491,990,459,383,51,1278,1083,1276,1092
865,62,1780,220,267,1547,1449,978,260,1648,361,988,1307,1148
1305,1036,588,1235,1784,177,155,1566,1268,672,1757,842,1844,1294
1289,501,1490,136,564,398,117,591,509,1303,1791,1284,79,620
1290,377,990,305,758,128,256,18,1236,1076,190,1564,717,150
175,1374,1735,642,495,1321,1263,454,1232,201,1496,1281,920,623
1307,1092,152,1266,26,639,1687,1043,506,1756,914,725,1722,1728
235,1232,1539,1801,309,1648,1170,354,936,770,193,1260,956,1299
1303,1804,964,1741,1183,1711,1270,1302,720,450,132,1015,694,1018
1301,1267,91,548,1741,102,641,1249,1566,178,1304,774,1146,1849
178,1719,1811,1253,1245,1145,190,918,1824,1160,1435,579,281,1303
1363,1775,172,1627,1122,450,27,287,1574,770,1028,463,148,847
1669,1811,27,1691,133,656,1203,1778,541,273,669,586,1277,1239
568,1012,1296,857,302,364,101,74,181,1061,1566,1294,890,1532
451,1360,1307,1780,755,78,1774,312,990,253,1752,1448,1191,1542
430,1294,1309,938,934,979,923,153,1566,1005,1343,1357,1776,1276
1113,379,192,1555,1702,1289,136,1362,996,1536,1566,139,1780,243
989,383,1783,549,1342,1291,695,31,517,1169,1232,1296,790,1306
541,1534,643,903,1770,475,1165,1293,459,1497,952,1264,1062,691
1065,555,1302,1278,474,245,1301,907,1267,1076,1074,1282,1307,1697
1757,1585,1366,163,1277,1804,1698,335,480,642,779,1479,646,4
1817,835,1234,990,889,1839,90,1123,1710,310,545,281,444,1128
1819,1804,994,1692,139,1776,778,244,643,1029,1524,105,1182,469
324,1294,524,642,1566,1013,963,1276,855,417,1169,1279,1263,1696
1157,62,84,1307,1819,1221,1800,308,193,258,112,656,1098,1323
574,49,724,1042,1145,100,103,202,801,1222,1672,184,108,74
91,1355,989,1358,714,271,32,1778,1256,1181,346,445,280,49
354,990,1554,1288,1566,372,1579,70,55,382,1774,1780,1804,1472
1257,1298,1597,1167,855,479,425,1851,1048,856,1188,908,1811,989
855,1564,105,478,361,1787,1570,1008,1314,1163,259,104,309,374
1087,966,1230,308,878,1173,1128,1839,1125,1130,275,1430,1687,1
1234,1708,106,1133,219,1158,1260,989,1568,1279,1052,242,1083,101
1184,189,224,1739,1839,625,23,1780,403,1449,29,1341,1303,724
289,1298,855,132,1682,273,1780,1176,1388,1040,1479,943,30,1436
1299,1381,784,1300,348,1761,112,18,531,222,714,1655,859,245
505,1026,310,1353,1294,80,70,281,971,242,1534,1161,1250,1245
975,1686,1303,875,950,973,1294,265,123,1289,1705,1780,1169,1555
1294,1142,98,1176,835,1285,302,1276,1249,228,269,1026,1604,1842
1091,259,1217,1297,411,1566,1666,1648,890,1111,684,1036,1843,1115
1648,984,1804,1677,70,640,1072,1058,1817,656,264,1086,1182,1520
950,459,141,88,1279,1073,588,779,707,1250,112,66,1303,1780
1294,303,1291,596,1829,1306,1164,1550,1044,1564,137,1277,1311,1123
1294,1249,1518,1299,855,1166,1778,843,128,1566,1279,950,1298,1452
1250,138,1426,1279,132,1285,376,1648,1489,103,133,914,1783,855
144,1303,486,1284,70,1542,257,1781,258,1305,1688,1280,369,1296
383,1302,426,874,1472,203,1226,722,261,103,1441,1498,166,967
95,1241,1295,183,1175,890,255,873,1689,190,1252,1490,1804,1289
132,853,855,1818,1277,1304,268,89,1399,450,430,588,1500,264
1353,1555,273,1087,961,670,949,74,69,1257,1811,27,1564,1371
399,993,924,306,745,1012,1289,1426,25,1258,986,181,1780,1594
90,890,272,190,1063,244,679,740,1806,1612,302,1741,194,1163
1293,1014,1804,1811,1,953,1184,856,152,990,1208,1759,1243,327
181,1849,691,907,1264,112,1778,1290,1127,307,934,1610,281,1182
1565,72,23,129,71,532,1513,77,1203,185,70,1097,282,27
247,320,856,1217,285,924,1123,905,1340,89,217,1604,466,1360
1775,1293,1752,93,284,1272,1187,820,1281,953,156,319,827,1432
1545,920,1230,83,925,576,170,163,1500,177,1305,186,1302,1293
1295,1839,128,809,150,1787,1167,1240,1296,1648,1314,678,1246,1741
1280,1017,1095,126,1568,1584,1743,263,1580,953,266,1839,253,292
582,120,1769,1541,643,1301,1040,403,1774,1285,60,402,236,1683
688,1470,436,273,1807,1089,1281,204,1050,59,1721,1582,1838,857
1040,1169,1679,967,475,704,63,1566,192,1242,1752,669,1374,128
990,235,856,1276,478,72,1780,1250,24,162,303,1309,1476,70
596,1348,1097,1296,1836,1852,279,268,1297,1302,876,1604,69,950
126,1564,1441,1290,1819,1836,997,1792,1299,1650,598,1432,436,118
865,267,1430,222,269,1648,445,1296,12,771,1347,700,1432,891
733,644,185,90,1040,478,1648,1804,1173,1294,1709,1343,1741,450
1241,648,1687,191,272,1564,334,952,710,1276,481,963,1470,1426
736,26,811,448,1297,1240,229,1301,1374,201,1803,1135,108,1798
174,270,1591,1648,150,1272,70,853,983,1839,1811,403,602,990
1169,1496,1301,268,1555,1412,1479,292,167,383,957,1325,1441,656
1145,934,319,1254,1851,465,1011,1210,1839,521,1712,1571,1105,620
846,1702,1426,1094,12,1842,656,1489,182,918,1836,1544,1409,254
1628,1003,266,65,878,1013,575,1742,1306,1564,96,1307,1292,1332
1780,1585,1302,656,843,249,1752,299,1250,1265,1778,219,427,16
450,1294,96,626,156,644,50,306,225,495,380,425,302,1432
259,656,138,540,642,903,1182,918,221,1149,1805,639,262,1017
1648,1228,1305,1195,1585,1670,934,548,250,855,1346,270,713,918
862,642,1304,233,1776,524,294,56,1302,478,1396,1781,1221,1374
1304,1250,639,1374,821,1132,780,1648,1500,19,723,53,729,1853
27,1470,1298,1284,1769,277,922,1210,829,181,204,1057,875,768
1104,990,1555,1298,906,1374,623,132,129,176,530,606,133,581
931,1276,632,1566,498,137,856,76,98,917,1305,1343,955,93
1182,990,222,1699,108,382,427,1195,180,228,540,1030,921,75
244,1268,137,151,1029,806,1179,1294,713,221,640,325,415,993
838,1278,307,1555,1282,1409,1265,1706,855,75,1741,1341,277,1302
1169,138,1281,1677,1270,297,1163,1011,1182,656,120,930,1704,209
91,38,1432,522,1306,1292,375,684,1182,1051,1263,1518,623,1695
1307,103,310,1276,1284,669,430,1264,1752,1294,936,907,175,1300
1213,862,1242,729,150,1569,1129,1718,890,1297,1804,1191,1284,87
448,1335,1315,21,253,192,1417,1188,1232,204,1299,1448,1274,4
1855,781,1291,1306,1316,318,126,1191,277,294,956,1804,496,70
334,640,1302,997,157,1836,1552,980,292,1365,1418,1281,444,1562
92,288,876,1565,833,302,1819,12,157,1778,286,120,1165,561
670,645,640,440,1034,1095,768,268,946,1298,70,1374,1132,89
272,1377,23,1552,535,1351,1544,1284,1282,171,1305,1409,1270,146
1711,1648,1105,728,24,1320,1007,1011,1699,740,1216,104,1639,1828
488,1492,855,1603,1470,262,624,160,138,193,1741,23,1752,1547
1281,913,1778,1305,11,1244,3,641,656,134,933,1,1374,1184
1104,87,148,1217,223,1843,1703,1741,1303,1284,112,525,295,1296
1598,823,288,1399,950,269,1277,954,1120,270,1217,1706,901,18
582,909,1670,78,674,1036,890,1648,1235,1772,1179,86,1335,134
106,641,1276,1284,266,1266,60,370,1220,1304,74,54,618,1377
568,1809,1011,170,742,1793,656,536,101,685,123,129,1181,1242
990,869,1752,902,1088,431,259,203,1840,23,1294,1432,61,581
1037,270,274,113,1306,1302,1585,24,261,51,1226,1290,1802,49
1280,163,478,591,1305,1780,277,907,549,186,1076,1195,1083,1337
1291,1537,990,1364,857,1752,37,1824,74,1652,1778,1851,244,1732
989,700,6,909,1349,46,1470,832,221,1584,416,34,1591,1472
1183,913,128,311,980,313,302,1280,1182,510,284,308,1607,1301
121,1234,857,864,1123,1584,1805,177,190,695,175,868,136,540
1337,1225,1479,245,1301,1294,1002,72,773,1533,254,27,923,1076
1307,1839,1648,165,971,274,1476,1289,967,1278,1279,1804,175,636
1714,1005,316,440,855,274,920,192,1191,745,279,958,1120,516
1281,1301,1148,857,1819,1089,459,1581,771,598,190,1335,117,1328
1291,1182,1498,1086,1125,1374,1076,1201,192,803,1738,1307,1188,1303
1348,1165,1732,570,897,1182,1599,645,1402,148,1423,655,406,669
140,108,90,295,1772,990,1545,1489,1654,1426,1684,404,907,1312
1566,264,1297,1123,1529,1302,1648,1830,1105,642,350,192,669,634
136,1241,1776,989,274,1804,746,4,1781,292,1304,49,1306,1727
989,847,1323,904,1603,83,1296,70,911,510,603,591,117,138
554,389,506,915,1547,247,234,636,1303,1657,1824,1107,20,1436
640,1280,1297,1267,639,1819,1290,1303,1615,1741,855,688,890,79
1419,680,549,1854,1280,1780,865,990,290,1224,1302,259,887,1839
152,188,1566,1249,897,1525,956,1048,1225,224,254,150,1299,1217
1350,1266,90,259,823,735,94,369,1284,523,1782,61,1618,1277
268,1839,748,950,1353,1701,1490,621,1711,150,296,1175,1036,1830
1469,669,1304,1293,1271,164,322,821,1767,764,1260,1404,1807,1285
1844,857,140,1704,119,1691,640,268,1219,1104,1199,1682,506,253
275,823,1306,773,1409,924,493,1280,201,105,270,518,70,1297
1198,244,186,1839,1775,152,875,685,478,1024,596,1241,990,181
1704,501,1472,1836,293,790,1774,144,87,215,197,70,1757,187
1282,1301,990,1856,1824,242,1849,640,656,478,476,1690,1172,407
950,574,1303,525,855,573,1498,1297,823,189,414,639,563,1688
485,548,772,303,659,1298,1024,1265,490,939,460,1307,1301,188
960,1302,1470,1307,254,179,958,286,339,328,1550,754,1811,109
1668,552,235,1684,413,1067,70,1296,1685,1153,376,1517,1011,498
931,1815,22,1018,865,1081,156,1282,231,1299,1306,621,1648,1840
1827,18,1696,1717,1210,287,220,993,126,872,1741,129,1276,571
1022,1370,595,855,885,578,1811,194,91,1203,1082,1158,1216,989
789,1592,1093,636,1132,479,1094,1591,1426,999,1307,307,83,249
1150,284,1555,1674,1279,1034,68,1773,126,1823,694,1691,937,88
1778,146,753,219,140,264,560,1440,1648,1306,1840,163,1804,1295
108,1292,1034,1818,1564,907,1088,364,1193,220,74,1852,1280,296
1183,495,855,772,1741,1839,1434,1292,99,978,1840,1309,88,1585
833,307,90,1249,990,862,890,640,645,1690,989,363,1163,151
1073,1853,481,509,1364,302,1301,989,1584,296,330,1267,334,39
804,1704,478,1230,411,1811,1307,142,1464,1547,913,1540,1819,640
278,642,985,1728,1811,1350,1146,1158,25,1387,1070,325,59,156
644,1278,69,46,143,1555,1711,753,133,86,1276,1302,1718,645
915,1294,206,1470,1374,1123,306,923,1415,166,348,893,540,1290
96,989,321,63,263,627,1312,150,478,259,1670,1374,1182,358
1804,1008,911,1182,478,1289,1784,1299,643,1504,1732,1842,857,286
1125,921,1349,1126,1852,457,1278,1298,1279,1204,305,713,1534,1536
244,645,1774,146,1232,1063,966,478,1104,1304,1383,1513,728,642
1566,889,1097,531,568,541,857,1490,945,886,624,1301,175,219
219,284,1432,1123,265,490,1298,464,130,1052,413,844,1840,744
770,1544,1289,761,1277,1280,1691,93,1040,641,955,850,1554,1805
949,1830,529,1417,1555,1804,1703,543,131,80,376,669,1242,185
1651,987,354,434,913,1203,1276,1297,113,284,1648,1534,513,201
1227,1545,169,1527,123,853,1524,192,24,639,383,287,1778,1191
1732,1268,1216,1809,1019,942,983,1741,1207,315,1140,1307,530,1297
1032,754,1357,695,1195,988,784,24,1839,643,78,978,1783,1014
60,1839,1518,1722,1292,903,1783,1306,1022,74,78,1097,1712,305
669,1271,1374,11,71,1226,742,990,1215,1804,233,222,1818,754
857,443,889,104,1374,268,87,1145,193,1104,1139,4,1417,1845
51,49,998,833,417,1741,1284,1296,235,934,698,832,645,328
1040,1009,530,1293,644,352,1279,79,1145,1067,95,27,1297,463
272,459,76,1259,196,1282,897,989,1222,724,186,890,1270,105
292,1284,1095,1732,54,1290,176,1739,483,457,1566,1741,175,911
25,1291,1290,1798,90,1032,1679,713,1554,152,1018,1189,1749,1302
1697,1280,220,400,504,527,1811,807,1319,659,1276,1648,1217,1817
855,1036,83,1094,451,273,156,686,1034,1266,1817,1076,1302,1702
70,1306,91,4,1707,1188,194,1294,399,877,63,1201,1566,899
596,119,1513,1005,598,917,540,1303,1811,872,206,1279,1597,1778
1306,936,857,639,176,1132,1018,1290,1204,277,293,1824,811,1095
1781,1160,134,1323,95,1490,1217,1678,1188,1306,855,356,256,189
1811,700,87,132,350,1603,1679,266,1585,1119,1358,1566,990,397
1689,1307,1811,144,1289,220,501,1301,1291,303,1380,274,1776,457
1805,1598,1257,1272,1307,1302,916,606,1188,221,1123,990,265,1676
1177,571,1152,219,1266,889,980,717,193,990,677,1182,1712,272
1694,990,95,1802,1732,1515,874,689,478,1791,1305,1012,1294,1482
219,1182,1184,859,222,99,1306,101,1778,942,1005,245,1454,1843
1295,1281,65,1424,71,1303,359,1278,1495,849,357,514,294,1277
78,308,728,1558,123,943,691,1741,256,1296,1374,1150,571,368
1237,65,293,1051,1276,89,331,1292,1217,596,74,298,244,29
132,1420,434,904,1121,1811,725,92,1093,1693,1627,130,1279,1666
1052,875,1040,637,748,1203,648,1775,1706,1811,1312,24,1432,1170
1083,1005,852,1300,1749,65,1659,93,1217,1280,309,169,955,531
656,856,163,1307,1741,1266,1727,1793,1704,156,1034,789,489,923
1648,1566,1492,1017,369,1136,1182,641,1168,1343,1689,1389,1776,954
566,1545,292,151,1839,1585,1303,1071,1320,191,990,1752,1184,857
531,1780,1285,262,473,1305,106,1279,563,1302,1804,1118,128,1072
93,1184,256,871,1276,382,845,990,1188,1764,1817,1781,1305,122
921,186,219,621,905,24,273,1068,1787,358,829,783,1304,1807
833,957,1585,1165,1555,292,1310,78,61,1640,562,1335,1243,1544
934,88,914,221,1780,1300,1426,1182,1804,661,1278,1280,1662,227
1290,535,1126,599,1277,1470,252,1648,1231,1228,1863,1041,298,1811
1266,890,190,35,642,1776,1276,1761,60,100,65,1458,151,233
849,645,1346,1399,278,1114,223,265,1071,64,1689,286,1206,964
1585,1780,1301,118,1804,989,90,1534,1096,193,621,151,1136,540
1426,244,1159,1267,1847,88,287,1367,989,319,1494,890,1365,820
951,1288,648,1282,916,1057,1566,1676,642,1804,272,1741,1291,23
1101,816,70,860,1374,852,128,1644,25,1776,1281,1251,290,1840
1298,113,1799,766,1305,1022,1585,1534,88,1759,1825,268,1546,767
914,1689,1040,588,1054,1258,1404,784,1732,1566,1303,640,146,697
1052,812,1284,740,1306,91,1015,1491,615,540,862,26,71,268
93,1155,1187,1306,914,588,193,864,1564,76,1449,1113,708,1359
297,656,245,254,475,461,665,374,1531,70,990,149,1658,308
225,1222,202,1534,990,200,1684,1205,1564,1095,1322,348,1070,1104
1817,193,257,1016,125,1585,662,1191,217,1092,65,1693,1853,596
274,1586,818,214,1742,1648,1281,918,594,952,1279,1184,1055,1225
285,134,402,716,1294,1197,628,911,531,493,270,140,686,185
79,1644,1844,1694,1279,1790,1409,598,1297,1278,74,913,1702,178
1806,1426,1280,244,1350,1035,912,1793,307,181,233,151,1374,835
88,1149,1687,1296,970,247,1094,295,749,1778,694,27,1802,133
1265,139,641,752,648,695,1289,140,1278,575,1334,1859,146,87
1090,641,150,1306,1372,439,25,1265,26,598,1074,664,1009,848
1076,573,501,1306,1203,146,1302,233,361,1292,199,1034,1778,1776
381,79,253,1116,325,1106,221,907,321,204,1348,790,956,925
111,252,1068,784,70,1299,1303,588,1076,1819,25,126,1335,819
148,58,1160,645,1314,305,1620,1156,158,123,1300,74,267,588
1305,1099,1198,430,1839,1648,144,840,1546,1781,1130,1282,855,990
1294,1720,348,491,698,1290,1280,1741,1845,298,290,1757,562,1566
70,1669,1776,99,1217,1840,306,325,1299,766,1847,1327,1508,55
151,1291,176,1289,1336,429,27,1704,1780,573,1188,1303,175,1360
1235,148,593,1088,220,1534,1030,99,1280,757,644,1177,510,1291
1593,124,963,188,1555,856,1306,296,7,1303,1564,259,63,1686
574,1276,1323,998,363,264,2,636,12,990,1426,973,1280,291
1119,1648,74,114,1061,1211,370,267,1644,167,1276,391,1340,265
253,5,137,731,263,27,1306,954,1545,451,182,919,374,759
591,1041,1256,973,93,1752,855,306,1306,772,651,152,953,1270
525,855,961,379,338,1038,98,1489,310,284,129,94,641,1009
1276,871,1699,1343,220,1120,621,1294,1284,1157,223,1243,91,478
533,440,616,78,12,1306,1038,276,1552,94,1693,134,889,1279
990,244,1830,1615,1106,851,1778,223,1040,566,412,484,1117,1166
1167,1676,688,981,1292,27,204,1270,677,1679,1285,1711,570,89
1843,699,588,286,1564,261,1555,1859,268,1816,266,848,1817,312
741,1804,254,1566,1354,1776,1246,1076,175,1051,177,862,491,636
494,488,1426,1566,175,1844,1819,1778,74,1712,1757,1669,1280,20
1294,533,645,1305,1819,1533,1306,659,1301,1669,1585,1073,12,1091
377,1839,1145,1260,1549,1572,1276,245,312,283,74,990,172,1819
907,1273,373,623,1124,1843,1564,284,1163,1083,890,1566,943,399
1648,1304,718,1145,1013,1568,1213,1417,889,1741,1640,298,81,1344
1204,1281,1081,25,197,465,1160,1147,1297,1321,794,1292,1181,619
1555,776,645,845,1533,1278,1304,484,401,1804,937,918,1851,192
920,193,1776,1374,1091,540,1804,1030,1158,1279,463,705,265,1712
1011,74,1306,1292,1841,1294,1648,148,1289,1051,231,1265,86,62
285,16,507,1292,911,1296,1073,1304,223,1290,484,1275,1168,1847
562,1778,252,1353,1281,1783,1285,1711,919,1691,1853,642,907,1769
1303,294,1581,1074,146,669,897,532,1117,753,206,1348,700,1804
1030,1292,202,341,1217,259,721,99,1583,280,1289,1740,1432,1118
1343,208,1759,934,1751,572,492,90,204,887,1294,1306,1585,296
1326,141,1303,1217,838,129,528,1299,307,318,304,459,233,1307
1648,99,459,23,644,179,934,7,104,957,1850,152,1547,681
613,1589,1776,1294,112,745,1818,1216,1418,970,1296,890,326,1123
870,1691,1197,1302,1658,1228,96,179,1076,1426,1563,1410,1436,2
37,908,1712,140,27,412,695,159,1744,1585,856,1834,1303,1780
1824,363,112,859,474,1722,645,907,1034,83,1330,675,1585,963
1392,243,1815,917,137,1290,282,190,65,1817,561,466,1648,911
1819,410,1817,1585,1839,1566,1067,639,1034,1689,1333,1082,126,1181
25,656,1299,475,1779,1432,1067,1034,1036,1021,1566,1584,1007,1294
277,871,1288,1712,181,1190,1585,1741,1555,946,802,636,1276,1780
136,1353,1817,266,255,1237,829,440,137,1182,965,1705,1247,494
1811,859,1103,244,596,1824,1555,23,1688,1584,1216,1301,830,990
1566,3,133,1161,237,1198,1544,1468,709,440,1780,74,1263,1426
867,82,100,509,1433,1304,1276,789,1732,6,427,1115,220,1181
889,1235,1780,903,136,581,1481,574,1290,341,700,1289,94,1752
1737,1811,1644,1190,252,970,779,125,1349,265,358,54,1741,715
1566,55,1058,425,89,1293,1018,1303,1229,987,1635,298,1773,1268
1648,1163,382,623,1147,977,96,70,1511,1103,615,1409,181,1123
990,233,961,1281,1838,956,192,271,890,139,1282,74,980,914
1847,806,292,1353,509,1470,1564,1089,1852,1291,70,1811,694,100
685,21,430,686,1307,1585,1741,1264,96,1289,881,146,550,1182
1038,1752,1273,284,530,1305,166,1278,1604,235,130,1529,1289,823
515,1807,253,185,902,399,1674,80,1233,1125,126,1098,1752,1580
244,697,74,1770,1302,903,1361,9,12,1139,1284,645,1190,253
953,1383,1276,989,1345,430,491,990,1012,699,645,24,1145,1024
101,1490,1018,37,1247,1564,890,1255,963,952,772,1278,28,1566
1165,1289,784,640,94,23,767,25,980,260,253,1578,1296,978
1294,379,356,1776,1277,1702,1098,623,954,1462,1381,1304,1095,1305
175,74,1648,1158,1294,1698,88,855,1103,621,70,290,645,222
1304,868,955,1223,694,1648,88,285,1067,1821,856,37,1752,1280
1730,1812,74,1272,1224,1297,845,257,842,1284,1282,185,990,1334
1675,1146,1521,623,1839,259,379,1300,159,274,1282,857,1299,1686
1018,901,907,281,855,129,1302,1030,1299,1750,320,1686,917,1348
1256,1304,1290,70,926,1344,19,3,872,921,1365,1491,1426,677
1811,704,1711,284,259,968,644,1752,1169,550,520,1263,1155,692
1277,497,1198,1166,568,1311,101,1279,219,1286,65,1780,1045,1756
748,1145,921,181,1426,847,495,1732,1281,749,1288,656,1851,466
601,882,621,664,855,1759,656,1118,1787,140,639,642,222,132
519,478,1682,1802,69,185,49,186,856,915,757,1374,385,152
16,74,1285,1293,1166,1272,1343,1282,100,1157,1732,1306,1242,1566
309,1276,1648,855,754,1165,296,392,1291,1555,213,78,640,1817
1292,1151,1288,1160,1846,923,1683,1685,1768,1426,51,720,381,1566
1026,290,94,289,138,694,527,653,285,294,1776,913,1830,1472
889,1296,1210,1555,717,83,936,1239,221,1415,670,1850,1018,482
590,452,1280,1783,1731,1712,855,1564,1265,780,480,1282,1545,1546
645,163,1302,497,642,1034,975,1648,903,640,586,283,1804,1307
93,1184,280,1250,1752,1115,1756,1566,78,509,1534,621,747,194
1677,243,288,1284,804,851,1513,1566,1011,1154,1269,204,1282,1778
274,509,979,1040,855,1280,1851,764,990,656,925,1610,159,845
558,1074,1302,245,94,503,1418,1752,1374,1490,1286,1426,1307,1691
648,184,981,19,288,905,1278,1067,1296,1694,1300,813,61,93
971,1026,645,275,95,1215,518,1306,269,1850,1701,1648,318,1607
1121,93,571,443,1851,253,1534,1284,1294,283,1296,246,890,865
1799,283,1040,150,23,1580,321,1694,166,1591,76,1137,1374,478
1811,551,1407,98,99,294,93,1275,1071,1282,1712,724,319,990
656,1566,399,881,379,1623,1,513,179,1073,990,1545,1345,1488
1781,181,990,878,641,860,27,267,374,935,1752,1187,645,899
1083,779,773,1804,855,91,1741,1783,1566,772,642,821,1504,170
309,1299,630,1305,875,185,1172,1862,1279,1648,244,287,1051,568
1719,937,1493,860,1839,844,908,1392,894,1306,99,1232,104,303
1304,873,91,990,685,229,1099,189,1183,379,768,1301,123,1663
392,166,1784,575,1289,1284,151,649,272,1279,1711,803,1285,1409
1082,990,35,1243,540,282,238,37,714,1809,324,256,290,1279
1051,713,621,93,1435,690,1288,1267,772,914,449,1256,267,1304
1578,70,834,23,399,1305,7,1512,188,558,1168,86,134,1299
862,598,387,1034,643,696,1279,1218,1839,1074,994,1813,595,639
1756,1280,523,137,180,1804,1113,1531,1182,993,1276,1051,1295,136
1476,1142,1005,1710,1802,1097,79,1336,1305,253,212,69,1741,127
1780,1296,1303,767,120,1166,91,1432,552,1702,382,1281,1305,166
1307,1780,592,71,1569,1555,386,1136,279,990,218,1547,946,1013
194,1291,1305,950,920,1451,651,545,1297,1147,597,1268,1387,1613
175,1266,1537,1843,522,1612,1192,1836,1282,1063,1270,1403,392,1555
1258,64,487,1319,641,320,1457,1123,968,1374,1692,12,934,1770
943,1000,1301,1289,1284,1479,1303,1387,1142,134,478,209,572,132
1294,1841,645,290,147,1774,1473,857,656,1076,1537,380,1278,70
165,1092,201,1804,978,772,1741,220,645,1673,1087,150,1846,647
1094,246,1648,1449,1580,264,1195,1040,1093,822,1207,219,1774,193
1569,293,1497,1804,1811,822,1802,1780,1304,105,1198,1007,505,123
1781,70,76,1547,639,1292,192,740,548,99,268,289,1374,63
258,621,144,268,380,468,1552,269,1781,291,535,741,1285,640
644,204,1697,131,1811,1554,784,1296,1320,1176,79,1498,1276,901
901,116,89,88,1781,624,1218,197,1116,855,1757,54,1483,1028
133,1843,1305,682,640,1741,770,952,286,152,1184,238,1846,23
23,1497,1288,1292,91,74,202,1366,93,1232,1403,1306,1780,1246
877,1711,16,1564,1183,903,757,1300,1082,1648,949,62,323,990
1760,636,504,415,78,232,1430,857,1294,1741,946,1755,192,621
64,1292,1601,4,1374,293,186,1524,1146,266,478,1449,445,466
1583,1669,1329,474,743,1819,1824,1278,1224,147,1037,12,1718,1279
315,1155,1804,148,14,1497,640,990,383,532,486,1840,466,896
1303,919,1712,574,1289,1694,1321,1457,855,151,302,1302,1312,276
164,1203,1371,921,1295,72,1374,374,855,1298,885,11,1723,1309
410,1571,80,1266,221,123,287,855,1585,1036,694,1233,1839,1076
1307,138,961,1303,1550,333,670,1817,267,134,1294,1778,1492,1302
176,1307,688,1285,950,990,289,337,855,1776,1128,392,166,1855
1559,152,65,1076,875,296,1566,1036,139,1302,919,1585,714,912
90,1288,501,1279,1294,1145,1282,104,958,1809,597,459,1844,647
973,1565,1432,165,1811,954,1148,430,425,1022,1648,1304,1215,1145
245,1229,465,535,989,925,1134,1277,1247,392,1468,1136,1294,1191
1671,1693,1699,1300,918,1306,1235,279,645,254,206,1695,862,1076
701,918,1732,294,266,76,405,1845,177,21,747,1019,713,1284
878,112,1181,1165,1780,1277,1134,1279,640,1294,1711,1492,1694,1301
1789,642,581,235,1587,220,1778,929,1007,487,1566,1271,756,31
262,1199,4,1491,1415,286,944,779,1711,640,1051,716,802,1436
1578,860,279,623,1722,1668,1276,645,1811,1173,74,1299,310,1291
1367,1585,297,918,1327,151,359,596,902,792,74,857,1192,1472
1212,1718,95,82,1804,990,623,1245,285,1276,1291,1717,602,1149
1278,1830,272,1300,1374,200,1132,1293,1843,588,1058,127,1540,912
993,149,1026,461,70,459,1675,1741,194,1583,772,163,621,71
1294,915,1282,909,1486,902,319,90,1554,1347,24,1104,1306,1301
149,1374,1555,1267,640,415,961,990,185,425,1235,1289,1142,863
1276,1177,220,1297,1781,900,181,1096,1168,644,90,1036,1593,1644
1290,1660,1082,930,1564,736,1555,1657,1472,1256,1612,1058,884,24
536,894,1095,500,795,1525,1807,1301,82,1415,1609,1052,198,1296
926,1145,40,867,1491,921,1094,1017,280,1840,1727,1615,1009,1304
1780,27,902,1228,286,1564,1683,1213,890,641,596,1374,642,1145
179,1480,1276,669,1281,166,194,1280,1491,1033,1840,1235,234,582
51,126,917,407,1409,579,1263,1589,1039,139,744,907,976,978
1294,430,1741,1092,957,1290,101,1685,914,917,288,596,999,244
1419,281,1243,22,1847,617,1819,1175,185,1529,1780,1151,267,779
1168,1279,1086,1680,1457,917,296,1669,485,1022,369,101,1847,888
1697,568,96,1770,642,907,1155,1432,1224,1627,1297,1355,254,25
1265,725,592,1553,1853,1712,670,181,1278,297,49,1804,1811,556
1291,583,857,935,1288,420,1711,1692,918,294,1817,1279,236,86
305,1276,1341,835,1155,1780,52,1289,492,140,1851,103,186,1446
144,1675,1719,86,126,1284,1654,1052,395,25,1690,1374,1298,496
1164,1534,1741,1712,1285,1274,1302,847,214,202,1265,1780,1181,259
909,1840,440,185,92,921,1799,1280,1374,724,1112,1649,114,1802
235,1671,1279,990,1132,71,1036,1041,1793,1151,1688,134,1432,1804
1104,1842,166,197,581,905,1233,141,1497,811,1014,1432,570,1703
1051,316,156,1306,1824,1294,1840,1778,1300,1712,478,1084,63,279
1298,220,406,1655,136,669,997,1773,1804,79,1289,1363,1091,1303
1688,89,1282,270,1566,382,1307,268,733,1417,1548,1574,1205,166
1304,461,1302,1306,990,279,820,1321,950,1085,1293,1301,863,264
1669,1116,200,1374,943,296,1292,1145,1189,1711,680,1566,877,1161
1819,990,1304,1289,1178,735,540,375,602,1109,856,1307,301,306
1432,478,1282,923,78,1303,491,273,1728,656,63,94,112,1566
220,152,1132,1083,596,1183,259,1301,1488,1264,1722,16,374,943
1844,1741,950,957,18,1290,74,1756,296,596,1041,15,641,130
202,918,234,553,1081,1614,466,1483,890,730,105,273,606,93
990,561,1113,809,233,253,1305,1470,1337,71,953,819,806,23
1741,192,908,645,1841,1235,928,699,829,1301,1839,1211,1471,1648
1279,94,1780,898,1179,292,1289,1305,493,27,507,1776,193,722
1,506,245,672,466,1293,694,907,641,1252,289,1776,263,530
981,170,645,1838,1285,1165,1229,857,1747,1294,1276,1368,1853,201
268,1682,478,1300,1005,1819,1281,1375,219,1150,657,1183,645,1307
990,1305,1302,989,411,1117,919,1185,1836,1182,889,827,641,1291
1400,1152,1714,1099,1744,1345,1009,1276,1362,1302,74,1637,588,86
658,774,902,451,1752,214,1265,1303,1374,1266,1172,70,811,1838
1271,1770,223,1185,1196,966,875,739,217,1783,1695,1181,1298,24
1216,256,889,1228,990,478,1307,1842,26,517,1279,1832,1686,70
1011,201,29,1147,1137,640,137,1780,1307,855,1257,1374,239,1062
663,186,1843,1305,1804,1426,1242,93,627,834,1476,1146,28,1298
66,1278,1489,598,41,1104,1267,937,1391,1071,1670,833,1569,1147
1289,1415,72,1566,1297,1648,1803,640,823,89,596,1685,1337,306
1492,649,1289,901,1168,1804,1706,175,838,138,1164,680,221,1550
1062,78,112,1302,1555,1278,1367,1084,1566,1284,344,268,295,1220
1036,358,1181,254,1285,190,1823,24,112,259,681,1689,1145,305
1741,1292,483,1084,773,1821,1099,909,630,74,274,1566,669,1183
1679,1040,1417,656,902,23,1491,1163,1076,645,451,1345,243,353
1160,1783,306,280,743,912,855,958,1488,61,553,1585,1741,1295
1296,1780,4,1505,120,1432,1598,1293,1290,952,624,1182,1564,99
1648,1689,27,294,1564,1566,913,1344,1840,333,243,908,1290,846
773,1136,902,1305,1379,118,1216,112,1299,74,1763,1616,1306,186
53,1669,1319,1817,1741,1191,278,993,1138,1026,244,1160,717,950
1566,806,1320,27,357,855,948,131,132,1276,1432,1295,1098,1836
253,1682,93,478,560,1637,1449,1830,244,966,1676,1187,1148,276
975,1288,1073,834,253,1592,254,109,1522,123,352,238,295,1741
1320,253,123,1648,1610,164,1011,855,1099,1780,758,1553,1349,25
479,1752,1780,1585,1012,1477,1123,28,953,1696,303,911,176,1476
759,548,1677,125,1771,374,91,1074,1105,411,879,1304,1778,1292
1819,133,1618,78,1146,287,1260,711,146,836,1842,1444,1387,1293
1741,1703,989,179,829,713,268,1677,909,1294,1712,1279,1295,907
1305,253,1017,749,96,821,292,487,1056,1298,1444,1590,23,265
1625,70,1547,669,856,132,135,1225,399,748,535,1566,1093,1314
890,134,93,833,288,392,1271,335,267,1536,990,1293,623,1290
1305,1613,734,1647,898,1625,1298,960,550,1285,1690,1574,621,733
570,1183,966,1388,1564,990,1066,1270,525,325,540,1777,1082,264
140,114,214,1266,1232,920,1236,694,1374,989,1845,285,530,136
1800,656,640,1191,1566,747,642,536,1307,1648,318,913,1441,1564
1284,1798,729,1173,494,178,79,1228,811,12,215,1707,1807,1374
496,430,1276,1242,1771,1604,1787,18,918,1545,911,727,728,1584
1267,413,319,995,264,93,1232,1161,1566,1084,348,136,806,729
134,25,59,402,95,1417,1837,265,133,1305,1056,1752,1236,1163
424,1112,998,142,1780,950,1279,990,713,1353,12,301,256,239
316,1374,194,1307,643,926,1839,1405,1488,1682,1276,1007,452,178
1566,332,200,1026,297,25,1276,1593,1564,1681,1034,320,937,975
1300,561,808,475,1618,433,1289,1279,73,572,1564,920,669,1669
7,958,1263,1277,1217,89,977,441,157,92,641,27,1840,491
70,415,297,371,145,74,484,454,1278,1307,1147,478,1546,1056
1404,1705,1290,812,33,984,309,1750,1590,1741,1555,890,1322,918
1296,256,341,1302,1289,494,1513,1097,623,286,165,478,1464,125
478,253,1007,174,1041,1189,1249,1304,1285,993,305,1472,100,1680
725,1807,1409,267,1156,1851,1752,890,137,53,1704,1852,1547,1819
165,197,478,714,1292,465,192,1295,597,1537,990,175,1137,1804
1312,748,1285,1305,1278,622,980,256,914,1578,1095,1291,804,1415
1198,1131,177,1555,1279,1409,645,1225,116,1781,638,1060,1778,805
1535,856,138,176,893,1688,93,1566,259,1740,1178,1037,1787,1026
1036,1840,1348,506,1076,564,96,1092,1775,855,246,1740,181,1301
953,1311,200,1289,1241,976,656,1276,350,1481,1303,687,862,1804
1648,1438,1242,1245,1083,1253,269,1655,1354,274,623,178,1426,1303
1093,845,123,1290,806,415,1278,244,64,520,1258,661,1299,1285
1257,1710,657,969,1192,1094,855,989,967,514,504,1275,1287,674
787,1138,1472,74,1036,1675,1502,1498,1101,1778,1655,530,1221,1242
1741,1648,1245,1312,642,1293,621,1774,1374,94,64,1306,1051,289
656,1529,104,1291,1621,990,151,349,1648,1276,540,1545,1415,1028
1280,1291,1846,165,1566,1297,1218,1678,1314,1553,1374,27,12,1087
1513,1217,287,697,25,1490,603,1293,1244,1278,374,171,1276,1052
1191,1404,1089,1843,71,126,943,1806,1278,713,1276,1697,138,145
644,1091,356,1717,1842,1817,1307,1279,1341,1306,158,1426,203,378
1496,1279,1859,1257,1781,292,1234,1846,402,1305,1280,478,1298,919
141,1305,383,1281,887,1278,1396,12,1038,341,128,310,1801,665
1095,1071,1092,1183,1537,112,61,855,938,1651,1648,984,1550,1566
129,1689,55,1721,1298,944,656,304,162,1095,861,155,913,878
1804,1749,1741,1279,27,730,1182,463,1676,604,917,940,128,258
1804,219,1291,1811,1472,1320,39,1780,1468,155,1168,1752,271,262
1684,823,256,259,656,602,276,870,1299,1163,329,78,1295,976
281,1217,1498,1284,583,293,188,221,868,1119,223,1294,909,912
23,1805,1372,1292,1238,55,229,1362,1093,546,1541,621,1182,677
1783,1298,1008,1721,335,112,207,1290,1224,1024,258,1303,1222,15
861,1811,24,1755,713,613,23,1051,87,588,1837,157,113,489
585,219,1281,688,1285,292,504,1306,1776,1303,133,707,176,1106
173,1558,640,1123,165,1694,1702,1397,1187,1099,943,1087,184,287
263,274,1043,573,1657,190,1373,1294,587,664,1776,138,1695,137
1284,1182,4,78,270,711,284,1472,1041,374,194,680,23,1447
237,1823,1281,1284,1741,1013,890,1294,641,1346,1679,283,1292,1116
1266,1350,990,1301,1250,1840,1817,656,1284,1088,957,1340,397,104
1287,1338,1297,889,72,1014,1851,1298,1662,522,981,1295,1846,1284
201,303,62,572,91,1566,623,323,1406,1732,1780,307,98,1257
1287,714,140,1116,574,1396,987,1056,1470,615,450,49,611,75
984,1041,234,1159,1842,176,1293,1451,1778,534,147,901,1566,288
1160,1183,79,781,1281,245,102,1669,297,291,1407,1353,674,1804
1703,1748,483,142,1154,766,1298,1232,975,512,858,1307,465,1729
1818,1297,1639,1711,1374,907,112,480,1185,1212,382,640,311,911
690,197,147,1772,126,754,1585,871,601,912,945,185,953,21
951,265,1811,1286,1175,1681,1726,1648,990,23,615,194,541,285
855,1295,943,1082,1076,1276,244,745,1426,315,274,289,1780,1839
189,1685,101,582,1448,1778,1304,968,581,274,78,1343,1811,793
772,1493,1036,1432,1727,152,1160,1301,1579,1648,101,1228,1640,23
1013,168,1291,1049,1615,1306,272,1732,1778,990,1086,1566,621,1374
1436,1648,263,894,1481,126,857,1146,1299,595,1295,59,296,623
259,1778,1292,265,1564,494,1307,526,1844,286,821,918,193,1299
122,1741,596,494,286,1712,178,1609,293,1372,93,478,1008,263
274,1161,99,908,1300,1019,1851,1265,640,416,535,1306,404,1097
1121,478,598,102,751,1432,1804,79,194,1063,715,907,1566,500
1305,812,1266,1289,1547,157,270,1443,1166,1648,295,152,1265,1707
854,443,361,894,192,1555,1639,911,1711,1169,351,908,1719,1277
1498,46,1276,754,1147,476,1228,1819,1518,268,1705,65,60,1302
1841,855,243,1321,589,173,1804,1296,63,1677,79,70,1496,1099
1374,105,1778,1732,1357,1711,193,919,1090,1265,100,1564,255,1426
1780,133,1296,1360,417,1087,1167,598,1306,374,993,1802,162,773
1669,920,973,1232,1305,1819,897,1349,104,220,889,1778,1830,74
261,656,197,748,1276,471,175,1780,990,640,131,1278,1085,1847
136,1306,1279,353,915,1559,1691,835,307,1764,1304,1215,1732,1273
1224,1235,134,1003,363,1300,476,1228,1607,60,386,1231,307,912
478,1302,58,1296,1794,911,1306,1839,244,108,950,1299,938,1490
858,1340,1247,91,997,478,596,1292,415,435,1512,1182,1585,1288
640,1804,692,856,145,1300,1280,296,1290,1289,604,1741,90,1546
1544,915,1279,197,568,1836,273,1295,1736,1319,20,1148,914,784
1296,1300,1279,86,192,1250,270,1674,490,1722,573,688,178,1207
1216,1299,1584,133,1566,131,775,265,1534,1227,40,1753,72,163
623,1433,1849,1741,213,639,256,337,1415,1301,1584,83,218,271
112,459,1860,552,1265,1811,1123,1518,1491,1673,358,329,1790,474
1300,1754,776,1230,91,94,86,842,299,1819,1802,1305,1256,741
1426,118,1604,1738,1698,7,1279,384,141,1280,1305,285,1026,1276
1704,1265,1303,297,61,25,267,1305,1374,1776,1092,55,253,1279
257,1654,1543,1278,163,1320,1299,276,1276,1633,296,1154,1547,260
292,1267,747,269,135,856,220,1472,1817,1851,1232,474,37,1028
1804,641,1128,16,234,1391,1217,1094,100,911,307,828,478,242
1741,953,1188,1819,284,862,100,77,656,235,727,690,1566,903
1555,1366,1780,1819,551,91,1585,257,1145,654,990,746,1229,1841
1279,997,95,235,551,1752,141,859,134,540,219,70,1839,149
918,1555,1710,1234,308,459,151,1778,775,163,909,1800,293,1305
1341,1727,1290,1566,644,833,116,855,811,857,1375,645,1184,1237
1564,934,1280,1307,1811,100,1260,163,1342,197,12,1532,287,51
579,1328,281,1289,902,23,1752,1234,412,1280,80,436,148,319
636,1648,956,1334,586,87,1366,445,21,1280,1228,1068,1282,1679
1839,292,1064,1566,1804,588,283,1036,30,1564,1585,1276,641,1290
256,1176,1474,1802,1289,128,1804,670,1299,1068,1631,195,137,1586
1699,1840,101,1069,1232,1426,365,1564,181,1286,79,23,990,1269
645,1296,24,253,1712,1302,1838,1693,1353,1817,695,675,1842,1188
1683,655,192,293,451,1288,1284,913,1228,268,1785,1448,1757,1099
507,1455,1861,1076,1287,1041,641,1130,1289,1306,659,1278,49,1545
104,990,1836,1688,1472,798,1518,221,290,1279,181,1040,1599,179
126,669,1539,1026,113,459,108,1836,467,1260,990,16,18,374
1741,1300,129,1224,990,1299,1182,1566,94,941,1145,1060,641,1199
990,1840,946,1702,1547,108,1086,959,128,1536,691,1566,989,271
490,627,757,1617,1041,1304,243,1472,1302,1162,571,259,917,284
245,1289,499,323,1564,189,1638,148,188,1112,915,1807,1811,879
1302,1682,484,1457,755,22,825,61,169,1441,234,168,557,1246
1773,856,287,478,430,402,382,1297,990,1169,1295,189,1292,521
305,1674,275,955,1675,287,636,1552,1225,23,1104,73,108,325
146,990,644,1753,1811,459,1534,305,1169,121,1804,1819,1056,1741
1804,870,319,290,772,253,845,915,93,146,588,296,1234,807
641,929,1840,253,341,1603,193,1296,201,568,972,1669,1182,1265
1257,92,1466,312,1566,1553,129,1335,1547,137,1687,1276,419,1090
1378,1305,1182,260,1550,521,1040,1752,141,1294,1544,643,552,1441
91,259,966,1840,27,1275,147,725,1298,764,1305,74,1712,1548
478,235,1301,127,1566,1271,491,1804,219,1289,1547,1653,961,521
1289,1469,1511,137,707,1276,1278,937,1137,166,374,656,1540,262
967,325,907,1273,1295,1445,1272,1644,590,1125,1353,990,1842,1550
588,1741,39,1182,1648,1744,691,1376,1303,94,1295,194,1757,855
481,256,79,70,728,103,1284,1839,187,645,1246,148,176,235
1291,1012,1409,989,1301,186,1188,1686,1804,642,267,990,1726,1697
1690,1732,1472,482,219,262,1847,1305,265,1223,1297,1296,828,1851
1230,1783,727,377,1084,1245,1276,253,335,62,340,1841,152,1294
1154,1817,1741,1149,856,891,1432,939,1638,1416,146,490,1280,1642
1349,137,1199,148,643,79,915,1555,1277,284,1094,18,253,1569
415,1307,1355,575,1285,585,1284,1374,1642,1432,1225,1583,188,1276
1418,1303,1307,717,275,956,1683,766,1680,354,908,911,255,656
877,770,1240,670,1561,1693,1819,1780,1278,1700,270,1288,1291,296
1776,1842,180,1741,644,1245,1284,1272,986,1305,21,1203,305,1361
1372,1240,1491,181,1807,259,92,487,1500,139,856,571,1804,451
1800,190,90,1835,1845,605,206,140,1819,570,1488,846,588,1288
1294,103,1305,1585,1280,1298,240,870,1515,174,253,432,1781,24
157,645,169,1203,1338,1470,1798,253,1260,1199,186,1802,66,285
1824,503,621,772,1778,1839,1199,1290,642,369,1056,184,1152,1226
1076,535,157,1062,696,918,1031,179,723,1804,1285,1147,1717,177
1700,1163,1183,929,1276,177,166,1303,901,1294,1290,1030,1585,1514
478,990,1182,1287,137,1415,302,14,1098,901,139,1716,287,323
1305,274,197,1451,1281,1299,535,1289,1321,1284,1163,500,63,148
802,285,1133,23,1305,26,103,1616,641,522,1228,531,1094,754
644,1301,1669,167,1233,1280,989,1648,257,912,551,1727,169,268
178,128,1585,219,1333,645,1684,1799,1695,197,1172,1857,399,476
1702,645,268,394,265,23,739,124,1804,1130,477,1299,1415,1546
917,905,222,1689,745,421,108,94,3,1302,194,1017,298,1741
1555,146,1360,1208,602,70,1546,941,1091,820,1197,640,865,812
1294,805,636,1305,322,255,1349,1495,1301,1811,265,1120,641,572
1034,463,1684,49,1778,1415,1295,185,381,1176,325,269,377,1232
530,1006,1844,93,1089,574,907,1628,233,169,773,1770,990,1053
1804,1290,1272,1752,106,590,666,1683,182,561,1304,1805,1702,1217
1479,1561,1432,1285,695,79,1547,1270,642,1342,1305,1289,640,1490
26,990,1299,155,1536,913,1792,1358,1295,60,1268,176,1302,1187
222,1740,1377,1276,941,348,1304,1273,1804,1400,725,126,984,306
1855,1627,74,1817,1564,1111,1343,285,1298,1648,272,1240,25,374
1220,1564,65,907,1304,1780,1817,1279,1372,185,1088,1179,97,88
1082,1421,1537,1752,99,1250,1256,1640,523,1687,1280,1306,1138,1591
271,1824,713,935,1016,411,1759,1819,1702,1073,1280,290,1154,893
960,145,1167,1852,288,1842,584,862,1468,558,1031,274,776,579
1311,1235,1276,489,1298,1472,1320,636,12,630,1302,90,1798,1542
691,158,163,1847,877,1564,934,27,1036,1585,953,485,459,1119
1729,1547,1276,292,640,23,677,603,1365,417,588,789,302,1129
1608,720,1574,275,1780,596,177,1838,1374,1579,439,1183,491,125
192,58,855,568,1294,1432,182,1752,297,1367,896,275,286,245
383,1294,969,201,1086,1012,929,121,1470,28,1430,1288,1249,260
1405,1595,1585,909,1543,1302,1030,309,820,1095,61,739,1839,113
1145,516,1585,1648,1425,1295,1759,1682,1280,130,62,302,1563,1187
645,1104,857,74,1296,1585,641,1801,788,1284,1747,1030,166,55
1778,1236,1226,1132,1098,18,141,63,1156,918,284,165,317,875
356,282,1139,568,252,1585,707,1225,1776,75,1783,108,151,912
253,608,1796,134,644,1040,1289,1648,64,105,262,1291,374,1566
1111,1715,1276,1291,1836,114,921,1312,1852,917,554,1298,1819,285
306,1226,141,1132,1804,1007,1191,1242,1334,1305,27,172,990,1009
305,1732,25,158,1266,306,694,1807,252,114,1203,1409,557,960
121,1323,642,1123,170,415,1256,1381,1289,279,1090,117,1092,514
253,642,1749,1076,911,990,164,1420,1138,1224,252,1303,641,618
1279,1861,767,1426,1719,1275,135,235,463,1235,12,1242,1105,1295
1419,1295,74,1374,1301,242,621,889,1648,859,581,122,54,1015
1585,54,360,589,37,1780,1552,613,282,855,1819,293,1289,27
1839,323,1288,1655,1268,494,1585,984,128,1094,268,1207,909,96
1302,636,710,1778,1817,385,298,1648,1617,1840,1732,1277,1011,100
466,1307,1545,1856,192,586,1374,1298,1281,1056,902,1658,1203,1246
1249,877,503,1281,84,1038,222,562,397,294,150,966,1513,907
1242,104,27,1564,321,1231,1272,1498,1296,1293,1295,990,1224,299
362,1188,1840,78,12,286,478,1281,183,1274,908,1024,1284,157
451,1417,785,1229,6,1529,1741,112,981,166,1177,1277,131,1669
219,909,1296,1128,864,1294,1281,1840,1302,1807,135,595,574,907
1281,640,160,1160,598,911,1040,181,581,1553,438,889,74,1566
106,1352,1800,901,1772,1502,1500,267,1679,299,1555,1491,915,304
27,878,1306,305,1331,1191,640,188,1774,575,1492,76,697,1117
562,839,1700,715,770,1235,1002,1847,23,1291,1042,1817,1827,1265
135,1566,1432,1539,197,1018,64,713,170,990,1052,494,62,221
70,137,1804,1851,1564,90,1304,645,1228,504,1516,1265,1498,657
478,176,1374,1409,295,324,1839,337,1298,977,1277,909,1319,1250
93,939,1158,199,1424,1426,1784,1027,669,962,974,1720,639,294
1294,1014,700,811,1349,1830,194,374,27,1292,117,1301,1774,1691
79,39,171,12,725,1067,1181,142,885,630,546,337,245,1453
576,92,588,12,1776,1143,246,119,308,897,255,1778,1673,970
1347,1374,532,1293,688,589,1303,475,27,114,1283,833,341,189
1184,1467,1426,1041,554,1303,257,1302,725,992,902,1648,71,374
476,486,1780,645,80,855,1584,879,1819,1041,856,306,23,1781
989,27,1823,1014,1301,253,1340,1842,1741,1242,465,1306,1243,1099
192,1648,1564,1299,186,411,6,1830,1332,128,258,1093,245,1191
297,1345,216,162,1418,1811,217,1764,855,802,1299,408,871,1564
231,1585,1741,596,492,1335,1624,1817,568,25,1374,1418,108,1701
914,145,1472,606,1805,1125,1694,178,1067,1849,949,363,232,1675
751,1780,259,886,478,79,406,1652,1013,1489,100,1374,591,1646
1792,952,1338,1041,1172,252,1778,204,915,1304,1432,289,259,1290
1293,94,946,268,170,195,114,509,295,921,1167,382,258,796
991,74,1036,178,100,1296,1554,1302,1804,1409,106,773,890,1842
1545,1566,920,194,1414,1295,993,151,88,656,269,453,197,1026
1284,1141,1578,889,926,1545,596,1230,1228,1841,1182,1168,320,71
917,1304,643,1245,21,1291,92,1295,116,273,904,914,113,1763
1279,312,297,766,52,990,1804,277,1175,760,863,1294,748,1301
1804,163,945,1454,1653,1692,1710,1658,186,1332,1595,1662,1669,27
290,106,195,1018,305,114,1780,917,1204,495,1296,642,469,312
751,685,245,536,148,169,1182,23,1294,70,1841,669,530,1604
681,1257,290,263,823,217,841,27,1546,1839,1752,148,581,624
485,855,27,94,389,49,146,1302,1491,275,1426,1780,1125,989
919,742,1289,90,1294,288,1712,781,1677,912,1566,1290,1213,907
1032,890,1282,1724,290,1291,27,714,289,1041,256,565,724,917
261,1836,956,114,369,1650,1297,245,1303,1281,1289,1286,1736,973
1031,768,80,128,534,1065,178,1088,726,1564,1566,1830,1404,192
140,335,818,1183,74,626,279,1215,1216,1710,659,27,136,1305
23,1853,1233,640,86,997,829,911,1513,1741,1711,54,920,418
158,1307,138,1104,909,265,972,861,178,642,133,1310,1343,1720
1118,1266,1043,548,1280,1183,1301,1804,811,925,1574,1472,1334,1546
177,953,1184,897,1683,1019,117,1296,1282,93,247,1564,1534,1249
478,954,1047,1182,1341,1026,374,1357,25,164,268,1417,515,23
1778,509,105,191,1158,907,1514,1436,88,1279,1381,701,190,127
319,568,1067,3,1761,274,990,1152,383,793,194,1781,1265,186
862,1187,910,415,1655,739,1537,1183,1026,907,86,1798,1585,59
1839,1225,1547,1534,1841,1176,250,1297,308,730,527,1741,453,1665
718,1300,1343,1076,536,85,1058,992,1071,1652,374,1162,1676,983
282,640,1292,894,1299,1109,1580,1298,855,1149,104,596,1143,1648
133,1290,285,151,1119,1432,1029,955,1685,1307,1840,509,701,1566
1303,917,775,265,1205,1221,1841,382,40,554,1071,990,865,1778
1426,927,1432,1284,465,1287,1305,1277,203,192,1091,919,50,219
487,1669,1832,1160,1853,1321,179,1349,1836,794,1280,201,1335,1128
749,219,1070,1038,258,1037,1804,263,1291,1306,1270,1304,1238,268
1289,874,144,1278,135,9,1181,188,1076,83,177,828,572,1804
856,275,406,262,28,1168,1,39,12,395,1300,216,357,121
1648,1276,1215,1280,596,1741,890,568,227,1235,129,1497,147,1077
177,726,1648,76,148,1305,74,265,258,1681,627,889,291,1564
459,776,244,280,199,1076,109,1304,990,1284,128,1669,382,100
469,1409,1070,151,855,149,641,1648,1302,1294,1299,370,1295,1040
1007,1632,1817,1736,1518,1305,1470,325,706,128,1128,498,1307,455
744,990,1613,1279,151,1276,1372,1304,773,255,1187,1076,596,1472
1852,1584,149,540,1306,1811,1108,277,1155,1697,1804,244,990,1290
134,873,173,1086,1161,1780,151,1553,220,259,1791,1279,727,853
1034,1492,1488,1183,157,1088,952,17,1012,185,541,151,194,1052
1206,296,137,356,722,1276,597,1502,469,640,1217,165,1279,289
25,995,1303,174,186,70,120,1246,302,220,1059,1210,520,1235
491,245,1807,1278,272,1374,1276,1718,1260,648,1182,1486,1285,656
1211,978,1305,934,1183,1470,1840,990,1306,1267,1296,1534,307,1395
266,254,1302,1282,1855,1275,867,1295,926,1131,917,640,1564,1258
1306,1648,1136,540,1120,103,1549,1011,1534,1426,1430,684,291,1289
113,902,28,700,1687,34,292,1199,907,1297,1830,912,1304,206
137,823,645,641,1306,642,879,1793,1300,724,1296,378,1284,1585
1426,346,1291,656,1168,1292,487,1780,1280,166,730,1242,645,1278
745,171,1296,1722,1278,997,760,1269,125,1306,212,12,61,1327
1189,1064,1692,112,104,1374,1730,75,1305,1442,1293,381,1306,462
1268,1642,545,1839,186,1036,1840,907,776,1168,1741,1306,809,454
1741,1566,49,1267,707,1428,265,151,535,1073,1365,285,1817,185
1648,126,644,193,1265,327,1564,74,833,701,855,1633,801,695
36,476,193,293,1289,289,113,284,1409,1172,71,927,1844,1778
908,288,141,855,1492,1374,849,256,99,1297,919,506,36,1306
1076,1515,1533,1546,1265,1304,178,374,645,1778,93,642,1218,1813
855,1601,1069,1294,588,1235,469,1030,1362,192,1741,1357,1784,106
1169,1303,1374,1547,901,855,78,154,1279,1498,1284,74,1296,669
1555,253,75,598,1695,467,1289,193,134,1839,334,494,274,635
1360,1741,845,1333,51,1277,844,363,306,18,1234,254,1432,811
951,1555,1263,1817,984,1218,79,1538,154,606,1002,1386,1561,1432
1778,1307,855,169,1712,106,1276,217,1115,1472,49,720,1092,405
1585,1288,1306,1281,990,1689,1188,469,1291,185,1041,1305,1124,113
1584,25,1773,312,95,1681,596,234,1847,1230,1415,1374,713,23
720,142,924,1139,410,1298,1431,1564,279,1679,1387,151,1116,1096
1393,13,934,505,815,632,1574,1426,998,148,93,98,1329,1783
1655,648,1002,1692,1150,905,1247,253,669,1183,140,1555,1207,89
1296,132,359,950,890,1517,641,310,1343,1555,1112,990,1564,121
1280,424,1091,451,1584,374,1293,1288,363,1105,1778,1817,1712,95
1549,914,1300,280,1566,691,1678,1744,1760,846,561,641,901,1863
1174,1279,1409,83,1290,1472,81,1839,1119,1347,1327,1110,307,529
981,908,1204,648,409,1653,1774,1226,1555,917,1060,1727,1257,918
381,1191,1303,307,1245,1297,1228,257,108,1470,1802,27,220,414
890,648,219,1770,506,1509,98,172,323,1389,1222,862,1295,265
1162,1712,478,244,1084,253,1756,680,78,1838,403,898,548,579
80,857,1741,268,1697,1554,1145,1817,960,640,1841,656,361,1279
354,1217,1078,1776,1819,1251,1094,1290,1438,272,1441,124,1301,859
150,1136,194,197,855,1169,681,1415,442,24,1224,1150,193,1684
1192,179,403,1393,133,123,1293,1266,1145,1452,991,1304,1830,1085
1742,1732,1613,913,187,1280,1585,1034,46,1604,321,855,1297,146
1491,140,1488,166,909,775,1046,37,24,855,179,645,1123,1191
1711,999,1578,1470,606,1819,273,811,1349,618,945,260,1502,624
1084,1295,963,25,669,445,1266,1811,1585,485,270,1293,220,879
1039,167,128,1119,1804,1018,1306,1301,588,876,1356,700,1143,1148
822,997,1770,1296,1841,934,23,1088,952,1502,478,1739,1266,1298
1648,253,1147,1447,1189,889,1374,776,1293,87,1712,1074,289,300
989,879,1285,1232,768,1564,1658,1409,1332,6,1547,221,305,414
1246,1276,112,969,1724,1167,1432,838,1301,596,1121,993,76,1294
1566,857,223,912,1293,952,456,228,266,1247,285,1290,1804,1298
1076,722,1327,670,1784,4,1648,108,149,981,605,946,1289,283
1330,1350,840,1677,286,596,1839,1101,1539,1697,206,823,1302,942
176,288,807,1347,979,990,83,1277,790,198,822,186,1107,1323
450,1290,98,1780,955,1069,921,1011,1812,245,1627,39,1282,967
1741,1293,1712,1284,1797,139,1811,1289,880,907,44,950,292,877
1568,1347,1306,1562,589,1732,306,1534,1552,1780,845,1125,512,1774
1143,1778,1306,1093,1040,914,1228,1451,103,302,1383,948,1327,917
290,545,641,1841,166,694,1289,1007,133,639,656,993,1780,588
1009,669,210,1356,1041,171,851,1846,1822,1691,1235,690,1159,1306
70,1721,74,1302,1576,1091,1223,1689,1294,234,12,1217,990,1277
669,1276,70,1648,1285,385,1306,744,246,1139,779,1759,86,850
875,912,1306,653,1759,821,1294,1071,812,512,1015,1302,1317,1808
258,1161,1056,785,1752,60,1817,1547,1184,1415,58,22,672,90
1214,141,1842,770,1305,126,1811,698,469,255,1566,1804,49,989
1148,963,312,1712,715,1278,1339,139,220,79,1303,1239,1045,806
745,76,151,623,106,1409,1536,1818,944,918,324,1051,1623,279
568,733,126,27,89,307,847,1084,1281,641,700,944,900,1689
150,1648,363,84,297,1279,147,1246,1492,1296,698,730,1303,126
1290,939,189,1145,570,1712,1566,1305,931,84,1029,753,990,957
1732,1184,1566,1811,136,641,1836,1183,1276,902,1741,233,1220,1839
1783,1817,1303,1298,101,1589,145,775,829,459,1175,751,806,1149
1398,137,1648,273,307,155,1028,1862,893,1285,1096,74,1712,1564
1082,126,1289,855,1814,219,246,1138,1071,220,181,1161,1290,1377
170,79,338,1752,1856,686,1294,1278,1280,956,63,989,1847,130
