186,841,1113,1566,1340,361,12,1689,882,1585,1315,99,129,1129,1167,1169,1199,1861
1341,1566,1278,132,1306,568,146,1284,74,24,1805,667,459,494,1348,1021,303,112
1623,1616,357,1234,997,1165,1584,1712,1853,1134,1141,65,1472,101,138,459,907,260
129,1420,243,1757,1702,1282,1058,1417,913,1063,1652,268,1406,579,1060,890,141,1278
81,305,79,1426,1575,1721,802,656,1145,286,309,1093,55,150,1225,1436,1680,1830
768,1555,855,459,298,1798,257,961,1852,163,1106,992,1778,244,1305,1290,1426,1811
1290,1284,1780,1129,1840,1637,943,612,1490,279,581,1566,1830,844,1074,1277,640,890
1843,1305,1844,503,1304,1397,279,1565,1265,1303,1780,1074,921,143,1152,197,12,889
1067,8,1566,1229,464,96,89,309,790,1305,1684,128,591,61,529,855,1154,1303
94,1695,245,1741,1089,490,1295,308,1291,1005,286,1266,1808,112,70,1282,470,879
106,912,754,126,1415,1741,1841,1550,1228,1162,1129,520,1667,1513,1002,159,323,779
1690,221,1432,1778,289,312,1804,1528,27,669,279,89,1728,296,1648,285,1839,811
1804,1637,1658,990,1294,1665,37,1691,1289,1076,1842,1424,540,475,972,627,289,1819
266,562,23,889,1265,773,1655,37,1289,1648,1821,641,27,1274,1183,70,767,150
1703,1295,1290,475,25,1688,833,950,1426,374,1077,1648,243,1026,283,473,1472,821
1215,687,80,1292,1281,1282,281,1180,432,491,1564,1732,288,1094,1741,1086,407,1217
934,1266,643,1648,87,337,907,1804,944,1817,135,100,1728,1298,293,179,167,234
389,1282,1689,261,1290,989,495,1296,417,1687,1354,1253,1555,444,285,294,122,490
1585,1492,128,911,1820,60,1299,1752,106,990,1000,1366,1741,1488,893,1029,1841,1804
307,185,255,1204,767,235,1052,136,101,1566,61,1839,1668,641,1093,1841,166,1306
1285,1280,890,1106,585,1851,135,101,1799,459,1776,747,1811,1128,989,949,1805,919
69,1780,841,1350,465,1158,194,1840,912,1752,610,640,333,1552,1105,73,1783,1076
431,25,1780,1323,749,1811,764,1585,1277,1285,1278,102,1113,1303,9,296,190,1533
1409,1846,1225,1736,1282,23,263,319,1310,705,868,1240,1817,176,950,908,952,1237
298,911,1773,1015,1136,1095,1343,1432,1164,79,596,1163,1669,1291,158,566,491,1648
1266,430,552,952,27,901,506,1732,1176,1307,1712,1837,1125,1305,1155,913,79,76
74,852,1286,990,610,918,1804,901,1811,1374,1847,1353,890,561,1853,914,1648,1533
1840,1516,1773,1157,1258,503,565,1279,1302,238,89,1191,265,1844,106,305,1294,857
648,875,1290,703,1234,1364,1555,1741,12,1320,1752,176,1145,277,760,267,286,1506
292,272,623,322,1566,1752,1076,1613,759,1532,656,990,337,1753,1276,1544,1013,689
636,1013,281,327,1223,76,1292,1702,1304,1354,1309,1043,1280,1291,179,641,1294,504
641,253,909,1174,1648,1293,1712,1093,221,1319,188,990,1294,1236,1296,1335,478,947
177,343,977,1294,1256,692,1307,1289,1804,62,1374,12,536,640,1477,797,855,644
1432,1182,1470,459,1183,1294,640,949,1243,37,1420,307,656,1741,618,993,290,1138
1476,274,1172,267,724,103,1615,722,111,180,1386,268,320,201,685,1276,27,167
1294,1297,264,1589,233,90,1314,901,1518,253,1817,478,1362,1804,27,151,1289,238
1781,235,291,1648,645,596,269,126,1777,663,656,258,1279,1182,369,202,11,1246
1237,1279,1760,108,911,722,1182,116,1305,131,1824,1804,1712,26,644,1717,1064,1290
998,1095,1275,990,749,1804,405,1306,1533,1279,261,1294,1067,268,1305,255,1284,71
178,23,1808,167,264,1248,181,934,288,990,1432,1268,1058,233,1778,25,73,1752
1653,245,1780,1160,951,520,1666,244,1163,1409,1545,878,1752,1461,1294,70,342,1498
811,1183,254,167,677,1741,1125,1176,1279,176,645,1011,261,93,256,1778,25,186
1294,669,143,1536,545,1245,952,1363,1566,639,259,100,350,1366,1068,1577,901,415
1189,282,235,1835,190,1178,1285,578,1585,1290,670,447,1132,257,1294,79,504,1491
1441,914,1285,884,1330,144,190,141,1472,298,1537,1145,1076,1613,1034,855,374,1202
570,1160,1546,707,1103,989,64,176,835,120,330,1129,1105,1748,1811,89,1276,1188
1298,778,140,696,273,920,1303,1846,1296,1695,1288,192,1319,1289,1564,1445,1086,1306
1145,1303,1741,1547,937,114,25,1277,1453,51,626,581,244,1684,1699,298,644,275
1555,424,1064,1294,73,1075,1426,70,1276,1470,485,1012,1360,1169,1074,1230,1849,1757
1005,572,643,104,881,71,136,1555,1277,1769,1305,913,1288,954,509,1531,274,1838
521,100,969,1199,921,1837,1116,1564,1150,64,24,1306,157,598,913,374,1585,12
990,1282,952,177,1741,1071,259,258,741,24,1298,435,29,1783,1000,1655,520,1301
1148,1138,1830,1737,264,382,1669,1243,1260,1781,301,1851,1289,548,918,1741,1277,1778
862,63,990,1795,527,59,1085,1374,452,128,345,1293,1630,766,1244,1305,1839,921
987,1736,1555,1215,290,1290,1034,126,1294,1804,1052,1301,223,649,1289,256,1223,1161
76,1301,1135,971,1040,338,1765,603,1246,1182,1374,1566,890,530,908,602,1294,1547
1307,1799,673,1303,19,1285,1018,505,87,1298,862,953,1382,1441,12,1567,255,533
1787,1748,203,245,890,1291,459,1536,1841,27,1289,1276,279,26,312,1585,1752,644
478,1088,1488,1278,1202,990,1692,1761,1279,302,140,746,259,101,875,294,1640,235
918,978,1565,1128,1005,1566,1124,1648,1355,831,1629,815,322,443,157,223,1759,644
1237,302,1110,467,445,1297,303,1560,1178,509,1199,1091,1234,371,812,73,989,1306
1249,1498,1292,1297,914,105,12,11,504,490,1752,1697,1778,376,233,1555,1811,1294
1804,716,645,1776,1243,950,1224,1276,677,1146,1284,1222,640,457,1051,478,1062,58
1023,984,1441,1679,1300,12,101,180,915,645,1189,924,186,1262,1183,1290,991,62
990,577,1680,1207,793,255,1566,273,644,1297,264,436,972,1108,1215,1183,1107,1538
656,1306,890,1804,1535,1588,27,83,387,253,1352,1741,1544,1078,1728,1432,1417,189
262,1306,632,1118,1817,913,377,1256,1376,411,207,221,1834,1179,736,1720,1460,955
1096,1758,1289,1524,1088,180,82,1375,1304,579,1415,1041,765,1811,1294,572,1109,1824
649,399,1430,1288,1279,792,1650,192,478,780,1418,420,1613,57,1552,623,1534,1367
1014,1681,1016,1282,1108,890,306,1752,1555,538,1256,1041,1199,987,307,1146,1099,376
93,1685,128,1058,1155,1327,1817,89,1049,1639,1135,1125,1621,201,1302,855,1830,1691
1071,148,310,218,61,1306,74,1555,288,991,989,156,324,319,94,196,1752,1012
1093,4,1778,235,1804,61,1289,1282,1851,962,952,244,134,1176,1279,1088,1839,1278
811,294,1604,20,1276,651,354,1836,4,642,970,585,12,68,1104,80,752,286
261,1432,23,1195,1757,1297,88,833,494,85,27,1341,113,1719,1306,87,1104,1276
1420,1302,1229,451,260,1525,179,293,1839,190,1433,1347,245,1755,996,23,1233,621
1314,1291,65,1701,1357,849,1005,568,504,27,1752,56,621,1470,1299,596,258,1447
1801,193,1374,295,1223,1025,1250,630,733,70,1190,1385,1260,88,1555,140,638,1138
1018,1301,820,1280,1805,950,1113,615,1732,692,1842,742,1092,172,1765,1268,74,281
239,715,71,1566,484,1025,512,1848,105,263,1183,1776,1300,1387,1409,912,1684,1288
101,990,534,1295,1254,103,1552,1268,1780,640,1125,1811,193,853,1030,1187,1751,325
1245,1819,1783,947,1586,1294,332,1277,1759,1276,1191,1707,1281,139,1097,7,1502,245
1508,1780,955,415,244,509,855,4,713,1671,260,1566,1793,1284,1114,1570,1178,1441
1067,935,1271,918,1091,640,573,302,247,1285,862,1136,1555,1141,1353,947,94,1132
1372,1830,854,1197,1703,1292,557,980,165,1296,1265,185,295,321,1642,1068,1145,347
106,1371,116,1554,12,1026,492,450,1207,917,1092,1374,1728,1844,1239,1295,113,83
134,1767,220,1432,672,1778,246,981,83,440,348,1843,132,1776,1296,663,478,1679
172,1432,1267,1245,548,1781,503,290,1648,965,901,1655,1291,1783,1830,1141,9,1804
835,1821,1307,1844,74,233,1352,1677,186,1321,1147,1534,890,1432,1351,1566,374,942
1353,1777,1086,1016,1123,31,1295,1182,270,1290,381,1490,1221,1628,1401,1210,1854,1294
612,57,103,1011,137,1278,1727,644,117,463,478,1669,656,914,1722,1295,759,1583
651,1279,1160,1720,1489,1542,1782,1500,1094,1336,1830,70,1640,114,1173,1678,1682,308
166,152,1289,1748,1296,1364,1305,955,1284,1118,1410,944,1756,1036,856,1307,1319,1277
1301,245,1430,1266,1478,23,967,374,1771,1112,927,657,1272,1238,796,694,1303,27
1374,114,98,990,293,88,286,234,1409,56,1013,14,237,1813,494,1741,1564,644
920,70,1334,1355,1280,140,1374,95,1076,1296,1294,1245,913,1282,835,1659,186,1263
1034,955,1266,716,70,342,1780,1347,722,673,1243,1307,640,1064,1216,1566,1289,49
233,581,1160,1345,1761,296,194,955,60,901,1741,152,1033,1291,1590,121,1161,1298
804,918,1469,436,1267,1839,1359,697,192,966,1689,1204,640,929,501,1251,1712,872
1648,1230,1247,1384,1285,1174,108,918,685,1699,352,1280,777,1146,1472,1620,990,690
1467,700,424,1097,995,151,528,857,194,1265,304,1648,1296,1149,272,3,64,804
1036,990,452,1304,290,1538,1157,257,1274,1566,1732,1276,1648,695,610,1249,1608,1289
690,74,1388,302,337,164,3,699,1470,813,1660,853,614,863,1076,1770,1566,1288
1280,1270,589,1289,440,1105,816,1817,801,1712,943,293,376,1297,24,952,1277,96
624,855,1374,1811,656,1089,583,341,246,1851,749,89,641,1314,98,1417,1806,259
73,1183,143,1564,1307,252,1778,1584,1352,1426,1086,1059,144,1305,1028,69,87,1806
403,1272,856,181,1146,547,341,135,1182,1476,1018,1824,1303,1220,224,478,69,645
148,1711,153,1353,379,394,1278,759,1168,1604,1705,1285,290,291,1554,246,1497,1545
126,1729,1836,1604,641,1291,1347,1266,1063,327,1128,1295,1472,18,1773,761,785,1842
74,1648,138,1851,890,918,760,1644,1364,294,1760,1083,319,905,519,390,1613,141
856,243,268,1294,1280,1343,1120,1432,307,1296,1289,940,1440,1284,748,1669,75,27
1071,169,1291,374,1013,532,1604,1111,981,540,708,1566,942,1778,1241,994,1279,1712
1801,1470,1787,285,990,1839,104,1752,99,1397,1024,69,470,1824,1082,1712,1282,407
114,1319,271,766,258,141,307,260,1198,1811,1286,1553,1699,1426,639,990,1688,302
1230,1357,666,1276,1470,492,1323,128,234,262,1775,1114,253,1648,989,151,552,1284
1036,748,1087,146,306,1426,1752,1821,1299,1294,1015,175,385,1555,1578,1538,1722,1780
415,234,1566,231,1305,909,267,79,1729,1776,1307,889,1632,452,1781,354,1125,230
183,1280,586,1305,769,179,1013,1576,1566,1610,692,1835,1648,1374,1019,1076,157,1757
24,630,1409,1304,1183,1148,290,1346,1804,1585,1263,1555,642,1279,656,890,863,27
4,1278,129,1291,1741,1707,1284,257,1585,298,1671,945,1306,1504,695,1103,1426,69
1092,1145,70,227,93,53,1836,1566,1721,8,354,178,807,1760,340,768,185,1746
1278,1513,1305,177,1041,992,990,1303,1705,1821,1279,1830,903,1776,1250,65,940,478
1228,1682,518,917,1282,1217,1074,253,1182,1648,588,1005,1294,1234,1117,1289,1297,1085
1513,1584,648,1566,1842,1636,1489,990,166,1778,1476,274,890,669,1282,265,1347,1847
1156,1067,309,1307,1289,716,1266,859,1060,1013,1303,598,1798,989,1657,1288,149,800
1415,578,269,1071,1566,870,1300,103,1473,353,278,1741,1160,993,1292,445,1297,1026
1374,1306,1073,319,1837,1585,1700,157,86,623,227,982,1182,645,696,1673,640,1648
861,1294,749,1302,277,938,1306,1094,864,540,1285,1472,1678,1265,1760,1279,217,111
1648,1292,1087,836,570,885,1268,1426,731,193,270,1278,1712,1470,219,1709,328,126
1297,1278,1839,1290,1372,1804,72,789,1566,1852,921,90,194,802,242,596,1702,70
855,118,276,1193,24,1169,908,132,704,749,291,1488,253,167,915,1024,1648,404
267,1182,1290,308,1016,1302,1084,1680,1040,1059,1827,473,70,684,279,1598,1440,459
641,1805,25,1234,1772,1295,319,1265,251,184,914,1326,285,1637,1296,1294,89,1418
25,1254,277,1289,1241,310,645,239,1147,167,1055,1521,1011,1787,1276,845,27,526
163,641,158,491,1295,1391,1780,1752,1121,126,1510,23,1830,1370,866,1049,1276,27
1470,1136,1443,963,123,1623,440,27,1019,392,1515,1464,1648,1051,120,1836,1804,717
1679,1781,1492,1284,969,201,1550,1511,1708,708,80,1811,798,1688,1547,1303,1160,1041
596,294,1111,145,66,383,956,1295,1206,1693,1599,1302,1068,1648,601,811,624,320
4,23,1121,1683,1276,1448,1335,356,1564,80,1360,1725,762,262,864,1566,1555,689
1756,1084,212,1811,1585,383,411,1305,467,70,980,1076,1787,1299,768,189,1741,1112
1585,1238,1807,1852,1284,871,553,911,426,268,92,1803,672,1374,1031,904,1304,779
1776,1673,654,1302,123,1106,80,1290,997,695,1756,899,277,1279,1555,1301,27,105
911,1789,1490,23,1145,64,79,133,1566,1304,990,1280,425,1697,880,134,581,245
290,1518,260,1294,1685,1284,1752,1843,281,586,1305,1279,812,122,176,1290,665,93
985,845,142,1783,163,1070,1148,343,280,1778,297,246,1817,18,1566,374,1078,1091
1741,1018,640,1693,1830,1223,848,602,936,58,1091,1327,912,1294,377,1303,1296,1426
984,1662,641,1752,1302,564,842,1284,1683,980,243,247,1156,152,1088,1294,92,1657
634,1804,990,1115,656,506,751,1090,294,1681,1802,1210,1669,93,1030,337,1589,581
164,104,1374,1241,1741,1148,151,18,1076,271,1548,77,1457,1230,640,1572,659,254
1120,937,1292,1804,40,1296,1303,55,1160,990,890,720,271,857,1003,245,149,93
656,1488,966,1278,407,100,1804,624,860,1802,1839,874,278,1784,1690,500,1648,261
94,958,749,137,51,74,1842,369,1648,1741,559,1839,1585,1299,951,1064,1724,1737
369,287,1409,1291,371,1279,1306,68,990,289,1076,87,1274,1752,598,1303,478,1307
89,1501,918,1490,1230,1145,1279,1829,372,262,266,645,606,544,1202,967,70,459
1277,914,570,1278,1301,257,136,1281,1239,329,1692,1296,1648,1417,492,1051,1697,1092
990,1314,1552,1279,1841,100,1533,1301,766,1284,855,1306,1817,1741,1013,268,890,1052
98,934,27,1492,1533,26,417,245,257,1123,348,123,1181,1282,1273,486,1284,1276
1193,34,1710,246,967,296,639,1323,446,1550,911,255,294,990,259,855,1795,1136
244,990,1011,989,1285,92,1802,271,855,88,976,192,1306,801,1847,913,1480,1036
268,75,1282,1278,1437,1280,1091,1012,1364,1095,1781,1560,1295,207,1616,1851,1741,1780
290,1432,928,204,445,981,1407,645,1201,1274,1303,55,219,1839,1804,856,440,714
1534,304,1657,955,1370,1306,643,1296,590,1584,335,1491,1648,77,1545,1256,494,124
1053,20,890,1566,1295,1732,1841,990,1374,289,1168,692,1086,610,1183,755,644,1356
548,1026,1016,147,882,1125,640,811,452,251,1839,1585,582,1285,411,1277,220,823
374,1776,223,1289,559,467,1836,1303,1294,105,1217,1656,746,62,86,26,282,1595
1299,1326,1289,596,1506,890,1847,1224,1555,188,1386,1693,1589,377,1088,1026,220,68
968,598,760,855,1576,188,1286,263,411,280,1182,1770,157,261,445,247,1777,1299
770,1583,1195,1298,1088,266,1264,1302,1819,1068,140,1307,1294,1585,1777,100,1826,51
338,1706,1582,1332,738,285,1303,1128,989,857,1703,924,855,1100,1276,1085,770,1187
100,194,1555,490,1778,1725,222,1278,163,1840,1280,1741,855,1409,1550,23,938,1750
269,1648,1113,185,188,1245,1169,1585,1503,290,1294,646,17,478,55,772,1776,615
1561,157,1306,510,1836,1102,1076,122,685,155,38,940,68,955,100,1276,297,1254
1327,695,1208,641,1294,1735,1263,955,1417,1776,478,186,194,715,1402,1278,246,1850
1253,1191,1018,21,1717,724,265,1367,1494,1251,1312,244,1179,1279,642,149,1302,1250
1240,1303,144,112,1374,1306,1031,503,1294,1752,826,136,424,1136,146,1290,1566,1804
1694,970,902,1519,1285,629,837,535,1263,234,149,688,1817,911,1294,94,1821,70
907,316,309,1296,1305,25,897,194,1859,722,466,912,261,1278,441,1061,1264,1755
1585,937,104,181,356,1498,1661,18,1084,632,1546,1720,1804,342,378,1276,25,1306
726,445,374,1076,762,1415,909,1491,1071,1299,1217,1294,293,1302,498,1161,1648,1290
1263,1793,192,954,583,1304,855,870,469,1132,845,889,509,1289,1320,506,1000,1752
1075,1321,779,434,146,1128,181,1262,1817,320,1073,1780,529,1293,1741,921,1181,91
1553,903,255,485,1289,1680,180,1263,416,1299,1824,1207,695,1555,1584,1073,1490,541
326,1398,1303,1094,1289,95,98,1045,944,1780,553,596,478,439,1276,51,1262,13
1235,257,96,990,1648,1374,1838,1282,918,953,1304,845,466,712,1306,1030,1095,1041
186,292,75,1846,267,862,1024,574,133,856,995,1290,243,1550,88,134,233,87
1443,285,1014,1327,516,845,694,297,1783,1372,1572,857,192,1017,1344,58,1616,165
282,1533,1307,280,581,1555,1839,112,695,1279,1751,1067,210,99,1673,1424,1703,1349
1778,1673,605,640,1129,1525,61,382,596,491,192,374,295,1299,123,204,511,1298
509,275,1795,855,89,1145,179,1802,946,856,1564,710,1276,990,1537,1197,285,1497
89,1076,1321,39,145,1237,273,554,1184,253,279,859,1079,1697,88,1674,106,1787
51,302,1257,964,1077,344,1161,1741,4,855,1842,1789,1250,857,989,591,105,1115
495,902,713,931,478,114,532,197,1293,1693,75,202,1569,253,255,129,1300,1012
1547,132,90,812,309,1648,80,1301,1498,1113,1160,881,1289,1182,213,1300,536,623
713,1296,1718,694,1374,1306,1677,1068,811,640,902,370,1276,1088,1272,1752,1256,908
889,272,1549,503,27,1631,718,1136,390,1294,1555,1739,231,809,1306,374,669,855
632,112,177,1191,1070,644,1648,319,1294,1748,934,191,460,6,1272,1301,1299,1840
126,16,1285,265,25,1299,1374,1741,1076,622,1293,529,520,1303,1220,568,281,181
1819,151,1303,909,1690,967,937,176,728,144,1644,902,243,1284,1566,890,581,1682
340,1707,1168,27,1316,1819,1732,1680,1288,1844,1854,380,918,1165,303,14,1123,1280
1472,1840,1294,1069,1539,973,1426,596,695,1841,1702,1007,450,1051,1727,1648,1084,1290
83,24,142,1230,1811,645,1789,718,1171,1711,755,118,97,441,533,271,340,875
1472,185,760,666,234,688,1307,645,1277,1137,1304,1191,479,1839,1645,70,1387,1453
489,567,475,139,990,1374,1693,645,1300,1066,666,1292,954,1741,223,178,1278,25
950,1564,1192,1296,259,96,121,989,890,1540,1076,1585,990,152,1555,1339,1217,71
133,1293,27,1409,1358,1811,303,1730,1294,479,1060,1136,1397,178,559,1624,1606,286
274,945,1851,1284,535,1118,568,1302,1741,1294,1285,1279,254,991,1518,1804,324,1569
1781,294,254,1191,910,402,1304,212,1780,1400,1776,1553,1655,1306,1653,53,826,767
27,1545,1579,1298,1295,1837,991,244,1177,1051,194,953,914,1029,1409,1300,245,1301
25,133,265,927,492,1098,1195,1017,1208,101,166,27,1695,1273,1599,181,1781,1292
76,1732,411,77,1538,541,913,82,970,1712,1564,947,481,1305,1640,1229,83,445
596,1277,157,322,1374,1468,664,219,1644,1839,152,1290,1011,1278,377,1500,1028,77
1804,656,717,857,60,990,23,296,1844,1840,271,1138,244,1432,1333,219,1257,1347
545,1720,270,1632,224,222,1564,1300,1051,231,1222,1289,260,1295,55,1741,156,1648
89,1069,1071,829,990,186,201,731,1104,861,173,1564,856,157,133,627,315,1286
56,999,70,416,87,1691,1741,1278,459,264,1804,855,549,275,818,361,1302,29
1013,907,1801,219,1394,1300,1294,279,1473,1679,1585,536,966,284,596,129,1516,1278
574,518,1302,985,134,1296,1585,152,1216,967,1305,264,978,504,1839,1685,240,545
399,640,1199,855,235,1295,1157,212,26,1778,1374,376,1276,1169,96,1534,1243,1302
1051,1811,921,178,126,1188,989,1335,1068,253,1540,1280,170,1721,14,268,570,1780
1576,1778,1855,219,1301,155,1759,640,220,1076,1836,27,1741,740,426,1088,1103,100
49,1374,456,1780,1507,52,614,1804,845,1266,1585,935,1741,1805,1282,780,295,144
1691,1282,1062,1778,640,694,862,996,1542,1746,1254,659,708,656,1648,463,150,602
1021,1136,1625,76,235,1037,1281,1076,402,1294,610,1566,1356,499,1470,1745,1259,1811
1304,945,285,1680,1287,91,1276,65,159,319,823,1584,1285,1266,1780,631,92,138
1333,1296,1303,1087,1545,856,30,89,74,1648,1776,1302,940,1108,862,262,776,645
1068,1384,1307,1289,164,204,1648,1144,937,809,1276,1249,1280,70,234,1804,599,99
588,323,921,222,1795,151,1505,290,909,1182,70,1783,498,1076,74,1247,1290,1280
1680,179,170,253,1302,977,1737,1081,1805,568,914,185,743,990,77,1341,1691,1037
574,923,102,1357,1094,165,943,1085,927,1426,91,1224,1157,1415,1232,897,1824,1372
674,1364,194,992,1294,277,1146,180,1088,1183,1187,610,514,146,182,1103,197,1026
91,989,131,155,641,1071,1289,138,479,811,1770,1617,1741,1720,157,834,381,855
1265,1305,1176,1257,270,1098,1374,952,1267,790,1302,1467,383,1276,46,149,1839,1238
1289,1757,93,1191,1764,1406,1094,548,1297,1780,1274,921,1348,1306,192,1276,303,69
887,530,478,757,805,90,269,84,909,855,667,1752,279,913,150,1268,1293,294
1266,514,1183,690,181,23,1302,1752,756,1841,46,1305,100,27,1407,180,1658,744
1289,37,1013,45,1307,246,928,579,165,79,407,1297,487,723,1544,666,1040,1374
1012,1776,630,1566,779,875,261,834,220,23,895,79,918,76,1217,69,1711,121
520,1836,478,688,1237,1781,134,918,1776,1537,1076,1830,983,1276,185,917,201,434
876,1807,1328,624,121,1265,1533,1076,74,1584,14,573,1307,1289,1297,1528,24,1298
1542,1290,1213,1778,1589,1012,917,922,1120,823,644,286,27,1266,585,1305,1297,21
1566,582,460,356,1426,1484,1678,1215,68,157,1837,1555,1094,669,253,1245,1230,510
1819,692,1281,201,1181,936,890,111,1307,1566,966,1811,1145,748,659,402,1536,74
1051,1306,1804,1722,1434,1233,167,1545,694,1182,266,173,1680,952,1263,280,1181,1266
25,1718,1728,856,805,708,272,1290,1550,911,1073,1254,78,282,1754,1811,1289,808
992,197,608,1703,762,1111,966,1291,419,1445,1054,1022,101,259,478,1811,288,1294
141,1690,1276,1694,271,1280,1282,1780,1246,1501,1714,1227,1303,77,1112,265,400,1249
1533,1566,23,1217,178,990,117,1136,912,1030,1737,211,297,1150,243,60,1007,1278
77,645,1296,688,1564,465,1258,103,411,380,580,985,1524,1051,1295,1294,890,1415
1030,1182,197,1744,1241,276,295,192,312,686,1035,173,1122,956,1276,1811,1522,1278
1341,1296,117,921,1648,614,88,1136,1116,1686,1826,121,61,1722,185,373,1691,1277
1847,1307,1067,1305,968,400,853,411,535,1470,41,12,640,1447,855,1378,312,1817
940,1294,1732,291,569,907,1154,1728,166,101,70,1243,729,694,983,937,1752,1305
875,280,1021,116,1166,612,1306,415,686,990,921,144,126,1778,71,1160,1265,1126
1549,25,150,76,1731,1690,475,1290,222,636,146,325,1128,1732,876,990,1741,294
293,840,285,266,1470,185,1253,1415,286,1106,956,1183,1809,139,1819,623,369,372
969,1555,1778,1804,272,989,1206,1757,181,1298,1225,937,1309,1247,613,1307,772,1374
1780,104,93,494,203,1349,645,1648,1222,1604,174,779,607,124,487,136,178,1566
1246,382,1161,921,308,993,886,719,1593,459,1311,568,1681,1693,1192,1295,1752,289
1826,950,137,1687,51,857,967,757,1031,563,537,520,990,1299,642,179,1290,223
363,855,137,1076,1778,538,669,1228,1595,1195,1250,65,179,79,1030,1294,329,1830
1279,1023,644,1776,1277,855,1181,1226,1844,908,128,478,424,194,74,752,192,1817
51,588,133,1722,70,3,1116,1302,585,1704,1690,1741,1374,417,890,1264,748,1536
1227,476,1223,1776,1094,492,1297,147,1627,298,911,1292,204,1031,924,1467,192,1555
990,1241,192,1566,1584,1106,1228,1301,626,1839,1289,70,1302,433,1115,1764,885,1271
94,1303,70,138,1307,856,1217,661,98,134,991,1145,972,507,990,789,682,68
133,246,102,1529,1555,823,656,289,50,952,1232,1305,381,1565,912,1028,1721,1277
356,294,347,1036,1294,941,1230,855,32,129,182,1071,262,806,123,203,548,902
708,1321,1616,967,255,181,61,1098,25,75,478,1441,1376,1652,201,1291,1804,1015
1126,1225,1716,1298,990,722,1305,645,684,1041,914,81,80,1036,1585,1303,1832,519
684,151,1306,1041,1103,1434,736,380,970,1297,1598,1470,1307,1406,1819,1052,855,1648
1711,1293,1752,1137,338,1257,950,396,58,46,673,466,180,472,1303,1242,1231,1666
917,1741,1564,1234,373,1265,1071,1009,1617,126,1778,777,699,1463,1811,593,644,262
1357,1307,918,748,290,12,1712,274,656,1192,861,1288,1177,881,691,259,622,25
848,1752,908,1356,93,1271,221,151,1301,1846,262,1374,280,101,1290,415,41,192
1804,1290,1648,1847,294,289,108,643,642,993,934,228,254,1798,935,1759,1339,640
1307,1270,176,1260,990,1415,949,233,1013,1205,503,1076,1183,1818,290,106,279,1566
1374,988,1172,1287,1840,907,1836,1591,977,1641,435,1811,1043,1182,1073,1297,63,1278
1741,990,1156,1251,1566,1472,772,1365,1447,1687,494,1205,206,305,485,1076,935,358
95,1584,1117,890,872,908,1690,1445,1307,193,1306,372,1769,941,596,592,1851,1566
1301,1302,63,271,494,1285,920,416,990,691,356,793,1555,302,1546,850,645,806
1563,990,644,1035,482,25,238,499,436,1792,596,202,1099,1295,75,569,244,643
739,200,59,1266,1309,374,136,1288,1230,377,919,1783,1303,637,1269,1607,1191,1092
1287,272,669,1294,896,640,1366,1659,1127,1792,1547,1300,151,1804,253,872,596,1284
648,151,1694,953,1801,1470,1000,259,1018,987,1097,736,132,568,878,489,1249,939
630,361,437,856,1826,1235,259,1415,315,1627,829,919,202,1564,669,1836,1263,1709
503,642,1778,1297,1712,1277,535,1279,768,1820,728,291,1490,1704,64,224,1846,1677
632,1841,1295,217,773,1041,296,949,636,1702,1028,1622,792,1564,914,1305,93,1165
1566,1841,321,268,1564,897,716,749,1792,293,1291,272,1245,132,1260,1781,956,221
645,190,909,1302,1235,849,677,632,70,749,1306,823,320,1374,185,1778,911,1051
30,1592,851,179,149,3,133,1155,908,151,427,1017,1432,570,568,1277,1472,1275
1029,973,876,1781,1272,254,303,648,574,383,280,993,1374,1266,669,1291,1705,764
478,801,1068,325,1374,1780,220,1039,1150,488,1298,1279,1545,1041,308,1775,1811,724
1303,1564,760,926,561,658,24,368,1055,1034,61,1305,530,1123,1106,1819,1787,1550
1374,126,125,74,1677,1284,1277,45,244,203,1034,96,1292,1781,1537,739,1648,1090
1432,1819,257,1752,1223,1285,1305,1323,149,1426,1128,623,277,1296,591,1237,1101,1301
543,929,1279,1503,997,1510,1675,1306,1783,525,1093,319,134,139,1304,113,1289,1082
268,860,278,1374,1721,626,1230,990,1547,915,430,1804,1409,890,908,286,1109,194
1754,1811,930,1585,280,1008,23,581,94,1324,98,303,74,924,1566,1462,1673,1293
88,243,805,1092,1487,1171,990,1254,278,546,259,656,704,244,1689,1732,3,445
308,1781,1506,907,984,1314,905,589,1265,280,1830,656,188,1546,1839,1533,1155,1855
1228,74,829,141,640,645,260,279,299,990,856,376,1242,1418,27,108,1300,1305
1741,1232,1280,1728,1289,697,1019,1172,1276,541,1228,1132,990,490,1290,255,1732,484
1856,1268,1026,186,1280,929,61,989,145,1093,876,821,376,970,669,319,1284,685
0,79,1711,59,1278,1653,1178,1843,1558,87,46,146,1289,1285,1832,157,1298,1564
1688,253,399,638,1145,302,1138,1401,156,451,1222,1277,833,244,1602,1354,1583,1216
113,1811,613,1655,1828,170,330,1307,917,1261,1216,981,262,271,999,1585,1606,1830
838,1784,1294,294,254,1678,141,1853,645,1675,1309,1292,27,1188,1491,1077,1289,1690
178,1815,27,541,603,1524,1689,61,1569,459,805,202,278,1275,321,773,1710,478
855,1555,24,12,492,1205,269,1056,374,915,1648,375,281,856,1832,467,872,585
157,992,1356,1547,321,1805,392,493,206,1555,667,1160,639,903,642,832,1094,1136
303,1802,261,1321,1299,229,1547,944,1242,1301,855,1685,363,1669,1302,609,1812,83
760,795,1566,1029,1667,1280,1533,1585,1228,189,1243,747,598,1374,521,1671,1183,1056
952,150,1566,716,39,1490,1539,1484,960,1700,918,1774,963,1476,1781,1247,24,893
914,1704,459,703,92,1182,1247,1426,1029,139,117,1566,1302,12,203,217,59,371
1811,1227,669,219,370,907,335,570,175,194,281,1555,129,279,845,1472,990,1260
57,1302,562,630,1498,49,1235,144,86,1099,1217,254,29,106,1374,1276,382,302
972,960,1357,641,1278,1555,459,1665,466,1675,1811,1145,969,1752,624,1307,285,635
589,1817,1060,219,1548,1741,1300,1744,867,1182,484,1022,1304,1265,637,855,640,1305
25,640,1411,1026,596,190,175,70,1421,855,1424,1521,845,290,1291,1711,1138,1030
1007,1499,1648,99,100,1741,1780,1555,1778,823,990,1306,490,1066,596,177,656,104
522,149,272,262,23,65,87,179,1566,1249,218,1837,641,223,1188,1472,1432,1804
867,228,1165,271,26,1282,1176,889,350,618,1073,16,1498,1450,1781,1648,1298,270
623,990,1551,865,1519,1257,1145,190,912,220,1830,359,132,1006,1474,1491,245,411
1289,186,459,1787,1409,1751,659,1533,1432,573,1291,1230,801,1469,1472,568,1676,266
1191,763,907,1098,1297,1804,621,1613,645,459,101,596,1333,134,685,222,1266,1183
1105,1542,289,291,1183,1276,433,1426,787,661,656,91,221,128,1304,153,1297,1374
1838,528,490,1369,74,293,1668,1294,1099,884,323,72,788,1152,1781,1164,857,186
583,107,989,1263,1584,1566,103,1770,148,914,1409,146,1257,1120,1657,1145,1759,885
1767,1184,1296,645,91,1680,960,938,74,374,1804,1648,740,1787,194,855,495,104
984,1085,831,290,460,230,624,1227,1153,1191,1702,235,123,1529,116,1744,1752,1566
1681,278,1296,1284,915,1811,950,1648,1076,338,1307,1169,1285,1166,1543,1097,1234,1011
87,621,1409,1732,1106,1097,380,847,305,1018,1290,294,1640,1307,1199,280,1648,1513
1294,93,657,1741,24,745,1042,605,83,494,640,1141,1302,1128,912,1064,849,328
1182,1276,691,1314,1306,862,989,1830,134,1543,1104,1183,1524,855,1296,1579,1291,245
456,260,391,1479,1676,965,96,884,1157,605,1222,89,1722,1472,258,1284,659,1538
1019,1099,100,1648,605,581,495,950,1838,1828,265,1179,1138,837,966,925,101,1374
1040,643,192,459,890,828,146,182,1229,1300,1291,1447,833,1769,1842,1741,478,259
71,912,1593,1297,1811,253,373,1298,170,1676,1780,204,949,122,988,255,1426,895
914,288,1247,268,679,1262,1648,636,1374,1358,153,126,1276,1585,583,1089,1238,290
767,1522,1279,1843,483,12,171,1303,150,998,1296,1806,1076,201,478,1773,318,271
874,1311,852,1276,1121,1677,23,1844,268,140,233,990,799,1817,1294,1279,103,88
1294,1034,1303,1712,399,137,383,70,305,1266,255,202,1757,1069,254,1817,331,1301
656,255,1306,902,990,1303,596,37,998,1534,770,1051,1294,430,1280,259,137,989
114,1302,166,1133,1580,990,374,1084,279,1301,828,1013,1712,65,1248,1780,142,1779
1669,1806,1300,691,1479,1741,1298,1807,234,253,1331,138,279,1041,907,459,747,658
92,261,282,492,1139,311,614,574,1472,1265,478,24,220,762,545,1669,1401,1204
919,989,1109,1432,1100,1276,469,890,776,1284,267,157,233,1830,1839,546,1552,1821
1115,835,1145,269,96,1277,590,241,1251,643,1071,1804,272,1783,1850,1294,1267,466
1409,1000,234,669,223,1277,1164,1303,613,76,1712,1272,642,1840,1546,1534,1555,374
652,256,1276,69,1413,1298,353,166,186,519,478,77,70,1745,132,1545,1548,194
60,259,1248,243,1697,1276,1034,312,176,1547,857,194,1817,1583,189,71,694,770
251,1827,1288,65,1296,189,877,244,1374,656,1026,277,997,245,444,1287,167,1191
1785,994,1161,478,596,1297,1302,575,1417,1542,213,74,201,1206,1564,1199,299,1013
142,70,459,644,235,1334,1830,492,1280,1754,596,1294,384,1384,767,1115,1244,790
855,148,108,417,645,768,1028,550,150,1197,383,712,856,1175,915,1088,1811,223
855,1305,772,1784,221,296,1058,1719,989,1743,902,1426,776,845,424,290,395,1549
815,1284,1374,1040,1814,147,819,1276,1088,269,1780,823,86,1000,1285,1727,1777,484
890,1300,411,1627,1030,982,1296,1648,793,1005,178,1259,859,1680,713,1432,804,249
1276,62,1584,1304,1106,112,890,718,445,1792,237,587,93,1687,185,19,1279,18
1292,10,903,1589,1445,1278,545,1544,132,92,74,945,1276,570,1294,1720,1028,464
1804,1141,407,1305,32,1249,1470,1669,1564,1018,1553,289,1183,927,1302,1221,744,257
1093,887,523,627,1650,642,1305,1804,223,1300,1761,112,1015,1849,290,1301,967,1155
1246,502,490,1305,1256,1716,856,645,1272,1776,129,277,904,12,1005,855,494,1529
1491,90,163,564,1280,1668,1615,1732,1360,653,71,430,59,536,747,176,1290,857
768,1500,1564,1273,1741,377,1374,828,549,265,411,268,253,453,369,1751,1780,1732
596,190,1354,908,1294,123,1295,1566,518,1828,23,316,579,996,473,990,1307,664
139,1282,1781,1169,105,965,357,1415,749,410,1227,1606,1306,262,1600,389,104,407
883,1136,78,1033,1819,163,1245,1566,1289,1778,1208,25,194,1750,1121,1307,1838,5
1280,1296,883,1798,1295,653,1589,112,548,1426,993,1123,78,1183,260,1176,1265,75
1188,139,347,776,1389,255,486,1263,1158,312,258,1307,80,1165,1041,93,1852,1136
25,798,279,1238,732,179,1814,808,1764,1811,1291,1014,1294,1734,1804,1496,1682,194
1222,856,1303,656,217,1778,1005,907,688,1721,1212,284,164,120,1490,915,982,1290
889,1112,855,1285,1679,1168,249,377,1035,1140,472,1544,1288,1608,1303,1276,819,1302
1217,1277,1790,1566,174,302,290,1192,1067,855,249,1780,1555,1110,1817,1708,623,645
1299,1431,1002,157,879,219,994,228,134,1804,1353,1566,1545,915,302,1348,1306,617
465,1245,1268,77,166,459,147,1306,1288,1089,1112,806,186,27,1804,513,1547,258
1243,1384,194,201,914,1778,287,1365,598,349,646,1757,1303,1234,257,75,1700,122
656,1365,1073,1298,913,1301,1760,1432,508,308,138,1319,1741,1648,1533,1289,1305,1169
678,220,1051,694,970,1578,667,89,1284,807,666,893,1415,914,1276,813,1334,695
201,1749,747,1031,23,1286,889,748,548,1546,233,1297,1721,1305,1200,989,1284,1076
687,790,224,1034,729,193,1677,1012,942,33,1223,126,1674,1692,1491,1382,150,1422
583,151,1804,1432,644,245,180,1120,1029,1669,70,93,478,592,974,1677,1811,875
1174,1752,155,445,930,284,1669,1254,128,1242,1193,990,867,232,1049,188,126,248
1304,1714,1374,63,25,1841,232,295,1744,337,605,1307,1648,155,190,340,277,895
1297,1752,1648,1300,581,62,914,38,1267,1177,1084,294,1041,80,1778,1193,1780,1276
306,1841,1374,1547,855,1294,950,772,1016,297,1151,1778,740,245,25,1555,1693,484
1492,1467,167,1276,648,1805,1042,643,1799,832,136,440,1430,1284,1435,1374,658,1844
215,1281,1040,1276,1291,1155,645,926,1290,79,1208,1566,125,4,1306,1225,1777,1243
1062,1259,1253,194,855,1108,132,1804,990,244,70,642,955,8,1790,751,921,1060
245,1564,1404,1648,1781,189,1290,678,1237,1296,644,30,1294,1099,1298,990,1076,79
150,902,152,1357,1804,93,101,1223,918,990,394,1320,1298,720,1839,982,1747,24
1276,288,157,220,948,1084,295,694,1804,521,1281,1585,1851,430,1612,281,993,990
321,684,920,934,1500,1844,1306,1374,1720,1294,176,1302,1485,108,1432,713,1690,1835
1682,88,656,284,1574,1836,1290,148,362,1295,390,1397,275,1299,855,1284,61,309
192,100,1270,640,1681,1175,585,391,1540,62,845,993,36,259,103,1566,1163,1805
1289,209,1432,1841,1292,504,1374,697,293,1792,1093,379,1552,4,1585,1130,1360,6
1292,105,1296,1697,913,1277,1041,202,1340,1632,1282,836,1288,904,1112,692,1589,167
1610,148,83,1279,219,1289,1687,1811,1395,1014,77,1817,55,1096,1330,1277,1566,460
201,855,144,918,1553,1548,644,1821,1279,1289,74,615,1842,1776,1688,1305,1511,1136
260,1211,1732,1273,772,901,1549,1132,889,701,1792,1183,494,1315,1648,5,1224,264
1307,27,977,234,745,1830,1269,284,295,829,1104,1299,1026,990,1781,776,1669,185
940,1585,826,121,264,1539,181,1182,194,1669,1036,1123,97,476,1035,557,1839,993
744,1265,1041,1307,1278,984,325,197,1754,1121,321,112,282,91,27,1275,776,298
1542,74,684,1732,138,756,844,1741,1774,1575,999,1372,1305,294,989,855,462,190
246,1296,1807,1472,909,123,407,376,256,1348,1145,1306,1583,268,1555,1233,1102,1301
1465,1375,1303,1280,1266,1032,1804,297,946,27,84,309,1830,748,1648,1615,1276,1456
1704,1294,12,626,1653,219,767,331,256,46,913,1657,1281,1333,1712,1282,122,1250
1652,1289,919,101,1839,1223,717,1037,1305,1750,737,374,1260,1036,1307,133,1301,1752
968,194,280,179,1299,989,1307,561,1789,645,1297,1305,1038,174,1004,1687,1284,1811
430,1282,590,70,990,1181,185,669,907,121,1189,1457,76,966,1049,1285,1770,104
105,1732,359,137,1781,838,1326,784,1279,1172,468,266,1778,481,1217,1577,1712,571
656,1152,1415,1847,1297,1192,1426,1550,519,1836,976,1445,258,579,1303,106,166,1320
166,1847,1297,1333,1681,148,297,450,1036,70,1068,1300,934,1245,639,993,1686,990
1243,87,1752,1198,645,918,1302,1123,1121,1236,754,990,1515,1348,1205,1804,1305,890
1062,1004,648,1781,93,1297,1536,972,1129,1708,779,1182,1440,1752,1308,1613,990,1630
1538,1533,1182,1341,689,1717,21,76,1298,192,990,475,1374,295,252,1811,1115,656
1240,1778,667,134,1110,640,1285,1265,1036,1176,1843,1112,644,595,1294,1189,935,1305
1781,1426,1307,990,1314,1374,1648,63,308,1457,1291,1842,74,1645,1240,1490,1285,298
1707,261,917,905,1302,847,1741,1584,1197,33,1510,1306,439,1807,274,1840,1591,128
861,1741,295,101,963,259,1298,1076,145,176,992,399,94,584,1858,1820,1546,1182
245,817,1684,194,1659,1340,177,890,244,1860,1374,432,967,1307,1657,1250,1278,289
128,1582,207,232,992,511,848,1585,12,1837,1804,919,6,1294,596,910,1306,1798
1353,1145,1379,1804,151,937,857,24,273,1305,253,27,1303,1277,122,908,293,298
70,1193,165,1818,125,1838,295,1759,1508,856,1295,1294,848,294,100,1279,509,579
1818,1803,596,258,924,251,588,1480,150,1566,155,1284,957,920,1756,152,1306,1320
1188,1303,1298,204,104,951,870,1674,1555,1426,1302,253,1545,1285,217,75,968,226
27,1289,852,220,953,355,1444,1021,24,459,596,357,1290,907,1681,297,713,636
656,642,592,95,1679,96,1741,1819,1169,85,818,99,1240,1839,217,100,1611,1276
298,914,1379,1534,1084,1279,530,1682,910,1374,389,1270,1778,596,1098,479,1804,1584
1117,1660,1566,1162,1676,166,1298,1564,1819,190,1069,855,1261,145,872,1071,1374,1791
65,1441,1574,1698,261,83,1302,1750,1374,170,268,1289,662,1253,990,1106,310,645
1345,646,1128,1804,193,1488,183,448,465,1347,598,282,711,286,1660,1830,262,1307
1669,1159,80,1418,27,1277,1306,918,258,985,1685,624,1589,939,1675,363,157,865
1441,672,855,1250,583,721,1851,102,1232,1711,303,707,86,1426,1292,918,1088,1409
890,203,1084,1172,1296,84,93,913,1648,669,793,1034,1150,24,74,1288,268,309
998,644,890,1372,220,99,1752,990,1274,1819,1732,636,253,1336,1440,171,1566,115
263,640,201,1263,956,1489,1030,1007,265,1360,1052,1732,1564,1432,1515,1648,589,1220
1692,596,645,204,1804,1491,1555,376,348,1732,286,89,1774,832,1087,1274,881,51
1804,1294,1561,27,528,1052,1074,726,728,1268,1086,99,1770,1040,1182,1329,1028,1728
202,1566,1119,113,1547,415,23,430,1546,1092,103,1402,598,1307,596,1274,26,1853
165,254,376,1427,1736,640,1441,1118,1136,233,93,1536,220,1302,1732,1838,950,74
282,112,731,585,442,406,286,904,1776,999,136,1804,937,1304,990,1692,1024,581
316,811,1300,74,1160,1054,762,847,90,1018,1161,1741,862,23,999,1372,193,589
1225,1294,270,1783,1276,232,855,58,1367,821,417,1248,1104,1760,1001,201,857,1811
1306,623,123,1367,265,1855,1174,12,1028,89,552,1093,6,1426,1220,1516,593,1678
1240,570,1531,253,86,740,1303,207,644,1176,1307,596,351,1847,193,299,179,614
1374,1263,11,759,1298,645,1303,1426,1249,104,1432,70,1294,548,1776,1208,656,1187
1515,694,1014,253,87,1182,1465,1817,1840,1851,890,847,1648,1246,1585,1349,1354,775
1086,1290,1752,1279,713,1263,642,1299,78,274,1254,138,414,618,1294,1631,995,1276
188,478,176,901,1289,1744,459,989,70,1091,545,956,1304,1132,656,74,658,1802
1087,1059,1014,1426,357,1279,1467,598,1683,351,279,235,813,669,259,278,1251,469
165,294,402,24,1566,755,499,486,548,914,135,640,1207,656,1301,152,590,9
1166,197,855,1270,60,890,1303,138,1147,164,1459,894,116,89,917,178,192,1282
1612,641,429,1712,399,1778,1291,780,696,542,1224,278,1804,644,1648,1423,86,228
1417,415,1648,1783,1306,276,114,530,1216,990,1052,1041,83,1217,1264,619,91,989
1838,1265,194,1278,1798,1418,1257,1307,411,639,478,984,88,1490,641,230,178,1225
1055,1488,654,1553,949,1696,546,1780,73,166,623,1783,254,95,1500,167,189,87
1840,890,1737,1301,523,717,359,336,23,640,663,1320,573,179,176,1709,491,1774
1374,245,1839,851,254,261,201,1096,856,990,1153,20,1294,1344,752,1300,279,77
805,399,629,1564,1277,286,23,379,1330,234,1296,297,1539,315,12,989,1492,661
1626,488,1184,1305,188,1113,1690,242,220,966,197,1776,1183,426,1780,1446,887,1374
1091,259,1305,176,1186,1811,1174,957,656,1704,1248,1280,152,1669,890,617,1222,1752
1819,1047,813,484,1314,277,188,572,1290,64,1125,867,1695,1785,134,1360,302,745
1307,962,908,1811,103,632,1399,470,849,1278,121,1257,1299,1741,1769,261,917,111
1727,27,1339,1299,1306,1839,1552,642,222,1294,640,1545,1583,478,1034,1279,294,984
900,414,1372,918,1110,1284,490,100,1280,464,1223,644,1558,574,135,268,1306,700
449,1542,215,1296,1032,947,670,1290,1279,1374,24,529,1799,990,1166,870,1000,862
1155,955,1276,193,548,241,1655,1202,163,645,1303,1294,341,1837,1293,1106,88,1801
1292,39,76,84,855,1216,112,1642,954,1286,1805,548,587,141,288,202,495,1040
1278,1040,834,1797,100,1800,641,186,136,243,1247,1550,290,561,1282,214,88,1745
310,1100,1103,279,670,1183,137,1182,1324,203,135,501,979,754,1778,70,911,725
656,1355,1084,223,178,1293,708,1566,121,379,1756,358,1276,1109,1012,26,621,54
1070,644,857,1689,1302,1306,641,1704,429,1752,27,1275,180,57,25,307,1564,1830
1841,290,459,1294,37,1545,1334,1660,233,644,627,391,1700,978,136,1768,1099,1839
472,1777,990,1529,890,382,1566,196,767,27,374,1300,1040,806,1712,1294,280,630
237,765,1220,190,1277,182,1566,1026,727,116,1669,1733,91,1276,1076,165,316,1303
69,1409,1741,1668,1188,568,429,1108,354,1220,286,363,272,71,1566,1054,193,1506
142,1294,289,890,594,1804,1430,648,1563,998,478,1687,302,956,306,1555,1467,170
476,1307,641,279,1374,407,26,1291,1844,801,1237,262,470,701,1527,1285,1277,175
374,515,890,1536,1694,1272,989,990,658,1007,915,952,1564,1776,1770,302,877,1298
747,245,321,1085,1207,1566,309,951,284,1783,546,597,1533,1804,1235,1357,909,1852
1685,1279,1018,1309,1233,691,1078,1049,1843,766,1098,215,357,754,1800,435,914,1643
990,1094,1084,1137,1778,1191,243,1372,134,993,506,297,1121,76,124,37,1374,624
1034,1232,254,1741,1372,1509,1189,942,989,1052,540,938,136,864,33,1265,499,875
453,940,1688,1305,1701,46,75,266,270,361,290,911,763,157,1236,1095,1648,1859
1481,479,697,959,478,1224,1470,613,860,276,644,1756,255,532,123,1337,1778,306
459,1275,1292,1276,1417,1406,1293,1289,272,1780,947,1804,907,278,1669,642,1303,1396
259,283,1225,12,340,990,1228,727,639,1305,635,894,92,1809,1155,1105,1257,642
216,1648,811,978,997,1249,1207,385,1166,1350,319,881,1817,1778,1472,715,1071,1727
1718,954,565,459,273,1299,261,902,518,1830,1545,1696,1208,990,1671,1294,1279,23
699,138,1115,1729,642,1219,277,148,1830,1163,1225,1260,982,1304,312,1156,725,1811
917,259,1280,1415,145,88,147,1179,1284,1714,345,459,1267,1165,1547,104,596,185
1355,255,302,1291,856,1305,1294,478,46,409,1701,1366,83,1728,59,1564,28,1188
179,862,123,458,1821,1585,766,855,1289,677,1106,644,656,616,1175,1279,1405,1843
1741,549,27,1491,92,984,175,832,965,238,1280,645,1811,1776,269,319,636,74
1051,1783,907,114,1289,235,1374,1262,296,1042,170,1189,1251,264,1082,575,1306,80
59,1374,1295,1675,245,1850,648,308,903,1769,989,282,1050,188,122,1187,581,882
277,1267,121,99,922,253,623,993,1021,1076,902,70,243,1105,1640,1034,93,879
1208,1598,1436,875,1718,1555,303,1275,245,243,1669,1206,1289,1305,1855,953,1291,583
27,305,478,1223,192,321,669,66,1305,103,765,1247,228,1096,987,1249,1040,49
1790,1371,909,266,1584,146,1832,921,588,402,555,602,302,1585,647,1034,1778,603
433,1778,1019,148,1303,538,1265,627,1830,918,1383,70,32,865,1694,1752,309,1374
1279,1780,9,246,560,1374,37,1294,1142,1415,1297,1783,1355,641,713,1285,220,1207
93,1807,392,752,1472,903,645,1363,855,596,181,1145,90,488,1105,1426,545,99
1014,1543,1278,1648,1770,1277,1090,277,1198,641,579,90,1301,1116,25,491,1339,290
924,504,307,492,684,93,1293,1281,1676,1302,1278,1306,1830,204,988,1105,166,411
340,325,1776,1192,282,308,49,1074,1148,681,1175,1147,333,910,64,1700,664,955
1489,126,1369,1819,1125,440,1190,148,76,1472,1598,1340,642,1330,7,1048,918,280
191,1113,548,303,1470,1569,1232,1061,1819,909,974,1851,25,286,713,1261,295,273
909,1296,937,911,192,379,658,1518,778,115,58,597,1199,1087,193,275,105,1260
1468,264,65,1778,908,309,146,1741,624,1001,1702,1274,1286,548,707,193,683,531
917,372,484,185,320,1292,1659,679,1534,695,656,579,999,746,903,186,1694,893
297,1076,281,1217,994,136,1093,1295,1759,1752,185,1648,274,642,1516,1467,256,1832
138,1804,745,912,216,953,1653,1305,1206,645,62,1182,1819,1440,178,832,440,863
256,1781,990,1279,1285,1007,138,160,1741,303,1224,16,1374,1534,862,269,123,778
1306,1781,262,971,27,1158,1669,113,1648,285,1120,715,1305,499,302,574,1566,1007
771,927,399,1084,1299,1018,529,1294,146,1306,1811,400,495,610,79,1564,1279,1585
658,1292,1679,1467,478,1291,266,263,875,75,1276,1277,88,705,1228,1303,635,1819
1311,1242,406,108,1290,175,178,1702,1821,1305,1276,1293,24,1007,1840,641,204,1723
889,55,156,873,1566,69,118,1086,121,129,1464,445,1777,990,1516,1653,1276,1278
656,1727,320,329,746,92,1669,669,1266,1690,176,1105,1224,135,1684,1280,1141,937
1233,1617,1691,1077,1104,1318,1725,855,1302,955,1289,274,1204,270,713,990,176,283
487,731,385,158,122,1711,1298,588,1051,1470,1224,260,1187,93,1830,548,1279,1182
1045,1490,688,236,1309,1811,915,1107,1235,641,1303,1694,1150,1778,1290,1842,1322,1305
1153,1279,1792,1545,25,1804,1069,1306,1818,284,117,1675,1656,312,357,574,999,1464
461,422,1626,112,509,154,1752,1839,946,1177,1757,1373,772,257,217,284,253,142
1301,1294,80,374,101,92,1432,1711,867,662,855,1642,1011,1263,862,1789,954,748
253,244,1306,377,636,642,245,1432,228,278,1776,901,1147,1555,275,859,1012,1550
973,1846,102,1469,934,1695,1503,201,402,1840,219,1616,1640,1279,1354,1339,1205,170
1145,1776,1295,1817,66,1259,1288,1220,210,149,990,917,656,1741,1280,642,751,571
404,62,1282,399,76,994,1311,845,1640,89,740,210,1566,49,1306,115,1194,86
443,990,571,1256,1103,95,1129,244,1258,1534,764,1276,1267,286,1294,596,1558,1183
572,1077,901,1478,1316,1758,269,1355,426,411,1296,1060,1306,405,1741,499,23,641
92,309,965,695,1673,1689,1356,1732,91,178,1853,491,1752,1851,784,147,1537,1488
1121,1277,1305,1842,1566,1101,1403,1783,335,885,1503,264,1319,989,791,1741,641,1747
1213,1741,1783,1781,1182,1215,106,1754,1197,93,87,1585,1686,213,1292,1306,128,1700
1817,1555,164,84,1196,651,1648,1604,656,1560,634,1374,1294,1780,669,63,1524,1859
198,982,27,84,1307,639,858,1267,1343,660,444,373,855,148,105,1684,303,94
93,644,1348,1205,1564,1165,1168,490,578,725,1307,635,1276,1289,1542,614,277,1303
496,440,1285,1312,834,464,267,1280,642,1218,1736,1752,1804,1030,573,1374,1270,268
871,1855,92,1741,553,159,281,26,285,97,1326,1182,25,101,1836,1279,1142,972
1284,915,91,244,481,1637,1279,1245,740,1844,193,1306,139,1648,1182,1460,645,1329
25,1087,267,1566,548,1136,750,1846,1336,763,1319,690,177,993,1161,128,95,1305
478,1841,682,1699,65,142,1682,1067,859,1544,598,124,690,189,1729,921,1076,95
656,1002,1289,1648,246,823,1161,1246,1303,220,1811,579,344,1290,540,489,1727,1781
1228,177,1182,1215,1551,167,302,835,357,694,956,1227,77,459,75,1778,123,55
242,798,1105,1477,145,1233,881,641,1299,468,1120,1226,1136,259,1566,1290,302,1849
416,1119,1555,147,367,1108,1013,1181,478,902,977,27,1648,417,1847,1566,642,1304
484,1648,965,80,278,1060,1223,478,598,1585,193,1783,322,1365,223,1854,1084,1306
1049,692,914,303,1674,1092,1791,1585,772,983,1442,1306,1314,291,1454,1171,90,939
1252,540,643,1166,1847,856,830,285,70,912,103,58,1297,1648,1112,579,1735,1426
1086,105,856,821,1373,1589,915,404,29,292,75,1811,999,1277,1566,87,1301,990
728,1279,75,691,1280,100,1306,680,867,1585,128,150,1783,1029,402,1852,914,1290
1374,1306,992,1121,1294,279,135,1778,152,596,129,12,1432,867,125,80,221,598
1741,1461,1246,266,1296,1225,844,91,89,189,1069,337,152,1016,261,1802,1303,1463
509,358,259,263,920,384,990,147,1441,1687,1843,1302,1299,1806,901,89,695,876
1306,1182,1314,838,1547,1783,1213,150,1119,1839,1076,947,1158,990,181,430,320,321
287,1068,201,1781,1175,1673,570,749,48,91,1432,1566,665,1297,878,163,266,1585
768,91,1367,488,74,1009,460,815,677,306,1732,1042,694,1279,596,1284,990,520
1296,225,1290,767,170,95,968,1818,901,1233,724,1337,1819,223,1307,403,65,1094
1838,621,1679,1306,811,1032,425,139,1555,302,524,990,1085,89,61,95,24,217
907,847,285,1293,86,1289,199,478,235,1778,557,1811,713,1290,132,1607,193,1170
1558,1648,1350,754,1655,1842,950,845,111,656,1300,1267,1419,87,297,1296,293,643
1101,1732,12,338,18,78,151,1648,457,833,845,309,178,1305,1682,1555,192,1805
1214,1584,83,1278,275,321,1778,1295,103,1150,1752,1447,669,1491,277,1009,1280,74
61,1502,90,1355,656,1562,1106,1461,802,1295,1230,937,1052,1670,1252,906,1182,1802
1804,1303,914,587,221,1191,1176,1305,1208,1719,1441,980,857,275,277,1805,412,1284
1167,1224,669,990,255,496,1303,1052,1591,1304,1674,335,1276,775,253,178,1426,156
1018,1068,725,1215,1246,132,1183,1220,1297,705,27,1757,1426,1374,1339,1671,925,1218
1470,1538,952,942,335,1561,1294,457,1752,855,106,873,1280,70,1228,1566,645,1491
181,1591,245,638,75,286,697,27,37,1323,642,167,1182,1566,939,1279,1851,127
1555,598,811,148,341,243,1169,993,568,1501,1076,233,911,1277,548,1850,175,1304
1276,1712,746,308,1498,112,1500,596,1317,914,1472,75,1350,380,1088,562,909,1280
911,1374,352,305,25,460,1593,1306,732,1191,1706,221,1719,1648,488,531,1438,257
1328,303,212,70,1161,305,1102,734,1781,827,1347,171,990,1564,18,966,233,1304
1216,1544,1289,50,65,287,1689,1805,152,1740,1694,403,1432,293,1123,1294,779,85
989,669,319,96,653,1289,1291,1266,1357,990,288,1302,1236,641,640,636,578,1175
983,1613,1631,1290,739,1073,134,911,388,306,172,294,1817,83,1648,954,74,166
15,1082,1741,1681,68,1228,823,1839,479,104,70,1490,847,700,917,1145,254,260
1839,95,826,499,1741,478,1332,1752,1272,1658,1306,1778,1818,1130,1501,1280,1705,497
1464,1304,1013,219,1224,1307,54,1279,1472,46,190,245,990,76,1266,1534,1151,1113
1718,430,1241,273,1303,74,996,76,12,1330,80,219,267,1778,1564,697,309,166
1703,177,644,249,1844,669,614,1705,913,1285,725,1355,1352,1306,72,658,1229,133
1711,1694,1819,1189,1432,1470,879,1130,1374,1426,325,1049,907,1675,228,1303,890,571
12,1817,155,1780,255,337,1034,956,1536,1811,1374,969,889,104,686,1819,968,911
188,1741,51,611,119,92,970,1374,642,1585,706,1076,492,202,27,104,1285,1287
572,1463,136,1281,186,1741,1302,91,1129,694,101,76,1323,812,989,321,264,855
1291,1158,1307,1293,1016,264,197,443,989,1281,290,1279,579,1292,852,1112,7,1669
913,942,1664,134,113,554,820,349,1303,989,939,1531,566,29,1307,1417,1015,656
1764,645,1599,1280,386,1677,855,1291,1458,640,402,499,376,1295,25,6,1223,91
643,1018,590,193,1228,1785,1352,1805,890,165,1482,1028,94,0,1220,865,1004,525
263,912,251,89,1125,1498,407,1075,1030,1286,1184,478,1732,1257,1068,621,260,967
103,58,1084,989,39,71,1852,374,204,819,503,1032,114,950,640,1481,1276,1082
1780,915,1163,1279,1397,159,963,1034,1215,1564,943,1294,1741,1184,552,0,849,70
632,256,909,644,139,601,158,1821,129,1552,1550,468,1776,811,1741,122,982,1276
138,83,1306,308,1388,305,244,1674,1780,999,250,751,1756,1340,1804,1303,1249,136
146,1625,954,1247,1138,74,860,463,494,179,1704,767,1839,1707,1275,461,297,1280
1385,1565,991,658,1804,714,312,1753,262,1199,1712,1278,510,666,1237,1754,1289,1838
1389,1266,354,1304,748,739,93,721,399,1228,1355,1823,1036,74,993,1303,1658,1136
1145,1455,924,890,1024,818,596,727,123,645,976,1354,1819,1091,1294,943,1708,63
1114,1068,755,907,1752,1809,1235,1290,1282,1532,1830,1222,1213,1640,519,1298,724,128
1585,848,272,219,279,70,1112,1819,138,1858,151,855,1076,990,572,1830,640,1337
1222,1354,1300,1741,1284,1547,1555,1188,290,1415,1301,849,588,190,1288,642,1169,1712
134,1032,656,1035,716,149,46,1280,106,1239,465,1135,399,1747,1733,934,859,1523
1299,1851,1805,1136,822,1548,1622,548,1306,303,1259,531,1294,18,239,1150,801,309
1179,1231,811,1289,989,1093,1690,1167,1811,1712,913,1547,917,1358,1277,1566,640,687
1301,98,598,1426,88,656,75,1836,1297,1564,1296,644,64,23,1690,182,137,170
99,893,1123,846,990,1294,1222,1011,1759,323,1680,245,1305,265,1845,55,1028,855
911,1830,76,1585,999,92,1165,1353,656,1282,201,1084,1566,1012,350,117,856,1197
1281,1305,1465,1557,601,27,1062,265,1290,234,507,1687,25,1192,153,1297,354,1298
1285,1015,1278,1752,1704,1040,323,58,359,1233,656,1055,645,1337,1297,1409,94,893
134,1174,1303,285,1839,640,1114,1732,1669,1294,1361,1615,529,1306,1298,243,430,518
648,973,644,976,291,929,70,571,1375,1245,909,489,1837,478,1737,1190,235,1360
1274,722,946,18,1290,1234,118,1426,1343,643,1176,737,501,1688,1289,1497,978,280
1555,289,27,1303,855,892,172,902,1851,890,64,1585,1533,1263,1183,175,876,70
1843,1182,1125,990,1468,1021,1741,1669,1289,1054,1298,65,918,1276,1321,1076,1292,1787
1280,1565,480,1712,1840,1781,1648,117,1500,939,1230,775,1614,1374,1301,292,1830,78
155,219,1401,469,613,16,1472,1123,1566,1285,1044,1805,410,1595,903,1111,1026,1291
562,642,63,1008,1296,372,425,570,412,305,1608,1843,1669,36,627,1839,210,1457
1182,1566,1811,1490,80,1374,864,1250,1804,676,440,780,25,1301,1685,1682,960,464
1295,192,1281,1414,297,1025,494,1292,1060,1294,154,640,644,358,259,70,909,588
25,293,945,744,1103,255,1293,1278,1041,1671,1385,1479,1093,1744,1752,1076,12,1222
70,1121,843,253,1285,1406,857,887,1811,914,74,1543,990,267,831,1671,621,1041
1296,1448,36,1694,1086,785,1341,328,554,677,659,1426,855,139,309,953,80,745
998,93,1836,91,656,1777,1712,1018,1068,1809,1168,990,1330,1282,151,1722,176,1432
1804,910,694,259,281,1161,1751,1741,820,1183,1257,189,303,1685,198,1149,1320,1534
1295,532,1296,1343,1496,51,312,1816,185,1711,1848,691,656,1275,1298,835,1291,1566
255,1074,947,1577,756,1204,1285,259,1811,776,1094,990,1564,645,1166,1354,321,203
25,1294,1844,581,1778,148,1230,1153,107,772,1034,1612,478,972,150,1840,1074,989
1064,1408,1804,1285,1163,101,1198,1014,1853,367,949,106,1406,12,1292,8,1532,1689
1711,1051,901,9,1128,1274,478,1526,1052,1009,1279,399,1306,312,63,1188,1811,23
568,552,286,1744,298,1161,1536,1276,1275,1307,1585,1802,1426,1035,361,63,175,1278
1566,1481,1296,989,1104,1175,1675,1426,259,1811,3,1301,1128,1232,1299,478,1781,128
1058,319,1306,1314,459,1821,377,1564,259,695,1375,1741,700,83,1092,762,1243,600
645,150,1799,1836,1770,665,1036,289,355,1139,1648,1285,1304,1032,1418,990,1788,1250
990,1426,273,221,1294,1280,1113,1182,910,580,1829,1536,1296,1783,484,570,1721,1034
30,1354,1627,1811,257,487,921,1294,1781,1397,12,1286,907,1432,1302,1042,1064,1418
677,1819,821,644,494,298,1215,1328,902,1182,1104,283,478,1286,74,1757,267,475
1280,1235,1298,245,1565,293,1115,1804,1112,1840,1550,1305,1762,640,1569,135,1426,1275
1279,1518,494,217,1704,1306,1741,1787,1851,1106,1388,908,855,690,1076,309,998,1078
581,1323,138,242,91,248,656,1293,996,284,459,919,545,1547,1182,1309,827,1685
1048,830,87,253,1778,1141,994,1741,1183,1457,1260,1490,1552,1051,129,234,293,1291
361,1566,656,1276,1296,1382,640,1121,1282,1835,909,1288,306,1263,713,460,1489,1182
1585,579,1276,973,719,279,1084,729,25,156,1306,1305,430,192,855,588,1012,1722
1555,290,1699,907,189,1674,1320,219,1276,1304,374,990,568,1291,1230,1566,75,1374
221,1052,902,1699,1203,1125,711,1844,1306,1732,1752,194,870,1041,133,50,1291,1289
212,122,342,803,285,1011,1142,868,1644,847,257,1547,1295,92,397,1847,1680,1281
86,526,69,645,1363,1321,429,1092,1298,1306,744,285,990,200,838,12,1509,642
163,826,165,1518,1276,74,193,1288,1862,873,1555,244,685,201,1213,925,1825,245
766,835,1821,1133,221,1739,1564,953,25,1350,179,1123,1426,193,728,1097,640,165
992,1301,645,145,766,659,974,201,1298,412,316,1837,561,1096,1684,58,1776,884
440,1219,890,1843,1783,268,992,1630,572,1297,260,903,69,459,306,1290,1302,328
1221,913,22,1052,1276,478,1360,1320,594,641,133,123,531,253,1793,1689,1028,1302
245,129,1790,716,30,1752,534,1712,1719,1648,49,1161,1304,1132,1298,1566,1545,1585
1145,445,1291,1296,748,128,1123,1732,1268,434,640,902,656,806,367,1297,1777,912
1302,146,1038,719,1374,811,712,1498,1009,1579,1326,1767,1741,437,1145,1174,509,1291
1279,65,1731,1238,1174,1034,1293,93,174,103,116,101,1811,790,229,1291,889,1490
60,265,545,1432,856,185,1213,1804,200,662,260,1133,912,307,911,1596,917,1677
1611,435,253,1820,285,568,1360,1374,1386,1241,990,165,1178,476,1294,141,1302,1613
722,677,1685,1225,972,1302,354,919,100,1297,571,104,1125,1828,282,1204,1105,909
862,656,1538,583,1569,1691,1278,1406,644,167,1701,596,1298,287,506,640,1257,1263
1585,1339,257,1296,1627,1540,144,955,550,96,1246,277,640,802,1568,919,46,950
390,142,1837,1529,271,1855,1182,683,1188,1752,67,939,1732,11,254,1648,1094,1257
429,1804,1063,1206,914,803,235,74,1250,99,57,146,713,864,568,1472,1811,193
1301,1052,1179,94,1045,1216,1711,1019,268,1203,1770,264,258,90,1094,220,640,1223
1533,296,1031,665,1114,505,920,70,1102,1307,897,1375,1098,1693,1292,1301,1741,1159
452,123,915,1595,204,1182,1157,713,1721,1267,1306,855,930,695,1648,1566,420,1251
1426,39,1279,126,887,1585,1500,1460,175,1348,232,70,541,1821,1300,1304,106,1139
94,1301,1728,1745,530,1648,1776,1013,25,1741,282,1810,140,1841,1304,290,59,452
1303,1776,482,405,1704,195,475,1564,1012,1802,1741,1128,1687,1761,1441,427,1566,965
669,640,1741,184,1164,1332,782,603,203,1282,1711,74,434,1745,1005,1276,1356,954
302,581,855,430,1228,658,204,1112,1116,137,1585,285,1546,670,4,176,1476,265
530,1472,1289,976,22,1280,1488,1173,519,1279,1432,1296,64,323,1041,356,1776,514
562,536,1442,297,100,292,1533,173,1535,175,928,212,245,390,1648,359,303,105
1417,105,18,1128,374,246,1756,1136,1162,288,1721,1669,1294,200,1688,1839,204,951
969,1238,1807,1264,921,1068,1307,145,1721,1176,185,1090,379,1105,245,1230,1276,101
341,1150,1294,279,258,1300,1564,1292,1306,1819,1303,807,583,688,894,647,1295,192
212,1432,1564,621,174,1293,890,1285,1824,1843,1306,1112,1804,1790,1741,186,1111,155
316,187,1554,79,1123,221,596,1294,248,1574,629,1084,176,190,1432,1304,1013,1382
1078,1805,990,440,453,121,644,1567,1744,1545,1306,343,1847,281,12,1294,279,833
1688,1243,779,1276,286,178,598,1804,909,1051,993,930,855,277,268,533,1021,303
1721,1810,989,1024,186,644,1426,942,70,1282,1303,960,138,253,1830,927,1574,1566
1305,1279,128,34,1778,713,1169,1051,1566,1481,1253,1269,1298,380,189,1290,1470,684
1491,917,993,1161,1279,644,1374,1789,134,287,1712,1296,1281,303,234,493,12,167
1285,1109,1167,1673,713,1245,850,1564,541,1432,1505,1069,890,1691,65,292,1337,494
527,1173,890,1811,796,133,1819,1034,1246,1277,1223,150,1432,1744,91,841,1648,1420
855,531,305,57,1179,289,141,235,1094,265,192,521,1248,1007,995,1095,889,295
255,1298,668,253,1711,1648,76,1305,245,1679,571,692,1638,1068,139,913,570,129
1781,1779,1280,1585,697,504,818,1290,632,949,3,473,1144,475,1292,759,1224,1288
656,912,1123,845,998,691,1276,1267,398,1807,93,129,948,325,886,1585,978,765
1513,1278,1162,1024,1104,286,1663,1294,856,931,636,1013,1182,641,592,280,656,1521
303,1717,1029,1042,92,116,1174,1294,705,828,1290,201,788,605,656,180,307,1421
83,990,267,1280,1564,24,1294,989,1551,258,747,1550,857,478,335,981,1472,1289
656,1278,740,1230,1748,87,1307,492,621,109,1809,1394,12,243,687,969,190,1729
1299,367,443,1491,193,1711,100,981,123,1307,220,718,641,88,1819,1657,1339,1306
1783,1303,1746,902,494,890,1752,1255,260,1076,23,483,1292,430,1294,1192,684,478
71,1712,424,1289,1374,1593,1293,1360,1303,642,746,295,1230,1780,25,598,621,1804
490,1218,1239,1847,186,1817,856,51,1186,1648,1843,641,1199,1460,430,105,1289,1838
1093,1811,1128,1284,1232,1228,1353,478,940,966,1106,95,1292,1819,1276,259,166,89
412,1206,1657,1291,1242,1778,12,1087,223,24,1585,906,245,760,840,913,189,1302
911,488,1811,1299,1830,1579,1819,1279,598,822,1129,1307,944,722,254,70,859,410
1226,863,911,1305,414,1279,707,1839,968,1374,1306,1554,1349,259,204,261,1289,148
1304,639,354,120,1281,859,568,1829,166,938,1076,129,1800,1748,779,1290,1017,914
1139,289,683,913,50,1374,238,1382,1284,1026,1147,1617,293,1235,287,1207,1237,75
1303,915,994,1772,1330,1276,1626,665,1566,1803,1381,1839,802,1295,530,1224,245,222
911,138,288,1648,990,1761,1783,501,588,1824,395,1732,1276,1182,1278,1719,391,1836
1022,1780,1840,285,74,1036,894,1541,1585,796,318,1303,1142,890,78,1372,1066,308
1167,713,99,303,1441,1306,770,1278,1318,93,1699,1267,746,901,1445,1829,992,1291
1182,1432,1648,1536,1566,268,262,918,432,320,1238,1655,1819,1472,1756,1276,1302,1303
1336,1007,966,6,530,596,80,118,1555,147,194,45,1306,209,540,152,733,1550
186,1284,306,722,596,140,695,27,793,129,531,1660,1056,1839,631,901,256,176
919,244,1374,747,188,1550,540,1783,587,1223,586,818,1732,216,1691,272,1188,1294
1279,1791,1727,154,1752,257,466,24,1741,71,1343,1214,253,1792,83,1215,1804,1839
966,407,1153,77,379,1842,1328,74,1299,1276,1307,86,1012,285,1547,752,63,936
1229,855,641,750,773,257,1298,864,1250,1277,151,1540,1811,129,93,492,1275,1302
1585,1278,1741,1852,1018,1155,83,1417,361,466,1305,1563,789,1011,1697,1195,1073,257
93,603,952,1076,641,993,1346,1319,164,1717,644,861,433,1781,101,533,1175,1722
660,1190,1418,931,683,1143,1267,640,1473,121,1192,1728,596,6,1658,1112,70,123
798,1426,295,146,1432,500,452,1307,1547,62,277,1780,934,128,1279,1248,1301,1289
701,275,27,1473,136,1727,1595,484,641,255,534,1291,403,1522,1074,623,1660,75
1774,623,1839,1776,129,1296,185,1175,1298,284,1300,1276,1400,664,1547,1163,1035,435
222,1306,150,253,989,70,505,1544,204,689,308,948,83,622,686,99,992,278
1516,574,921,641,1224,102,12,1804,1289,1305,1370,912,395,1740,1741,170,74,1152
1036,1294,292,902,877,1432,1829,822,1615,1338,93,1741,121,155,321,100,1542,190
117,156,1285,94,244,175,1290,1122,1132,641,1191,1270,96,772,1021,1856,699,614
1694,645,1426,1304,292,798,1566,990,382,128,1534,917,274,1516,79,1307,1585,1828
515,1284,1051,87,596,1257,583,1651,24,1744,1585,160,1299,451,1348,510,1258,1280
101,1284,1703,70,494,1213,1732,1111,990,1145,1296,960,590,1426,1289,1498,552,993
1558,12,1060,1851,1716,1279,357,855,1280,1110,968,1712,1242,856,1182,27,291,387
1680,193,626,952,1604,1125,974,934,1258,267,490,1727,701,1304,1417,1128,457,1079
578,1206,1555,1018,1028,1392,155,1570,1780,1776,1356,1314,1304,573,1752,1627,1208,1673
417,12,1726,1211,1555,990,478,1722,1409,256,70,93,495,635,1788,165,753,1780
568,1289,1305,96,1075,834,320,530,1177,725,1366,618,467,1265,203,1648,615,730
1432,963,953,445,131,498,228,136,1205,1007,568,296,1297,1839,1165,1279,1639,1819
76,1207,875,1058,1541,724,1049,506,23,203,465,144,1303,112,253,1648,1787,417
1166,20,363,198,1029,276,151,1073,673,45,1217,596,1294,466,1302,1604,289,24
1842,1804,1217,1534,1028,1732,25,88,1321,460,167,93,917,610,293,1265,1696,990
821,1036,952,1238,1303,749,1490,469,1178,407,1568,1305,95,56,1093,136,1284,1801
90,1026,1218,644,177,1426,201,312,23,267,752,203,134,1076,1145,1291,1280,1343
1804,78,1777,1689,640,1686,1300,721,233,1432,144,253,1075,1352,1458,407,1426,1294
720,1510,275,606,1304,1655,1840,1839,1585,1032,856,165,194,634,1589,1501,265,392
1380,194,1351,1277,764,1189,1030,74,78,1462,833,1863,1298,1068,1043,689,1307,688
1088,296,429,268,1113,1804,1822,1305,1303,905,1470,1284,258,1296,1277,833,1531,1302
1000,1285,1291,707,1182,312,1089,640,382,1282,1243,629,1279,1432,268,1551,987,128
234,1309,978,1432,748,855,238,1533,1585,1778,1488,639,1536,1472,691,101,1387,764
1277,890,1299,1254,1183,1606,1513,908,1145,509,1306,513,1572,930,31,491,1091,1669
1491,261,683,1685,1306,1266,1712,191,483,1329,1258,106,1301,1234,1215,1246,1407,245
500,1285,895,771,695,1459,492,1188,1694,269,1333,1145,294,1564,700,1027,1687,1432
1091,1804,1564,1669,260,256,25,1161,1058,1686,169,1752,1658,648,1022,450,181,5
681,1294,98,1787,908,1674,81,1726,1585,27,1422,1847,1153,1409,253,287,656,1432
306,274,1371,354,527,579,1301,1585,890,1841,1182,1689,220,1740,171,1303,1534,1648
459,1291,160,308,1553,623,716,1227,990,1205,989,1399,213,1076,1082,1721,581,1691
238,943,239,1804,484,452,944,1796,59,1052,1617,1182,783,862,870,1276,1292,1161
1280,1804,1346,953,165,956,1294,949,150,921,751,1591,153,1585,1097,990,176,103
1307,689,249,1225,303,1290,1639,308,259,1125,1373,138,175,855,273,105,823,1068
1621,1566,823,253,1306,990,1084,679,913,1712,1009,1242,1307,596,965,478,1276,27
721,1243,1086,875,79,1083,77,1087,373,70,1694,1432,234,1566,1284,1216,255,853
1741,990,1196,510,1599,611,826,70,39,1580,1161,142,1605,60,981,497,918,725
554,813,1304,951,148,1613,1493,908,12,963,194,990,1276,286,1851,1294,1463,497
117,1005,1555,121,1316,1280,902,670,1732,1447,1111,921,1047,1674,1536,1287,1648,399
1030,1249,1438,1125,235,890,855,1307,94,1123,570,100,1010,138,1280,90,833,1710
1702,272,1669,169,64,574,949,722,1712,27,1593,1288,1117,1280,533,1628,478,907
1187,749,1648,1306,1144,357,937,889,325,252,1651,1599,1301,1555,1296,126,1110,728
1220,667,1134,855,63,141,765,1498,74,123,1169,1839,990,1161,498,27,194,151
1475,265,1744,27,990,1520,190,1432,278,602,176,283,335,1374,640,1414,1585,1279
1426,84,1804,1564,890,1295,563,1648,134,188,1306,245,989,775,868,1651,256,1157
291,123,219,1517,1223,166,557,889,1819,1170,1374,855,1306,523,790,1294,197,1279
1032,1074,235,399,1792,1197,1374,298,289,1258,1290,1307,1778,700,220,1298,178,1564
1291,1234,926,1678,1277,1294,176,1182,185,752,93,4,547,228,1704,1188,1187,985
775,1585,695,1839,478,269,1648,1811,854,559,1276,623,100,91,1844,978,1305,1374
1565,1683,1554,1293,27,957,1304,1781,25,288,806,494,134,1279,1289,374,475,1374
725,1291,688,990,1532,1125,1290,908,411,1728,781,194,1180,1089,1240,916,1305,125
1290,1300,1149,995,513,79,963,1306,621,1639,1296,1298,114,259,641,308,1182,507
132,1787,1451,293,824,1198,1776,1150,400,1238,1566,445,629,139,1354,919,1187,570
262,1488,1217,1585,1295,777,179,450,459,1581,1302,49,1564,292,186,855,1366,261
1681,87,85,1298,1267,1598,163,27,1291,826,943,1545,1441,383,1648,490,1778,1752
23,213,890,245,1166,126,1364,499,1064,728,1306,603,1182,138,875,1773,41,1232
819,412,855,1291,27,1279,78,1282,998,312,1156,1564,430,74,916,992,221,190
1305,623,261,400,639,132,1741,1303,478,1182,148,317,645,521,1472,247,253,1680
917,234,1291,1613,1192,636,1659,569,1707,460,1374,319,1160,1069,503,271,1804,1711
266,290,640,1093,1564,92,147,1752,181,804,1804,1036,1315,856,515,306,233,624
648,1778,274,1214,1538,857,1301,1285,1804,201,138,1704,950,132,104,1830,1686,645
1274,1294,74,478,335,656,1566,1519,1534,562,1132,233,1305,1715,68,173,1093,1227
28,353,1470,1727,103,966,70,1613,753,1295,298,1712,1554,780,1301,1801,1307,1851
1298,1137,633,689,120,128,531,1292,478,1216,84,1226,1257,193,1585,27,148,324
175,1088,1648,754,1409,1783,1299,1660,1752,137,890,1335,275,30,337,681,1033,1234
533,275,542,284,116,289,1612,428,1847,1230,1331,222,93,103,1284,990,1305,1102
503,644,1299,736,302,566,494,229,1648,989,990,1306,1176,1145,1374,83,1778,1564
657,855,1302,1307,1702,1606,1099,1029,219,644,1807,940,283,1305,1389,1217,419,646
1284,1276,772,1490,1406,1208,1669,312,11,228,74,898,1545,1337,1778,83,645,1340
1290,1062,1156,1102,175,459,1677,1297,128,263,1349,45,1121,770,1839,98,1034,305
1306,590,377,108,1847,219,29,302,89,1280,35,62,914,1100,1374,697,596,1265
695,927,768,1415,596,744,983,17,1343,1307,353,627,530,1289,297,37,642,1494
857,170,1145,1566,1546,908,253,1165,221,1306,1294,1289,23,1303,1158,1152,1469,598
382,596,1783,1671,590,656,1094,12,890,1555,1839,1801,990,1648,165,312,1266,131
1539,1831,641,1426,990,415,1239,1223,1019,1811,1648,265,1116,161,126,430,505,1661
776,543,729,1092,12,53,151,259,1851,1041,1085,1191,1294,1265,1053,283,1021,1296
1455,1178,538,130,946,933,1796,150,911,1279,1228,1811,61,1245,86,1555,176,588
157,1839,655,377,374,118,565,890,873,1304,1565,1284,1769,1188,1064,1204,877,596
137,212,445,1106,919,1700,1839,1061,1032,1276,1064,148,458,1289,1306,1686,1811,219
913,297,1432,1780,1293,1034,1373,1299,643,121,219,26,1219,644,1824,622,280,304
720,1585,89,1289,238,1188,911,1284,990,27,285,1711,51,1432,640,1349,921,202
1844,589,1817,1257,606,1542,989,238,233,1344,270,596,268,1426,1142,99,645,1306
1830,748,1001,1290,1002,890,1554,963,307,1811,1223,1127,1346,151,263,234,921,1005
303,136,809,138,697,704,1113,27,1169,917,155,842,1011,147,1292,252,1164,1586
1554,103,1305,172,1836,1572,280,1290,399,1770,918,1423,451,1482,374,1653,1267,178
692,1161,1260,1677,290,119,993,1371,1555,435,288,503,193,235,1851,656,1648,1839
70,1060,840,642,1769,1830,49,1294,1259,494,1652,324,95,435,490,507,769,478
908,478,823,535,1839,518,889,345,1213,1697,936,1281,1781,1279,363,1669,435,282
1595,1465,93,1843,190,1585,1074,399,1781,1712,1671,55,1759,1141,105,1083,918,1127
586,252,308,696,143,1277,216,935,350,995,708,620,301,1711,293,956,478,1669
27,587,1096,114,1081,1758,989,1669,649,855,126,714,245,253,1270,1356,95,1381
1612,911,1495,1804,1811,1279,1156,233,273,550,574,1145,598,1689,1301,6,990,402
648,1123,259,1752,1795,340,1464,309,1034,147,193,1545,277,1076,1780,458,1741,284
1195,1303,382,1177,1302,795,213,374,1059,1566,312,1251,1409,1844,1058,856,1704,267
441,148,343,1585,1251,753,105,1780,568,25,1566,855,234,1293,1257,1307,137,1787
1292,1230,1105,1293,1291,1114,112,146,18,187,1074,221,179,700,1404,1266,1735,1178
642,1792,1752,1508,341,812,70,574,144,302,347,245,989,197,1366,1374,1817,23
148,76,357,1172,118,153,489,1195,476,900,1842,1279,1780,1488,1343,943,1704,165
1374,529,1533,60,185,572,1234,1817,1585,1298,947,1844,70,583,1841,1625,1232,279
1752,144,1648,1025,1138,290,638,918,1740,1804,1566,1313,139,1018,126,1811,1277,6
1306,62,1553,1215,1307,1422,1277,189,990,99,310,9,1280,23,170,1479,307,1565
433,1239,13,1563,1087,1770,415,915,1780,1585,791,165,175,169,1817,27,1844,905
1804,1302,696,1145,106,1281,268,917,100,1589,1386,1817,286,257,1752,1731,1432,1555
762,1824,1436,887,1294,1291,1279,1253,1015,1747,1282,1780,229,1851,1700,918,129,1661
469,194,927,1307,630,1332,593,851,245,1260,540,1370,649,1533,444,244,836,294
1774,1811,1278,1109,533,399,135,1739,1029,478,642,1654,297,1457,177,992,1294,75
267,878,298,278,855,590,1302,310,284,1648,1794,1084,620,961,86,1178,219,1366
748,1303,1855,952,989,24,454,181,1732,979,1115,1305,877,1524,450,1770,1459,750
286,134,617,1161,288,457,990,1732,1247,1544,1343,533,1715,55,123,7,1041,980
1290,1722,1145,1031,473,921,1534,1125,325,1320,1222,535,603,1858,980,1344,24,152
1859,1720,1126,1778,256,962,645,1811,211,93,644,1329,977,474,1218,1298,1188,1300
645,219,1555,1564,308,100,602,1771,353,696,722,1418,37,473,1188,45,152,1294
1491,739,1157,1705,656,1584,1780,233,307,863,309,1191,270,374,1192,346,1613,1216
104,123,1720,136,159,1553,27,488,1470,544,1566,1778,727,847,1305,1417,702,905
150,66,641,1312,222,1136,307,1667,322,1470,1276,1648,963,901,220,1607,1034,77
1555,294,116,1804,27,1242,285,724,914,1051,990,729,95,138,562,598,1149,1303
122,1103,1657,1190,511,1256,12,990,179,1552,259,1582,1024,1843,1774,1228,269,70
644,1145,453,1294,171,310,770,951,1305,499,875,1266,1264,1030,911,1234,1748,1307
1819,103,232,658,1440,561,269,1780,1294,966,201,129,1280,1789,1036,642,562,303
1321,1741,170,960,641,89,227,1354,291,1304,699,1076,165,240,1065,767,39,1276
1017,1720,1660,50,175,1550,141,1294,405,74,1306,1092,984,470,1154,1289,144,1185
1287,245,280,1145,1180,1685,1150,243,131,151,1097,593,185,74,1072,1697,28,461
855,1289,308,494,1276,1205,304,776,23,985,1182,903,1690,176,1215,941,645,1306
1026,1304,1097,1804,1475,582,1489,1366,27,108,305,980,126,488,235,1301,984,1648
1441,641,1543,1091,144,465,431,1040,265,1806,478,103,1144,1676,1490,23,166,1708
829,908,32,374,1146,1032,465,1267,246,1289,1415,1305,266,1304,444,192,745,1778
927,1693,1521,202,855,1780,643,1301,545,878,197,1563,27,811,376,1546,1166,572
624,855,1078,197,499,1568,1303,1714,1851,1722,144,568,1147,1332,1648,4,1250,1804
1752,1564,80,570,193,1266,1353,750,1497,1731,1542,106,21,1275,1030,1279,83,1648
520,454,990,1279,1294,253,327,145,1284,129,552,1277,1847,941,186,1263,1280,23
911,1397,1195,1223,902,1280,1171,253,1306,79,1804,297,1320,1298,1775,907,1741,1086
1326,1267,1648,570,1245,572,343,1306,1547,120,1662,857,1741,656,603,1103,325,70
1473,1300,1295,57,1280,270,540,302,1752,907,220,669,1798,1105,641,801,1277,896
645,1068,272,1305,1861,139,519,189,75,133,1811,1777,1639,915,955,1064,1186,913
624,859,37,1195,1294,1374,990,190,213,687,180,1307,74,1303,305,250,1454,1676
150,100,1841,1479,1002,673,640,573,1432,1040,1175,845,181,1335,1805,1830,27,661
434,610,847,773,402,540,1521,766,1125,934,1198,570,1585,1417,1616,1683,1611,354
1611,1076,1700,152,1138,1287,742,1024,350,1653,1129,9,521,690,1824,425,1783,702
475,1281,1349,907,1275,1084,1805,440,357,629,1282,1279,1440,1613,1117,313,1840,489
1323,677,1123,61,862,909,1748,1295,374,407,1648,147,694,25,309,812,1305,1551
1496,249,738,1295,280,117,1276,857,736,12,172,1020,1032,1305,1807,1036,2,701
1007,840,757,1285,1712,77,1020,74,559,1278,1249,907,988,410,139,129,291,1566
832,1242,459,903,76,1691,1155,170,1211,252,450,26,185,1309,101,1294,1669,798
870,1748,952,1183,90,1415,635,1123,1560,596,303,88,1811,1265,1109,1191,656,1694
200,1293,1292,289,286,98,199,1305,1130,1084,943,978,12,1294,356,1712,1732,1088
1153,25,792,1457,1293,1503,1677,1277,155,1280,194,1658,210,148,532,908,1685,669
157,1804,284,106,1038,87,478,1783,74,1189,246,940,656,1304,470,1839,642,1029
943,1469,175,639,181,80,267,1534,1182,206,1540,1851,674,430,512,1564,1555,1860
150,1276,1094,1266,325,123,907,284,1292,1182,532,890,1471,952,828,1288,643,1224
1225,244,857,1076,121,1626,1853,1042,1859,337,1009,1160,1585,920,1276,1183,937,1741
1281,48,915,242,1280,1066,234,1091,989,605,856,1307,1687,51,1561,700,257,1032
380,1613,1301,855,1279,990,1426,890,486,1289,35,306,725,1304,1566,645,593,1142
180,1682,79,1535,793,1290,772,1566,280,306,1555,1558,1067,698,194,1712,1306,863
1742,670,27,1298,1489,133,875,1807,908,695,1333,1294,645,1514,1149,151,4,108
407,67,1211,967,1012,1721,136,1277,1073,670,87,1668,185,1302,581,707,1219,278
1796,768,1294,695,217,690,1598,1778,1415,183,98,1754,1389,1304,856,174,579,914
1849,78,1778,963,114,1701,1170,1341,273,1302,119,901,1432,1773,1839,801,1290,1126
309,1446,1112,376,1648,834,574,1120,219,1778,218,911,151,1734,1711,982,537,1279
1566,1752,465,1163,855,1741,478,1084,75,1305,295,488,244,167,305,1595,1183,1851
417,74,989,1230,1585,1811,1154,341,1140,1280,1071,1121,1299,1491,1702,1669,1248,1147
1353,1243,246,1196,197,1804,454,1205,956,23,1301,889,179,749,1701,1216,223,74
1819,1276,281,1397,1279,178,1307,1558,562,135,1078,268,478,1352,23,1045,459,596
1699,1555,917,1290,855,845,176,1727,70,140,856,1441,93,298,1263,77,827,80
1776,1773,295,1691,196,1845,656,281,1226,1752,590,89,713,632,855,1064,1304,914
1777,684,203,1136,114,796,1273,1776,641,1301,890,446,1441,1161,1584,1476,1263,865
1181,23,1284,341,146,1432,475,597,177,1741,913,1850,303,1374,1232,966,1692,994
610,4,1294,549,713,1247,290,25,245,1305,112,295,636,1225,1136,74,390,1539
1232,1804,106,1686,1135,931,533,161,1247,835,645,1727,70,594,117,177,1157,640
894,695,1441,636,203,227,693,1847,1564,1314,656,812,1298,194,186,1712,1538,602
1776,557,909,103,581,929,990,1804,1749,277,261,776,509,1279,1818,1585,259,1051
297,1306,1157,1585,1778,123,1375,1682,473,274,1278,1257,37,219,181,259,614,1409
165,1805,166,1714,837,1276,1524,1136,1307,50,478,405,885,693,1192,86,278,270
1355,943,1658,1566,335,1018,1839,89,1303,1264,269,989,196,549,64,1237,113,59
1217,502,919,1063,1018,989,1300,1303,863,1474,1278,1247,146,642,940,1802,1292,845
280,1780,268,1039,523,279,581,95,855,1160,860,194,1285,1018,259,478,207,1546
1386,846,1153,640,1250,606,1306,1044,636,6,1661,1804,896,996,296,989,905,1307
957,1277,51,1608,1160,1157,1015,905,1546,540,919,81,1279,385,1154,562,1624,746
1279,1425,1850,1390,601,98,644,700,246,1293,1175,1303,1246,635,914,1610,4,918
1369,596,1278,69,1294,852,1426,1156,1106,1647,423,1300,503,123,1534,307,1491,1287
25,1021,150,265,1669,1182,752,76,272,141,990,89,1276,857,1302,1306,238,374
1777,1752,1536,55,1294,1155,180,126,69,834,456,939,95,1597,1521,977,101,37
1681,1156,640,1306,374,1778,54,1235,999,454,1584,1290,197,268,1842,1819,349,914
842,1705,1804,319,1276,1171,1566,1695,1861,1284,955,1302,95,91,990,1304,811,1529
920,1837,1076,223,1128,374,917,1830,295,1555,1290,1222,596,466,1838,1085,1781,1172
103,70,1005,1150,275,1079,120,1031,1204,1183,1256,581,1082,86,165,1278,862,642
383,1280,1839,197,1291,287,1263,459,1034,242,577,843,1294,24,581,746,1279,1028
573,780,9,259,57,1029,221,1184,1490,163,1540,1648,1284,1335,186,1011,1839,146
1566,341,1307,490,151,872,91,884,1807,186,990,500,1564,1804,320,889,613,857
1319,185,665,1011,1780,104,271,1278,1851,1759,526,1076,1014,1013,70,1284,1842,1415
288,1094,648,334,1282,490,481,1555,137,1115,61,139,697,1783,1752,1778,845,990
1700,309,461,1215,1358,910,1326,38,1226,137,1125,1307,1599,25,1265,478,192,844
253,1637,740,1648,1184,912,1307,458,179,1354,54,1844,419,829,1076,641,1784,1549
943,1778,284,279,1409,189,267,278,1566,1697,1804,1024,1550,291,303,1267,474,1116
369,1272,1195,756,1477,266,108,1302,1007,1084,1289,1014,1374,85,1372,1569,1718,1179
20,1278,641,1272,1690,1076,1566,1441,1184,414,1752,1468,1249,1846,1320,1292,70,1660
65,1426,1797,1819,845,1030,78,1546,822,1547,490,194,134,279,178,1811,785,1658
645,1811,1281,1109,430,268,78,1409,911,548,822,1839,1074,882,1374,1353,1229,740
568,1732,75,50,1306,1839,1294,1594,610,129,1113,1853,164,901,956,806,112,1279
918,258,1294,77,70,80,1804,1502,495,1736,1549,223,1781,1741,265,246,191,1273
1036,623,1648,1613,1813,1781,1417,893,930,1374,157,1836,1175,105,201,377,246,1245
686,253,1746,1811,1722,1022,100,1703,302,642,577,27,1784,1099,1698,194,802,277
1479,1857,990,155,301,981,672,642,1294,1290,607,1694,1555,1426,1337,1138,85,24
306,1251,110,1472,297,1279,1290,990,1669,1493,1104,1665,325,150,1564,1778,653,1811
802,1580,934,1289,1441,8,916,1749,274,927,1762,740,644,581,1402,289,1173,302
990,87,1168,986,1569,1792,1295,1301,1036,108,1076,1326,288,1490,1262,180,1322,255
1299,1061,1078,645,37,990,1182,1279,1296,1111,1778,111,1534,656,1302,1799,1150,1861
1070,1811,917,1741,1776,1418,221,856,1279,124,66,1472,561,114,1266,1304,918,357
78,356,113,560,1303,1279,1843,1278,656,197,1064,1555,523,179,1811,1626,509,1669
1432,596,877,269,890,1686,179,86,1215,197,1250,1585,1234,345,292,1024,1182,178
287,83,1784,1552,681,1295,281,731,945,100,185,87,274,39,1426,995,1545,1721
1155,337,132,268,1611,309,914,1130,1839,1732,1528,671,165,74,1040,1303,152,610
1298,1003,575,167,745,229,105,290,1585,116,1228,1432,1145,823,1382,1302,1060,1555
903,940,1752,772,1353,406,1766,688,1303,244,170,1216,101,1278,1695,1,257,598
1296,1298,1293,112,1289,1778,94,376,254,242,1472,76,864,1203,1284,1741,283,1845
1770,990,1374,285,1279,822,1086,151,1566,1303,681,1332,1846,1417,1830,1229,1129,1676
83,1839,890,1076,1306,989,177,1286,1278,222,594,1824,1196,356,1566,691,132,309
776,367,1705,1169,1303,1030,546,1280,128,1712,1183,290,1609,103,79,947,1288,25
1566,1669,265,856,65,1819,10,961,1621,305,253,220,190,1279,1426,510,1296,1076
138,999,1191,722,1817,531,514,1575,834,1684,186,1566,1305,185,70,677,120,1689
287,1476,1300,298,229,132,1752,176,621,1224,1685,645,1204,1093,1415,1007,1240,1290
261,1144,1286,275,1280,478,1712,1415,484,140,1625,1426,1362,919,123,846,212,1220
1501,1177,1613,641,1249,913,1282,1578,1581,1289,1279,1297,901,1293,1441,1840,69,134
1426,402,1374,1798,691,167,1294,390,966,1472,907,578,57,1689,97,1811,1284,101
848,1302,12,5,1759,55,1804,374,707,1669,989,950,912,303,1266,1613,149,545
1426,268,839,1206,1209,915,645,382,296,1230,167,138,1294,246,166,757,955,1362
293,1684,1834,1093,656,254,192,1284,1432,308,1156,890,800,1842,645,922,478,291
1305,1780,950,1188,1294,1199,855,889,1817,23,1309,1281,1267,911,83,1276,1302,1011
1008,773,134,135,1312,1490,1170,1099,1564,889,1839,1414,169,1863,828,1294,342,1432
1292,1015,1307,219,1273,1235,220,1029,382,812,1518,644,776,656,148,1184,61,259
1302,917,1100,960,75,945,286,89,1756,1658,97,570,70,760,245,1112,910,37
1128,573,938,861,290,1585,1136,1781,996,962,642,1230,1306,105,70,574,1034,1418
81,548,588,8,890,644,194,154,74,596,656,669,1703,725,1702,914,478,167
1712,134,288,640,144,1818,1278,279,1805,1533,129,663,691,77,816,114,1287,270
1192,156,929,133,1648,1157,1462,1608,1289,224,293,150,190,1278,354,1277,1284,98
123,623,1780,1282,1197,273,1783,129,1289,399,1165,604,1298,1168,1804,1039,1281,1741
473,894,1672,1604,23,207,402,890,270,1299,1489,641,574,1778,1845,349,105,1780
74,1284,1552,870,915,1307,865,1297,172,1741,745,748,1118,363,283,1534,1132,1505
711,1713,1389,1616,1273,1764,322,1465,1460,1276,478,280,1415,573,1555,169,772,1838
990,1719,201,3,1289,1648,137,1183,588,1811,25,939,193,1435,1094,134,1191,280
1752,1103,1306,875,339,989,1584,405,999,1778,1291,1783,1298,953,1216,889,937,971
490,499,1361,1227,27,90,1802,1375,303,211,1830,1237,931,863,1360,1700,1278,645
950,193,1163,852,1776,1811,1278,16,701,284,535,644,1426,104,1305,152,1744,640
1291,1026,1290,552,1303,180,1189,754,816,875,924,1689,903,1716,681,323,740,1787
1163,645,279,1778,762,465,898,1135,356,86,188,749,669,126,598,1824,1547,1104
1013,1220,1426,602,128,1657,1353,79,1859,915,621,918,1470,990,104,749,1049,1307
1514,1188,1294,596,1076,1668,1840,645,775,1228,1278,93,1064,1148,989,1821,1564,635
806,1146,16,640,308,1088,90,293,1132,254,1135,490,1304,607,1752,1182,126,1692
1199,373,682,89,76,112,655,177,1451,1024,1558,1536,1627,1501,1289,856,1016,18
1566,25,166,1056,93,99,1182,1018,357,568,1282,1230,1007,1669,12,74,945,128
1857,1611,122,568,1579,917,1287,12,1313,1610,1354,79,1268,640,1436,941,1239,465
382,1417,956,1276,290,1252,1300,1432,572,640,1018,1013,1303,270,1088,674,347,1783
1305,845,946,975,166,535,498,1191,153,911,117,913,279,1243,955,1817,1297,770
562,596,547,1291,142,520,833,478,1607,1051,1018,1804,1144,1687,1060,1323,268,147
478,597,665,164,321,1103,907,235,870,277,1306,19,1279,201,345,121,284,1293
179,1176,1035,1151,374,1564,119,789,1215,249,1306,1741,478,24,531,290,1305,1256
1444,325,1091,1182,128,1303,1305,1289,1277,1845,1778,531,875,513,920,27,424,258
855,104,70,285,1171,1426,158,273,253,166,1151,1700,643,1763,1110,1233,1187,1052
1753,1660,1817,908,970,1266,1846,1106,1574,915,1306,1088,989,1432,572,279,1759,1470
1783,1247,1074,55,253,297,644,1284,361,414,1182,645,1257,27,197,254,1272,918
1121,1161,694,1778,890,1294,1737,1278,944,1284,1842,993,1839,1320,1852,1776,26,81
686,259,1279,1569,1084,192,87,1432,1,1296,1174,164,1741,277,1141,1673,1681,1336
1028,233,1011,76,1551,985,1134,1805,847,697,479,1780,1025,1752,202,1843,1374,1095
659,751,254,1286,1533,1426,99,545,134,135,1246,167,277,171,890,1278,26,1284
1789,298,920,538,990,1489,981,1774,1287,855,274,1338,430,902,202,889,114,1299
1490,291,1184,297,1470,273,1683,669,1448,1496,1629,1544,990,303,1303,989,215,1326
1076,596,1233,1374,1232,49,912,1688,220,1280,158,27,256,828,1533,832,1087,1307
1374,507,1763,1105,1273,1547,1307,95,1804,113,459,182,1741,1085,583,1644,136,596
1018,1607,1748,829,1012,259,487,285,892,1685,1292,1303,579,198,1850,1285,1286,1121
70,1087,1364,1811,1302,825,1013,1373,652,1680,1843,1173,267,855,1034,1233,289,27
1709,1059,1380,1188,818,1280,784,170,1234,984,1654,1839,1181,772,1459,596,1547,887
1307,1367,1289,756,1150,351,305,581,709,235,875,238,1246,1555,1371,1500,106,1648
1076,25,1296,821,1469,1704,1041,1374,741,917,124,1811,1320,392,1684,1289,977,135
259,1289,1129,1804,540,768,54,1306,1095,713,1163,995,250,780,1338,27,530,645
1552,789,1360,116,44,1741,1294,1819,821,174,1157,645,658,322,1585,100,1648,1784
1165,751,1659,1233,977,1783,1585,87,669,259,855,321,1537,71,1741,266,911,1586
358,132,234,570,1817,1278,880,1845,641,920,788,1224,1301,936,1819,1290,1378,1757
1091,664,1240,909,205,1321,1821,166,175,540,140,989,282,1719,695,93,1145,1546
1188,189,1279,399,1714,451,1564,1741,1306,1485,151,909,374,1064,306,100,70,1821
1076,612,845,1307,907,1648,348,1658,1084,221,1182,1291,132,1749,926,1841,1277,290
