918,1222,1282,294,1807,87,296,1778,685,602,1085,165,262,1293,667,1822,1052,1217,636,1776,1306,1432
95,1294,293,725,1741,917,1438,228,303,864,1266,244,136,1053,1334,307,292,1009,1024,134,1558,767
1291,1294,84,1165,461,484,1373,1638,1268,574,1585,1199,1243,1708,262,733,1329,942,66,1655,1305,1752
27,598,1288,76,1653,943,656,1804,1839,1542,1207,142,1051,998,1016,1702,337,1018,558,411,1300,686
940,92,99,603,1397,104,399,122,1022,284,1776,1294,1778,193,1302,1409,1106,1432,243,354,376,1415
1374,1804,623,1824,1349,94,678,934,862,54,912,1741,984,1466,855,1304,1776,1490,1094,1863,478,772
65,1752,1583,1566,70,121,1282,594,1585,1712,1115,258,1783,962,1690,1277,1732,835,1045,1018,459,126
950,1847,1716,1042,268,509,745,589,876,292,18,122,1205,1287,269,229,760,163,1456,1123,474,995
1591,1081,1843,268,96,244,27,1302,966,912,190,1702,603,1564,346,321,656,1566,939,1294,1844,1432
1173,219,1725,872,1601,1099,1749,857,566,1007,128,698,46,100,407,944,1585,66,173,220,1547,856
415,1752,1780,788,155,1217,64,1278,12,1703,1776,100,806,1415,1074,260,63,1302,1290,99,1094,21
764,1283,1285,990,1297,1168,1233,1305,1801,259,1108,136,859,1294,1194,223,641,231,103,1124,607,1804
1302,3,1374,273,277,150,1819,1426,306,1752,1289,1338,1371,75,93,918,6,543,826,1028,1681,25
645,701,1269,1554,1575,320,27,1584,1279,400,32,1145,83,1832,724,1029,417,1108,1692,434,247,1680
1173,1778,1321,1217,176,1607,1426,234,971,243,169,1432,1032,1278,1181,641,74,279,107,889,613,1230
1624,700,1555,219,1291,1285,885,74,959,139,1297,581,102,1640,1079,1231,234,1780,277,1801,1432,1300
1292,965,757,275,1291,1817,1039,1433,238,1294,1451,1421,821,927,1472,586,644,291,856,283,1084,1821
1566,459,725,1680,1041,1677,1648,1801,76,271,875,306,1278,1393,577,382,950,1301,934,1302,451,1191
761,1238,920,1117,1838,1821,1714,1842,1349,1082,1732,157,1307,875,627,1294,292,1426,1015,1174,714,94
1182,253,1198,917,509,445,349,669,1113,441,179,1682,1302,811,907,1720,1156,645,379,293,415,16
913,1472,1132,1280,296,312,478,1056,573,25,1292,1536,1028,1032,1282,925,163,999,185,506,306,1566
1157,110,128,1292,1304,1158,253,1129,825,1266,1343,1278,862,307,1635,138,1115,1024,490,1804,1222,1566
1182,308,1298,137,146,1671,640,1776,1075,1031,1305,284,273,115,1294,70,959,957,280,255,1290,126
1819,598,1778,151,1306,1138,16,1844,1284,1285,1148,503,1741,656,1692,1338,890,1303,76,1296,574,1726
1648,1851,1266,1260,1776,1011,907,1759,1182,133,285,1844,1585,1277,1840,93,1374,1297,913,1216,1813,1306
148,1052,1176,1332,1783,484,581,1711,1673,1805,1415,181,1674,502,1432,1154,1348,98,570,1303,1755,259
1721,472,1676,307,197,74,1017,70,1191,295,1433,1551,1547,1306,906,435,1145,714,880,606,23,246
12,287,1302,920,1285,966,1066,553,124,948,280,104,1685,918,1177,263,1564,1279,1615,1105,158,261
298,1215,279,215,1648,95,1276,1841,1819,1150,106,541,1174,1305,292,1757,1085,1817,1193,1787,94,194
289,908,656,1840,1811,1807,484,69,1295,780,1292,1291,1585,1303,1594,87,76,856,986,150,1805,903
1839,1371,46,1079,1625,1279,656,284,1011,1851,1775,989,1610,1288,1040,192,259,1547,1267,157,1312,895
1372,1275,917,674,1294,1629,59,1838,479,1694,990,74,98,307,263,645,1300,1780,989,65,857,1136
188,1107,917,177,1828,1188,1119,1184,1483,1804,1566,878,1300,1295,1648,133,1680,903,83,1105,254,688
1169,1029,768,475,644,1343,1778,955,262,1658,1136,1502,291,243,753,1291,440,188,1305,669,974,1278
126,855,955,23,1228,267,27,1097,1284,1752,1577,194,1249,684,411,519,1019,1839,1183,899,571,93
1276,1778,1683,669,1469,23,233,862,1280,1318,1229,1294,955,787,1761,1279,630,1057,764,1070,292,823
655,1830,1781,890,459,1224,1524,1076,1164,79,1303,186,1752,1426,1200,1669,470,1306,422,150,909,94
1741,1309,1306,875,1285,1277,27,1298,901,1307,1811,1303,0,1148,207,1804,775,1267,1752,142,635,264
112,1041,1648,126,990,268,1564,142,70,12,1290,222,137,1197,89,3,608,1289,1294,640,279,918
475,1299,943,1432,905,93,522,959,901,1279,1305,1132,363,1804,143,983,768,1340,244,309,1841,1539
1145,907,1555,862,399,644,1752,1327,630,42,640,1704,296,1013,548,970,292,532,973,268,322,1470
50,1302,1697,1303,624,151,1005,1321,1757,255,871,152,1811,1145,857,27,155,1740,1403,179,190,502
1783,1110,105,577,275,434,1214,1278,1076,1306,1687,568,1145,1015,265,1778,1238,1284,1181,908,1282,1770
291,1783,909,494,278,137,1288,1742,1752,56,1007,169,1304,1276,132,297,1342,1182,377,1321,1210,194
1040,648,626,573,365,990,1776,1409,1242,1740,780,1811,1302,574,1338,920,1306,643,569,1320,745,1804
1192,1432,1734,314,1025,1678,1855,1305,568,308,1257,1290,128,1574,492,1204,1382,972,856,974,1139,863
659,1291,687,26,4,1550,78,1829,546,253,1415,1166,1844,77,210,1160,1294,1015,1266,990,1566,1718
133,127,856,1155,1099,1296,980,1291,286,568,91,324,1566,262,1278,1284,1217,1798,574,1774,1071,941
1289,860,176,112,1648,1357,1276,1555,1282,877,804,1221,1552,253,492,1169,1277,1019,1009,746,1762,318
907,1433,9,1285,1784,1811,1094,918,1819,494,1016,643,641,181,74,972,1769,1180,219,1225,1178,1165
540,1279,190,91,1290,609,28,1294,321,1811,1305,1400,757,479,889,1534,167,644,857,150,790,256
61,1678,275,786,907,990,1299,23,203,1101,112,108,1264,799,1817,194,223,329,1016,229,1239,509
661,285,27,647,4,740,715,984,1464,1314,1278,1279,1303,1527,25,49,1223,1304,1265,975,279,185
1669,1409,1279,18,644,770,748,1448,255,700,1034,926,623,1797,75,937,256,185,459,268,1029,1760
955,828,1444,188,1175,1498,1206,1295,1093,26,1289,1071,259,1314,598,85,25,1102,1307,137,1290,1132
159,1393,1718,1280,1071,473,517,243,1274,1693,1182,1789,1830,1725,757,1112,1084,640,1432,1533,137,102
1068,289,1805,199,1740,1290,53,377,1250,1705,1311,1556,307,220,656,1778,623,1861,990,305,1224,1555
419,1530,1294,1776,1289,1192,1629,295,1299,66,1752,1853,281,185,1830,99,1052,1710,1111,918,8,1804
1470,1468,290,855,1844,1361,1087,475,531,175,1721,1347,1426,254,701,1776,104,365,308,108,573,1533
37,1553,157,1307,818,1138,768,1298,862,78,1721,1811,992,646,1127,1322,1281,1591,1257,1038,238,1350
644,1660,1030,253,1302,213,1134,1736,1566,235,259,1578,962,535,1741,684,1301,745,1183,199,1115,183
440,1558,632,268,138,1849,150,1289,70,1198,572,1741,176,340,645,117,1819,180,1611,772,269,27
5,1296,1276,878,1662,1771,1675,1820,1145,1305,260,278,1287,194,1303,1776,1765,460,175,181,990,591
1291,54,640,1594,1051,1182,972,806,1819,1066,750,11,1752,179,964,1169,909,262,581,204,1847,1301
1648,890,272,917,929,104,571,235,178,494,170,402,1804,1327,266,18,1307,684,1842,561,1305,1364
1811,1230,1571,452,1722,855,1073,1117,1294,105,1741,137,1702,1668,259,1781,1314,146,710,1153,189,642
259,935,1249,291,1851,245,1470,915,989,1349,1648,677,1197,1518,465,1290,1183,722,1548,1550,1718,1426
23,478,1277,293,966,1015,424,1438,1585,862,642,1294,540,1781,1094,374,220,1352,1564,98,1688,1125
306,238,1780,1488,1302,378,307,1280,21,479,415,203,1844,669,790,1306,1275,1290,1546,1648,152,1012
1346,518,1281,1008,1095,1139,136,641,1585,1306,1566,198,645,1241,1843,1302,179,1818,70,139,1648,990
1282,1280,1183,234,982,1752,1389,265,1026,596,1298,772,1297,478,133,1018,917,267,1817,1013,192,88
1062,235,1243,525,745,320,74,1139,273,1286,1302,1689,1360,1239,1426,457,907,1069,1681,141,1533,995
1336,1456,1712,938,1585,1673,1063,1296,179,1088,494,878,1304,643,527,176,1279,1058,1009,1191,877,1301
1844,970,1108,1118,366,182,1426,1011,289,494,1294,908,857,531,1432,1760,1266,900,79,1533,1305,1061
1187,1518,90,1845,1537,512,93,478,1304,244,1701,1284,1076,1680,889,859,903,1306,376,917,656,126
1415,1811,1041,377,910,1719,1804,61,596,557,79,1177,914,1297,1756,949,1566,306,11,137,487,1201
1277,1175,116,656,952,1017,1648,340,1319,1276,1804,1298,290,644,1075,348,636,1284,177,1293,805,1607
51,1293,1279,178,1648,989,856,266,967,1638,183,274,645,1776,595,1294,245,184,1490,44,297,696
1121,1288,990,1284,1402,1804,760,653,269,88,644,65,596,1521,267,1585,1188,147,312,623,478,1306
1306,498,990,1028,74,1426,624,1716,1294,1695,254,1064,546,1828,1047,1285,539,1073,1296,634,1752,1297
949,1492,1624,1289,1301,1426,1179,1051,957,319,1113,1432,925,1746,1294,1292,595,1374,248,990,1687,453
1622,1067,725,1770,171,27,723,1265,1648,1457,1242,101,198,1661,1426,613,872,137,1090,1237,1800,1533
288,1450,1290,1591,99,186,49,1153,1276,78,1009,1293,640,1525,1227,1817,5,917,1574,1849,11,74
194,133,1704,1824,1263,1282,1302,76,179,932,151,1102,1566,264,284,1470,748,309,192,1218,1787,1409
1167,1294,1276,75,975,1182,1498,1266,1115,236,1267,193,335,281,1333,93,1843,1093,1041,1303,1260,477
613,815,51,865,244,1304,761,1859,592,303,1035,683,556,710,134,201,714,129,1830,1059,391,1593
157,389,1747,299,1600,1824,28,12,114,756,506,201,1266,760,74,1343,1077,540,989,146,970,93
1263,181,284,1040,239,197,1194,114,1284,685,1276,230,1130,1340,1583,234,105,278,101,294,1076,598
416,1289,1807,1265,1692,1076,1303,1804,80,596,1553,1564,1091,1612,641,1697,989,1276,1712,1284,1451,27
1278,1295,1147,573,88,1303,1281,1712,154,1808,690,1284,901,1137,478,977,1302,1226,553,1062,1817,1831
219,924,1644,610,1051,1595,1155,271,1819,989,268,635,990,492,1518,370,27,1285,133,1299,1082,1160
26,544,1798,1306,1237,833,1586,1807,446,602,71,1840,887,221,1472,1289,2,78,505,1757,1276,705
1306,1837,1781,27,74,1772,244,972,335,645,990,969,185,348,556,64,320,150,855,1761,1129,953
1277,105,1093,420,1712,1299,1737,1781,1049,1839,1257,257,265,756,148,907,989,1114,1566,1798,1732,63
1205,475,257,1275,1182,1060,872,119,1416,155,1032,128,1183,1627,745,89,779,245,1805,1788,1837,909
729,148,269,1228,1015,1110,1840,1223,181,696,1108,1184,1016,1566,1735,700,438,1256,611,1585,945,990
140,1278,918,1737,1073,1770,1267,806,1536,1238,656,1279,1671,907,1299,290,1802,525,221,982,1007,1832
1093,152,596,915,1183,1433,1643,279,198,1173,1051,1711,276,1728,170,507,95,274,729,1049,1326,919
374,15,990,1302,1706,1564,721,27,467,561,750,1276,1694,772,1263,1239,749,1012,140,98,1550,1225
640,1277,1307,889,931,574,966,1804,1596,1817,1292,157,374,1120,1042,287,1207,260,1218,361,1036,309
914,983,1233,41,1029,1018,588,1840,193,335,1811,1740,350,1365,641,1249,968,1289,1799,1297,1294,1819
478,185,1500,1307,987,1374,1706,1336,1123,180,190,1534,1564,1040,23,1182,563,845,928,605,1430,1218
691,91,141,1284,1563,337,1282,856,1281,1783,1682,190,606,188,1042,1641,1005,100,266,1280,548,245
219,1819,1781,1612,1293,1741,1192,1299,1648,1042,1276,1292,627,98,285,185,58,1733,133,187,1028,536
1472,1280,1648,265,1780,220,221,645,1838,1141,990,1555,1290,1507,157,1741,596,959,427,1374,1305,997
274,1182,1,912,1160,1274,1356,188,253,1184,636,643,27,1116,1616,216,1098,640,1304,1200,736,1289
1147,1087,1289,119,1287,1250,1102,1341,114,1293,1415,1441,990,193,354,1076,1426,186,1752,855,1474,943
321,766,928,1289,829,501,225,621,1661,595,476,596,1846,999,289,1084,616,1276,1364,12,1778,841
178,1555,325,786,641,103,1195,797,257,371,288,108,1314,857,147,175,478,1566,1265,465,936,148
1217,163,277,640,459,1280,274,1844,273,985,70,627,184,1840,1748,134,990,1732,74,506,1203,488
1181,1566,167,89,710,1076,1686,1741,1611,565,208,785,1362,70,68,692,284,773,1732,772,466,266
1265,218,1091,640,136,308,724,575,105,1489,1147,1759,264,1285,1462,70,137,257,403,743,1015,64
1280,187,596,261,152,185,1040,989,1364,954,61,1736,1284,544,94,1306,856,1564,779,1240,1262,570
148,1268,192,1744,1513,1300,123,175,1245,644,1796,1112,942,1695,1298,1419,1230,244,1792,991,656,1574
1843,1306,1262,181,195,1148,1248,27,424,1851,1719,1806,990,644,671,1704,882,1797,83,1695,1285,1764
596,487,1220,1129,1215,467,989,1279,1252,1522,803,298,1010,1327,95,1818,1485,1708,280,1805,1566,227
280,760,872,1486,984,1284,137,75,100,1294,639,79,257,950,880,1277,1029,1819,856,263,138,866
376,389,509,1294,101,94,79,1703,133,1811,1268,836,374,1673,150,890,1187,450,260,1585,475,722
1749,1303,1418,942,1112,1741,1220,294,1033,1539,219,919,1780,254,1811,936,598,641,244,150,1129,1723
61,1091,689,1305,1279,640,722,931,561,1280,290,1819,1712,1306,136,1308,1131,943,589,1301,964,1593
952,1505,1040,1303,1110,124,1157,1305,1293,187,1123,1222,1219,1572,914,478,1692,748,77,1340,1686,1839
1534,1294,1241,1662,944,101,305,1028,1082,1291,890,1492,27,316,4,136,1851,942,1272,1052,1249,1780
293,523,212,1562,989,78,914,505,1051,224,1303,1279,1752,1687,1301,586,999,797,1787,291,856,492
666,644,1094,1467,1542,1817,288,929,489,693,1320,1307,847,972,1087,956,1648,1452,855,246,1128,990
1295,1105,459,700,1076,172,1764,478,1296,1306,21,1467,1855,592,1537,1220,1804,645,828,1292,906,1566
1811,856,1819,657,1185,1290,776,1570,629,1280,1278,690,252,578,263,714,573,990,108,192,498,1701
644,882,1374,984,1285,1113,223,1636,113,1534,1290,1182,1549,377,121,1566,1417,18,1436,1804,1811,1305
127,213,1639,1716,713,1323,379,1840,624,122,730,1374,579,1228,1217,269,259,74,312,1293,1564,1145
1306,1476,1426,1778,256,139,466,1327,990,1307,656,77,935,1280,772,589,1183,255,6,1695,1783,1415
1459,1300,494,845,1257,621,632,221,862,531,666,1511,1301,887,79,572,148,460,890,953,254,233
602,914,958,1,1147,220,1821,194,1815,192,988,510,819,1282,780,1284,1648,1804,641,1036,39,1589
233,1294,1259,255,1424,952,1195,179,966,1519,152,574,890,1670,327,32,273,1128,1296,1648,1846,1311
23,281,507,1041,179,1353,1629,1714,1260,1811,70,137,912,128,1415,942,1648,1741,1306,1076,1327,957
1648,1564,1472,1844,321,253,1235,917,1538,700,1157,511,87,496,1695,898,1372,966,539,1032,788,1179
71,944,1266,1503,1564,355,1151,1763,122,1732,265,1136,855,1533,538,1018,1711,123,411,1068,256,1687
123,963,1648,1123,58,20,402,74,1432,1525,1741,1776,1306,835,315,1273,1601,23,641,270,589,984
1026,1547,84,1836,30,1267,585,1292,1276,1137,1655,842,186,1290,653,1071,863,1553,1299,400,291,409
193,549,1207,749,1303,374,1182,917,1807,1648,79,1305,1405,472,669,776,150,1290,85,1752,1566,1513
1246,1529,100,1280,164,1193,232,1035,129,1307,990,1817,1071,1804,1155,170,717,656,139,49,1309,178
1401,168,114,656,767,296,768,76,290,1566,178,1206,990,890,246,1513,1757,63,146,1462,1289,521
897,1837,759,691,1227,1847,623,403,1804,1182,1306,1840,1034,1587,212,1539,1646,963,1224,1107,245,1059
1741,484,1206,1242,1700,123,862,690,128,540,65,238,1332,1266,1811,885,1051,980,7,1303,200,990
1741,499,744,176,1241,1296,93,1305,568,715,1104,596,1000,1811,1374,1298,166,1289,722,1717,1547,1290
535,74,1804,913,824,1276,1303,689,1011,1290,1201,1294,902,1432,641,174,586,773,1233,985,1807,599
484,1470,1274,835,1415,1280,1087,133,1566,335,1370,1546,186,266,1805,253,748,1091,1720,1430,1736,218
871,1706,1804,1365,1441,1470,1188,243,1088,255,94,93,327,656,1716,366,1696,341,1564,1295,872,1505
1830,1752,83,1284,1236,990,927,1648,1741,1426,1216,1237,126,276,642,1712,1575,1208,1859,1447,920,845
1076,235,1298,1182,1297,913,842,1296,1041,1132,288,1476,1547,825,475,1566,298,91,496,1338,1689,190
1566,1276,1741,632,930,194,1798,535,1585,1305,1274,156,25,1454,1332,434,864,1840,179,97,645,1009
1183,9,506,1289,1852,1160,1817,1091,1292,990,1190,645,939,27,768,1088,862,223,679,640,197,713
70,146,1356,1640,1307,1189,481,1277,972,27,1752,596,1289,17,1191,1322,145,1566,686,192,1294,1741
1290,1340,653,120,1566,1223,984,1303,1028,989,1058,74,1296,158,282,463,990,70,656,310,1648,877
496,656,418,725,244,1840,1009,1127,13,478,234,1648,799,1432,1038,85,147,170,1041,1288,1585,1851
27,92,151,716,1321,859,1470,23,669,992,1752,234,1278,1076,998,1835,1276,598,255,1279,588,1138
49,1329,621,156,1811,1192,847,1388,202,374,1306,98,1490,257,155,1074,292,785,1336,1210,1173,855
929,1811,1265,484,1150,1305,912,23,598,1712,1019,283,1076,1116,478,1279,1284,1780,1277,294,866,1293
1648,943,1303,288,92,990,523,1552,1271,1145,641,1566,1292,1287,1426,223,1832,87,117,1182,470,1305
1639,1418,902,478,1041,198,1307,1280,60,1306,1819,596,585,573,1585,1166,1745,154,835,1300,152,1741
1804,1108,74,1228,1302,768,290,904,95,1349,1294,23,201,165,266,520,1279,494,778,596,345,1485
1564,501,596,281,71,1423,476,1133,1300,1360,857,1277,617,891,1781,271,24,445,1220,1783,1621,989
421,126,926,232,630,272,656,945,1097,1304,1296,1798,497,669,1842,1224,1518,103,908,857,890,1374
1296,236,901,774,1545,77,383,1430,931,128,1064,1088,1847,902,481,1374,1792,1732,1251,27,69,175
1426,1546,1688,23,549,1291,1230,411,760,1157,27,1300,74,25,917,1596,603,581,132,897,201,1279
204,320,915,77,645,937,1314,1288,154,966,306,918,713,1828,1232,913,1277,117,259,1573,1269,1819
265,3,316,1748,1030,990,270,1852,1303,1789,275,1565,253,632,272,1648,122,1222,1057,70,82,300
855,1476,956,1811,292,114,1305,918,256,1780,989,990,1223,1299,1290,1295,69,429,308,1819,1170,1274
849,483,1696,1173,279,1585,767,151,1611,1074,99,915,185,227,12,370,392,856,1498,1318,1276,222
278,291,1648,1233,146,600,1564,273,1445,1294,370,1148,1725,1817,77,919,462,890,105,656,1032,188
1682,1086,1181,1467,279,1696,1213,1462,1305,69,304,1345,1780,434,713,1267,141,1343,65,1547,1294,1266
1789,1294,1034,154,561,1547,1164,1285,70,1839,911,1212,1770,908,1684,1819,1282,640,1655,1292,222,121
503,1319,1290,105,1041,608,856,1821,999,577,1306,1280,768,613,571,137,1839,992,1693,1275,1566,1192
263,1744,176,635,960,265,903,1199,1373,1360,402,984,1584,581,1374,827,1011,562,1801,1300,74,120
997,1768,169,32,1780,117,1374,134,296,1476,1281,645,596,950,1550,644,1306,105,1714,1297,53,940
1781,307,220,1445,23,223,176,1399,1819,1134,1745,1249,1564,1306,1426,1297,1168,1145,285,123,1288,1292
1817,1309,1125,1078,1729,1638,340,642,1301,419,523,1584,903,63,1208,779,199,1265,1778,917,1721,1564
377,181,27,1230,113,1030,444,1088,1296,399,1332,172,1550,1009,1434,621,581,1115,1809,1295,1432,1566
1819,257,990,296,159,1061,744,430,274,1511,176,596,1306,192,644,1447,1470,1763,1063,1840,136,627
955,645,1228,950,403,737,1112,633,104,176,1084,1216,1191,287,1839,507,114,140,855,150,20,357
223,128,1294,889,806,821,1026,435,1100,1299,990,1139,273,1013,822,1804,740,745,74,1566,257,104
1303,1804,1752,1280,262,1490,611,1266,704,682,445,1776,1432,370,1296,1281,1780,177,1700,1305,284,1088
1303,97,1051,1030,1830,12,24,588,1125,535,126,658,1285,1545,188,142,221,1250,488,636,6,1566
1180,810,194,990,1289,336,1156,641,636,1524,901,1780,494,1294,24,1009,1302,127,740,80,1841,1371
1844,80,1534,1276,1160,1555,478,1026,125,1129,1564,148,122,1659,1292,1374,286,902,1141,257,1307,1188
267,1151,1768,1863,1303,490,1419,1547,806,579,470,435,1278,944,284,909,1128,113,1838,1648,1613,890
687,549,641,1159,1287,149,1678,275,1804,950,25,1728,58,136,74,1648,1741,1615,1306,1416,1224,1853
236,645,1074,1044,980,1839,603,901,1277,521,1566,1564,238,1768,1278,23,1051,129,766,966,1374,944
27,917,1340,133,1682,1161,180,1648,990,197,213,1333,216,1819,1470,1607,1490,1289,1612,877,70,1306
1099,80,62,39,573,152,1290,1305,257,719,157,990,100,1199,1240,581,189,666,1282,1303,1476,855
1349,86,1007,447,1280,1752,12,295,181,1355,459,131,603,1804,741,1053,1675,939,1211,1289,1409,69
221,989,975,1040,309,504,1,277,173,273,1680,1202,1106,1095,1771,286,458,1303,235,285,910,296
1296,957,776,1550,210,907,1198,1534,1484,1289,1555,1683,80,1294,1303,1292,23,517,840,1280,1374,1674
1282,1290,163,448,674,645,931,1275,1086,1379,22,849,306,1182,915,1578,1005,1079,1035,514,1736,1278
91,1660,1005,65,1289,197,1303,1684,225,1538,1057,656,493,240,1741,641,973,1349,253,990,596,144
890,729,1026,1776,1280,1040,167,832,433,95,1801,907,1048,735,1301,253,1276,1307,1247,911,1579,939
713,1276,1356,146,1510,193,721,1279,301,1303,1549,1093,1778,559,175,142,453,417,735,952,1566,191
245,1741,1491,393,990,70,1290,279,103,753,757,645,25,1118,1778,1304,101,1497,907,1356,1704,1169
990,1741,444,623,274,80,484,1218,1145,1167,1566,642,1490,70,1303,1074,1855,51,893,452,1804,236
1539,1278,1776,1076,146,1648,580,1034,1417,754,639,1305,784,138,1533,917,1703,924,1030,1352,189,643
961,1711,1306,186,12,1555,1447,656,1819,415,1536,178,992,695,1417,1072,1279,1103,1804,307,309,194
75,88,1836,746,639,913,86,90,1289,1734,645,1272,7,1099,696,1767,997,636,1271,1276,503,1839
51,1683,862,1084,1805,134,597,1009,100,847,1294,121,1621,645,1298,445,1279,833,651,588,1136,869
333,980,87,1780,1601,1517,1854,1303,61,804,175,285,91,335,855,1293,1470,615,987,579,1070,254
1290,1277,1164,213,506,433,292,429,1743,1278,223,1154,1804,1392,1270,656,623,1811,495,128,79,1306
1706,1294,572,1145,994,1197,641,243,1086,752,1719,1268,645,1780,148,244,116,1566,181,1841,1305,940
1145,1305,1306,651,748,1224,1582,1064,1555,1282,951,430,345,1209,717,128,1843,1223,1284,1476,1472,100
176,49,918,1804,863,1280,1372,229,1268,1188,754,1106,1014,272,1086,134,1103,1648,193,308,937,915
1778,955,478,1021,403,780,1154,1163,1856,1305,292,919,1550,1108,451,1123,18,1712,907,1469,677,253
864,312,721,374,1172,794,1490,277,220,1689,1679,417,289,457,160,1064,656,913,267,134,1302,1807
1778,687,989,108,165,809,564,425,12,1839,845,921,755,763,1547,1708,307,781,459,1304,1182,1002
1770,1306,1084,858,661,264,989,1049,234,975,499,305,185,22,1804,484,1229,377,509,1217,265,949
1534,96,1093,548,67,403,1240,1215,1306,639,953,1844,1510,1544,193,573,1136,150,37,557,1554,1467
1585,894,846,1677,658,737,129,1182,1830,1533,3,965,1430,374,1591,645,275,1234,1472,855,1689,296
990,85,694,933,1294,1804,88,856,716,1752,1611,872,1553,1658,568,1267,430,382,908,1191,791,128
889,1085,645,79,1088,1732,1469,934,1752,179,1603,411,468,1114,203,296,976,202,259,1036,1844,981
1084,1304,656,1199,1566,1356,1291,870,1778,1059,1160,523,233,1542,914,49,993,1432,1095,1266,1126,1306
990,190,902,1778,185,890,1291,1303,1279,1320,221,364,27,1083,1357,1347,24,220,148,997,152,1152
1566,70,306,1592,1780,1093,1005,1302,1847,1250,183,1307,255,1015,858,1211,277,1182,1615,1732,166,1158
1501,27,147,1235,1741,1566,1432,1106,1374,1278,890,622,1038,990,1309,88,587,1288,1426,76,1289,1676
116,1748,91,806,516,239,77,217,156,1648,1581,1542,1296,730,1844,837,699,1780,915,1251,1789,1294
1049,1344,135,1566,259,1204,1613,290,1101,893,1249,1199,176,494,1294,877,1281,461,426,748,1804,626
669,139,1555,1533,88,1648,1481,1712,1301,86,1307,605,285,1817,639,75,768,1489,1129,792,1406,1564
1035,1401,123,692,406,1190,94,1712,1472,1168,915,3,645,1580,982,507,190,1817,55,889,1584,478
303,399,872,152,233,1279,1752,1455,217,1305,587,25,139,267,821,1741,1008,1292,459,917,1853,1266
1651,807,872,946,1168,79,1491,1140,201,1555,953,1838,1277,152,913,1290,327,1704,91,77,1291,1692
753,140,43,1294,1264,1266,1298,1490,1741,175,1116,1120,1566,144,1648,1297,1542,1699,497,1302,1550,1469
962,1777,12,1843,310,1842,921,1306,78,728,290,738,295,286,319,721,640,1470,1299,1132,1374,1199
1745,198,86,1303,578,990,159,170,215,1187,648,1807,723,1741,112,1689,863,1230,1564,641,1648,519
1248,1712,1678,1294,596,1228,1206,288,1281,215,1146,179,93,697,1199,848,192,694,1770,1276,92,1815
1305,1302,1542,942,105,1265,1546,859,833,723,1296,1432,527,258,1105,234,507,1804,875,106,1163,1139
1783,330,1298,953,425,1288,305,481,264,151,479,31,12,1189,1338,91,549,1769,1553,235,294,1216
26,319,175,927,596,970,514,1329,271,1671,1002,25,18,1626,1745,1283,178,1303,1566,62,1145,1785
1301,596,95,1430,1155,133,1303,246,276,89,1514,1183,194,70,1086,1289,1355,1230,1030,1242,325,1821
25,1071,489,1112,917,270,1374,1706,1700,1198,739,1301,588,1147,110,1305,254,1752,1183,701,1672,1280
1838,845,1705,1307,1052,961,253,862,94,1383,303,603,1415,93,245,1303,76,490,494,293,549,495
535,1316,186,1547,1280,1289,1415,1004,921,1712,596,229,1845,656,153,1096,274,772,1249,1566,307,620
430,937,268,1510,70,1380,990,1230,1304,1289,194,1336,12,407,175,141,1791,1804,1704,1374,714,1561
135,383,642,1470,1640,1218,1781,1290,1307,1284,174,1221,1280,358,46,1492,656,1811,1524,192,943,1306
641,1183,79,617,150,379,175,139,1409,274,1265,320,1032,493,656,855,901,1301,199,97,559,108
1853,26,1291,990,989,588,1176,697,541,1032,194,1294,636,1688,645,1276,847,1644,1432,27,1648,1780
1305,374,1804,290,1741,1275,220,16,75,596,588,445,1783,478,1272,266,12,669,1277,260,179,1736
287,1557,53,74,27,1182,176,268,220,1238,1016,1689,1299,1323,1564,1374,990,1783,1526,1276,509,1470
1859,1225,100,1277,935,430,466,27,1280,645,992,1775,1320,1662,1287,7,1469,1419,1417,244,491,903
279,833,253,1555,640,1415,106,1279,488,270,713,151,312,475,244,1112,223,554,1158,563,68,246
221,989,607,1226,1277,792,1752,1843,806,1100,708,74,1326,660,510,379,91,1760,1338,478,1333,137
966,759,1461,177,223,1721,990,478,411,1076,257,559,1159,219,579,1123,1301,178,1284,1585,1085,261
203,354,188,1094,1808,445,193,499,1712,1000,77,1016,1805,286,1830,197,1490,247,256,478,1303,1564
1276,1190,885,1415,1318,1284,459,1226,1658,70,185,1012,1087,208,27,1718,597,1289,3,244,623,1150
1276,749,176,1566,254,752,1545,760,640,764,1604,172,99,1752,83,256,1490,781,223,1295,872,642
813,1084,185,1296,917,901,687,1769,132,1367,535,845,1112,596,1715,204,82,77,1648,621,1432,645
980,75,645,64,1093,1824,1279,912,1735,644,1583,415,1240,1555,1699,302,1511,1014,1409,659,1441,647
268,1752,589,117,955,1648,1314,95,1094,645,1500,1018,1741,1613,1546,828,1800,697,1702,531,374,1021
1289,1839,127,74,281,1412,524,1353,1732,1648,498,923,513,1693,193,1777,1166,123,1529,1305,1294,320
1676,74,316,1204,855,581,1136,137,640,1041,631,478,1842,1811,909,596,144,287,1426,136,1648,863
1299,656,285,1182,95,245,1245,1382,1752,937,1040,802,23,1067,1076,1285,680,1804,1165,640,1746,100
277,643,1635,1041,531,266,1230,1830,1838,1648,475,73,890,981,1049,376,197,85,138,1149,1804,1234
1491,1580,1757,1171,1555,1279,1776,274,1088,199,1154,1780,190,1016,244,167,1734,1502,433,1125,1731,139
1549,1285,1324,1798,640,1528,440,1399,1109,1804,485,1281,320,12,133,1301,1776,671,1307,1483,1279,179
279,186,1547,1490,769,1824,1,24,1306,1290,822,1598,353,1374,174,640,968,1195,1265,1498,305,27
1472,1783,1706,640,114,1824,305,1466,709,862,1298,843,137,1158,1354,1469,151,90,1555,1778,1228,241
285,1811,76,302,257,1243,1149,1188,165,928,265,1297,1097,870,1284,1839,1305,1819,990,1162,1469,1310
122,1086,1097,1019,259,12,142,724,9,1145,641,1816,155,1804,1111,95,297,1467,1028,194,70,337
576,193,1741,1819,695,656,1307,9,1737,550,430,825,294,1017,1347,1700,733,1847,1260,181,106,1805
1415,1303,1053,983,412,80,1038,223,1272,919,478,756,1525,1007,981,445,1280,1279,1423,1256,1853,1847
253,1403,1034,190,1426,93,244,1585,855,1229,1289,770,235,407,1064,544,1674,1021,1440,1306,579,766
134,1776,152,1648,281,1290,636,1291,92,1564,644,1432,1284,1752,1805,478,96,1828,1078,1260,65,189
1426,656,1299,943,1304,1013,1694,1307,415,58,139,991,152,70,1780,1289,440,84,592,1648,363,1095
192,1123,204,194,640,1068,1074,1249,1188,1374,866,1666,558,1096,1457,1695,872,726,724,915,373,191
70,90,274,1819,1805,1780,219,656,1555,301,1533,151,983,324,1741,658,1129,1320,322,1542,357,918
669,702,1248,712,1276,1360,1307,1618,811,1426,1295,1025,243,178,611,1249,1454,154,602,259,1741,995
1432,1312,1028,1293,1837,855,596,1819,98,1255,1136,70,966,179,1600,848,1280,598,1426,1839,1564,499
642,77,286,989,1305,849,928,990,1076,1489,74,1418,293,921,175,645,128,64,319,139,173,1374
1613,1279,1181,821,990,1408,1183,1092,991,403,120,79,374,152,521,99,1839,878,357,669,1300,93
240,724,1294,267,147,865,1147,1041,1233,783,1303,1372,1555,603,77,528,262,1741,801,507,1492,1371
70,156,652,1297,561,1270,478,291,1513,911,1292,61,1675,222,1012,22,1613,827,1026,1432,1844,1544
1811,79,93,1291,958,326,514,499,1516,1805,1170,645,1305,87,1585,55,1781,166,1326,1555,1242,1819
1277,137,1225,945,1780,466,1279,1580,1536,27,144,944,1323,914,811,1781,656,377,257,1566,93,602
244,174,1041,331,268,820,23,1168,1243,152,180,570,588,233,79,502,291,990,760,816,911,1811
598,781,1295,78,1841,93,1564,1374,895,750,656,736,903,386,1780,924,244,90,25,1307,176,1712
1160,645,62,1649,1291,1426,920,768,856,1648,813,297,1028,1293,309,148,1273,1307,540,134,1802,272
1292,779,117,1801,1181,1248,1132,1783,1811,1564,1295,759,1294,1576,260,913,93,1329,1289,1563,543,1051
1041,1859,1141,1467,363,451,485,1284,1448,64,805,388,508,1324,978,254,1276,1145,106,289,1074,574
533,188,1290,1017,764,1291,119,1036,101,1807,27,745,1374,457,1555,314,1562,1093,1640,1296,1530,25
1555,1639,76,1009,256,1242,692,859,264,1374,461,913,1305,1294,1289,1130,1336,490,951,1303,1777,1276
1804,95,1152,845,1321,221,25,290,1774,640,1297,1426,716,275,953,767,1769,1276,641,646,685,70
1648,697,75,1183,876,1242,1287,105,79,112,929,1106,266,863,710,1156,93,1290,371,526,833,1668
1169,303,121,113,1741,848,1282,1851,596,642,1280,786,1730,1752,1778,950,137,1720,908,374,1305,515
1732,25,153,163,491,1711,307,1566,1076,829,1084,1293,1722,908,219,1618,19,279,1712,640,737,989
1300,990,500,134,1427,642,1303,1299,845,1709,1774,1297,305,862,857,722,1260,268,224,1528,1540,286
1405,1244,714,912,1804,1689,680,829,1302,117,27,1279,256,142,1566,1811,56,651,734,1107,293,1318
403,1296,1284,254,501,59,1326,1498,99,1686,1452,128,772,1472,1614,1160,440,1302,1853,265,100,1076
656,128,273,610,1852,925,177,1802,1658,1688,1097,1289,1320,1669,691,25,33,1374,1534,142,116,1648
146,1741,766,1791,1051,180,475,1778,586,1295,1804,1239,1752,27,992,1517,1847,748,1674,286,911,380
74,968,1018,83,1701,133,1305,1076,128,798,1301,1795,1720,1182,11,1555,1432,1228,1830,598,23,308
1276,272,1145,1374,255,478,588,234,1677,889,1104,1168,1290,1564,576,1648,279,876,267,1680,1777,1268
1090,1414,61,1581,573,1780,574,1585,1136,1228,1690,474,1182,728,990,789,1279,864,754,1307,1789,1792
1289,376,1294,640,990,306,671,435,886,748,186,310,1819,70,1388,268,1853,133,103,779,221,1297
1712,1278,1257,1327,1127,69,1279,41,1266,355,261,528,105,1291,1074,1011,1732,1305,1277,535,1718,1759
1496,80,1305,989,1289,245,806,1521,1246,84,1839,1292,1280,639,859,1168,913,296,878,308,1575,1602
733,1030,1566,1277,373,348,1648,872,141,890,1374,1327,594,1632,178,640,554,270,74,1448,222,1276
1804,1199,855,18,983,1300,1237,636,1518,94,1293,1617,1549,1062,1034,253,552,156,229,1026,655,1553
291,151,302,278,1307,917,1183,1034,1294,274,1284,1286,768,510,1306,934,1778,165,1130,1555,1209,175
573,1336,1592,1347,773,149,1374,290,912,112,1238,138,1166,1799,1246,1555,1340,309,1256,1819,1756,127
1290,1426,41,139,1305,216,1811,1306,1286,1215,1302,1748,1073,1276,27,1042,25,24,1138,907,1236,914
1215,264,1708,747,74,388,1320,990,1084,1216,1298,89,1204,907,1276,156,1229,972,1007,936,1203,1778
532,1804,1426,267,70,1074,1076,147,1029,1121,890,228,1280,1241,598,1067,1778,1409,1288,904,914,1677
1029,293,257,1290,629,376,918,258,914,1110,1805,1838,69,115,1383,1366,950,1105,716,268,1426,955
572,1293,911,1301,1257,123,1132,623,221,65,312,1181,1157,1778,3,1070,234,24,837,1292,990,330
269,268,1782,1094,1307,1302,978,1291,213,1243,86,1629,1727,228,1470,393,1009,898,1042,232,510,696
1132,1250,181,1564,1736,459,135,936,947,1223,1449,1684,1845,767,640,392,29,1773,99,1305,233,777
279,859,171,1176,1576,269,626,484,7,976,137,596,897,1279,166,943,341,1648,138,544,1277,148
171,1432,1173,1566,253,123,1374,784,221,1844,1490,1783,1795,1284,577,1288,1309,278,721,664,361,488
94,1295,911,973,1307,285,749,694,303,1818,186,1303,27,1722,1841,1051,1012,1016,898,195,1292,656
737,165,902,967,1296,882,1151,1264,210,1275,1277,1819,325,1301,136,642,1804,962,259,1436,192,1432
509,1279,221,1082,1224,875,39,1138,274,445,1742,296,1294,286,1349,306,990,1592,459,1335,269,1648
1294,1106,1470,641,185,1205,524,951,997,880,292,1105,1018,335,1305,234,69,1648,1764,1284,1188,1398
1648,74,552,1151,73,164,521,1586,1303,1276,193,1216,90,1016,990,26,64,302,1302,478,305,1432
1352,53,1798,260,177,914,253,1266,989,151,1041,1106,450,1470,1301,1840,1228,845,1677,280,217,1146
1183,1595,238,1769,1279,1284,1058,1858,1741,577,620,1155,1242,1110,186,1025,134,1034,920,81,1722,822
1263,1267,1616,519,1305,1741,1217,1566,1396,269,1144,1279,1048,749,901,1752,945,1290,1009,1657,1817,104
645,1585,289,1819,1088,1296,1807,379,1305,216,1811,902,1804,890,1741,1566,1713,322,636,1234,357,65
512,1374,623,1348,283,117,1298,1296,867,1585,863,476,1490,1276,486,989,540,537,987,1648,848,279
23,1657,235,202,1467,1258,2,855,1276,968,1294,6,1277,1489,273,989,622,289,1205,574,34,270
268,1289,953,1668,507,1732,755,1182,1286,1191,671,151,27,915,445,1804,1294,626,1851,1106,277,1662
1307,747,1231,63,212,1744,274,989,1285,1752,1282,77,139,950,126,902,1036,1049,520,1432,1374,1168
1305,811,499,185,603,1817,223,1558,961,903,282,862,465,194,1421,915,1268,1206,162,927,290,1687
7,990,1374,1780,1007,907,105,146,507,553,56,114,184,1819,1621,1216,185,87,156,829,1333,493
1294,1007,65,1222,1182,974,1268,1767,661,160,1034,1675,920,1296,641,1373,1220,151,1854,1765,855,1013
70,296,1539,1177,1296,242,857,1837,1034,150,1217,955,146,782,972,1290,157,1648,411,789,1266,1145
1586,282,1340,166,1145,1839,1282,1306,290,1595,1774,1830,1690,1274,878,134,151,911,46,981,1288,695
1214,707,1566,586,1445,918,1331,1228,608,674,13,102,1811,1332,592,1125,1754,1536,879,856,262,1108
588,573,1676,915,1278,217,325,1281,1292,189,202,855,1498,645,1183,148,834,642,1160,1721,1304,1745
366,499,307,1585,113,126,1417,1276,1223,1042,917,136,1721,1266,1306,192,902,1157,1332,1257,1841,955
907,1307,290,1607,1374,303,1197,478,70,1711,492,101,319,1298,490,657,524,971,266,1117,1757,307
29,1257,58,294,1282,1292,267,1277,1003,1145,1584,243,640,395,214,1031,907,598,194,135,1301,552
1693,511,1289,1353,1074,1215,454,1298,494,860,1799,890,348,1261,989,1711,185,186,163,1181,1415,187
1280,1229,478,641,144,484,989,371,1270,1276,490,1564,390,297,1291,459,258,994,1691,912,92,1231
1053,1300,1291,1188,1289,1164,21,644,1488,457,889,1408,1441,1008,132,305,273,1068,12,1009,1105,246
1136,1781,1302,934,1290,1104,1292,1021,1676,645,1279,1719,182,1804,989,1249,1005,434,244,512,913,1648
1432,1510,94,713,1034,530,1840,1648,1290,503,1301,596,135,1280,1804,1837,1550,1113,1689,131,756,1294
1302,939,1773,261,656,977,112,113,279,855,1307,1470,985,23,147,640,1745,1214,506,1280,1117,643
512,1305,1002,204,374,1778,1232,568,1137,95,18,1851,1300,1804,1821,266,295,430,596,506,1307,706
1288,1306,639,734,1434,716,1373,819,893,1621,749,301,940,189,1282,302,1546,1165,1804,1164,1280,1172
92,572,1574,1781,823,159,162,1276,598,1247,1314,488,1268,990,363,594,1848,770,108,1469,287,683
603,88,938,101,1830,777,875,418,272,70,293,1216,547,1032,206,1648,1280,1242,1839,1584,504,490
1432,78,1170,1547,1781,1780,244,1266,1285,110,1275,1811,596,858,984,1294,387,486,997,1804,494,459
1168,475,275,93,1284,14,1538,1349,74,1280,1295,1544,219,1681,1409,1783,1836,1291,293,1026,1464,1293
1304,1555,1089,377,985,23,642,1201,1303,1317,1445,1291,1290,1768,961,713,1077,347,307,640,282,1426
1306,1847,1295,848,199,1852,156,907,1183,1250,1836,1405,257,640,981,106,92,1257,879,1807,1289,79
1276,21,1246,879,1154,1834,235,1145,1304,1511,78,459,1760,1156,686,848,70,1252,1157,94,474,1191
1369,1276,70,68,1712,902,308,890,91,1051,1086,1729,100,1655,1263,1223,1444,75,192,24,155,743
1490,1290,1289,1281,1019,1778,74,1546,1299,136,260,1276,982,1298,1159,645,1353,120,1348,1741,1341,3
98,1299,731,1276,1317,954,1260,257,1295,150,989,651,990,1741,984,204,1457,1836,489,1216,659,1537
622,302,1166,491,570,1415,1406,1855,1783,28,1442,1660,20,357,1840,105,1279,1192,1291,1234,71,1290
1505,259,1490,855,1257,121,1648,763,1293,1548,1296,1713,1028,289,1279,194,1263,687,1441,1776,63,93
645,610,1568,1595,478,1805,980,909,78,684,253,366,412,568,1691,1284,606,74,508,878,474,265
520,164,1302,1277,363,1770,1741,295,1155,1182,1000,1093,287,1314,1648,357,1294,656,1743,1722,250,1804
1595,902,7,1804,1229,1426,1082,144,1334,279,1737,93,115,326,161,1741,1224,1585,16,1266,1851,1472
1223,1564,1353,220,253,1774,74,457,133,1006,179,174,1116,415,1305,157,918,335,917,1266,1292,1303
1372,1247,1051,1306,919,294,1390,1288,855,138,713,1229,433,280,1167,1546,279,1004,504,1276,662,1076
1355,1076,1163,1555,268,265,1784,1563,37,1566,248,826,478,131,1305,1839,1778,99,763,945,1221,1275
395,992,1016,1554,1826,158,1648,907,1029,1780,1182,3,564,223,1778,25,1752,658,956,1121,1188,697
693,133,945,916,461,354,717,181,1731,1801,404,1276,796,913,1843,70,1134,279,1555,581,1298,1819
1157,249,1640,478,1061,23,1374,99,1333,1838,1304,1238,1161,1752,1248,377,1306,178,1188,1711,1276,28
645,1777,330,1281,1182,1730,990,151,478,920,721,260,308,1068,1493,1362,845,914,1648,971,1000,266
1294,641,1500,261,178,312,147,833,328,775,1289,788,1845,1544,1248,1426,525,1802,1761,1295,1783,170
669,990,1846,1276,1254,1210,1780,1613,589,1783,292,1727,1648,1083,180,873,1332,725,77,947,1564,126
640,1305,11,619,919,1432,559,833,1726,1584,1278,1026,730,596,1741,113,1297,1250,1280,99,478,1752
1076,1329,374,639,1290,921,244,912,1566,1798,1279,647,1082,897,745,1502,1759,570,1704,1585,1304,1307
1747,1487,1338,1289,981,1683,1354,1168,367,901,1555,1657,478,989,648,581,430,992,178,921,234,1455
903,1694,973,1165,129,73,748,1372,1291,1843,137,1089,378,182,70,47,1115,1190,444,294,656,918
636,1566,670,921,1722,1287,174,343,1193,1067,1377,1585,264,310,648,141,1301,269,95,803,452,301
1153,126,282,1257,1491,1438,504,1304,1294,1566,393,1683,1507,82,1710,1282,994,101,1807,579,656,1475
445,278,53,197,27,969,79,1128,1183,294,1177,1291,476,1305,1357,390,246,262,1337,104,1221,1675
18,1154,51,1294,1301,1158,1368,1032,1293,1389,1585,1648,1302,1819,302,476,1091,235,901,1778,152,1770
596,74,39,1719,1019,399,1234,114,102,994,757,270,309,1327,1836,1280,1780,1289,1166,928,665,697
913,819,596,64,687,702,1276,1426,337,75,1289,1374,155,1294,768,1282,1295,538,197,76,279,644
967,1290,860,911,253,1215,290,434,1284,680,508,652,771,179,148,111,3,847,456,1689,1174,12
1291,579,1648,168,1305,1293,155,1790,907,1566,1774,914,297,1695,893,1811,1844,136,253,272,596,98
1229,1294,138,658,666,312,315,379,1427,1185,1775,1752,1284,1804,105,1778,370,1538,29,1129,1558,645
1016,1084,1821,1130,256,1165,1293,1781,645,1776,1372,440,535,478,289,1269,246,1104,1472,914,598,1169
1128,1342,809,823,1669,27,1603,992,282,1545,23,642,1544,1467,232,1050,1266,1689,919,1276,1776,779
1304,252,1290,833,1741,656,1471,1417,1197,192,921,1272,181,70,407,1230,1305,1278,1732,1411,990,1125
145,766,1271,264,93,1034,1802,1215,71,913,1761,393,439,1347,74,890,1278,1739,1811,572,1217,1051
1809,1780,914,129,18,1217,805,1804,921,945,25,1292,282,999,1551,1302,598,1234,1726,1294,1123,1156
233,126,302,1305,1781,1722,80,945,641,973,1181,1752,1294,1623,1509,165,53,27,1279,937,445,1106
1088,452,1840,1570,1330,1780,1183,1804,305,1289,1731,1752,100,382,641,1682,510,694,27,25,1192,1585
98,459,1546,220,1844,725,740,229,1306,980,1087,1323,12,1289,1426,1362,669,142,194,1669,289,887
478,141,134,1547,1284,92,1298,1285,1180,1280,1198,1855,1780,83,976,1387,79,80,126,95,1276,165
263,698,1555,1088,607,152,1078,910,656,250,655,1351,1036,132,1741,1306,1703,1828,1305,1137,155,116
186,1780,1284,1260,907,653,1811,221,1553,1804,70,106,1303,1292,1686,1225,1777,506,100,1286,193,164
1284,1669,94,850,1290,144,1738,58,65,389,1684,157,857,112,1800,914,101,1398,100,138,1612,1299
251,882,1293,603,1128,1589,1744,639,1731,254,610,1292,989,152,508,1298,1279,95,220,1468,1290,1583
89,847,1073,190,557,1741,176,288,740,271,1297,193,642,1456,547,273,1106,23,1518,385,1648,96
1296,1265,908,1305,1781,1285,683,727,925,75,138,1278,256,1701,1690,493,1566,27,766,1546,1128,1500
1290,1343,1303,1279,1026,920,27,1183,498,291,1674,1432,1306,806,1073,1304,220,164,161,269,296,194
1132,277,1566,1128,285,1066,284,1294,862,571,692,1711,610,452,767,290,1321,1776,214,1199,759,976
1289,1801,1267,990,221,642,1426,1732,325,857,540,1097,261,934,1554,1776,552,277,855,197,276,192
1702,1700,1158,178,1106,308,695,347,1026,1566,1844,93,1621,146,94,1290,903,1266,1545,1372,16,1301
1842,147,1307,206,374,1268,29,377,691,911,491,1048,1123,1373,946,1126,74,1838,1305,1146,920,552
1432,702,1780,939,1140,148,800,1062,1233,7,1737,643,296,1503,65,151,1068,1137,268,655,995,1323
1472,1432,1222,1741,1613,119,596,686,1817,108,1307,358,645,849,1306,1648,478,43,695,990,6,663
568,713,151,754,918,1048,278,1235,1781,60,92,621,1216,1591,926,1284,1305,201,1851,1441,907,1547
745,1409,278,636,61,624,729,588,1298,555,1035,1285,1106,1144,1842,1295,1732,987,1009,1773,1489,1551
1040,1648,1096,382,1192,958,1282,1611,1741,1183,936,1280,1744,1309,740,256,752,847,279,1676,1555,92
596,1544,156,343,548,1276,1306,1289,295,773,1732,274,856,1748,1184,1712,572,855,12,1304,309,90
1015,439,1260,1089,1343,1728,302,1295,1146,894,1648,580,1279,1388,1145,1130,641,14,1426,900,478,1340
1585,1008,643,1302,857,13,284,1376,1274,1356,1076,1490,1028,105,1732,1783,178,222,1819,911,914,1566
1780,306,194,180,583,1298,1494,1638,656,1295,1374,445,1197,1665,917,70,974,1855,1680,202,129,823
275,1041,1267,307,733,1497,1302,919,1306,1661,478,938,1817,1299,881,1040,917,1123,1585,1328,640,23
444,581,536,1361,1303,1839,1074,1694,67,268,1125,909,1851,70,1281,234,1739,1806,990,1852,1280,975
1566,1741,1041,1589,128,1342,1804,1265,257,131,64,1294,1418,1284,273,855,473,1732,1266,1157,129,499
1233,70,640,597,277,51,1817,1291,945,1298,890,1279,1240,200,1041,1172,1076,1711,1306,105,1138,274
354,264,1415,1343,1648,776,1811,1305,272,635,1130,1237,1295,430,1182,258,1609,962,749,1077,1737,479
1123,125,210,1305,1432,1585,302,1741,1426,1307,309,1017,444,1294,1163,285,997,1029,1418,1066,1574,196
285,1360,478,953,283,1165,45,1383,284,12,1306,146,510,1804,966,76,265,1057,1276,1822,219,356
1426,1284,990,1696,321,1759,137,95,299,91,476,148,126,245,275,308,89,325,1126,1289,777,35
1306,1149,310,1356,1470,1278,1852,121,573,1145,1305,63,52,111,798,978,1294,910,968,1628,1839,150
1374,689,1369,374,478,97,1301,1145,367,1294,1307,1752,656,1215,139,201,448,1432,588,1819,1780,1648
1070,1296,156,1595,1676,1279,221,909,453,973,1700,1761,138,1110,1278,297,692,694,197,189,1304,1640
1183,1074,1326,1563,1282,545,885,1067,714,1246,1280,1229,104,184,1303,140,1564,707,193,1804,188,256
1259,727,138,1182,641,1231,1756,1329,1005,1783,1367,209,569,1840,165,156,1097,220,261,1113,1158,1134
1648,1711,1524,1167,325,1343,1301,798,131,919,1498,1174,1288,253,643,990,149,1165,176,119,158,279
105,794,934,778,1301,1697,78,509,506,1112,1128,589,1778,1304,309,148,1152,307,116,1564,616,58
17,808,1009,221,590,1182,78,260,1215,70,265,1763,1207,405,1074,1811,289,730,833,1851,1294,343
999,91,1299,911,186,808,1301,1182,1297,75,148,1783,1585,1280,1296,278,326,606,635,1397,984,1226
1085,1846,990,147,226,1294,336,1855,939,220,1276,1546,1245,1182,1073,478,1374,1533,94,1301,1191,149
123,669,96,1294,1694,838,340,178,95,177,60,942,806,321,1173,1697,1279,1278,137,1855,185,911
156,275,95,1555,68,760,1780,302,1088,748,639,1426,1558,1079,1585,838,369,615,293,1150,1696,1521
1300,1839,1321,1034,954,1610,929,275,98,1604,1457,1845,1819,1648,867,987,89,1841,709,590,1280,908
280,1276,1036,1842,1426,37,656,1503,784,253,1751,703,1679,260,1301,286,148,1240,919,4,244,1484
1136,1277,1555,908,1648,411,950,1700,1118,1732,275,1669,140,1332,219,1337,1137,1362,531,1532,1641,124
1291,1278,168,440,1306,1083,192,23,985,1781,459,926,1760,1688,157,89,1128,209,1804,445,1776,1641
69,1545,1804,1780,320,1289,123,1187,478,21,70,1266,193,141,221,259,1659,1783,725,1711,530,1774
266,1304,1822,134,774,248,1817,473,1201,1550,273,1789,1112,811,195,1348,33,915,1357,1161,948,1216
921,1732,291,1279,1326,1747,757,268,1432,1062,1498,706,70,907,393,1094,1811,1644,58,104,216,540
1278,417,137,1817,1063,1012,279,70,954,1242,209,1566,176,1281,1300,494,1323,1564,1282,1853,1279,1294
697,1145,1270,1347,257,1234,915,1722,79,281,198,285,1817,430,134,882,302,1675,1276,197,1287,643
989,1245,1566,1534,579,65,134,542,677,1489,57,1280,1839,745,1207,1472,186,1285,244,1613,1426,1374
1277,641,1340,793,1210,1608,1708,148,743,1440,178,225,772,1585,1749,450,1835,1144,716,165,956,186
322,1504,1804,1210,220,1260,1049,1459,1247,1136,281,197,67,319,1299,979,1188,911,1752,1805,984,1016
715,648,113,1716,1182,254,1659,1299,1289,862,987,105,630,1223,953,645,1277,641,1034,1298,1145,1259
128,1289,1651,1726,296,990,1566,573,70,1298,1282,1284,1293,1679,1137,654,4,1320,1855,913,1130,523
1300,1778,1294,989,940,80,1284,1258,890,914,810,374,1185,1018,1307,490,478,1293,1135,215,253,1696
1441,1585,911,1058,288,1294,1164,1472,1215,1630,87,1775,766,48,1378,1236,1276,1289,459,990,978,867
60,468,1300,1741,1450,138,1294,239,890,302,478,91,137,590,1295,382,173,155,1086,1182,1819,1094
179,254,244,266,644,257,256,1781,1780,1125,1756,750,148,1289,1793,94,1253,745,1335,1292,1035,975
1294,697,1220,1770,1374,412,811,1682,1756,656,1305,134,26,272,1256,1547,83,430,1432,1320,990,723
452,826,137,1306,253,1780,789,1704,1302,1289,27,1024,943,1145,1811,1281,1294,1165,50,1613,1292,645
1839,1712,1086,123,1296,1281,197,1101,1306,1303,1013,1282,1845,1125,885,1280,1392,497,27,1562,1778,911
856,44,915,1362,291,1303,1093,121,908,146,1521,1298,1778,1299,73,476,1290,1120,1277,363,478,1374
474,782,1721,1451,1085,756,1032,1272,850,1727,1175,185,1842,1776,800,1262,1722,416,3,1276,1674,1374
1718,141,918,781,80,1586,1752,1150,760,1267,123,1819,700,100,1307,138,1781,845,151,939,1736,1293
1290,1741,1297,248,197,165,773,1618,1659,1685,27,1303,1839,759,990,699,531,176,983,103,1840,625
308,1145,23,102,138,269,1842,809,1712,1291,1732,639,185,854,1094,259,1741,56,1199,754,381,305
1290,69,989,92,74,236,281,1748,1041,676,1696,1556,1239,506,1545,259,245,1289,1584,855,189,1076
963,1817,1296,292,1036,642,1307,244,1648,1374,1302,1289,908,1177,1839,996,1277,1402,1216,1264,1333,902
1835,806,200,114,175,1648,707,602,1191,1312,990,1555,1267,70,120,1294,1306,1305,219,121,947,157
175,1260,58,490,1640,1550,910,784,900,380,202,76,308,1804,1052,1279,27,990,1491,645,728,481
1298,1523,1742,180,142,686,1804,1015,806,895,258,907,137,290,838,1566,93,1294,1224,1690,275,808
1289,1259,265,1305,1199,855,1682,190,272,1032,25,1304,1776,1113,374,1291,1280,1550,1012,1566,1711,510
1150,944,155,1272,1175,1144,914,1447,385,478,1229,766,1655,1418,1566,700,116,1472,1550,79,1777,1729
1546,23,1307,1076,1188,186,1503,1195,641,87,1564,60,103,444,1250,1354,1302,855,952,1748,1292,1863
1752,1813,596,197,1690,382,1307,598,1281,1616,1737,1677,295,1770,268,1280,74,711,627,623,129,1819
243,162,138,1145,261,1748,1091,1340,1752,220,1301,478,307,1677,1175,1435,953,252,96,717,950,503
175,285,1141,1696,129,679,1274,1377,1276,1741,583,686,1718,1808,155,1129,1566,1778,1591,1346,1648,1307
1748,1320,990,639,1061,1303,1834,989,167,61,1819,1182,106,1068,374,259,1086,138,146,221,1830,305
167,195,91,1299,1307,1285,1084,293,1598,1682,1122,748,963,70,1830,1093,245,641,954,857,189,990
286,305,256,1266,36,181,1238,1032,632,179,185,1817,1306,1278,890,1301,1281,253,1849,1289,82,1034
430,27,720,194,1743,3,954,1298,1289,23,1367,1058,186,128,234,1550,1776,1040,754,596,1689,965
632,256,1012,1199,674,1843,907,1706,74,1842,1841,914,192,1051,583,70,1353,1175,1837,616,1278,265
992,63,1564,499,374,1566,912,685,1280,1689,1028,219,178,1279,286,1295,1784,244,103,127,713,1777
1026,1559,1821,1183,1029,990,194,1426,622,163,1744,1850,1168,153,70,1125,596,89,814,254,69,1112
777,1566,540,1297,150,1564,256,1741,1830,1678,596,1289,23,363,1773,478,1108,1589,133,225,876,621
635,161,1306,260,501,1585,97,1564,39,890,194,128,727,904,499,284,1280,1833,1101,1282,1383,150
1648,87,754,138,105,936,1669,782,913,1847,1304,1028,27,1780,918,890,142,129,70,1013,1055,1282
134,128,269,745,885,1250,1280,286,656,1555,1182,1584,1840,1276,367,1087,569,312,914,275,49,1302
149,222,166,1095,1286,748,1470,308,99,1284,1299,540,1302,1778,669,1205,1094,247,1831,694,501,645
1014,566,1835,234,990,917,1547,309,1731,166,91,1282,306,1289,24,695,1561,1096,1827,1566,374,8
1279,1426,23,1281,1162,1307,311,1298,905,1544,1817,1223,1305,770,65,1584,1799,100,70,801,1224,76
151,499,990,70,1067,185,1282,1354,1028,1742,1223,1316,1741,1110,568,83,1258,607,1290,1018,194,63
1167,1153,1524,1811,1176,303,1022,1744,316,1560,187,379,1678,1024,913,27,855,176,1770,177,201,785
1307,39,1032,307,201,132,1648,862,1129,1199,422,1056,1162,1780,1469,1160,1304,1059,203,1221,83,694
1800,1026,686,1753,1458,1374,181,955,1118,583,1424,309,1555,1040,136,990,1293,1848,1444,137,1257,89
917,1134,1084,1804,1188,1300,549,1305,722,112,273,18,1550,1544,1009,811,1389,1230,712,24,1292,1276
1076,1712,255,1294,1817,1183,292,1307,1674,1520,1583,1841,1339,1296,1195,924,1585,1097,188,902,599,135
478,918,459,1303,1418,501,1627,1805,16,290,307,112,1151,1780,1328,452,1798,855,12,1266,1306,1741
1656,24,1279,920,1300,1106,80,1023,1555,177,1352,967,1229,1830,1336,1040,529,1451,1178,1294,1028,1551
1677,1130,220,1780,1776,1306,258,598,134,656,1301,1128,1542,1303,73,68,1007,268,132,194,1595,1276
696,184,990,1546,1752,1830,1284,1721,1807,589,1640,901,478,1303,922,955,1319,1632,1774,93,1585,1161
108,640,240,1000,1679,357,1770,1654,1376,1247,1114,1837,533,1366,348,1047,659,1072,1295,402,677,1426
1284,1266,1086,290,12,212,267,855,552,1274,475,494,491,814,983,197,1093,346,550,1078,669,1669
108,918,1804,466,1069,1266,177,997,279,172,640,755,1830,100,950,1432,1819,1199,1821,823,1248,1302
1653,1290,1166,696,691,1280,1160,478,55,833,1790,943,1273,1805,581,58,681,1844,1041,914,918,767
645,1297,1546,640,1437,1564,1335,1840,597,146,258,1343,128,179,24,253,1851,325,1254,1792,1303,531
1303,1102,1291,1839,1581,1294,1248,990,1565,1305,1564,694,1667,382,637,766,1783,1721,19,695,1804,890
1680,915,1239,1741,1278,251,1444,645,529,195,1470,1028,103,1847,1804,306,1372,1304,89,478,656,70
1778,56,1769,152,1719,498,1301,1689,1545,1307,128,382,1043,253,1271,70,1574,1185,579,1741,151,283
813,1839,70,1168,645,123,165,1300,220,279,1811,914,1123,713,1717,243,253,1547,855,304,907,242
1721,1689,253,1278,306,1233,1293,186,841,1217,1228,212,32,1839,1176,740,1084,94,1426,1301,1413,1110
1276,1727,159,669,93,908,1279,1732,1161,47,1636,70,1411,1711,256,1306,695,1585,1728,188,1848,261
204,1299,74,144,490,1807,643,424,86,1294,682,978,1861,1492,1041,614,1303,1051,640,1298,1776,1564
1830,303,411,990,1490,355,975,183,280,1158,374,407,1297,1585,694,1673,378,1458,1372,86,148,1576
603,131,1052,1704,1278,1280,995,908,1296,1301,408,1288,1819,1294,1374,821,1680,412,294,1298,70,767
1010,1298,460,1233,1153,1289,1294,1281,1027,374,1374,1752,1278,1788,55,146,1804,641,548,656,1741,1360
1735,464,511,1284,126,273,184,776,177,459,863,1817,1701,908,358,1374,1299,99,1093,1417,1243,568
1783,1281,490,280,1306,857,1087,1695,1125,545,1494,99,1303,1852,166,194,140,497,902,1165,697,415
286,302,723,1729,1804,1105,84,1498,743,1591,1441,1216,1534,1124,235,1354,256,880,548,1674,210,440
1203,713,1322,1049,1175,1483,1491,588,1604,1775,27,548,644,1388,974,1700,270,901,12,1130,147,1217
517,1157,1469,119,1764,1256,1365,94,1742,374,1613,1104,402,1580,1306,1409,1844,928,1294,1285,1270,1566
1249,1426,729,123,1306,683,890,1068,262,246,834,1062,23,125,1313,1678,1058,1849,645,1105,79,220
374,909,1303,903,219,280,1642,1487,1524,1301,1276,694,1716,128,1073,1287,1175,907,1305,1095,1498,1332
405,740,46,1307,334,152,745,699,1472,105,907,1290,219,540,1817,272,1091,1364,1844,382,917,847
263,498,1279,235,17,1276,160,642,255,1533,1432,393,90,779,768,713,699,1692,1648,149,1445,1839
1208,1151,1109,491,374,280,890,1607,539,856,821,244,87,909,1783,1545,1145,1688,1290,1343,415,1216
1426,1432,833,1306,1112,1282,1490,775,68,660,1281,552,855,3,449,883,24,845,586,1249,165,869
440,672,1084,516,90,1282,1280,275,1306,99,279,323,1711,1752,1383,568,1802,1229,272,1346,1074,1128
357,1279,264,1230,1648,1199,1072,677,279,914,406,1298,490,281,219,1778,1797,1612,1752,1146,1305,909
954,1757,1279,1209,177,253,258,66,1806,102,1648,145,1566,805,430,112,656,1247,1245,170,1165,309
913,1565,1071,374,145,1011,1022,1811,297,180,70,325,1052,1487,349,445,990,1028,87,1295,1863,1426
875,1648,857,1288,1490,1470,1566,182,1299,255,1294,856,1819,1604,1572,890,1606,895,178,1804,1375,162
475,476,1113,890,1263,1171,184,306,1475,1305,697,1272,1658,786,291,321,1154,268,784,1040,989,1836
1276,697,73,1303,1564,862,1776,320,855,1291,603,132,165,292,956,1026,1640,1780,579,918,1265,1139
1303,903,1036,212,1132,145,1289,1295,1188,100,101,1276,1292,304,1544,1216,1650,740,800,1279,1256,1305
1302,1026,257,1498,1301,1136,645,674,951,1011,1806,1842,527,229,1712,1074,76,269,709,689,151,70
984,1778,126,780,1648,1093,438,305,1292,1276,826,1294,1518,70,1343,639,1197,1859,80,1171,139,989
152,108,478,100,1286,1819,69,1415,1303,1305,623,855,1551,70,174,383,1182,41,117,1128,1086,1741
165,279,1306,1566,1534,233,1555,411,1305,1778,321,91,166,193,978,1258,1780,1277,69,178,1206,1695
1703,1298,73,259,1201,1269,688,1787,1762,71,445,156,1549,645,1203,270,1584,1677,1280,918,1084,297
615,498,1539,534,122,1306,1595,135,950,67,1811,1432,96,1752,1284,1374,1846,917,1500,1298,1778,88
222,771,553,919,834,382,1060,1680,188,1305,499,271,282,1147,1741,711,930,157,1209,968,990,1241
1168,1282,900,272,1731,1279,1721,309,291,312,159,1183,31,1289,563,495,1292,55,212,1290,138,126
1279,1291,855,192,1304,1810,656,1441,136,155,190,100,769,1245,61,1128,1161,1306,1417,579,953,1013
74,1041,614,1360,1829,1191,990,1624,1556,1309,1849,1575,1660,1804,243,363,260,641,1566,1157,531,57
101,623,254,855,462,1215,945,1842,1265,77,1373,1648,478,716,784,25,1778,186,1843,1817,1805,1295
242,1656,1585,270,891,731,1062,1524,1836,74,1182,1811,1550,990,133,1037,951,475,202,192,1566,99
1839,1781,274,1585,1226,721,1294,1277,1307,1861,919,1783,1780,175,1243,258,606,602,1036,166,603,1235
1305,639,146,1076,1270,1225,644,864,1339,234,1824,1566,1311,990,1276,554,135,1808,286,274,624,1284
1781,1744,1014,62,1040,133,966,1357,1299,268,1655,782,247,1584,2,70,1067,1276,1409,1373,92,1804
281,27,1249,1296,478,1129,1045,1302,188,1744,185,103,1298,216,377,1037,135,1457,1808,1289,1352,1180
1096,909,717,1292,1362,74,845,1307,3,1051,1297,1477,1727,53,989,1305,1799,1220,1178,185,1694,1240
271,1018,304,1490,200,74,1585,1307,140,1844,836,175,1669,839,1216,1237,1537,1285,125,1300,224,88
128,890,1011,1285,1280,1208,1819,1294,1030,455,168,908,1108,1298,1009,909,185,799,1817,1224,1013,219
1778,1272,410,1811,908,1752,686,239,1147,1440,1276,749,970,170,1744,195,25,217,296,1645,1321,253
1695,132,656,6,173,1374,1711,531,126,1426,1770,112,1741,12,790,139,1285,1103,1488,955,1331,779
1294,251,1303,1052,1498,1084,592,137,198,1115,808,918,1297,1542,93,1585,1776,1578,380,990,1811,134
1038,888,783,1182,284,1304,1250,1741,569,1138,1040,1488,971,326,234,1432,704,1503,1285,1032,255,1088
1783,1230,197,274,1088,1061,1276,450,120,1648,1710,148,91,230,773,232,990,1613,77,272,207,651
1604,478,669,1158,257,656,1290,1276,235,588,1118,855,27,1798,381,577,83,1051,700,249,1491,228
1285,137,90,1282,1432,1699,1161,309,297,37,1651,681,219,1781,641,203,1112,694,120,1712,1030,1278
207,358,88,1041,1172,659,1407,1289,1817,282,273,646,1701,643,1547,1648,176,907,1242,164,618,185
1613,1591,296,1046,88,1294,1804,642,1426,1585,1555,27,1293,1648,657,29,1491,574,840,78,315,1304
913,1585,452,1289,1566,135,78,547,1277,263,1492,1294,1291,978,1787,1701,1154,851,1615,691,513,1266
1776,778,1194,166,1472,740,908,1843,984,1304,74,1695,1499,86,1147,1372,277,942,1642,1542,76,1289
27,1325,681,411,28,166,245,64,1846,86,1740,1839,1294,231,1415,1490,535,1811,1306,202,284,1097
1442,268,99,1613,1575,754,1595,909,254,1839,1547,644,423,990,640,74,1224,1804,377,1585,292,998
1545,48,39,509,1804,157,1314,289,1304,1432,793,1862,487,303,1728,1709,702,138,1279,915,1366,261
192,1285,4,1566,862,296,1620,256,1752,1531,1301,1432,5,1851,1288,1536,1842,640,1674,641,990,1277
490,1126,1303,100,1074,1307,1226,1030,304,1225,1537,320,665,661,113,1266,1711,1271,1550,1015,1145,731
1165,1247,1118,1769,990,1052,1824,220,1265,25,778,1415,669,1166,1400,178,1648,270,1285,1781,955,1249
1328,234,1805,855,139,27,1648,374,270,1012,1780,530,1339,1278,1082,289,253,1306,126,55,1280,496
128,1183,265,1636,1767,1300,1333,945,1264,759,302,148,801,890,1276,812,293,1852,1131,810,1585,574
1215,470,1534,138,640,1279,503,102,823,1781,290,459,1426,1769,95,148,1432,1026,19,1374,694,952
411,1109,684,990,176,1548,919,347,1354,1160,1304,1783,1277,100,177,235,1853,1068,1849,1851,921,402
898,889,855,1686,1445,645,245,910,1071,1776,195,875,1064,745,277,74,1091,999,1289,598,1278,1225
268,373,1731,1007,683,1463,1073,170,509,1777,1294,259,1704,1074,570,1589,1056,1227,175,307,1298,914
26,847,1781,1240,540,1291,909,25,1821,1088,574,312,647,1040,1076,87,133,1182,1627,478,1120,219
1731,1153,190,1155,1235,7,1830,875,1292,176,335,1815,1781,656,26,303,1702,1759,1161,642,781,305
1307,1799,24,1648,1294,1472,950,294,122,1845,1306,1300,1426,1500,1293,126,265,1136,623,811,856,946
167,665,1584,847,1291,392,1028,1123,495,274,1153,1839,642,140,1403,981,1691,1116,1051,1190,670,70
170,303,235,238,1102,1552,1781,133,602,1285,1839,78,268,509,69,184,1306,1076,86,507,1207,1291
1751,266,224,478,106,424,499,1426,58,1183,937,648,243,1305,1298,1132,1243,1732,1118,1176,133,186
1288,989,645,945,1722,50,1752,804,901,374,1741,202,301,185,950,623,917,1285,598,1260,1195,981
74,407,1093,27,1472,518,1329,178,1596,588,667,926,1841,614,377,92,127,1454,1278,1195,1430,1728
1406,1374,995,254,636,1305,459,1271,1288,1182,1116,826,1110,290,495,1303,1426,83,684,1132,89,1436
1481,1215,1250,656,1736,1710,1644,1830,1818,1477,131,1257,1801,834,116,1291,129,1266,1213,73,1303,103
65,1309,93,489,104,1817,1067,1220,306,1285,819,305,1648,94,581,134,1182,148,399,1303,1839,658
1846,1528,200,275,1282,1228,1018,1547,1260,1388,1104,220,399,1780,1400,474,989,71,1156,889,235,1071
688,1040,1293,188,219,132,1426,1013,1299,1662,1651,1292,1150,469,695,244,1123,603,1374,1191,1538,826
1680,1804,120,1206,1774,24,990,148,70,855,484,303,915,1401,23,669,1500,1822,1769,79,1426,923
1274,722,1285,1676,1454,1307,1260,1522,294,885,1769,297,1294,1741,1368,81,1145,1251,177,793,1403,1648
1079,1160,1188,1776,1685,189,1693,1659,1700,1285,1811,412,918,1306,1125,1147,946,1472,643,101,176,445
1836,1291,74,1247,1726,643,1304,642,1470,1780,90,246,1787,27,253,23,214,477,1034,201,1817,224
1759,1013,934,397,70,268,701,1093,1028,1289,1214,1208,277,1169,395,1278,919,132,1176,1011,911,917
1104,266,956,1426,598,223,1052,1564,74,1687,399,246,644,856,1249,70,147,1063,1276,1293,1108,123
1658,990,1293,1290,192,1303,221,139,246,1023,1259,1721,643,155,494,586,302,256,639,1426,538,1648
1625,1798,411,695,185,700,598,1619,380,243,894,863,950,1305,1281,1770,1752,86,901,1689,459,990
1406,23,507,190,61,1780,24,1538,1365,1240,268,285,990,486,596,245,309,1303,914,1285,531,1267
320,588,1741,259,1258,642,1642,337,1285,165,863,181,749,297,101,644,1263,1212,1594,990,1547,1472
265,1819,811,1034,1820,1087,71,749,112,549,1296,621,1200,703,1699,865,201,1629,1678,1648,881,1073
1823,74,1276,194,217,1058,86,181,114,1302,701,286,912,1648,244,1127,1547,278,1099,429,609,1844
126,1079,69,93,267,112,1742,1811,1182,1181,242,286,1558,1287,1265,945,574,1579,513,78,320,1426
197,1094,714,1188,27,1242,70,1818,1327,680,854,1597,1757,285,233,1182,1018,1727,1288,1547,1303,1648
199,1566,1817,1147,1295,1648,1669,1017,1306,264,133,90,855,78,1284,1441,147,475,1757,1741,1752,1706
1305,1026,745,1566,55,23,307,857,234,146,1266,907,1598,431,1426,80,185,279,70,1339,1297,91
1741,1290,1164,270,192,315,1304,12,27,1029,989,1113,543,1557,1272,1305,908,1591,981,133,1489,359
178,1092,990,234,1163,92,471,418,235,1297,8,1164,1129,1031,270,1216,49,1708,1387,1182,1268,126
646,405,1294,469,1303,194,445,596,1677,1292,1017,768,186,1616,1585,28,1069,91,380,1222,145,1278
254,302,837,188,822,1038,265,664,1425,771,1690,1073,1195,909,66,757,178,1732,30,1278,1804,943
1552,1268,1544,544,1284,96,1182,1015,459,1681,644,640,958,1301,1836,1436,1584,494,123,95,915,1183
1145,1223,815,101,1099,1306,1854,1012,1778,279,308,1285,1249,1374,1752,872,1648,1036,1840,1304,1320,1590
106,1080,1606,1268,857,91,603,1741,121,22,1811,1142,1547,1804,714,856,1778,837,1564,1202,1552,1284
1298,1299,279,1501,1285,555,950,908,1068,1149,990,1093,1589,1281,23,1724,1580,903,1145,1290,1278,465
855,419,1847,1374,1296,93,1566,579,705,221,1811,170,1703,985,1817,1564,4,1274,572,148,1280,1150
1350,1290,377,175,1566,1741,1222,1639,994,664,779,1285,331,1279,1648,124,596,452,489,1844,950,1778
1169,1374,151,768,290,1297,1744,1339,495,1145,1163,689,1191,545,963,1276,1311,419,641,685,1484,1192
1076,1648,1300,989,1490,1646,1538,399,1266,596,927,1145,488,1306,1276,1836,141,1559,990,195,1404,1712
1294,1285,509,1493,9,1534,299,1666,264,204,1279,74,1805,24,297,1129,1778,1741,1106,548,268,761
478,1841,484,1519,745,1217,190,268,374,94,1426,713,179,1294,1752,70,1306,1555,1266,346,365,917
802,1833,271,573,1457,1229,929,606,459,909,1288,74,460,304,1173,1304,412,167,1258,1313,144,1811
1246,754,23,25,1669,641,192,170,136,1555,1687,1530,915,950,644,1070,1319,572,91,1374,333,519
49,1301,1289,1841,713,128,1604,924,1842,1680,1278,94,1534,1547,322,1280,606,478,921,152,550,4
1648,1215,1266,258,1830,1268,265,1284,1547,990,1804,1265,1307,1389,62,325,855,930,83,51,76,1845
292,1563,656,70,918,1600,990,1017,214,1265,1585,1191,466,1387,1276,103,1841,1076,1350,1373,51,698
478,1304,474,1426,1306,268,138,1851,960,1492,669,772,987,176,946,1093,1731,1841,1371,1732,1284,1276
4,253,280,367,1611,260,644,1026,1182,833,645,70,1654,1235,151,807,1770,1048,1087,1292,894,1778
1700,1300,1625,984,429,832,213,1783,382,889,1237,486,69,1228,1289,1558,1024,1711,1304,325,562,1547
1804,1681,1341,478,939,823,1776,1298,1182,404,166,1293,185,651,662,236,80,1732,176,294,1302,1359
1282,806,1276,959,280,911,1780,1284,860,273,1162,1291,797,1307,26,990,1301,1852,645,1605,1432,1286
707,1251,1112,1780,149,464,190,508,24,89,779,1374,1486,918,1306,150,1748,322,64,533,1605,583
478,1300,801,535,150,875,1432,255,628,147,1489,890,1560,1488,1470,957,194,1284,417,1374,239,632
1501,965,563,983,1563,294,822,1426,1778,488,1598,1245,95,126,27,1378,1711,1299,153,806,1182,1167
914,23,1824,1741,1272,213,845,1770,1374,582,1021,1721,1585,1566,1183,990,909,201,865,1587,1830,634
1752,752,57,1759,1789,1741,285,680,294,1084,1014,177,1290,579,253,1699,1770,1279,434,1361,890,228
1783,264,730,1118,177,166,253,506,108,1773,1250,562,202,1112,1839,1051,1811,1585,290,1127,1182,87
903,1851,95,596,141,1279,459,494,1242,641,1041,606,1271,144,120,123,294,1348,935,1783,1306,912
1822,114,1123,1861,1555,1315,1374,1424,913,1568,1178,874,1350,1215,262,990,1426,1276,1034,252,306,549
1230,524,959,700,1564,1281,129,701,764,189,1297,1804,1121,1005,1206,263,460,201,296,1783,1690,246
89,1056,273,1584,212,630,669,73,1302,1116,253,243,685,1778,952,281,1432,235,1747,554,593,890
1839,844,1240,1277,245,1249,1544,583,302,890,1182,1302,1780,901,1778,596,990,533,1555,806,1349,70
1090,1853,823,1276,1585,498,221,1830,74,544,1773,157,86,1223,189,457,6,1301,1282,1564,275,1019
1534,472,1281,170,1263,914,1791,1216,548,1525,1821,285,1566,70,1279,749,187,907,545,1529,1301,750
999,1157,908,1691,1491,470,308,1256,74,890,1593,1181,145,248,55,997,253,596,1817,296,817,452
1585,74,27,811,478,1804,1216,104,1490,293,1426,212,1807,1778,1295,823,1237,1706,1069,1138,1266,1359
950,340,1566,1711,1128,825,1305,294,1276,302,286,374,1106,1033,145,1306,1252,747,21,74,1026,1303
1301,655,653,1811,1501,1717,995,768,219,163,1564,1341,604,1199,129,1643,127,272,1648,475,1546,1222
510,982,146,93,70,273,1215,280,1302,1087,85,1470,1068,1837,621,1141,1732,908,914,1682,1300,1166
1293,1053,1504,1279,307,976,1436,1432,434,1607,1545,13,194,1294,714,1156,1716,812,1574,1282,1757,74
312,808,1290,1076,1296,190,907,402,485,1232,1817,1280,152,1785,122,754,62,1545,1804,74,114,1172
201,1265,1018,1294,1712,266,988,410,1086,745,913,268,112,84,79,855,450,912,177,1761,934,23
1155,1161,1269,1232,1811,268,775,501,1040,902,149,177,27,1217,1703,1163,1731,136,849,890,1780,776
1547,93,440,1779,1726,1291,1811,137,69,1183,1160,1201,1016,1817,1294,1426,177,1805,990,257,1230,480
902,176,287,1790,323,1809,1103,1303,108,1284,139,1296,1135,1019,1538,282,1294,1347,1276,1374,1547,1285
1569,903,1085,1426,1564,1303,1084,1680,290,890,170,1301,1333,1307,1409,472,623,656,88,1733,1552,1176
157,465,1732,1089,826,1658,1304,1290,1648,1041,145,838,1302,290,1830,856,1546,1036,1118,1778,293,1294
1224,78,700,267,1199,1281,25,76,193,1838,1426,1306,1472,1778,1198,1087,1291,655,643,1602,1847,1012
1657,1752,596,23,1303,197,984,1566,989,1244,1347,728,268,1092,70,78,279,1284,308,1282,266,1754
1302,50,641,1275,1497,1640,1596,1246,654,186,1689,289,507,810,1564,1041,942,1305,1101,1294,685,175
697,1036,146,1811,928,416,1566,275,1129,1292,510,1093,545,1280,1776,607,1090,272,1052,461,1470,1830
1555,251,192,163,1188,1132,1585,194,1026,1041,1611,872,193,907,890,839,1805,309,467,273,1013,1804
298,615,1642,69,1853,392,136,1433,1305,1843,1230,1182,1215,1147,1018,1566,1279,1303,598,1372,4,1105
1294,1277,1840,129,978,55,894,1230,297,190,1659,1697,1289,1839,836,1676,358,1011,253,1188,1301,1810
162,574,194,70,74,253,890,87,645,669,1076,1741,9,627,1228,917,179,1761,1144,1555,1845,1757
831,998,982,1302,1035,1294,1488,1566,1298,1741,1819,411,1693,1467,478,307,1487,1752,953,70,795,1648
478,117,1416,833,1470,155,981,1260,1204,1303,108,1490,1264,389,1846,1158,885,126,1138,458,874,921
356,181,363,193,1284,1759,220,139,1804,1292,4,506,111,596,1158,1566,1012,267,1182,1293,956,1019
1279,1741,1648,1547,15,181,126,1544,889,990,1846,1227,244,139,1816,1191,1076,1441,123,1299,1182,967
1280,1804,1852,1374,1022,1068,1811,428,1459,1430,358,1297,1760,1286,1182,1778,1658,301,645,919,1299,1568
1692,562,1751,1236,1712,303,1224,1732,1272,1342,76,763,1703,70,1062,1284,1426,1265,1704,889,165,1306
1627,1843,1285,1811,1648,172,669,1752,1374,1804,193,1105,1585,970,1037,1290,1094,1749,1278,253,23,296
76,383,572,286,1837,157,131,1230,1282,914,1732,1761,297,750,1215,918,1585,126,1298,901,1065,259
193,335,133,1780,1708,918,1008,1694,1491,392,1216,181,589,207,294,21,1076,1648,669,1472,1547,925
253,1303,920,70,264,1606,1324,1305,134,193,1076,25,121,1280,1584,106,331,1342,596,598,1374,147
1230,1279,3,1304,505,1847,820,341,1281,138,1293,152,290,1690,1280,1145,1546,1168,1780,1302,644,1821
428,943,77,105,1230,1759,268,86,1257,1074,1241,322,1295,642,23,1657,1647,1432,914,1272,1199,789
1618,1507,1832,1306,596,1290,1276,1564,694,1824,1726,877,65,1682,1217,25,1076,1278,1187,1131,1307,581
360,1564,198,1018,266,1690,1016,1041,1088,915,105,997,644,1290,25,66,1343,1145,181,427,1405,106
192,1305,1589,1084,104,1076,1067,1648,977,619,1357,1304,1093,685,315,1303,1855,770,1235,1819,890,476
1183,1309,1534,441,1655,890,1669,1257,1303,1169,138,1585,92,1093,557,1064,1294,412,856,1518,77,1071
146,1121,402,1181,644,606,1060,819,174,1778,1432,285,478,918,1281,29,294,710,1648,535,865,1267
1784,808,309,935,1145,478,246,997,1120,62,479,1263,784,1648,1855,1154,135,1218,274,944,1292,1168
1476,290,1488,185,207,1266,1289,1069,1224,1702,579,934,1700,785,1028,1585,875,245,74,1291,1086,1440
1706,1285,1123,1426,213,990,315,49,270,1304,1303,1242,1136,114,1282,192,71,1454,1140,1702,697,284
63,296,855,28,1028,108,503,642,1253,1282,1298,1776,1182,1061,1008,1497,1352,120,953,257,1612,246
1778,290,1277,310,74,1661,70,1795,807,282,642,1291,1536,783,1839,459,1360,1165,1076,427,1303,1289
411,72,1804,1233,70,1276,266,179,1291,1157,63,1307,1613,1264,918,97,499,1306,260,1052,74,1303
645,1711,483,1681,990,279,916,1374,192,1258,1288,73,326,267,1802,1294,152,1009,1076,1597,244,531
1692,233,1026,325,228,1415,1303,1291,1780,88,193,1254,989,1277,1084,587,823,914,656,133,1704,185
1749,1279,1307,138,890,369,1277,990,272,70,1106,1145,931,94,665,908,93,956,1182,12,1555,262
70,1432,1290,916,1574,690,993,1276,151,113,103,1561,27,1306,804,1176,257,777,1279,1693,198,1215
596,1307,395,294,501,1704,281,1276,383,1294,1433,1438,1300,1778,267,1566,1448,45,467,12,146,533
1093,1432,484,536,1063,1372,246,1547,55,129,1566,1338,1026,1714,495,1160,105,1112,51,486,1182,1040
1146,952,510,1091,1182,1780,700,407,1360,1074,320,1109,1285,1277,1276,739,254,1273,1027,1040,1726,74
1147,1276,1711,545,193,990,696,287,645,1242,1536,571,909,870,181,1590,1128,1182,1778,74,1069,1192
1648,1017,1293,271,687,175,167,854,1302,1161,1306,1102,253,96,1613,1163,487,1811,1741,1712,106,272
1207,1356,264,478,1350,25,1741,181,1053,1285,839,22,1019,1625,1445,1752,1169,1585,1138,974,85,1643
1840,1659,1362,1293,867,1071,289,141,1060,1554,806,617,1651,308,678,25,1702,1546,903,1722,167,79
481,1672,1290,1664,645,1470,1409,691,1049,156,694,309,1294,105,1763,382,865,1303,1842,992,1047,1699
1566,1248,896,1804,1076,1357,1228,284,1230,201,1307,1266,440,968,1289,1246,1703,202,1382,291,1840,51
897,491,1441,188,764,902,1637,1631,407,1741,1720,1521,725,73,1774,641,1607,374,889,1789,382,1484
1836,296,1749,862,1338,123,1080,201,1012,596,77,309,1276,445,1041,1026,1517,1293,374,415,1534,1183
1175,1706,1030,1754,1280,1302,1289,1303,1314,867,1056,1095,1277,1182,972,1841,1660,1305,1534,990,264,645
641,1220,632,1298,70,1300,889,1016,1184,1295,1280,1293,1176,1296,581,720,621,1051,596,1297,1374,1301
1039,79,1298,1127,1300,1527,1563,596,1648,355,686,1123,273,914,170,1307,136,1838,829,303,376,926
1294,303,361,1417,857,1289,1146,1305,527,1518,688,1231,407,587,1534,535,1307,990,919,1564,183,1041
1295,894,1550,99,12,123,1406,1683,290,96,536,1297,917,1839,833,150,1226,49,1298,1184,893,1461
1298,779,192,1279,656,1839,115,1266,1174,1073,297,70,190,691,241,1301,286,417,302,1819,1708,1294
1648,253,152,1476,1767,1125,262,290,898,307,1297,1165,320,385,895,1113,1582,284,99,51,201,700
823,915,1816,268,346,96,1294,548,749,1005,193,79,100,1367,1360,1648,1790,1856,1130,244,643,1305
1011,192,469,1596,1664,1239,1741,989,123,984,1123,126,1672,686,286,981,990,691,1685,1051,465,1648
1051,1372,1534,1290,1387,843,1839,527,254,233,1780,1189,285,1585,1277,320,1303,1819,1455,1776,989,1566
1849,1117,1547,1284,784,876,257,1417,153,943,1340,1191,1741,485,1555,1782,985,285,221,1584,1486,1852
562,1533,643,203,862,1028,87,376,748,952,764,1120,1706,156,294,270,645,920,282,9,1016,1432
1558,1789,1463,1018,1849,185,889,1300,279,669,1276,910,1632,632,644,1282,150,193,1284,1687,27,956
1306,985,1411,1191,795,1252,94,930,478,1288,1564,1290,527,23,1721,1366,88,755,548,1044,78,286
51,1426,262,76,1289,133,79,1169,55,1432,596,169,1697,990,1085,1797,835,1278,1303,1842,713,37
548,1088,1648,636,823,1073,690,1091,1263,1287,1145,88,1529,645,1034,1276,1130,532,219,866,452,855
1237,1343,1296,955,1307,1558,155,1013,833,1045,74,194,587,1330,1240,1285,1092,58,610,1018,1011,1566
610,1547,1302,1040,913,1296,1232,112,873,750,767,1072,1841,1545,294,1541,149,579,251,20,1074,4
944,1444,1648,557,919,1306,1295,267,1711,1732,960,1279,1307,1523,65,1034,277,1270,1569,774,897,1639
1162,1550,1294,1363,823,540,27,1076,383,1792,1839,1282,1617,128,229,1534,1182,120,990,1669,1289,74
907,1094,1648,1182,545,147,1752,1561,1374,610,1292,645,1305,894,642,1291,1426,1290,1484,1032,920,1306
642,452,223,749,1202,993,909,991,25,863,1551,1265,1564,901,1268,1550,1534,1566,752,1385,383,1041
1441,98,989,478,1599,1304,220,917,1564,1730,1281,71,122,1233,1374,1694,12,399,1489,95,885,1132
544,1752,1277,1145,1153,151,773,1564,1109,1426,586,1202,1648,462,1539,1846,1092,1218,888,1677,282,1547
53,1022,89,265,1036,409,1000,989,908,1711,1432,65,64,1548,478,1165,1841,541,1246,1172,656,303
1307,70,145,35,1778,1546,69,1284,639,1314,212,167,823,984,491,1732,296,541,377,245,750,1811
1291,1691,11,1703,293,1779,1648,1534,1257,1302,152,200,939,1176,1787,875,1274,588,1783,77,1497,1329
1296,1076,848,1041,1340,96,704,148,1635,1677,1277,1679,645,1238,855,934,256,70,259,1675,1289,1778
1302,4,790,8,1181,1741,1718,967,25,67,1278,12,681,912,434,1257,953,1206,1294,1276,825,1139
1105,1528,750,1804,116,1279,1306,1566,990,1778,1018,92,919,1029,640,86,1415,568,1225,1648,1285,1811
934,562,1712,163,990,1844,152,1125,86,70,1490,296,1296,1284,940,1176,1266,133,1374,772,1040,1275
1432,891,75,112,1761,1226,1134,1297,1488,1136,1415,1060,923,644,1082,1116,274,643,1722,1547,1778,244
1695,1502,779,1524,1172,1534,773,1426,1041,845,548,458,1804,1233,1123,1298,1837,1025,398,478,1182,1294
1307,1149,1294,144,319,1844,798,972,1061,914,639,1716,889,1278,142,439,374,1029,82,858,406,1290
598,1011,335,642,1155,1012,1841,1566,1625,1305,144,1276,262,1313,137,1804,1164,1711,121,917,1617,114
645,162,1094,220,270,1150,1585,1804,1154,443,1303,70,137,1547,1306,296,520,308,898,1066,1839,1741
237,1329,1247,267,1228,1294,1212,907,194,643,49,1036,304,335,1346,1780,1274,1064,1368,596,1182,1028
1145,1817,990,1673,1118,272,253,406,1768,83,730,973,1743,259,1722,548,645,1219,621,178,1065,1691
1030,809,990,1290,641,452,312,1299,74,383,170,1776,645,146,1778,1566,1574,1638,1073,1752,1686,1820
1172,1555,155,1278,937,601,23,1594,1055,1303,199,1261,856,1260,156,264,1276,1306,24,1003,1552,1518
474,1564,89,433,811,1811,1648,656,1238,596,224,201,151,178,1304,185,25,571,1841,235,1148,880
253,1051,233,1702,716,908,568,1753,629,1295,800,475,55,62,967,287,78,1537,1226,1384,1306,1829
848,1432,545,1112,1295,973,1183,931,1280,1082,1289,303,71,949,99,1681,1811,907,259,1145,779,465
1265,1590,1821,1288,989,1374,1489,1759,1802,872,1061,692,335,60,548,914,1666,1205,273,1094,728,197
310,596,709,913,859,1839,619,138,255,710,1610,908,1299,1303,1741,203,1703,104,406,498,806,1167
855,1307,1298,989,1281,1108,1230,1804,914,489,645,990,960,340,993,1249,1263,140,257,220,596,687
25,621,194,1193,1091,1589,1049,1290,1851,1301,193,1584,1307,1489,188,182,408,1699,1047,1026,1295,1100
1842,1278,1264,136,954,1105,1263,70,1204,1298,4,1303,812,1452,1289,1210,1695,1276,1697,237,1488,23
131,520,833,1288,74,951,1566,548,566,1280,1292,157,296,1299,719,1741,1304,1142,1397,1502,990,1247
575,642,540,639,1775,134,624,973,1566,1304,1583,179,253,1076,1752,256,918,1180,1306,1290,893,914
284,1819,1172,886,1811,926,779,53,147,1337,346,499,1218,502,1285,348,1145,1040,1188,288,289,1150
295,656,1479,1357,280,695,525,1365,1189,1183,1778,136,1713,689,1550,1790,329,1301,87,184,1534,1179
1837,297,1304,1824,495,1371,1368,1741,112,185,177,1782,88,570,201,1409,958,165,749,902,193,670
811,148,70,912,399,1061,244,683,1276,139,1280,197,202,1859,1804,1357,4,190,279,572,1432,1272
787,1648,1732,596,855,465,942,265,152,1712,990,566,1374,1144,573,288,1006,794,1798,1040,1117,1098
660,1439,389,859,934,140,1278,890,45,1391,1593,1804,1275,596,238,1141,166,1111,1798,1295,245,903
903,1299,110,238,70,1281,1777,1374,1752,1304,50,18,235,1279,642,1082,147,1029,1123,848,1068,920
1284,1274,1076,492,855,98,1030,126,1125,1136,381,1830,853,856,1148,1831,1281,1648,1294,14,88,1498
1164,70,669,1811,1374,1695,484,1188,1547,1052,919,949,763,193,983,589,1415,253,1572,767,1839,101
1284,1550,1293,1780,1502,92,1201,1636,1713,1277,1677,952,1136,778,1228,580,50,253,1648,994,1366,1527
1300,1305,1130,93,1804,563,1019,1295,1306,1410,542,1851,1824,810,1547,50,990,74,381,302,844,89
86,1732,596,478,670,137,833,1720,1320,219,1289,150,1728,1145,1299,1175,1106,235,1108,1285,1278,477
138,1294,671,331,1305,426,25,1783,519,1460,681,217,154,7,295,909,527,1784,953,179,220,1702
1049,1223,849,114,1348,596,1252,1294,1305,1858,1243,1041,94,1752,112,31,278,23,1741,623,100,552
1136,1294,382,1099,763,1712,1040,216,771,1305,1811,1346,1223,402,405,1347,1741,87,1190,256,855,1417
856,355,1555,3,79,1069,1374,1847,186,1838,725,299,1804,692,137,1524,1228,167,1314,478,192,1305
1276,41,1018,101,551,1074,1300,1409,268,775,1696,88,1566,773,1359,1757,1334,1712,1115,1209,218,1297
188,1234,1294,1305,1529,163,1648,18,1804,1228,1566,1328,1374,1741,97,1337,1130,231,1121,1129,493,291
1687,977,681,24,74,326,195,1305,1294,645,1839,235,655,87,430,98,129,990,1299,844,1234,1327
907,108,1470,1307,1186,1752,304,1339,1648,906,16,1744,613,919,890,1199,1264,1294,417,484,103,1085
1830,1811,1428,305,74,457,24,559,1276,1289,1098,253,1188,1036,202,870,1804,985,59,867,478,1284
1644,960,1534,1550,1299,1295,312,1040,1555,1842,64,540,1845,25,1839,1662,86,478,859,1426,645,1298
1036,949,1275,44,219,717,466,1648,95,1073,1306,151,185,1265,915,27,818,1564,1264,1284,743,203
726,18,286,145,1839,880,1067,940,1303,303,973,1300,1844,1116,27,1289,1048,1217,778,548,95,1339
102,1302,1276,282,753,312,596,1239,205,1489,856,1291,23,1182,1741,1297,1128,1752,1716,822,1305,1306
1775,1688,415,1297,1846,974,252,36,574,176,1700,1836,1321,1714,1278,471,1271,670,1238,592,1143,290
1640,1550,1752,1302,1276,1284,61,309,1285,1830,79,940,103,1811,219,1053,1566,1281,1617,1304,797,78
1167,1305,1266,459,1041,913,856,1585,438,914,1155,1666,1293,1097,694,12,137,1486,985,957,236,1156
1648,1804,23,1093,915,722,1212,168,1291,856,1201,1741,181,1082,1374,1844,573,474,74,194,641,220
1122,185,1304,1843,1024,1101,1217,268,1272,611,407,855,1433,1490,779,233,1362,1022,1842,1026,627,534
24,859,1534,1305,777,1022,1432,549,284,1612,65,310,1362,1294,1648,152,266,377,157,91,1576,99
1254,1094,1125,336,1183,754,123,186,167,170,1302,296,1677,459,1498,1145,1086,193,1802,677,1184,1307
1157,358,281,1106,1014,1373,25,1166,645,152,268,148,1284,1419,926,1518,812,1756,1148,1347,1278,1223
1293,1091,1326,1240,1648,1335,1297,88,1032,144,1584,6,23,992,1409,1353,1547,1804,926,1721,1458,902
1199,847,1071,1741,1566,471,86,1402,312,1470,481,1250,859,1076,867,478,99,954,1545,277,1058,1296
989,1804,79,289,1740,1276,1548,70,1318,1770,872,163,621,990,599,1242,261,1169,1307,347,1301,790
1366,1297,1763,1036,268,199,27,137,260,421,1305,1267,920,407,1585,1076,133,1255,996,1332,989,1752
574,201,413,1086,1250,1029,1454,586,1432,760,1847,60,1811,290,581,1706,636,1665,1174,1125,340,912
1792,1307,60,533,1610,862,1780,382,78,1321,1739,202,1144,1188,1754,25,1222,286,1374,1554,1205,1164
260,1752,902,584,1145,711,1230,273,602,16,1648,1018,891,192,1286,1024,1257,129,1279,83,354,1714
953,1358,589,184,581,163,1549,147,1412,190,358,829,645,1301,1727,460,669,1302,603,1648,535,74
1692,1648,1268,914,541,479,25,644,1289,138,1210,1778,76,325,792,1752,1266,315,785,451,1697,1811
1173,1301,1092,1276,307,534,890,1711,1105,1216,1547,957,1357,236,291,94,576,113,1676,243,1839,1307
621,55,1296,1302,129,1087,286,1536,1831,400,914,104,1792,1554,943,1804,18,1279,656,637,1121,488
1266,823,24,1183,1417,127,484,1472,984,412,1284,269,74,100,1555,1070,1809,70,1607,1165,1602,989
302,1385,115,548,909,644,1244,588,1177,71,1293,185,742,1257,645,1415,1069,1712,598,1839,1741,1366
245,1169,861,779,1591,1198,163,1564,1115,199,989,1292,253,656,77,1094,1485,215,1395,642,1345,776
491,228,1789,259,1732,126,1230,253,1712,946,1262,1395,290,23,952,648,1305,1178,531,1254,1844,725
1032,1294,94,70,643,1685,891,1741,1280,1780,1282,1063,689,1276,312,1686,154,1533,1704,175,1303,98
247,209,646,1418,24,1289,1228,898,1680,1142,1040,40,1627,249,812,695,636,1132,641,163,918,1759
1641,1302,818,106,1801,98,1555,257,93,1297,598,1155,974,113,1137,1547,1712,1564,466,462,1592,669
1163,1040,934,1086,123,1741,327,262,45,645,1307,1830,164,381,296,219,840,90,253,1752,1661,958
1302,1279,292,1188,1002,1648,112,674,1064,1040,776,333,793,1192,656,300,645,1532,259,20,165,1019
165,1853,1371,1116,1032,1285,1648,62,1778,890,942,1287,484,246,1321,1307,1012,74,1417,1479,1804,1156
568,1737,1296,1112,1780,1129,1789,91,1741,1188,268,914,909,1441,961,123,1130,127,281,1294,489,806
1265,734,256,246,642,1770,1673,772,1299,1682,695,253,618,1458,1076,1689,568,641,914,1133,1463,1280
1546,1021,295,1276,583,896,1112,69,374,285,305,220,114,258,262,937,167,1555,93,920,1374,223
459,1090,1780,1550,1217,713,10,1519,1302,1045,285,553,855,1051,573,71,1372,1022,875,568,174,1772
243,348,321,447,194,1566,1306,233,1040,1311,1090,1291,947,75,1821,1029,21,1278,1728,1582,278,976
1832,1841,1281,412,151,1265,64,908,26,74,1295,12,78,1087,321,1773,588,1228,911,1547,1692,1130
145,1091,1123,244,1197,478,1852,1295,894,1290,862,1542,220,713,727,60,1455,1282,798,27,1173,843
1417,1741,966,1098,1290,1021,1263,670,1276,1297,99,136,75,1804,1238,293,701,1293,1840,1752,1782,1676
1440,1266,1235,1426,152,1607,1564,313,307,1241,453,253,918,293,1303,141,1216,147,24,1620,186,1543
205,1278,573,992,685,121,656,1247,1181,16,581,1306,1699,967,1192,1320,1804,1757,159,1623,1250,575
980,1781,1861,1034,651,122,723,135,1145,632,27,1094,206,901,265,85,88,163,51,245,1276,73
1783,1250,264,590,284,926,180,1290,234,1555,1585,280,823,1203,1266,74,407,890,1748,194,192,1276
1145,1304,894,1509,70,1082,1752,1768,74,1830,1030,1741,1662,686,695,1821,1075,1535,955,1122,790,71
193,27,448,1534,385,179,1566,451,639,645,913,1359,1840,1778,354,382,674,1030,189,1415,233,1302
176,548,645,1853,1277,760,1780,352,435,503,863,1166,469,1153,74,1115,1648,1778,1829,1819,707,1784
1042,1566,1003,540,123,1117,1275,1034,931,1374,748,70,645,1604,1373,1585,988,1306,1087,184,425,1552
1297,1280,1181,264,112,989,267,1292,459,1276,118,1374,785,1688,621,912,1807,1400,1030,1285,891,128
1397,521,1696,1472,890,1105,312,85,980,192,856,126,100,568,46,129,398,182,1299,23,1298,179
998,319,1021,190,1215,255,223,745,499,641,1533,1153,91,285,906,1204,1552,1669,1278,1011,353,1306
1648,1796,1701,747,621,598,1300,1539,1072,167,847,1182,1652,91,1145,1267,1563,835,1791,1289,51,83
1410,951,445,1792,148,1277,147,7,1040,125,1804,1542,270,202,596,1305,572,1293,1034,1596,1778,135
285,990,1289,1281,1372,1125,536,1276,1851,151,139,1432,1819,1569,1299,1038,1426,1566,1659,1279,405,596
1607,100,78,293,303,1284,1296,253,273,1082,355,258,1545,1785,998,1585,1675,816,684,254,1803,212
1555,935,1018,192,221,374,1804,148,89,265,1441,521,1040,970,139,1263,1474,911,1590,219,1819,1284
1284,138,990,1425,1374,855,1472,908,158,1416,598,1263,1532,280,186,219,1730,453,694,1052,972,12
1302,1041,624,1353,75,249,1346,1783,1741,234,1128,1293,254,81,1094,644,1181,1276,1301,296,98,1441
186,1843,1553,896,223,1566,1147,137,785,1374,1169,541,1783,754,1300,1564,286,83,1307,98,478,172
1843,1839,770,1463,1027,855,258,1781,828,1533,1291,665,177,997,1034,25,1280,1132,1284,219,696,685
705,989,1304,1819,905,112,412,144,86,383,1068,639,273,1280,1564,186,1780,1697,695,1357,1502,1111
1284,1294,150,624,1817,68,1669,1585,590,70,1222,279,1712,1177,1734,172,1808,1658,1109,471,701,1115
1537,263,1021,1492,478,1648,1804,1454,1332,1306,520,46,700,1472,1282,1020,1298,1596,1783,857,1303,283
194,257,105,878,694,1139,1110,995,41,1630,1284,466,196,1289,1228,641,855,1804,684,298,987,1088
122,278,1268,1294,264,1357,696,1552,70,857,921,1694,1534,489,1273,1564,1646,171,4,1555,1554,1205
1517,178,640,1676,1470,85,1208,1195,740,1701,669,865,1612,1819,1804,574,1303,914,748,200,715,1137
990,1643,912,1744,1529,1138,152,1802,839,1297,656,1282,1303,1036,1804,1778,112,1066,993,1306,245,917
820,167,193,1129,284,1028,937,1304,1213,1276,1224,97,656,529,650,1603,1839,606,1279,1585,1800,430
377,262,18,1067,36,93,1249,54,1711,1584,1056,865,1299,309,513,1817,1292,1792,1830,1498,74,122
1851,1305,1585,1021,1538,1259,1302,684,1691,1415,306,732,581,478,163,669,833,1307,1085,1525,1491,1314
133,889,157,276,221,1295,1094,1741,145,91,1472,254,1183,890,493,1227,451,617,301,265,1284,1297
569,1083,681,1014,911,989,483,656,194,1294,1284,1288,1741,264,921,23,650,1680,1595,1539,70,179
184,1041,914,598,1302,998,942,432,331,1127,1096,242,947,1804,531,1372,1744,618,1828,1005,1863,890
270,1304,307,136,1781,1702,1611,1817,293,1128,1232,1642,1139,1158,1741,1192,1584,1833,1225,243,1160,897
85,54,23,1833,74,1134,117,523,1260,1182,1843,1648,163,478,1490,167,1720,1525,1067,76,614,1775
656,624,12,1076,152,175,1121,290,1741,1727,1819,598,1278,263,1276,286,1307,1302,1507,1314,305,1547
829,1540,108,1639,796,166,1251,91,1132,1432,960,1830,1490,1795,1228,402,879,95,382,1396,1038,1288
1038,1306,1102,202,529,478,641,1304,170,568,284,59,289,1801,754,24,1817,149,83,812,128,640
25,1780,730,504,912,1183,63,572,1741,1225,1849,531,447,901,27,1319,1291,1277,1066,1734,1004,1188
114,643,27,181,93,1249,1108,1616,979,98,1251,25,290,1013,1776,292,190,1757,1804,1718,373,1741
1843,1279,114,622,268,1078,1339,262,1278,1297,1757,309,995,1798,193,486,544,1210,1819,989,867,1811
1279,1076,1188,561,1435,1135,1354,989,1804,12,1306,1146,1813,1839,280,312,1618,954,855,1478,1374,1098
1356,1306,69,1292,298,1291,1067,1849,1722,324,1037,399,1458,552,1817,83,25,251,873,1334,717,1648
217,277,1291,1503,1303,856,890,1708,913,1564,1595,197,579,714,1410,603,1296,164,1686,685,641,137
1811,1547,1086,1192,1319,1681,1220,75,1373,1091,914,682,535,21,1302,684,80,253,1684,1183,1344,140
457,1300,1285,1374,288,1720,1302,1657,1675,411,1108,1613,773,571,1691,608,1341,989,233,890,1470,275
1296,1554,1272,912,654,1659,1555,323,1294,990,823,273,275,1064,890,71,1441,597,49,1223,1277,412
146,1291,1242,475,1534,181,780,1260,571,771,220,479,23,1552,1778,135,1547,1278,1216,1155,1564,70
988,22,967,1455,855,1082,25,1303,641,1430,148,755,1648,893,1247,1333,1566,1365,279,198,1776,23
1280,1245,1371,598,1055,1585,1167,1804,902,1648,1147,100,1012,912,1269,785,1134,76,792,459,818,1301
658,1176,1776,235,470,141,1204,167,827,1808,71,169,477,188,1585,197,189,1804,233,220,910,425
907,1654,1051,989,1689,1786,1815,967,1287,1347,157,1130,312,809,1308,1136,1182,1120,1298,1173,1695,1432
1300,1093,412,1306,1804,71,205,651,1277,645,853,1778,466,1776,635,1731,1188,277,1304,178,1356,901
733,1184,1744,1853,1643,1105,78,22,1247,92,1307,1555,296,1030,1183,300,272,3,1266,1272,27,1229
1666,1052,259,890,8,1819,1776,1183,1585,145,1303,186,39,856,1840,1541,357,1293,1722,596,251,913
1374,890,645,1522,889,725,1335,361,507,1819,132,269,553,97,1540,1722,296,701,258,1281,595,145
1092,1687,1326,356,1776,1293,963,290,1360,1228,1296,239,1555,1306,1299,1366,1832,242,1309,1374,1738,656
978,1028,1564,640,172,1741,809,1467,1175,25,1498,107,656,1249,1281,970,238,135,1850,74,1488,1844
645,1839,23,534,1353,1748,310,1851,1426,1500,1148,282,500,1291,207,133,1309,1280,966,636,713,1320
651,939,1804,1844,1301,303,164,855,91,863,1290,307,70,297,1564,772,105,640,589,1175,1228,58
1333,1102,1705,766,75,1280,1165,1168,1374,295,296,1171,279,1722,79,898,1208,909,1296,335,202,286
902,865,1304,1030,1496,1508,295,26,1832,35,640,236,771,427,1290,989,581,808,479,1062,320,104
297,1714,1276,293,789,536,1533,275,797,1191,19,103,1109,592,1648,1278,1306,914,1547,954,202,490
1592,1294,881,1415,1741,834,1275,9,1223,1303,70,1817,176,691,1566,1296,1276,98,1298,872,701,1227
1284,71,1541,1301,105,308,826,180,589,1213,170,956,173,273,367,1302,412,1278,1789,1723,332,621
670,506,570,1040,563,155,1303,1204,857,826,1276,1781,642,72,255,574,1289,1292,1302,1225,641,713
298,1566,79,1863,1112,1424,640,1300,178,1836,1276,23,869,935,185,845,1146,565,1374,1265,1206,1290
790,273,855,176,1193,858,1294,656,921,80,1157,1385,989,1285,1566,1190,1383,706,1702,1298,1235,1691
1105,1106,1277,1154,641,134,1566,1544,767,1298,643,484,149,185,1409,166,284,899,1305,346,244,1074
223,495,598,129,671,1712,1569,1409,653,282,293,1276,1293,1152,1730,1302,1303,193,779,1757,257,1299
195,1225,1234,129,1771,1216,1365,56,949,713,1239,1136,1276,1249,439,1488,1206,1689,1297,1307,1449,540
900,123,77,401,24,1327,1648,1183,74,588,1296,540,1216,656,136,440,478,1265,598,1295,65,651
98,873,811,374,1050,1547,1741,116,257,596,129,1694,1745,1700,146,1284,1804,37,1285,106,63,890
1374,1851,1524,1804,1819,1049,857,1733,1298,1234,642,1017,1265,886,325,1290,1279,1136,1332,1202,1058,740
478,1585,1176,1741,25,1861,645,1550,1201,277,430,1588,666,136,1326,1266,1110,656,886,24,193,970
1547,1228,302,1598,656,894,1028,1203,649,856,374,58,1807,1137,1328,1183,1811,122,112,1307,1212,1436
481,272,603,1230,1783,1669,1841,249,285,1290,451,292,574,898,258,548,83,1276,754,501,1727,579
505,433,1292,1076,419,441,727,1306,1309,248,259,1566,247,1301,1296,1811,1488,692,1705,1732,478,1496
1092,1276,656,1524,27,1282,478,1225,25,12,1099,562,286,1142,705,829,284,757,855,1584,1778,1030
1057,123,1728,1690,766,451,253,298,1192,1804,1290,1712,1139,1348,188,899,1195,1223,1806,1297,1012,1305
989,1293,644,1360,1280,1610,219,625,596,1299,115,966,868,1294,190,177,1125,1669,1246,265,1776,1254
1781,1343,1811,140,177,1374,18,961,25,801,1694,189,673,1360,1778,1732,74,1741,1015,316,929,1648
1748,302,591,784,659,1305,1198,589,1289,1648,247,1177,1264,117,76,560,1280,918,156,655,1473,1151
889,378,513,1123,284,1298,466,108,27,1160,1664,1839,1274,1807,540,636,1778,91,155,105,1304,147
23,71,511,1811,1294,1821,1685,1290,1820,105,1145,197,1305,62,972,1648,1244,1302,1555,1059,1331,640
148,453,1265,1550,258,74,718,1298,176,513,1068,643,163,1366,1297,1804,1303,316,1741,859,1340,1138
983,1279,1849,122,1276,146,919,1173,293,255,1472,1644,743,1648,1690,1731,1052,645,890,1169,1306,1783
727,123,958,1121,1836,833,343,1567,1631,857,990,125,49,889,579,1839,201,1211,596,806,1284,640
418,1485,177,1056,1675,121,1173,384,159,595,1300,1741,1302,1298,1732,1819,907,374,1276,1389,1829,1669
1,1673,539,1511,146,253,176,1304,855,1542,911,1071,862,289,645,1123,179,243,1759,130,478,244
1826,1356,1058,990,1305,856,305,1116,1491,1781,1291,1277,1795,1076,1558,1268,1265,23,598,261,274,1546
1804,656,847,1076,983,531,1163,1554,202,262,1759,1190,294,402,496,1751,99,1374,1307,1195,1211,1281
1472,132,73,809,506,943,1279,659,1828,1287,383,102,1563,509,953,1323,1032,178,1280,856,469,287
221,1303,1580,255,325,70,1297,1566,1284,1159,1702,890,1610,374,768,1305,915,91,713,195,321,859
478,1437,369,78,1804,1657,269,1366,1773,640,1305,1823,1303,106,201,598,200,642,1129,1683,857,1306
857,1776,459,197,1145,1804,581,1306,319,290,1034,917,967,1811,121,1,908,65,153,1648,890,488
484,855,341,128,1399,989,220,1648,915,1485,1566,760,1301,151,1307,1182,1490,946,90,1302,1551,335
1648,1512,212,969,1250,1752,1566,1477,678,1290,618,173,1426,16,1692,257,973,647,152,1225,244,1277
1568,592,1307,990,645,1758,644,1776,588,108,1558,1082,1373,1732,1011,1200,1215,463,109,407,1040,1282
811,1839,63,1585,950,1842,663,1566,316,1306,374,114,961,1217,557,1297,1744,204,763,1066,848,1284
644,302,955,484,1084,1252,121,596,1055,281,134,136,920,1290,1249,552,1303,1783,193,591,1183,459
1228,947,1490,1707,1168,1183,1841,535,1291,999,1712,596,824,25,873,990,443,220,1306,1409,275,680
536,1304,901,640,530,1804,1216,204,572,285,1293,1471,1431,1278,267,1018,74,1720,1276,1547,258,76
445,989,998,1306,1248,926,459,913,740,1202,1686,993,1051,1216,990,193,1843,1200,568,1774,363,1804
1299,1106,144,288,603,167,1653,1041,1727,70,955,88,1830,1136,499,1000,138,918,1277,889,202,1409
1217,860,1205,1752,946,126,1041,579,1659,1648,1585,695,1557,921,1780,134,1781,243,1804,1691,222,1091
478,204,1518,1145,103,1830,490,235,1247,990,998,147,1761,100,778,1289,1111,284,940,1426,651,186
176,1802,1130,199,1585,90,83,188,1297,1289,1304,1843,232,1426,1314,1290,1804,128,589,1150,1674,950
990,1104,1278,1409,579,596,613,629,1232,1547,1378,41,467,149,188,1126,112,1007,1648,1448,770,1585
1630,139,308,1810,1076,1289,1307,123,1299,425,855,478,572,1607,1296,1757,475,285,1654,1432,920,63
1466,754,1752,302,837,230,124,374,1334,1289,395,382,1290,1295,75,283,234,890,1255,1183,93,1277
1806,889,1727,1781,429,921,1585,1705,1248,133,267,1281,192,1332,165,1752,1798,1114,778,1669,1660,918
383,768,1280,1817,285,1243,1123,478,1285,855,230,936,1,645,148,1648,1301,1534,1777,1162,264,1306
1780,95,1038,917,1182,430,1295,1387,993,1748,1564,490,1804,1278,1296,1844,990,262,768,1297,1439,1524
1145,646,1269,924,1306,1564,1187,992,281,1373,1778,627,451,914,121,55,642,1279,1543,670,693,1712
1648,983,644,1566,174,568,465,1613,688,260,1374,1789,1498,182,306,1285,483,1159,89,941,286,1084
1851,492,220,859,1783,254,289,1516,1564,1306,1843,668,1335,1852,399,1752,1547,1811,266,80,1437,173
907,189,782,1294,608,1277,1281,1564,1778,756,870,1071,1284,157,61,1016,1687,990,964,1648,1555,1128
1299,1290,1830,740,233,1277,296,136,1305,1319,1687,1076,588,1156,1276,213,1307,1169,651,92,914,139
150,728,1306,412,1185,49,1678,1792,648,1299,1294,248,736,1282,1035,1224,23,1188,129,669,1426,1191
1839,1841,1234,1420,1305,1285,1292,186,953,25,1230,740,421,1008,1073,1279,1811,24,1099,367,9,642
16,1694,87,821,902,1513,288,1292,1280,1005,955,422,1741,1804,1074,1303,1256,1300,280,1294,747,459
521,1256,1687,62,104,483,294,1665,911,1024,275,1757,935,23,1547,1022,245,1555,1585,220,1297,1260
910,640,857,753,1320,496,67,1182,189,1789,1291,1805,122,1232,22,1534,316,1273,296,1356,1007,897
1298,1712,101,1279,1187,269,1291,575,920,12,990,1639,283,568,1760,1183,1277,1278,1178,1643,801,896
1292,1244,379,1235,1282,274,1259,25,86,824,645,1819,1012,219,642,1280,1769,1644,1648,121,466,1651
363,70,343,876,1489,100,261,197,863,1491,306,921,990,1732,192,1783,1760,1776,128,934,1711,1254
1289,1441,1776,1069,93,1564,264,1778,929,1051,596,1280,990,285,874,1188,1844,977,261,856,1303,999
1534,489,624,1650,1029,907,1228,1148,1432,1778,27,966,1302,990,1304,1472,223,1024,1282,1242,21,763
92,640,1795,294,1585,1277,23,1792,1129,960,1550,1477,729,864,474,1731,190,1783,1289,1828,995,1565
106,1193,913,1694,1093,268,1129,1357,1278,149,1098,1530,1307,615,278,1296,62,238,990,1613,1780,1584
1555,1281,244,1017,621,921,496,50,128,1217,543,829,165,642,648,252,24,278,263,980,1410,189
865,1555,1009,253,1535,1279,879,980,911,806,1566,1040,574,1182,1278,250,1299,1297,1149,315,1280,1561
1290,59,163,88,1703,253,1830,1296,1187,221,1355,433,1374,440,1624,1102,1038,1680,1280,453,613,126
1280,1114,1734,991,581,574,1299,1591,1245,40,1281,1648,188,1783,1686,1421,621,1851,1051,194,1804,1374
26,890,990,1804,1801,201,133,389,1555,165,1026,535,760,1303,641,874,1246,545,258,1183,1371,1741
1648,1840,1257,24,1291,1034,1230,1304,648,1484,768,356,889,1266,640,1154,1781,1805,917,397,459,1682
1265,1839,223,264,1474,1847,1192,1266,1093,1289,1791,890,228,1176,1564,117,104,1441,1280,745,1241,1049
1839,1163,430,801,253,1382,1753,190,1688,552,1616,260,1779,64,155,1307,1225,1277,1509,55,677,104
694,1778,1290,76,1213,956,1307,1175,955,23,1593,981,1267,70,989,28,101,1182,290,802,1690,1747
1145,766,907,70,1365,776,253,229,1702,656,1783,1327,451,475,767,135,223,121,264,1859,272,1034
104,1153,1175,1426,1290,978,1296,386,1783,219,1566,1529,855,1752,1291,920,1125,1013,117,1314,265,137
256,1092,1257,27,99,57,1097,101,856,1506,1279,299,1284,1004,113,1783,1566,574,442,333,193,1294
997,783,1256,370,1040,1509,1174,494,1550,18,1165,1307,1269,1399,1132,1229,396,176,1111,1289,1092,1164
1780,1076,235,1840,894,645,1432,1018,548,104,284,1844,1282,890,892,926,1752,1307,238,1279,644,108
137,185,1321,1696,1306,1732,1051,641,1584,1574,989,374,749,465,1566,1175,1302,946,293,966,1472,1182
740,1166,395,762,268,1223,1536,296,857,1028,1148,1721,150,557,178,1732,1792,253,1299,1302,1830,776
785,1182,661,801,1783,806,992,642,320,1161,1820,989,1694,810,1343,1477,1432,1426,890,540,1197,1679
459,1300,911,1787,907,1280,1565,77,1539,745,266,1844,1842,987,473,302,1303,1545,691,548,1691,1334
1451,656,1028,1802,1533,934,644,1585,290,645,399,1566,92,149,1658,1293,507,1319,1218,147,1294,1472
1744,1199,1389,1695,1674,287,1810,1778,864,234,596,189,1306,1811,1605,363,1819,1276,656,354,1566,1781
457,1297,1778,1804,1295,1566,640,1307,1052,92,1740,1099,134,303,201,382,193,268,1234,412,157,26
61,1305,93,15,903,1819,1296,855,184,640,177,1695,1579,1003,1802,1191,64,1374,387,296,1732,1254
259,1099,1245,512,233,645,639,553,1839,1781,70,1741,1284,1287,296,519,1189,46,1697,1188,1353,93
1276,166,1808,1598,1376,1138,990,1278,58,1290,1298,761,823,1554,193,752,1568,70,592,1181,1292,486
1301,116,1278,284,395,1303,438,1780,1289,90,1028,1294,1076,63,1307,907,675,1756,1178,1830,1776,186
312,4,194,973,1295,1284,1778,561,94,293,267,768,1730,1154,1358,1524,1738,1145,303,824,264,268
990,1811,849,768,579,9,319,340,277,1303,193,917,945,596,1825,1290,172,103,194,374,245,553
1470,86,1336,1547,140,1846,1748,176,877,867,1478,25,1819,1145,642,685,1307,112,1105,1513,62,1302
325,695,1727,857,1808,593,1282,1222,1585,767,1343,1655,1277,931,1804,1285,1067,648,151,1009,509,1334
893,1712,1472,393,691,74,1305,639,1668,1234,1238,1187,113,1284,1082,237,186,95,1555,101,1706,772
1648,219,481,77,729,1585,134,83,641,89,1432,917,980,1778,220,1415,1374,1277,148,1072,163,903
675,1839,497,1128,1294,597,1266,922,1088,1778,1276,257,649,289,1693,623,1296,1284,1265,1173,632,998
1821,1182,242,92,648,316,1332,80,459,631,945,644,194,430,855,1781,1508,1343,1795,1306,1223,913
1846,1839,1776,93,235,710,1712,684,855,1228,1294,1289,747,1189,1550,420,366,383,552,318,1297,1150
1839,1028,459,540,419,80,1113,245,1303,999,1817,1778,99,234,1221,1585,26,126,855,167,186,798
369,543,284,303,1250,268,478,918,412,76,697,1094,472,261,333,1685,1393,1846,1566,1360,150,197
745,12,1748,1282,251,911,1247,78,1076,1207,133,74,1149,491,1243,511,264,1051,909,274,855,1585
1142,826,1314,1289,990,1426,989,134,644,755,645,907,399,201,643,1804,1012,996,1294,22,1564,1566
1141,1305,1276,23,1804,338,1294,1274,1783,279,909,15,132,1734,990,319,914,1424,1372,903,961,1819
86,26,136,581,1305,1302,92,806,190,1010,74,863,1558,760,229,1689,1839,1026,1136,1804,554,1137
1851,192,990,1358,520,863,1164,766,1669,193,1302,684,989,1295,1237,1787,1362,1547,636,1841,64,255
1445,1125,408,1036,25,642,1175,538,99,93,1072,1799,4,1537,983,1318,1648,825,669,1384,1586,1284
150,1293,1068,548,1153,1306,178,1780,1210,1767,1111,859,1426,1182,939,260,74,1076,1263,418,221,890
630,1302,347,64,913,1855,233,855,1372,1781,114,1276,645,1294,723,1648,220,583,1265,579,272,290
677,297,1179,1174,236,307,101,1564,1296,103,1297,295,1055,1359,1028,1751,691,1477,749,909,1432,1763
1307,119,216,1817,1167,132,1073,656,1550,1132,1115,71,151,1068,595,169,1227,363,294,219,855,1623
1789,1591,623,104,257,602,285,88,225,152,1783,1351,1319,1548,1426,1648,1226,1294,211,1776,1217,113
1230,990,1524,639,253,987,1682,907,128,606,855,989,1217,1224,1294,897,1248,856,280,402,1441,1292
1566,1166,1154,105,7,669,1769,1844,1425,475,273,1305,1710,935,1857,279,248,1552,1851,1021,1288,990
1354,1279,1119,669,1303,290,914,268,1801,219,281,1811,1783,175,955,286,1145,917,122,573,1426,21
78,157,1037,81,581,1290,694,1049,309,1778,1409,1298,1516,639,1305,1837,1266,1300,871,531,1003,912
794,1839,1736,341,1289,1787,1819,1125,252,589,588,275,88,1783,957,644,951,1669,1270,767,308,1712
1844,1191,1165,27,105,288,467,12,138,179,1521,561,296,1734,139,285,1011,1711,1277,1034,1470,1770
1160,288,1231,23,1701,148,1564,713,651,146,554,1296,645,745,1302,1713,890,1648,1694,893,1555,996
640,889,639,426,293,1655,12,1294,163,1245,45,272,74,1276,531,278,1285,636,1136,1295,1224,1281
219,1156,1806,1279,1291,980,1294,478,1305,1021,280,286,1304,290,77,288,1306,1068,615,1284,1577,1093
58,284,1136,245,1554,913,487,1712,1432,297,1019,1602,1741,86,1690,563,76,1572,1026,627,838,1292
156,1285,1537,1566,1282,1557,596,856,751,1161,282,75,88,1230,1671,1300,1534,1119,1303,1741,472,1301
1285,14,1711,312,859,1046,1306,1806,890,990,1307,1235,279,87,192,965,492,1056,1035,616,1648,138
645,1804,1280,1714,1590,1224,1169,374,61,1842,909,335,382,1851,687,1697,1208,1306,1036,641,1830,856
707,1303,12,908,61,112,1507,561,855,1026,889,1305,162,1811,959,975,306,641,1778,60,1757,1819
1299,294,81,856,1584,1558,91,220,547,661,253,1284,362,1329,1285,1084,1741,86,1282,153,1087,256
1300,811,134,80,1297,1119,801,1692,1804,1012,11,1374,1547,1696,1821,1745,954,1278,279,909,656,103
93,1849,1372,1517,1819,1564,357,1567,114,139,1183,1696,94,1160,288,1285,286,1297,1590,1301,1275,1182
12,903,1783,855,1299,147,1336,639,1489,74,1640,70,1105,1182,90,955,644,1018,64,157,1844,181
1182,87,686,122,121,1804,25,1305,173,1303,1240,194,133,1787,772,1280,1206,1276,62,7,1648,1307
1276,166,894,714,1690,218,1306,234,1817,976,1228,1811,297,124,1292,1278,921,511,293,24,975,863
