296,607,689,245,1830,1281,1296,1007,255,1276,1804,256,1648,269,152,186,1682,1182,644,1246
1191,1266,152,640,856,1145,990,1305,1472,1188,74,1211,1718,385,1141,1117,1018,1540,1298,58
27,1294,270,1582,955,279,189,1182,643,94,1555,901,374,1741,1121,12,102,1607,114,1606
278,1281,1785,23,70,1568,186,811,1125,832,16,1648,139,1509,234,1279,1138,29,954,1087
1566,117,1831,986,907,289,1847,88,70,354,197,613,1752,133,1302,1564,1276,11,278,492
966,621,21,1769,479,1276,264,701,1241,1611,1811,516,253,134,284,1012,108,458,1185,285
130,1366,1021,367,1483,1285,1305,1289,1279,1278,1544,146,994,1295,256,677,1420,1585,490,154
1374,1299,699,1053,1064,1221,114,306,1389,146,1292,793,1295,1656,1417,978,1171,531,74,1701
1374,112,1648,990,70,1330,1307,1300,1545,150,19,914,577,1285,1291,1299,139,266,1279,1084
855,1095,120,1648,1388,1266,909,268,385,1131,796,1254,12,1289,1547,1128,1303,1182,132,1492
1136,1585,1153,915,362,70,722,1668,1291,235,1824,914,106,1567,150,138,1063,1547,213,1490
1284,132,150,983,1841,644,1700,1242,1276,958,855,187,679,267,1548,99,859,475,591,890
1267,1328,1024,916,1284,7,1632,1296,1528,959,243,1266,1675,936,1488,192,1829,330,1186,1721
641,962,1426,1701,93,1073,1807,1301,1741,1349,854,197,1401,1348,147,1566,1307,191,1324,1021
1095,1129,1314,669,1276,780,1542,145,1301,369,774,1288,61,1316,908,270,867,1688,836,1580
847,70,137,1710,296,596,1509,1347,1728,1417,108,1549,1166,1306,911,1811,1776,308,699,1564
1540,956,718,1513,1819,1197,37,259,1030,1424,93,760,415,693,1285,1305,733,1695,1362,312
1566,106,151,1293,1257,138,70,92,914,525,1585,1773,1617,1595,74,1307,1689,27,946,141
1741,279,1302,779,581,1566,1296,1354,503,1018,939,1287,80,430,1243,615,1420,1648,1469,105
484,832,1404,1429,590,272,1804,1289,70,596,172,987,1067,747,1566,1005,803,1059,1174,120
873,1417,1663,815,1276,1759,1267,194,645,1280,358,121,86,952,1160,865,1298,92,1257,1648
1669,1276,890,1566,1778,389,1294,947,12,1282,1289,383,1374,486,990,713,1819,179,1115,1540
641,596,1304,648,1689,1035,735,805,1293,685,559,430,1136,149,1307,62,1285,1710,26,223
239,845,12,151,157,1296,989,496,128,179,1229,65,126,1115,1648,1426,1298,1294,1781,1657
1249,531,65,126,1711,1280,1266,308,1681,1036,1752,568,394,1799,1783,1778,1276,703,1306,1801
90,1426,433,1752,1302,1303,1520,1294,778,1279,1284,990,333,1688,1250,121,1847,96,1846,1564
671,167,1018,626,1470,253,1266,1183,1426,1566,1185,386,977,970,641,861,764,545,163,284
1330,491,267,1287,1288,272,720,265,1277,1585,1757,1306,700,128,148,80,570,480,1265,1005
1279,1278,1301,51,985,1302,1385,1835,253,1222,1280,669,70,1116,811,1288,1074,494,1574,1290
598,92,71,644,1248,392,74,1294,1306,502,918,57,1750,112,253,83,275,1278,857,1778
476,1300,1104,1479,596,1297,148,1630,1564,1113,1284,70,642,1555,289,1276,64,1008,1731,1299
1441,1176,136,1328,1386,1292,1282,859,73,1291,225,1299,795,724,656,1779,902,94,259,691
161,623,1014,983,615,174,478,1763,12,350,1304,1077,1852,1616,1040,1284,1222,221,194,25
1016,73,120,1290,606,1352,1648,374,928,102,579,256,1644,1314,198,1266,1775,74,1296,243
65,1306,862,133,1591,268,1769,894,1061,548,1294,152,1817,1309,881,185,303,122,1804,1703
1780,1781,1298,1759,1076,1098,320,198,1007,1741,1138,1287,1566,1822,1280,1289,101,640,715,28
87,238,1536,1298,913,1013,1279,1804,1404,78,1277,1748,915,302,855,295,1028,12,1384,621
1547,1255,1291,1767,1225,18,1489,1306,1711,1470,1716,1116,213,1224,1366,487,243,1433,1674,1303
71,740,889,511,1697,3,224,309,1839,1841,1566,1306,574,1836,623,277,928,234,1285,27
1752,80,1804,234,1277,990,1569,146,490,1306,1301,1741,691,640,140,275,1279,1675,374,1276
1236,570,1138,797,1586,1846,357,112,154,596,136,350,1340,27,1129,669,1265,1648,246,1364
1682,1592,1279,1154,745,1230,108,757,1674,56,20,1521,990,74,574,69,877,1226,193,1305
374,382,598,1302,1053,395,1029,1710,180,1296,262,1114,1292,823,1819,1467,1034,287,219,779
1554,290,952,1191,656,98,740,1094,990,1808,835,1291,1162,136,1844,126,964,1804,669,1298
270,1853,1741,56,678,1780,692,248,1845,166,219,70,88,1380,1613,951,23,329,1752,501
1032,893,1677,845,1291,656,905,561,890,74,1840,1301,863,1752,189,857,1168,1306,1558,1204
596,894,303,1303,700,1781,1776,1741,134,258,1179,1551,597,1770,1564,1703,1294,69,93,1615
636,95,1343,823,6,890,1207,1757,772,1846,1374,1279,252,1292,1699,235,1817,1291,1804,1000
955,27,1529,855,812,1490,412,1294,1295,1387,1274,24,267,361,1201,1846,1839,1123,806,1145
1198,1776,1284,551,165,915,4,1808,1287,1669,1294,1089,520,325,1275,403,914,159,290,1022
855,431,613,1306,1669,279,639,1222,955,1005,1190,621,1132,1083,1188,996,559,1124,1276,518
1266,16,1289,307,181,1086,1291,1844,402,1534,910,504,81,1064,1356,1128,1813,1304,1786,1320
1717,1830,889,1302,709,268,1426,749,856,1017,103,71,911,39,257,383,1221,912,304,1852
265,995,258,606,27,244,1300,1305,307,1807,1566,574,94,1139,1846,168,333,1842,1836,399
1391,1360,1648,1214,60,1851,588,1265,990,989,1280,146,1277,438,793,1387,831,81,1278,1026
1299,268,1690,1224,1239,1280,459,1545,176,148,603,245,1071,140,81,1778,1777,1,489,640
1776,481,1210,967,1093,1348,1391,292,187,238,1293,580,1194,284,1118,1533,705,382,966,1266
645,294,1442,1211,1839,23,1068,976,1692,766,1235,1778,990,63,1734,1804,919,1294,478,1206
1305,1836,1128,245,108,354,1163,181,1760,1298,1809,144,919,1567,1804,350,1156,1585,1125,1778
1230,1462,1300,1242,1584,1797,768,88,87,370,309,1228,1804,1225,1013,1306,1732,521,189,1553
1690,24,1068,644,1184,1287,1806,39,1607,596,1290,378,1640,1294,856,1374,610,54,1585,23
1829,1106,1524,309,128,130,112,229,1648,912,781,953,137,1711,25,1242,1780,102,35,220
1584,27,341,9,1132,1603,1242,1778,1839,1374,1290,1073,1208,511,1268,254,1282,1443,187,335
1840,1309,257,816,939,1318,368,845,294,246,1376,25,775,409,269,55,908,1051,1654,1778
189,1292,1284,1294,228,1289,1305,70,255,1584,219,901,1529,23,1277,1123,907,1741,1399,1267
1782,61,1105,1748,1297,89,1125,1289,1566,1516,1120,920,1841,451,1564,645,123,12,1687,333
635,37,985,1248,596,912,327,1290,751,1741,1798,529,1300,1669,1295,253,1256,177,535,81
25,913,990,94,1088,243,1136,100,1306,717,551,1374,1182,975,611,1440,1741,427,1432,989
1722,992,1566,645,1301,306,1491,1281,1804,150,1012,955,253,789,1819,854,1129,24,843,896
263,1491,1094,722,1849,184,989,864,1564,1179,990,1027,956,1295,656,1648,1278,1259,542,286
252,1278,62,1780,440,1284,1778,244,1013,711,1234,147,998,680,668,1585,292,959,570,635
635,83,297,997,669,1138,12,984,1323,373,1542,521,58,993,1457,1631,132,1173,1858,1301
1245,1776,132,1048,1246,1472,457,760,243,70,1169,1333,264,1337,1279,1290,1292,1347,1289,1307
1076,289,914,1308,711,450,1669,220,361,68,1252,120,573,1781,1473,764,1843,646,138,1300
260,990,290,1494,1704,976,1068,1547,1564,1804,1673,1302,1717,1814,220,1284,1777,1306,86,1572
310,1290,1177,1276,1842,221,302,907,588,1294,1076,297,258,694,275,1215,1222,548,644,816
1267,640,1676,1708,1294,1279,1830,1016,1773,27,148,1296,1276,1348,116,952,835,1555,1234,863
1161,1440,94,411,1648,154,1294,1293,101,1306,138,1111,1778,1618,1843,1361,490,80,1303,909
39,1284,1741,1783,942,1777,856,935,938,282,1151,1441,1280,169,220,197,836,894,484,1780
1188,1249,1085,1284,95,1470,656,1290,478,891,127,495,484,914,1387,101,1648,47,1292,121
531,146,100,1298,1780,1594,400,1052,681,266,1291,1822,568,1580,1284,639,1347,1692,990,1048
1276,907,103,1245,1101,1351,93,1055,960,128,1138,1849,583,1297,1718,325,272,1182,646,1566
979,1306,1564,179,1287,1145,1161,14,1285,855,1732,1076,1620,1780,644,1314,1240,1264,148,70
393,1076,1052,1306,1302,1648,862,1221,1468,103,691,436,162,990,1701,273,1147,1224,1573,1547
1110,690,780,112,1100,1294,1490,1356,1156,1303,466,27,1295,1277,1839,243,1836,70,648,28
1433,1811,939,58,1821,1269,1295,105,1732,1463,1069,1306,695,1378,290,71,151,1804,1278,1780
1028,1804,1007,1732,588,717,596,1291,1432,459,1669,1839,1546,636,1553,994,253,177,245,138
1026,960,924,1555,640,1182,1140,252,1228,1276,596,1351,1089,1565,1097,1251,1840,1296,1844,1289
1648,295,645,1555,740,1846,1306,1242,1294,937,395,1804,270,374,111,809,619,514,914,1280
27,417,1025,1648,1295,1228,1415,913,289,842,194,484,1075,255,460,1298,857,993,1836,1566
1449,656,1208,415,1240,370,900,1084,1284,193,1648,1276,568,1217,1305,268,1183,1129,269,598
915,943,1333,1294,101,1005,952,1224,463,234,128,1640,1296,1580,1585,357,1489,654,134,656
402,1830,1279,1570,980,1710,1299,1722,1449,306,1566,1547,1613,1307,990,167,201,24,1599,1277
1783,1639,1160,902,1547,73,1124,726,1305,644,1844,1694,1585,725,1083,131,91,1166,784,176
1844,1019,538,459,669,773,1732,1076,1374,1294,363,1542,969,1196,24,1780,285,1564,1287,1000
426,137,321,1294,1289,684,1145,4,1819,1318,965,1159,1374,1564,1794,1770,1839,1291,244,1689
259,1709,62,1299,924,1804,1417,568,1542,1227,890,703,1246,140,193,921,1275,971,1342,1232
27,369,914,596,1624,1305,1580,451,1073,735,271,1301,1012,1064,677,279,1564,1289,1175,1009
175,1759,1073,1829,1474,782,765,1409,427,235,130,70,1067,102,1847,1192,978,475,157,740
1182,1307,618,12,1740,725,52,919,253,80,1289,1296,192,1200,1278,1243,1341,185,687,574
1239,137,1029,93,1566,1648,142,466,903,385,1564,984,1741,273,1145,981,1675,1304,1306,1182
214,1289,509,27,1301,218,644,990,837,1555,100,1732,1544,101,1778,862,245,70,1396,1284
459,821,111,188,1148,1076,54,1040,1805,1093,1160,913,1555,1564,144,951,1265,832,1577,383
1648,192,776,251,1285,1167,905,1566,480,1805,1776,1306,1294,1291,1276,557,250,640,1230,1689
1464,1051,811,909,131,294,440,645,1284,1297,141,640,1302,95,1306,494,1298,1079,1674,665
575,1472,1498,1295,1306,50,56,1446,395,1284,584,1405,1819,1082,70,591,536,1279,1648,801
902,846,1819,1374,1282,65,1303,1534,861,188,478,1294,1048,261,496,1084,943,1026,639,1279
303,1374,1684,1727,86,1280,27,1804,1274,88,1191,1855,890,1038,1281,613,222,1549,131,950
478,1294,1296,693,538,70,1292,937,492,1314,1295,115,1547,644,1790,615,24,220,910,1084
90,1374,591,813,1304,1834,855,1489,72,990,1588,789,1504,1621,1088,641,1840,178,530,759
254,136,1432,669,1292,907,1842,1301,1305,382,1303,1099,1246,621,1034,553,126,1759,958,178
144,1276,1691,181,1546,1545,220,168,1219,966,1126,1683,724,736,495,1041,1851,93,1374,640
641,1389,1721,268,1086,699,686,1246,1780,1538,70,1706,1052,1256,1544,1752,494,1266,1264,1306
253,1049,172,475,103,1629,1440,1284,1792,1455,1396,1224,269,86,652,185,291,314,1662,150
621,27,1267,1145,403,1352,826,543,1698,1749,574,670,197,1839,233,1228,1576,1744,568,903
139,1003,1280,87,197,86,339,779,1028,694,1518,1305,1839,194,1420,1566,303,23,264,1083
449,687,1314,1782,1230,1584,306,581,1763,632,1018,900,1391,1687,1737,1246,293,548,1581,1363
1836,1290,1664,572,490,1424,757,598,70,804,1680,1301,138,80,915,74,1843,223,1160,1819
1829,1804,296,27,127,1807,132,716,1252,1677,643,645,6,440,754,1648,615,151,572,158
87,921,939,1224,1294,1365,309,960,92,1290,875,1704,1535,99,1281,1276,12,729,93,1817
1127,644,1547,1387,258,1662,434,1088,1021,1192,1817,1145,1279,1688,26,1292,430,83,1236,156
1291,1306,1280,72,1352,1555,714,656,643,1839,512,309,329,325,1094,1339,595,267,1633,1297
1839,1549,402,1104,1566,918,1776,1846,1433,1272,192,1265,909,808,220,1099,862,727,1053,1230
86,243,1769,134,264,1181,520,491,1324,1651,1819,222,85,4,1278,1413,690,1266,873,1021
219,234,1685,277,74,164,1639,1585,80,1804,874,266,85,1753,262,1041,991,1292,105,1182
596,1306,1573,1566,579,835,1276,914,1585,305,99,1804,855,74,1724,523,512,178,1563,1191
1690,1740,1585,293,1752,485,1564,1306,1782,1432,1663,186,621,1040,855,1151,1183,136,1120,132
426,1156,134,1230,1241,133,1515,1839,1726,217,359,1227,1041,925,1018,1240,1011,1762,49,469
1503,656,996,282,1830,1804,1550,984,953,99,285,1328,1292,244,772,263,459,975,784,423
519,833,1711,49,1298,1789,73,98,80,1304,70,1780,1802,621,723,1853,1432,309,1242,1306
1821,265,1784,445,1276,917,145,995,170,1731,597,1585,1323,1076,990,241,349,752,1841,1303
1372,1585,1426,1555,1115,1759,295,246,250,1692,606,1470,1752,515,401,1651,1276,1437,1316,8
279,132,1374,98,1357,785,1534,296,1030,1741,1758,1387,77,1403,1291,71,889,1165,548,641
176,1839,1521,1702,1260,1356,1809,108,23,1304,943,1655,291,172,772,1220,356,1243,1374,1268
928,636,1618,541,1047,691,1727,712,25,1177,1276,134,62,1199,1620,1142,404,1294,1418,1547
1806,1220,1648,703,1804,641,1811,1819,977,975,1186,1695,953,1697,195,1298,921,74,1482,1160
14,1585,1603,1290,989,1297,1547,1276,1164,280,599,151,1191,103,1847,793,308,1441,1769,426
1565,1280,1648,996,61,1472,185,1282,1065,1306,76,254,425,656,1804,452,581,298,908,1682
91,307,275,832,1297,1111,1298,845,1129,1204,1243,189,1563,1301,1524,506,309,87,1279,182
64,112,990,1294,166,1116,1564,307,1774,1039,149,937,972,252,452,1776,1279,1136,707,1804
1781,1518,1044,572,1741,1198,1305,1426,660,812,700,1357,902,1112,1190,307,606,644,260,813
1445,1083,1850,70,1648,410,123,641,1589,1056,706,1141,1604,913,1584,1697,152,907,126,1804
253,1182,1741,641,1165,1418,1333,58,570,1113,121,1222,1329,306,1097,285,230,1814,645,984
162,1422,305,1274,1306,118,736,857,950,1182,459,845,138,1759,752,76,712,555,195,27
1374,1737,356,1289,62,478,13,253,989,1028,818,60,291,1300,1660,1804,135,1314,1305,325
1595,953,644,1276,743,1301,688,478,179,833,1584,1757,1190,1372,69,1655,189,1518,1385,194
1834,1830,1277,1382,1027,642,1255,141,630,74,288,182,995,145,1199,1627,952,615,658,316
1689,204,74,992,0,1084,623,1267,1292,939,1269,823,264,1741,1192,1706,1187,1266,423,1585
1658,297,1281,1432,919,90,375,588,1242,1008,554,817,656,1028,59,1266,1430,1500,1296,1422
1306,793,295,1333,621,588,55,911,902,951,901,1648,244,302,1339,1183,1216,1798,1086,1166
283,913,1777,1306,128,1303,890,925,1276,1547,554,811,296,920,1648,990,1286,1154,151,1752
845,1299,1674,1730,367,763,188,1009,688,885,895,259,1204,1266,282,614,87,901,1303,1679
180,1088,25,1809,268,1276,1847,4,1163,155,871,49,1114,170,907,376,96,1249,1227,1673
1811,1843,70,1746,266,474,1739,811,1621,574,1677,410,1705,1804,640,924,98,1536,1476,856
1314,1259,27,656,1481,1584,1817,913,1374,70,588,1666,1242,475,1141,148,1305,194,642,967
1237,1499,1777,1303,776,8,1097,307,1298,1432,1721,1297,1294,1547,1648,1804,1302,165,1781,1254
1839,885,64,991,1751,1289,361,1780,645,1206,1653,1284,432,615,306,1726,1299,656,266,598
478,1307,1707,280,1830,253,1773,1294,1304,1150,459,1281,883,1741,645,196,729,493,289,1811
1298,1417,1110,1648,200,100,1190,580,561,1669,1158,234,87,1306,483,531,137,1300,473,99
27,1113,1136,1105,1093,1229,1125,656,1131,570,1180,1417,295,1280,1268,223,1658,1277,1088,834
776,1539,971,1,1248,1305,1537,74,152,69,596,1712,302,500,1564,285,745,79,291,904
613,1460,1566,62,1725,1018,614,845,1082,1564,273,915,1533,279,340,1302,1179,548,1301,1780
1693,896,1619,857,529,192,957,283,1146,1012,1294,99,990,1648,325,1534,1844,301,1307,274
1285,1243,1281,492,307,1702,1165,1290,1321,1307,666,1289,272,302,890,860,749,995,973,1203
910,800,275,1032,535,603,1278,1697,478,16,287,344,260,1778,1358,1303,46,953,801,1136
972,288,1784,1839,1305,570,93,1770,87,392,293,137,913,1076,133,4,395,195,447,318
534,221,84,980,1289,1257,983,1265,194,1191,1294,1286,176,1819,70,126,1199,859,146,733
220,1312,346,731,275,256,775,1145,1276,941,286,695,617,976,253,208,1303,1183,1847,269
96,1041,647,1717,264,894,27,854,157,87,1307,1704,1563,641,193,1374,148,214,995,1038
32,1192,194,863,1808,1347,975,1555,133,1320,87,1693,1688,596,1329,1488,1829,1655,598,1276
264,1807,826,1195,1084,1306,1305,568,1546,452,1477,1299,25,97,1139,1798,523,130,1748,467
1307,791,990,1725,1343,59,1441,1284,953,1240,1187,1648,407,455,382,1473,324,1182,1092,459
1491,645,1564,785,1811,246,855,1669,935,78,856,312,171,1705,1256,887,1389,478,1279,1585
475,1282,1013,1540,1205,94,1306,1193,1296,148,194,246,1563,1302,419,146,466,855,1235,519
1293,1819,953,1281,919,176,1487,801,1289,1279,77,103,1341,558,505,1086,1538,247,185,302
1777,1426,141,699,577,1146,1737,284,1282,955,187,1121,1278,994,1239,1703,626,1064,1290,1053
1182,1091,394,74,1839,714,1372,259,1307,1290,1117,1787,973,452,1555,951,1513,807,1350,890
1756,1798,913,194,1182,1380,1306,1322,1748,1824,235,857,178,1510,1648,478,644,1492,255,1830
244,1294,1819,1753,334,586,728,763,1002,1298,740,426,1748,1150,1121,1292,1182,72,1017,1761
908,1233,885,1470,159,1391,1778,1105,425,642,973,1256,1836,1285,1734,290,201,985,499,91
890,478,64,142,428,1150,220,1580,1706,1374,1498,1793,116,552,12,908,1014,559,1811,510
1076,176,152,95,1669,1418,1073,1198,1648,72,572,656,856,166,268,132,374,1436,772,236
632,246,1781,265,1094,466,837,1432,990,524,1034,675,1154,167,146,1069,1649,857,669,515
1772,87,1201,484,1088,1842,267,283,853,1440,345,701,1852,185,1690,165,713,540,1595,1552
1343,1295,1071,1676,1289,1166,89,1124,857,1374,137,132,1473,64,286,93,723,752,727,552
1289,1064,1279,900,1182,444,252,457,1583,451,1274,1294,989,919,256,1445,639,1641,1183,1332
1712,137,1545,989,1483,855,284,1552,34,596,1412,1426,1247,285,302,462,669,1582,1846,1502
1173,1679,1489,1784,855,1752,1290,723,951,1329,56,219,915,74,107,1817,428,1091,541,975
978,1077,436,898,1314,210,1169,806,1026,260,1279,1285,549,1547,118,717,1617,1290,1190,123
1282,1741,781,1585,1778,1430,1804,1637,1291,598,1407,1301,1369,474,1305,682,167,1555,259,367
78,423,468,1117,1240,1279,59,310,1780,286,122,643,1250,913,1119,1022,1087,623,1555,1695
1306,1316,320,1294,1695,259,176,1312,1817,1648,1805,597,1804,55,476,332,1304,58,1291,70
79,1544,7,1306,246,983,1037,129,328,75,1724,1675,1083,990,1682,644,1265,1839,177,179
1000,308,1819,1117,1470,357,1182,86,126,1226,1338,1787,1040,99,887,557,1305,1518,1491,640
1850,320,990,312,789,165,1550,1321,1319,797,1182,202,74,1572,1290,1334,966,100,1303,596
1128,1777,1285,1712,909,1374,1145,1284,1852,1132,1100,474,1304,1323,1051,872,1780,1305,1130,1231
1811,1303,1217,1648,337,180,1732,1773,990,155,992,1542,1265,964,145,122,1613,1770,1849,382
1845,194,1780,1301,219,618,1096,71,1077,459,1284,908,1552,319,26,697,297,260,1373,995
1752,1468,1096,374,9,890,673,27,1132,1249,176,444,1648,1783,1076,88,1756,96,1510,1276
1301,931,1675,1287,88,1558,889,856,93,299,633,990,1325,1811,1005,1293,645,1075,890,976
507,243,1780,847,1442,1804,1184,1252,105,1564,1279,773,132,91,793,1182,999,1565,717,193
266,568,1115,930,1844,1697,244,23,736,521,166,598,126,1658,93,656,117,123,901,1187
288,1534,1104,1188,503,273,395,640,1538,1779,1470,516,1733,104,1729,1863,263,1752,1374,281
979,1035,95,1704,498,639,1276,833,602,908,109,123,128,1432,1847,950,103,1314,1073,1290
192,1064,1015,68,1008,1311,1294,100,1175,1289,23,1420,1021,459,913,645,188,170,1145,1738
531,699,1708,907,690,1277,1287,931,1182,1149,1599,74,182,257,1491,190,24,1137,1294,759
133,279,615,1533,856,1692,277,1721,266,27,233,403,1554,1105,596,362,177,1164,764,1085
1305,1648,1128,480,768,1014,574,1847,1282,402,1490,1712,1217,1307,1052,51,1752,309,788,1488
62,1282,648,484,1088,70,192,363,1836,897,1640,1648,1551,1784,105,936,134,1040,1031,1291
185,69,1585,1090,535,1488,811,1093,1279,17,1372,1305,1103,1706,149,1678,598,854,1289,1824
588,1204,1319,1301,1074,23,1225,1182,98,1374,92,1299,250,855,1334,302,1306,495,1716,1276
1432,1071,1819,1839,1255,230,1156,1721,1372,1228,290,374,832,157,1164,363,1294,74,354,1817
1752,1352,179,478,833,1289,1804,1299,147,1314,586,749,1189,1692,598,1344,1372,1129,1290,1778
193,979,1182,1831,1386,640,488,1689,1291,1229,548,890,293,1267,1150,331,737,645,1191,561
1115,1195,1289,852,193,40,184,845,374,1741,1817,86,938,1302,1183,147,1721,1780,112,1839
865,150,37,43,269,1299,1094,1309,1702,177,1293,636,1301,1161,1033,1780,990,566,1121,122
615,1121,1585,1811,139,1837,1284,1633,75,1278,1305,1683,1571,596,525,1732,1123,1020,132,1223
1305,1417,1732,135,806,1297,1276,333,1087,837,185,54,488,1334,253,1233,1648,1596,1274,295
274,901,266,197,1734,20,1296,91,1102,1294,411,1303,265,1374,1566,37,451,1182,1589,221
1233,289,644,308,1291,162,78,1089,508,150,1086,319,1497,1290,1846,234,1491,1367,1742,292
1217,1839,1843,1290,1350,354,999,136,1307,152,1033,1018,77,1603,829,1602,1146,746,1289,1529
1304,1415,494,1426,504,221,135,1811,294,206,343,1704,1182,1757,282,244,1353,1492,596,1784
1182,995,12,399,913,720,1817,445,1679,775,1780,1708,1374,1276,801,178,269,132,70,245
1247,1451,303,1182,1019,776,1732,86,1302,1311,185,1292,76,1804,257,1374,950,1215,192,1178
656,1294,1034,77,1395,357,15,255,1490,1280,1811,618,1189,752,195,335,1781,1608,941,129
163,1741,1181,29,357,24,907,1838,1266,567,126,647,585,1296,1280,1776,1250,1703,618,870
1181,308,233,108,990,1048,1376,740,411,1490,1305,1257,474,1299,1294,166,1306,369,1083,842
1546,374,1789,1492,242,1273,285,269,1182,186,1234,1097,27,62,1851,291,641,1415,1728,992
132,1804,827,8,451,1711,25,1547,457,1374,807,764,953,1563,863,202,197,178,634,1085
1544,1776,752,138,265,1393,222,1017,1834,1286,1820,878,157,1603,1657,1289,776,1291,310,27
727,1778,1323,656,577,1648,417,607,1274,1276,1273,1038,1306,989,1566,1721,668,279,1291,1009
1277,1069,1851,250,855,1752,1264,1084,230,1850,23,478,258,588,534,570,112,620,1839,1289
103,1299,1555,1702,895,1675,1235,242,1549,1566,1313,1285,431,1208,485,74,1721,1158,88,1015
890,764,1030,430,905,913,1019,1432,1240,1671,1280,581,1137,12,792,16,698,1277,903,1688
760,1585,934,1065,229,343,1007,1830,271,1741,927,990,1670,989,1236,1129,479,1710,1840,12
1701,1563,1426,1804,1335,549,700,1152,1249,1305,1555,1811,86,58,1587,133,990,478,972,1566
1294,912,1821,1188,318,478,70,223,913,908,644,901,1457,184,1780,1267,224,1811,194,73
1215,990,1621,1290,1771,25,245,1243,175,305,69,1017,1224,1291,774,1650,1247,1669,1119,1297
1415,1038,1041,1729,903,517,971,177,598,685,1174,780,927,51,133,374,404,669,316,286
976,1432,1202,1198,1776,1555,266,1741,1279,1056,641,1842,451,753,950,1235,779,267,235,695
192,1678,268,433,1736,990,1648,854,103,1294,1821,1535,1107,1780,759,383,816,1804,148,1418
1155,74,142,12,572,890,27,108,1029,264,284,1154,1249,1530,540,220,1805,907,642,823
53,1349,890,1034,1470,863,1262,1326,1294,1164,451,656,415,877,1182,462,1085,1426,1534,192
1291,474,117,1248,291,1781,1807,1473,1488,1284,284,1277,294,876,1830,114,1721,879,645,1554
113,1809,1011,1518,1223,1340,1841,1183,445,996,76,590,1303,1781,263,1686,510,524,238,1132
1232,1780,863,1415,964,1306,1727,1028,265,1294,475,1149,1767,596,1076,1288,531,27,269,1117
588,1249,130,1804,1141,666,1152,1658,1648,507,73,133,287,641,1285,872,1713,960,1780,343
1830,484,1302,1426,1280,530,315,1284,915,1664,430,45,1752,1633,264,1780,15,320,990,1699
1333,1098,296,1705,154,980,930,1585,1314,967,186,1099,260,1301,645,1276,309,1290,290,913
596,1702,140,1291,280,128,890,1182,294,990,1289,997,1305,644,675,1426,1844,719,188,1290
1707,355,478,144,202,1201,1406,1548,141,823,987,186,1830,1284,1648,1566,916,677,1018,1222
39,1778,855,1534,583,890,645,845,1144,1015,1853,801,294,1547,1585,546,192,1266,126,1093
1307,1219,214,267,74,1232,907,88,1298,475,105,189,1850,956,1043,1289,296,974,1073,1804
1844,1489,1304,514,100,823,1503,1550,1088,1085,1589,1584,1276,1033,277,1015,577,921,1106,1138
1244,1343,1303,475,1807,927,154,1280,139,1311,422,61,269,374,1242,245,644,311,767,83
1737,220,990,748,1741,197,1336,1294,133,59,357,644,1209,1721,1819,1230,677,283,1839,219
980,27,281,1844,1426,1804,640,82,877,995,1542,1275,192,1648,1583,1775,912,305,405,1585
1817,123,181,300,903,1276,1343,463,1137,1356,993,51,1682,866,1303,640,990,219,1711,1847
1091,1780,1566,1573,1836,1293,343,296,1776,1372,264,1040,99,1230,1306,1662,659,1007,281,766
990,217,1182,442,1563,88,1389,824,644,1488,1716,164,1579,917,1481,377,178,1294,1585,1648
1757,1141,1648,18,418,770,1018,1722,1547,62,285,821,25,223,268,888,253,1836,1441,307
304,312,549,1602,1328,0,1216,116,1040,1108,33,1279,1839,1420,1307,283,151,465,1276,160
997,392,1280,815,964,1426,478,1134,1088,220,1585,36,1284,1132,1277,75,1432,907,113,550
1260,1804,713,748,193,1094,69,23,1217,1321,1138,1304,1073,306,1853,1357,763,448,391,1817
807,655,764,1276,1776,639,640,520,642,1688,1470,1542,1761,102,1780,319,1298,1370,1365,1168
888,1298,193,29,1015,146,749,269,1752,1300,1277,243,1160,889,478,1786,814,1595,373,394
1,1296,1279,74,1684,1245,1470,1589,656,133,452,178,1807,18,1713,847,1534,273,1691,31
1300,1050,1137,540,189,234,27,327,889,1545,515,1358,1091,104,1229,669,403,918,61,527
999,135,1177,140,1191,1552,549,100,1307,1374,1585,146,1534,1284,290,1285,1811,1804,389,990
182,280,405,1073,514,855,1305,1082,1554,1246,921,371,859,1068,1355,441,936,1292,1525,105
747,1294,103,1092,648,596,305,1349,203,239,445,790,807,478,591,1298,1720,253,1256,1780
302,1812,269,161,1296,1183,1035,67,1286,1552,1294,463,95,1052,913,248,1327,1279,254,1752
74,684,987,1338,1273,561,430,70,1741,722,26,1284,615,1103,436,1220,940,139,163,1862
144,1564,407,1305,1005,93,83,1113,181,1298,1334,639,1566,1783,201,1307,656,1348,1533,762
1229,1776,1555,1295,1149,1811,1728,37,1440,1770,1183,1332,1040,1741,25,1691,1138,186,644,1300
196,717,643,1550,1141,478,1824,1577,1250,1534,512,766,856,1777,166,980,990,829,280,86
1305,1655,1695,75,1532,1544,466,1706,94,1562,1432,1648,1270,930,494,140,1282,43,1783,128
1695,17,1690,1296,1752,1489,302,266,295,258,1648,857,825,921,1208,991,152,624,256,78
100,1249,1036,1282,1804,177,1173,1007,261,1660,1278,903,1811,1303,749,1187,1298,73,992,1094
1086,934,176,1279,1019,178,1284,1306,990,1179,1805,596,607,1462,722,1432,1278,862,530,1233
192,1585,642,1566,906,1858,934,1301,1119,1531,358,462,1040,589,967,291,1741,1326,1640,1024
1041,1250,760,285,1585,717,445,890,1258,492,1453,1012,1067,1289,1084,1671,194,436,1761,126
1261,1016,1741,1284,95,1206,687,181,1585,1229,412,1146,1301,288,253,531,1217,1536,1531,1296
132,166,74,1648,851,222,1038,1277,912,176,1778,1780,855,1143,91,1777,670,656,856,1689
1780,598,1128,438,857,931,1817,1242,1188,1648,99,1060,1752,1307,1276,1389,206,1381,764,1300
1294,1748,138,194,306,258,1016,337,957,24,1374,1836,1289,700,1728,374,1276,257,1844,105
152,1808,84,188,248,1297,156,1191,989,737,1122,547,323,966,355,645,610,1470,548,1354
1279,178,105,1306,1077,907,1292,905,1767,1784,1228,376,917,1712,1740,46,91,879,1041,1705
1360,885,1693,24,1295,1599,60,1591,1249,46,27,592,25,1082,1305,259,1068,1470,88,1302
1780,1105,170,1290,1333,477,1187,488,1279,277,868,1477,1432,1675,869,990,1228,70,264,914
1804,266,841,1202,245,1778,729,486,303,1305,1409,1286,895,1776,1374,197,1780,1000,872,641
148,185,1492,478,1804,821,989,1284,127,1104,192,504,271,1677,1294,213,990,452,1787,1182
135,430,226,1125,1141,466,1778,253,520,49,228,1430,1271,1498,470,1585,98,984,643,1306
1182,59,1287,1303,309,1776,855,1302,949,640,1472,1583,1824,1249,243,267,1274,495,1299,1547
613,976,1811,1780,1302,1382,272,506,51,1247,622,1334,807,1778,1358,188,1294,749,663,1432
1804,1263,913,1689,145,289,1187,94,1775,23,306,1029,1163,122,1035,948,186,235,1748,1547
579,1337,1169,1566,856,1297,1783,1294,436,431,696,854,1669,1282,1393,901,60,1544,433,1431
829,488,1292,644,1839,1023,596,568,757,1741,1281,70,1374,98,1390,1326,949,1304,1547,108
1199,1780,579,638,1136,190,1401,1034,1266,76,653,77,1276,86,857,70,1314,651,1248,642
1679,244,531,1272,810,220,1744,1742,186,1292,129,77,1374,348,1648,981,1306,641,143,1294
491,1071,1276,772,1242,1192,1332,1175,329,1410,1579,1585,244,292,1278,1299,1778,352,1321,214
94,842,150,287,1680,1295,255,291,1259,990,1148,1741,1303,322,1676,256,254,62,1294,64
1534,868,415,149,717,1254,1377,1290,1180,185,279,126,1021,1306,1030,305,1011,70,615,1804
1188,767,89,754,1432,991,1306,105,416,1016,889,527,818,1776,1301,166,638,292,199,136
1182,1083,212,1173,1555,644,357,550,209,145,1021,1162,403,1026,1285,23,207,1034,657,185
1382,1674,68,1658,1759,1711,1280,1741,1266,1818,1301,1472,253,1770,1712,919,484,516,1155,104
1276,69,1294,142,1024,1741,1306,157,718,819,1817,553,1811,1261,1075,74,128,1798,192,139
72,1767,598,1284,679,99,1162,1839,789,1305,1819,1307,639,1752,1830,74,1446,890,1364,1690
1015,1275,752,907,1542,294,1842,100,1583,1432,1064,623,1182,1280,686,816,306,588,259,70
1500,872,1294,806,259,829,917,192,18,1301,100,1699,1175,277,857,684,568,1807,108,260
763,1109,572,1752,1279,459,1278,1284,89,574,1291,1432,79,639,913,831,280,1648,116,303
1289,274,1288,1578,695,1303,1225,285,461,16,306,270,351,503,655,166,989,954,51,1296
354,907,863,349,1776,292,1485,1265,1585,28,195,1163,1569,1830,1179,73,1337,845,86,1834
503,309,1781,645,533,415,1823,1552,1680,1128,1183,1804,713,1547,310,145,1085,1534,813,989
265,1282,641,226,902,890,375,532,1741,1648,198,1271,740,1169,1817,639,485,1307,1821,92
1058,1839,1294,1226,779,568,96,1805,1658,1500,1564,956,1566,260,644,855,58,1794,209,275
23,697,289,829,459,177,65,1687,1258,1639,1648,1145,1770,1287,1783,212,1502,598,1536,74
478,627,1016,57,212,1648,748,990,1732,1555,296,1778,1240,148,631,1844,1703,297,309,763
1182,1060,1732,1741,74,811,12,138,906,246,1712,1303,211,1824,264,202,490,552,1267,256
645,779,271,163,357,234,1557,309,1648,644,1805,1039,1577,1564,147,1297,916,1585,1305,919
70,131,1082,1105,993,1321,79,1051,151,1182,266,1809,136,1475,963,1778,1564,1178,374,1036
772,998,989,1839,87,123,1741,383,1352,722,1585,545,388,641,1029,79,1566,1733,1115,640
133,1364,990,1778,1294,1182,1305,640,1603,749,1841,1851,478,70,1727,203,1712,855,1076,1467
1564,1680,185,25,1300,178,1237,1374,99,1307,640,1748,1280,539,990,494,1648,855,1276,1692
1188,74,291,142,473,1294,1029,1295,1220,913,1692,1811,460,889,1266,1289,1071,1648,1211,1239
17,1491,1648,104,379,970,391,1626,1566,167,1306,1778,517,1699,1305,495,1137,478,41,1542
354,758,1550,167,844,596,1374,1293,1303,133,267,1738,645,478,901,1241,1489,1818,1277,768
1592,1810,203,323,411,223,811,1393,1305,1374,94,644,1250,167,221,1289,540,973,1333,1735
1741,1783,443,258,176,148,641,70,285,1836,990,1074,912,1278,1305,911,694,92,287,1564
12,113,116,639,1297,354,138,973,1294,686,223,1671,1013,1689,1296,855,596,959,1236,671
1292,1648,1087,642,636,614,1271,162,1277,1282,624,1018,148,323,121,95,1293,287,1774,136
1795,1141,479,1513,343,1182,656,1278,126,1290,918,1112,141,1763,713,888,1266,1566,742,1720
93,1839,1811,273,1303,722,430,39,1780,128,1289,1216,280,1534,1786,1250,219,1736,1121,1566
175,245,1564,185,279,656,1695,1036,1084,1207,26,1374,1357,934,1410,1759,1555,1076,1307,717
1078,1297,1160,24,108,951,307,1166,1245,1279,256,1276,1678,494,1292,1312,157,1583,98,530
1305,686,291,941,1225,278,91,1302,1073,1712,1626,7,1100,1484,1216,348,1068,1839,921,1192
990,767,1235,1265,379,1058,93,1378,1818,828,1287,1026,361,855,648,823,1686,1817,827,873
1752,1277,445,972,224,155,744,901,732,1648,966,648,1051,138,1296,1291,1302,98,1290,1569
782,23,233,968,1296,16,772,1752,1112,1668,1294,570,568,878,1859,1299,1488,1721,917,215
131,393,1585,1472,341,1292,297,245,622,1160,1720,1778,908,1566,1166,1804,1244,141,1741,1694
1621,1281,281,767,86,1851,244,920,1648,1839,669,910,1547,915,955,104,1781,564,1721,256
169,1280,1125,1145,1811,979,1669,302,1017,289,1839,392,1723,1274,1583,753,292,285,855,1841
1624,705,1492,1828,253,1242,1535,261,235,259,86,1295,59,1293,186,27,411,1231,978,1301
1300,1162,259,103,1772,78,155,1136,1851,126,1699,124,736,1648,101,621,1294,1361,1848,955
1178,1824,1707,165,990,16,194,262,74,1192,1441,920,1285,23,1174,1820,643,1648,642,950
1187,46,1161,1279,1278,708,1188,690,694,1409,917,1307,306,890,382,1362,1491,64,951,1041
1274,504,308,1658,1296,636,875,13,1022,1183,382,1712,1240,613,1819,265,307,126,197,729
265,61,1470,294,1282,1595,156,430,1839,1301,193,204,1284,183,990,395,1804,989,1038,803
1430,1301,1276,1282,1732,641,1678,1113,1228,1084,592,1585,1655,1350,1167,1665,430,260,1778,23
255,1321,640,1770,644,1294,1500,1279,821,1475,856,497,304,459,1112,190,596,189,990,1091
1068,1307,1374,1752,1449,977,624,990,192,1804,1272,1383,188,779,169,1442,132,268,598,1073
1291,1417,1067,1811,606,236,889,1384,114,1298,117,729,1215,1265,1780,1301,905,1204,1804,1247
990,1804,1374,1292,286,1044,1155,1051,917,181,1599,1305,1741,1227,1819,980,1183,259,1519,1290
1266,1374,1556,126,136,1271,74,267,1316,376,76,470,990,1695,1285,1780,943,1303,895,1084
402,59,687,1049,79,1564,990,272,12,1365,150,1034,1222,451,1294,845,989,914,695,122
1542,1548,4,1281,126,1247,268,1731,908,200,540,69,194,1491,1278,804,1234,1069,1648,1500
1811,1058,1566,18,136,1855,1704,1069,1801,1224,128,1804,1409,156,229,290,1374,79,1289,1648
25,1811,308,286,1851,1147,1752,1303,989,1216,24,145,1844,1284,1457,1778,156,99,1555,281
267,1848,1251,89,1204,1033,1182,931,24,1426,1279,1083,1287,1721,1824,1256,670,1285,765,924
1841,1225,1279,81,1056,1741,1486,25,1280,80,1183,1746,990,1564,1598,683,459,246,478,849
864,621,287,1136,65,1233,1022,78,3,242,290,1307,126,1302,147,907,972,1183,167,504
114,1278,1555,1082,1711,574,1188,1307,1524,1626,923,186,60,1280,1084,1290,295,73,1235,845
109,1153,1709,1388,508,478,930,1288,943,253,871,781,990,142,1468,642,466,275,641,76
297,1457,459,1545,53,1182,246,1778,1300,163,511,1415,890,263,1689,26,1085,1293,984,1243
1307,918,303,892,1537,419,1121,1224,1686,200,990,478,506,320,1430,1010,1076,1284,1566,259
961,1748,1303,1775,1281,1648,1547,1779,890,1374,170,1013,186,296,1459,595,1617,1133,812,270
1183,519,581,1804,331,1028,1778,80,79,681,1240,306,27,1266,318,1135,1470,744,1039,60
1307,1290,570,847,74,1027,1276,914,150,1776,385,889,188,128,229,1289,1335,9,1296,647
1293,990,1296,1764,475,1357,1045,1276,707,1490,856,901,255,134,189,1009,297,1437,306,478
1409,1294,1819,412,1307,1266,374,641,76,1366,1741,1302,788,1353,1558,282,694,531,1374,642
1215,1816,1228,945,100,478,1648,1247,4,294,1667,1555,1710,280,1426,1302,645,1603,177,589
280,1019,1421,745,446,114,1227,642,862,604,971,104,1277,920,632,1295,1817,1026,286,1340
1741,1291,788,531,1456,1804,908,1041,1639,194,1233,283,656,133,467,1088,70,1752,1440,1432
27,768,303,1806,823,286,1830,853,1284,59,1013,302,649,1844,1554,66,1276,794,1566,1781
259,50,87,215,1276,279,1778,1739,1228,790,1732,1289,1781,139,1301,598,856,70,1759,1550
156,1851,826,1331,1712,872,140,28,1234,757,586,356,286,1242,1306,128,640,1741,70,1277
10,1585,139,1125,76,596,1564,128,1278,457,1277,185,1082,1555,262,1234,628,137,857,1395
570,847,128,1294,1280,1190,1281,727,1112,1182,258,990,1265,1305,1021,382,1711,190,608,862
235,444,267,1131,936,1780,407,238,62,129,128,1418,710,1846,614,79,596,536,917,966
287,547,588,1724,1497,1811,1518,1289,845,1212,1628,219,1652,1817,1072,1648,1741,805,534,70
72,613,1251,23,1265,1307,695,63,293,1195,1811,872,1564,155,337,268,74,1495,1009,855
645,1078,1289,1132,197,1334,1188,1819,480,1076,1141,135,1290,1245,306,939,1074,1539,1086,855
402,1034,277,308,1760,242,76,1607,1266,1132,294,1651,1806,619,937,1183,1770,18,1461,421
445,139,1673,363,1076,1218,88,1305,436,138,1285,1475,1362,1111,819,74,1058,568,1083,27
1266,695,1699,192,1722,258,1732,1278,1279,1076,563,1169,1677,1294,1303,520,598,1498,1217,1276
93,1320,1749,377,776,953,598,1585,1141,922,759,1266,1304,900,1276,1136,1131,1741,596,920
960,75,707,363,1686,1217,1804,1118,74,855,236,253,1391,176,1304,1275,1225,677,1282,1406
1847,987,1292,1284,1089,588,164,809,989,1148,1235,206,992,909,729,981,954,640,310,325
1545,177,1030,481,855,1585,476,1472,525,430,893,645,459,1807,770,1033,490,213,113,1298
1470,1276,1404,1453,669,509,742,1139,1564,1659,1005,583,158,46,1830,181,1222,1215,1689,86
1676,291,105,192,278,1306,1291,680,1038,1290,1811,1809,1804,54,1041,1741,242,893,932,1020
12,641,952,246,179,157,1202,1741,1307,186,1267,58,274,1450,189,332,993,1183,937,91
1804,693,1301,893,1151,1797,1741,1298,849,291,374,1678,302,1374,1304,1269,490,806,192,643
1192,1021,867,1291,902,264,261,451,1741,1290,146,913,663,321,265,1853,181,1214,898,709
917,598,971,281,1629,616,1268,1294,1692,1291,201,1566,1777,1302,684,908,136,1129,279,649
641,351,1553,1809,1741,502,1300,495,274,1051,973,219,1843,1290,1740,268,141,1673,656,738
1197,990,1220,1432,1763,309,18,430,1298,220,785,1047,390,913,793,694,1669,890,1428,372
1648,643,1099,290,1138,128,824,1228,1426,939,1370,1119,252,1093,287,1300,1536,222,1088,1542
70,1783,1242,1303,747,585,1741,1290,1534,279,257,890,1305,1682,231,510,133,265,1648,59
639,102,1305,472,1839,1339,374,1172,1711,486,275,176,1811,1470,1280,297,1279,1298,919,1092
1804,1302,1550,410,1304,1113,99,75,913,1127,1271,775,915,1137,1159,640,818,911,1084,1781
1577,1296,1294,1410,1161,1547,889,390,835,885,108,1585,1275,1278,911,281,1207,262,606,51
275,1297,186,1339,146,1830,1276,1290,1719,1228,1274,1282,796,1340,136,374,389,1093,261,1030
1706,1278,672,70,1426,645,1776,1076,98,1051,877,1564,1174,1789,1297,1673,1147,661,82,234
286,266,1036,1215,1305,1294,1037,1555,1275,1697,1552,1276,188,1291,645,290,700,994,1804,1282
98,1296,144,548,155,1273,551,1676,1441,28,725,490,70,1018,1297,950,1171,713,12,1292
457,1182,1291,1584,1345,954,873,260,409,79,1426,238,478,831,1742,91,1137,1295,55,159
1242,1564,1142,201,1360,151,917,725,170,342,1234,1648,1694,1802,1040,989,1279,949,1152,1197
1027,1752,1277,1297,51,499,978,819,377,890,1355,71,59,889,294,1662,1366,1443,744,179
901,1782,140,17,196,473,1648,1804,665,74,12,1555,234,1187,304,334,51,474,278,1289
1583,1612,93,806,1243,108,1759,581,79,1298,1336,1086,1238,549,74,289,1711,31,1648,989
1125,252,1712,131,1692,1690,927,1499,190,489,647,1680,978,1360,1640,1192,1585,981,1138,167
348,177,855,1192,1551,1305,879,1301,947,990,1199,1076,641,379,1306,98,1647,1353,1174,1303
581,1569,1289,423,220,1303,1368,1263,1279,70,154,1809,79,1150,579,1183,656,987,375,1796
235,797,1564,713,393,111,27,221,530,91,917,514,1076,690,606,1298,1175,163,233,269
718,961,207,1585,1160,1555,1115,1303,1293,553,1104,1284,1347,1290,645,1804,1778,1668,86,173
1285,25,1162,965,1585,1727,233,669,1024,978,1552,292,1012,1838,685,1303,984,220,967,1088
281,863,27,296,1280,279,1339,1309,728,857,1002,1291,192,402,1804,1471,1604,491,902,1310
1426,1637,992,425,797,1303,1320,956,990,1529,80,335,1164,722,1398,746,193,1555,1260,427
1207,59,859,258,950,1801,193,1271,767,1289,1068,1306,499,1314,1282,1230,165,12,933,177
170,1374,1470,1680,641,1265,233,459,1246,266,1013,1278,1174,1415,804,1230,1319,1417,901,1362
729,1558,1301,856,1570,1313,1804,1689,65,1076,186,147,1778,1769,1265,1018,285,1379,623,1307
1018,263,596,910,1364,816,1294,313,1024,1206,641,1470,1284,19,1300,267,1421,1554,302,1597
1491,142,285,1432,466,1258,292,1712,700,1557,924,917,1689,74,1265,1207,1299,1648,1849,259
991,1732,306,1115,1265,968,908,1076,1014,487,1167,74,521,1218,1183,151,1018,1817,1716,275
1770,229,752,852,1814,146,632,1389,972,459,27,1641,89,647,335,1278,1268,91,1618,716
602,1819,1780,1571,570,23,990,279,1281,1040,642,229,1112,918,1555,126,1019,1357,484,1566
1472,54,71,1285,641,1667,712,76,258,1055,478,1265,311,686,1566,1303,24,912,590,1452
806,894,921,61,953,374,1804,1252,656,1302,251,494,1173,27,1734,1525,641,1297,669,12
46,642,1236,1303,1175,644,221,650,1049,1778,1182,1285,990,823,80,1060,137,49,1072,832
589,1357,957,657,1648,93,1426,1566,1304,1283,907,319,886,830,645,737,1598,1778,1088,465
1297,680,140,1470,1387,803,11,1024,306,1060,1780,290,1566,754,269,958,918,260,1382,955
597,1263,302,1146,1138,146,1476,1068,201,1258,1279,577,1648,1184,320,221,1291,1297,194,1780
489,1780,1533,1625,1804,1447,100,1297,1760,775,987,1228,266,1348,1048,1374,37,924,970,1207
27,847,1432,1285,128,270,244,223,89,645,647,1278,489,1426,987,144,1176,480,956,1612
1126,1074,74,1182,535,560,1775,157,1046,494,1285,1834,1508,984,1837,163,146,1011,1804,990
1204,1045,1278,1688,1182,379,1277,1163,86,147,103,600,319,1034,1298,640,484,1359,1305,197
1648,1690,598,1524,1566,740,1468,995,700,1294,512,1307,1068,1239,1494,188,1640,1285,1426,1299
1320,491,1249,934,366,1183,489,568,1776,1817,713,1665,1781,1648,374,1241,82,667,669,596
193,877,1830,1418,1225,645,1852,1245,1299,1778,1136,1426,1035,383,114,1222,1199,1184,173,1817
1564,1299,1741,989,1093,64,1182,659,698,1783,123,222,23,1860,279,779,305,1066,1041,1811
183,1545,1689,1415,1056,685,1184,464,1804,177,613,65,1761,105,1285,1282,1319,175,847,61
1780,1811,100,937,1307,267,294,863,27,1859,1249,1732,914,1162,639,621,973,399,1566,129
128,117,235,1293,133,74,975,178,1839,24,1410,1147,1100,768,1778,214,1130,1732,913,65
128,908,1291,971,112,126,1305,997,188,1619,927,1501,151,194,1776,303,1306,905,1294,1417
1301,589,228,1208,261,132,269,18,740,1687,1290,665,1544,1578,1744,478,1852,1659,1722,1284
151,189,1076,1279,1291,921,847,252,1216,254,993,509,497,684,574,459,918,23,704,1305
1300,747,1783,169,1343,234,1752,756,1030,770,320,1295,111,798,554,1108,285,23,293,123
1182,894,292,431,1030,132,862,1776,780,95,1028,958,934,989,186,1730,1482,678,269,1268
172,669,274,282,686,1306,501,1863,638,89,1349,1689,379,179,158,1105,68,1555,845,70
1071,1807,1451,1304,193,827,1323,258,265,129,279,1781,101,1660,429,983,1079,997,262,918
1564,494,1818,1426,337,1786,1175,598,1736,112,197,937,1454,1554,359,253,596,1282,1811,1276
1276,1123,1291,411,1105,593,177,966,1252,1279,1299,459,911,535,341,26,146,1472,653,104
1114,465,1035,890,1432,174,1549,596,1190,598,307,1783,990,253,901,1839,96,1125,1804,1577
1687,1306,86,907,202,199,279,138,150,1546,881,1299,1321,1291,271,572,889,885,1076,1558
1819,1106,117,1741,669,1619,194,997,507,1126,447,1183,1844,179,272,549,201,645,1586,1648
1162,1654,640,1781,1297,890,1167,1307,917,1603,1305,353,304,1289,260,1306,1770,990,694,1754
1717,1294,1648,1463,1307,1295,1217,1244,185,1291,752,1021,1847,269,515,79,436,1239,856,1711
1191,1277,1547,1348,337,69,176,142,1276,859,361,116,260,428,1374,749,135,197,256,1267
1281,112,162,1432,1307,1277,645,11,1034,147,234,1404,1079,804,1189,1064,984,491,273,668
1088,1558,1183,1270,70,285,1501,1282,523,139,1289,1299,1743,1326,1306,1748,1819,1804,1426,1562
71,1804,302,1432,1684,310,1648,279,873,158,157,348,484,1360,1550,12,1296,324,1585,540
1840,121,1288,1564,151,640,608,955,1303,1279,1307,1362,1182,144,1214,1778,1285,1232,1305,220
1311,119,630,1305,1356,496,246,39,1306,1854,1191,1811,990,864,27,324,606,883,1181,876
1040,55,1105,1714,182,893,1830,504,27,1294,1648,92,357,1049,445,68,485,223,257,1112
1844,1340,571,960,88,127,1648,1305,1216,1561,955,918,701,1374,280,906,941,285,1564,1267
192,1814,1292,123,855,238,1178,1372,1392,1777,416,1742,1756,67,46,778,1741,1847,1213,1183
1076,887,1290,1539,94,1776,284,744,376,1825,1720,540,855,568,1347,1034,990,998,1752,1472
1401,1274,1545,1676,1415,81,189,1840,1691,1554,1430,945,990,1281,272,106,1819,1299,55,571
1780,270,1038,1800,1235,640,1277,70,1058,1415,1259,606,277,420,1118,395,158,1432,1384,1841
1469,910,1679,1054,705,167,93,1566,1534,817,524,557,666,193,1284,1564,410,1819,618,138
798,1726,1550,1280,164,1419,1307,128,1045,484,725,1297,485,642,916,1115,581,95,527,10
1294,92,354,1817,639,1287,1841,75,195,756,1544,1338,1388,1302,1585,1303,992,917,1648,70
315,427,78,1307,1168,1073,453,1297,325,1288,177,478,268,956,1564,857,280,495,1648,1294
648,1145,627,1227,760,907,1514,1426,1727,1741,1192,1172,1748,303,597,1564,985,149,890,1301
1296,1837,105,1696,198,1253,1151,915,1542,661,1289,1160,935,284,857,1585,1293,524,856,67
1284,93,104,1271,795,1555,285,1691,1237,1438,1121,62,376,68,1032,144,450,721,890,812
1372,911,1069,75,1680,645,1089,1132,95,136,603,1221,1421,88,142,641,121,821,246,1574
1648,553,913,1741,170,1566,1220,921,1366,1426,285,1837,1688,990,1161,1490,290,445,1307,93
1155,644,1292,751,131,1290,1217,1273,59,478,307,1830,1441,198,17,18,1585,1272,1000,833
451,1095,632,1314,194,647,1125,1305,752,907,1312,1374,246,1190,1275,588,24,1432,1272,1744
1290,1093,1712,253,27,296,1097,284,148,1555,1355,1139,1804,190,770,713,322,71,1271,1225
1284,95,89,1683,1681,39,193,1585,1074,478,656,281,1388,1696,6,262,857,954,105,1722
1303,1307,1089,312,220,1673,310,745,1566,201,236,1294,811,1745,499,1105,78,268,573,100
234,494,631,1055,146,1292,1813,1290,104,356,877,1068,1691,1139,1386,295,1689,1403,139,952
81,101,1564,1088,627,1301,573,828,1791,1286,1638,1161,219,104,32,278,911,1490,989,1183
370,265,1146,918,1783,74,1276,1409,1284,235,1168,86,492,1125,42,546,1704,1648,1042,177
1290,1648,74,890,1284,1294,990,234,1266,193,1817,1732,581,1291,598,1298,18,1197,1830,455
744,91,147,1757,394,1369,259,1276,1058,1752,175,298,1503,1532,1226,642,18,1066,1838,295
203,27,1741,743,1279,1145,503,71,1303,1555,1804,1316,913,1550,588,237,134,289,639,59
128,1192,1245,1292,1279,120,192,1091,1280,1696,295,1633,1266,246,776,305,1741,452,1052,1090
1297,23,243,1018,1354,1101,1598,1012,1296,532,1276,833,598,1741,1326,576,179,879,303,642
418,190,1295,889,1621,1276,989,1076,1648,1339,130,1294,1290,1566,552,1218,1555,74,1608,540
1119,162,91,571,59,656,596,12,1428,71,478,1282,1182,912,1347,374,996,621,990,1125
1034,1294,23,1352,1198,1069,1807,140,147,395,597,1291,282,964,279,1165,990,1189,836,1307
23,411,978,1681,1702,245,946,1564,1300,1137,669,1028,347,123,1289,829,1823,1299,920,1030
148,1099,1780,461,492,168,1182,805,1092,1533,438,23,1285,772,1375,1256,1320,1748,1490,1025
35,842,934,1219,641,1017,145,1280,640,70,356,478,656,1073,1132,77,1432,1733,743,1847
166,1168,1281,875,490,1585,1853,1240,193,1739,1851,23,242,1778,1780,1811,435,1084,635,285
1453,1292,1682,268,1296,266,1795,130,148,514,950,334,1136,1489,1611,1182,276,275,150,1078
340,613,117,920,1032,990,1266,1285,291,78,1291,1292,630,1385,231,1566,1434,1800,812,1059
1303,1321,1648,1307,1248,1278,136,1574,808,459,1294,1023,606,137,193,255,690,891,1585,250
23,302,138,862,544,645,1249,1566,70,1325,1261,988,113,1285,133,956,588,1119,890,990
1817,1287,1297,1276,1826,24,3,1571,1026,1274,1702,1052,1275,1228,573,1306,1319,1235,855,1373
1585,1741,1778,1669,1292,577,1266,1843,1195,1374,259,1648,1306,1752,1343,1819,1264,1276,1280,74
1806,1150,773,181,912,307,905,286,1648,1409,84,1307,1374,1778,643,602,174,282,1306,1303
1819,645,266,459,1154,1578,1296,1445,1112,1498,27,1745,7,648,1229,1648,104,776,236,1183
1296,1085,760,251,400,385,501,212,1276,357,1721,1128,1669,923,972,174,1088,1289,168,1284
952,406,1727,1778,1843,99,309,176,1301,1812,1160,913,804,539,1680,1232,1648,640,914,976
177,1374,656,914,1448,1380,645,1808,1409,1546,1692,1684,1278,1178,74,1017,84,648,1284,741
318,39,244,1290,1040,476,1282,685,1829,1657,238,596,1073,289,656,1285,917,1373,1778,165
27,37,602,1819,1495,175,1161,190,1306,1302,915,1409,64,640,30,133,1067,1611,192,277
1161,58,1355,1289,1249,1301,1080,133,1830,192,165,309,1094,155,1569,188,855,1290,244,799
120,549,1440,1539,1564,1824,669,1514,1265,1830,1569,1086,1760,1689,224,441,648,337,1859,684
1365,100,568,1225,855,414,557,1561,270,910,174,776,548,1154,1470,74,1805,430,903,1776
1480,1250,1472,140,990,1595,1263,951,279,1260,1648,106,466,627,27,1007,1534,935,157,1087
54,1034,670,1011,1339,357,15,1798,950,1296,9,12,855,1426,1284,1566,1828,1280,259,914
1844,1163,1278,1763,197,233,89,990,524,1781,1041,1289,813,255,1254,1752,1291,201,714,252
819,1408,1781,1844,166,1305,94,298,150,597,1160,1811,188,581,989,1161,1034,1088,848,1563
1303,271,621,41,748,1301,1132,188,15,1361,1275,133,1294,990,1180,265,540,913,307,337
198,1002,1084,889,972,913,806,1290,245,1275,100,1242,1441,1040,1088,990,121,1432,840,909
1242,645,1613,519,194,644,234,90,298,1011,151,268,1079,146,243,1778,1617,1730,1648,1804
1306,253,1242,997,150,987,1167,1780,1292,788,291,1018,193,1300,1741,1784,1145,1051,1072,1021
1705,645,1306,669,1278,875,1281,490,99,594,447,990,1817,181,1563,511,1778,1627,1294,613
1277,1824,1190,1804,1783,1648,1182,856,1290,457,855,99,641,148,133,478,268,1181,645,79
271,697,1823,376,665,1106,126,27,547,1277,1776,1757,138,253,465,597,926,1316,589,1741
27,1297,1242,402,1472,640,1303,193,1591,1778,949,291,1732,548,152,556,142,1744,641,1741
1783,51,601,186,748,124,46,1748,1137,1493,144,1415,133,1804,1262,1707,307,920,459,1292
234,1329,856,579,58,601,1305,177,1777,938,27,197,1296,61,1295,1547,923,1563,772,1776
782,875,1343,1255,87,275,1114,1648,606,1547,1778,1472,1574,911,1263,914,1187,945,1302,1290
810,805,163,909,1711,990,602,765,863,1555,1305,306,481,1306,908,253,1277,1029,1741,178
70,135,849,1312,1658,219,184,687,785,1295,335,1401,940,1426,951,665,478,1534,1017,173
306,1603,474,132,55,1572,1247,1266,1389,908,1044,1492,646,1358,387,1041,1234,1822,1783,1012
1396,1366,39,294,990,291,1525,1244,216,236,1298,569,1320,1300,783,100,92,1547,1840,1302
264,1811,90,1817,1237,247,78,937,898,1687,596,1268,1260,1307,1537,767,527,1265,1038,1688
1617,1757,1672,1032,1289,1081,729,284,1076,1100,1277,1279,583,557,1145,1686,1800,548,1297,1851
1780,656,1362,913,1282,255,268,644,1778,194,1347,1252,137,302,549,176,1684,1488,1828,321
1470,1073,1084,788,1115,211,1678,1732,1648,1535,568,1677,1098,166,1287,643,331,126,1804,1183
291,273,134,1300,224,157,70,76,972,1679,478,949,178,1406,100,1793,210,688,490,1051
855,1289,1777,1538,251,114,692,265,74,194,37,266,950,403,1648,656,71,252,1165,902
96,1023,1781,1533,1293,140,19,1285,1424,1128,311,293,1731,1817,488,203,1292,757,1566,887
1202,1291,83,887,264,1024,1276,936,1266,1564,313,415,955,306,271,144,1148,37,717,1585
722,93,285,1060,1302,283,984,849,1595,137,1281,918,1165,1190,784,112,177,621,18,296
1343,553,216,157,927,695,1713,1846,989,1478,1292,917,1648,27,1076,94,141,71,1279,1704
134,1291,52,1307,1164,1426,1041,496,651,1302,49,1220,85,374,1858,1839,1294,1587,623,497
52,1291,990,653,1159,357,1163,192,573,272,1778,677,1034,27,1224,1776,55,291,1307,458
135,1845,618,588,1291,1276,267,112,888,1299,443,1769,162,132,1303,640,175,4,202,714
296,1267,1083,18,1678,1550,1829,1215,1297,1045,1189,1144,1335,1260,1258,1633,293,302,583,294
1819,1807,1566,1584,171,1301,445,157,1752,645,1677,152,1237,1288,1034,1129,1551,1290,1780,302
598,1246,1327,181,308,1166,643,669,548,711,1763,1301,1084,1741,1346,1294,1222,1284,906,1830
645,640,1215,89,1528,70,459,25,93,1721,1207,1465,972,1085,1145,308,1298,641,2,832
256,238,1757,1409,28,474,187,109,69,1610,644,1302,1475,1297,224,253,1555,1144,1759,155
890,1040,1658,65,123,622,1741,293,504,1648,994,1291,955,856,101,1780,1581,1266,1150,1285
656,1658,893,855,200,1430,522,889,62,1842,422,467,1307,1276,1853,1612,1278,1696,1113,1513
669,856,1299,1290,1012,1245,146,24,909,1275,70,214,983,1703,124,500,297,1291,945,80
908,1029,1432,1145,960,61,1362,1822,978,319,1781,1323,1257,411,821,283,990,1697,1756,146
55,61,86,146,120,1267,544,234,1574,1189,933,767,1303,640,151,1403,714,1083,378,1830
65,62,1177,166,1303,1328,1234,297,1188,920,1155,1503,1076,373,286,645,399,990,1826,1601
1154,494,1301,1305,1294,123,1136,1094,312,913,1374,1472,25,1121,101,782,615,466,1573,961
253,908,1240,377,764,577,1425,258,1182,290,1304,1585,623,1838,1342,270,1291,224,1295,94
1294,74,13,192,105,889,70,1555,1035,645,430,1145,859,27,856,143,1732,1056,62,688
319,85,979,1225,178,1269,1030,1585,1198,1839,1838,1197,76,857,1291,1090,221,1648,1306,694
1741,1415,297,1770,273,289,1564,686,1303,694,656,697,1851,1611,623,291,834,1817,87,802
1430,1694,1432,1514,1634,1294,1277,596,681,37,979,1025,1009,919,1189,1094,1669,1303,1566,899
91,765,1341,989,1536,302,1008,80,491,1221,380,792,233,1104,1289,719,1294,291,778,315
1235,1016,223,827,35,88,1068,1561,1132,131,955,1266,889,1674,998,1654,1249,980,1585,1179
446,178,606,365,1580,727,12,451,1136,890,857,1188,1029,1260,374,1294,1297,1708,633,1307
256,1636,1818,172,1095,183,1125,540,899,960,148,374,103,506,1842,1278,882,469,1077,245
979,823,1299,1500,973,1648,1711,244,1082,1349,650,1282,1289,1374,406,1616,1610,1844,1256,208
221,64,636,1005,259,1534,1121,1648,1296,948,1139,523,1741,644,1299,289,818,1182,319,1689
1830,1843,1787,1811,242,1547,248,301,116,1566,1057,1286,923,1223,1585,1648,18,722,136,1290
1780,1547,1555,748,855,140,1295,298,1120,1293,1290,309,1301,616,890,1028,1441,1297,98,147
1099,1277,1728,623,1329,847,150,907,912,1087,1300,494,621,182,1837,973,1297,1062,1275,1778
69,1161,282,1062,562,1811,77,1298,1749,418,1256,99,1071,1215,990,1681,274,1183,70,1648
917,1011,591,1225,1052,1093,1374,78,1585,1607,192,1199,1265,1778,77,1072,1515,1817,1689,1249
190,131,126,243,295,1053,1744,253,270,656,374,1295,260,1000,268,1641,27,141,1303,919
990,1168,70,659,1276,127,1374,867,271,1041,231,1256,185,1189,855,270,98,277,1585,297
1029,1350,916,561,1634,917,1841,280,953,645,1160,1564,1494,3,98,781,1158,1279,1248,603
268,150,244,1426,1565,1732,907,358,1038,1489,186,74,1441,984,920,124,87,1158,1175,647
1648,1303,43,1555,260,520,993,296,548,25,1232,84,433,369,1295,1533,1659,424,1712,1561
1296,1218,731,1279,930,1719,804,25,1711,1277,127,201,598,1577,1492,623,1236,997,335,1751
632,1534,1334,1354,253,1714,990,120,79,1138,1426,1084,1529,1796,76,259,896,354,1289,889
1441,764,749,1564,1068,1305,233,311,1340,83,1246,490,734,1566,436,687,400,62,1244,1759
1778,1275,959,644,906,157,1372,855,773,1487,903,1188,283,286,890,506,1518,151,1780,1585
390,1846,109,1804,1281,74,259,1098,1091,640,1781,221,305,1145,900,1225,546,79,990,287
1295,187,860,473,890,67,967,1470,192,1686,1265,1303,1302,1062,249,1294,1198,243,1842,1732
193,596,645,255,239,1540,1648,509,845,25,27,1490,664,94,1604,855,1754,1589,120,1076
857,286,889,203,244,1277,1564,8,1858,583,1341,876,1426,915,266,268,1659,93,855,640
1092,1007,324,690,1778,1566,1462,943,321,855,1129,1847,1816,782,546,1706,198,543,151,1708
687,1824,1374,1564,588,465,621,106,1498,1166,531,772,1280,1011,1026,1616,129,70,1300,1555
913,1293,1642,170,460,1296,1093,1303,1304,319,1537,550,1674,553,233,1155,944,1810,1094,71
621,911,1217,165,931,50,489,417,13,1219,445,1555,193,1122,141,1061,697,640,41,1321
687,1459,656,1064,1228,1712,1040,1758,781,1306,1591,1691,945,1280,1289,652,112,86,259,1265
624,1463,103,1297,123,701,1255,1320,325,194,273,70,104,1852,1432,298,640,1712,309,27
70,975,1817,19,476,1839,1648,689,1297,12,1547,440,695,1136,1213,1843,1289,645,1138,1271
1007,1521,1776,749,74,1406,193,377,95,1296,254,1732,1370,1166,1700,677,1279,246,1319,1529
109,1279,1157,1811,1489,640,74,150,148,1752,1674,127,1470,296,25,973,1585,1458,1682,253
1112,1306,1661,1279,1552,1725,328,1283,12,1291,458,1778,37,746,903,246,1808,325,653,120
22,992,383,1094,1077,1781,656,1303,308,606,194,1165,1829,253,611,848,508,1249,1148,1225
807,1182,216,1591,530,972,514,1083,140,1093,989,1571,1821,1159,740,1851,402,534,588,1817
253,260,192,556,632,1326,907,1036,588,1277,1226,265,146,1555,998,259,909,984,659,651
1294,139,1303,1036,572,823,179,1276,1648,970,432,926,1325,80,280,1432,943,1302,1488,106
245,1830,645,1640,694,268,1732,1851,717,451,1291,570,1242,1294,1069,1306,1702,581,1244,785
1129,1482,1091,877,1277,1374,350,1780,1721,931,1276,221,1596,1550,1552,1267,1585,1811,277,966
903,1374,1655,856,1664,863,1752,1303,913,1302,186,1840,1648,1826,1830,71,562,1190,1297,1818
1842,383,855,870,1300,1247,1370,1546,1830,1183,1758,252,128,450,1303,1604,596,1778,497,1299
402,1547,374,103,252,287,1294,1128,1281,1288,1752,1704,1284,1842,343,1565,420,407,1778,1490
304,1303,893,787,696,6,639,54,1706,554,1306,219,194,70,74,1215,176,1696,1281,627
1261,1182,1279,865,1011,302,1566,780,494,259,318,123,1829,14,75,1227,303,1562,1783,1303
1701,969,217,1741,905,1290,1297,1538,1447,1299,1353,1648,1197,934,1589,811,1303,1294,1279,253
1534,75,4,233,1073,1305,145,1841,1304,1776,660,163,890,131,400,114,1278,268,219,939
890,144,1807,1374,640,907,254,1597,1216,1555,95,421,927,1305,222,1280,1093,177,1068,652
374,308,1534,98,1304,1161,1732,1374,1651,1847,281,256,1783,212,186,879,1296,1279,659,1639
992,949,25,90,1426,1752,1289,1695,1121,452,1012,27,1333,1076,1083,1280,301,349,785,1680
755,855,203,1838,679,1117,37,1610,911,966,1781,1547,1846,1476,12,1673,659,1168,1257,1780
176,149,1032,1189,1288,1182,641,589,86,755,1344,1581,1398,1839,1780,519,1555,1819,825,1287
694,461,1164,568,654,1434,1203,878,990,1744,1653,468,1783,727,958,1852,1328,299,1092,989
1116,997,280,1129,1804,1669,1741,1156,415,853,1285,1276,382,811,1123,1092,919,1372,1571,1840
692,1819,847,89,1781,201,1137,1840,588,1356,1289,989,547,94,361,176,287,1655,641,814
1288,176,1276,1822,1728,805,1734,1304,1296,1223,1778,1566,875,1841,1757,17,1234,1258,221,570
817,548,168,1566,694,1450,1163,552,1155,1680,1700,1160,1302,1306,990,1093,589,1669,1841,856
74,223,1759,654,1128,1074,1215,126,150,1500,1648,1585,1057,236,1011,1247,1278,1191,1626,1355
279,132,942,1498,256,1426,458,1804,1033,1079,1607,692,1129,1375,255,1676,87,192,468,1292
990,1278,1303,938,1264,501,95,1305,596,1280,1294,1062,1306,295,649,1042,640,820,145,971
119,535,34,12,1279,1450,1638,539,1191,1008,1294,1285,349,1295,129,1377,306,1120,1293,865
1085,1180,1036,58,708,1013,1274,1023,246,980,990,1547,1324,645,167,1714,816,1752,1086,1791
1182,1145,855,1294,1682,1585,1707,1284,1276,1568,64,444,1778,83,108,1821,951,1610,1088,282
1712,102,1700,451,1520,596,70,918,1294,1752,1289,1249,644,74,406,1073,1155,1280,921,279
410,1697,277,1307,890,1301,1158,1110,821,280,990,1295,598,275,246,1811,1290,51,1025,1303
1239,1221,1780,1548,284,1052,711,273,233,142,1472,1360,18,1280,825,170,465,1555,847,1317
1593,1555,402,640,1233,989,297,1034,1113,1307,921,150,1276,189,636,1542,509,940,1228,1301
1660,1277,1690,990,1300,1805,1414,1293,37,568,1669,1411,1585,27,1732,293,907,1432,1364,146
302,135,1845,624,271,308,910,1763,100,279,1119,293,1104,1082,829,1095,497,890,1294,26
1521,1072,1658,1243,1655,1197,1291,990,566,1841,1074,234,1472,193,645,640,146,219,980,895
1329,268,490,1187,541,1808,1280,819,290,990,92,623,103,339,1534,1842,943,1512,621,1289
137,1712,1294,1761,1776,139,640,1299,669,1851,1839,1040,152,1739,656,74,403,163,942,1290
62,976,70,1780,688,1018,1243,1789,1294,1147,1549,1376,890,856,1591,220,996,1307,1119,616
284,101,1266,1613,293,1174,1595,1306,292,911,1147,1855,915,87,156,21,97,1839,217,108
1154,74,1016,151,1426,1680,104,126,764,1701,1289,1306,772,316,973,302,245,1744,327,743
1127,1657,1741,294,244,1247,1303,1852,1529,1840,973,127,253,179,857,1320,746,1293,101,1783
990,1566,1415,201,1292,596,1095,545,946,1130,337,848,1289,908,1277,1343,700,934,1362,88
475,505,725,1720,235,124,1262,1550,749,328,459,1621,190,1533,245,1297,1290,1809,1659,690
1270,1278,561,805,77,1266,644,596,1126,939,694,835,1585,1320,79,302,1230,244,1157,142
110,1027,690,1741,935,990,1493,596,296,436,1585,105,257,1305,531,190,1732,285,129,1472
876,1372,1804,962,1086,25,1752,1284,1756,142,1585,1280,563,88,1141,1266,1547,396,764,1297
568,1306,321,1374,1145,1732,146,950,1830,82,942,1701,1648,348,114,1223,1276,855,1523,1464
1731,1578,1804,1806,1281,1257,921,597,383,1012,990,1018,1143,126,950,1127,233,793,1295,1343
1278,155,70,1266,1780,312,987,1343,1345,1016,1307,474,1234,645,384,1296,1821,12,1703,1294
1306,1296,1544,374,1751,1278,1781,1811,50,1248,716,533,945,457,189,142,684,9,1741,1711
1172,1703,1595,620,1651,697,1135,1037,1045,129,1687,246,1287,430,1265,1749,1145,1839,158,907
1292,83,1486,1426,543,1842,896,54,1340,990,1087,568,1299,669,657,1752,1789,484,70,354
1809,1040,1811,1776,1187,750,144,21,1741,98,1783,221,1280,1839,685,176,591,942,1276,1294
94,990,1250,1711,1292,1824,760,296,540,1595,709,150,677,385,645,1150,1781,1252,1566,1306
412,145,213,1752,1804,1776,101,1426,166,192,268,182,1184,121,1064,544,1555,640,944,90
868,1279,1839,1584,780,403,1305,58,1289,25,1470,288,1266,361,1841,785,88,374,221,1040
1563,1076,186,19,1767,176,875,1642,531,90,149,337,1305,255,268,707,750,257,1426,990
832,1462,94,911,586,1585,25,1489,792,1704,1373,114,538,1289,458,640,1266,1301,1426,4
669,88,1186,234,133,472,363,163,1227,1727,653,1281,246,90,1615,552,1248,1284,907,767
909,12,1526,424,1392,1030,1040,1295,1817,275,1139,93,1756,990,1648,890,1276,68,103,1036
292,1297,586,766,274,55,312,990,1136,984,289,561,1018,1564,245,1302,1277,1805,23,1291
278,1821,1289,1303,994,990,1343,1585,1832,613,1109,306,835,1752,580,1374,1040,126,62,1141
142,1290,548,459,1018,771,305,221,653,901,1584,1064,1329,171,1293,70,1281,1276,1182,395
291,725,170,74,475,105,1159,372,1534,832,1564,1263,1128,411,1169,333,596,845,484,872
1301,1712,1266,296,1648,94,175,1157,1783,1547,1284,914,37,1818,1721,990,209,907,644,194
1182,1279,1123,642,494,78,665,256,244,1306,1302,268,1778,1688,1278,1015,1281,758,1555,1266
141,140,290,1277,572,1789,179,848,990,1074,1692,1303,1534,445,259,1076,1304,872,306,1674
1368,912,137,548,1648,186,1284,857,1298,1778,23,1039,1488,203,990,245,98,119,1426,669
1804,1776,1272,914,981,1284,178,671,525,1564,686,1305,1092,135,1119,549,488,1249,1224,1150
1776,993,835,103,1320,176,1805,1096,65,1276,354,1302,73,1648,221,376,596,985,106,687
1299,374,167,1279,328,1776,1278,1849,990,1741,1230,101,1432,1174,189,1712,1555,1348,1130,602
1306,1585,1247,1295,1277,756,24,42,1367,156,1067,1554,1648,1223,1290,82,1241,459,1449,157
1242,177,185,623,1694,645,1374,1778,1296,473,1426,1280,1294,244,1289,1648,1183,1306,1307,226
1706,60,27,942,907,1181,811,596,293,478,1487,542,830,1547,746,926,1299,1160,844,1789
1364,1554,105,1470,1238,222,255,1306,1265,1076,1293,307,1294,58,1038,374,39,1139,1741,1722
1302,245,1294,686,1285,155,907,1547,993,603,235,1804,1237,1711,1648,25,1752,656,914,918
1781,309,1585,80,1741,1240,1268,317,1307,424,417,265,274,129,64,223,1282,1426,24,1829
1294,1182,1472,1281,1374,758,1099,1432,1101,1359,1235,1741,990,1285,697,74,1033,292,199,644
275,27,1741,1752,1239,954,345,137,1124,1246,126,259,1776,1306,54,185,1076,1278,1547,1840
1290,1243,1223,1648,150,1181,1020,509,353,296,1138,574,79,686,1280,1723,1817,1680,1289,77
1566,1302,104,855,967,1353,1492,1781,1677,1783,1415,1224,1242,142,1304,282,1712,669,1245,300
1778,1291,112,1824,1830,377,894,1752,1513,175,1018,1574,1118,61,1115,928,1566,1034,644,114
1457,306,819,36,1250,383,54,24,386,1695,1285,540,50,833,1817,608,1279,1159,417,134
1440,1454,121,1585,290,1781,373,1566,1426,913,1082,87,506,573,1210,356,128,1253,1255,176
1354,712,1847,136,929,1830,1648,881,1182,185,78,1064,700,1811,1342,1678,357,1349,75,1565
1689,5,656,1278,488,27,1297,200,1470,1302,1292,1534,640,1036,1108,87,1566,1434,1693,1741
1859,1287,1251,74,284,1689,1648,1188,296,610,145,132,170,63,1661,101,605,1198,754,1161
1279,1284,717,823,855,1021,645,268,126,1249,158,1148,1778,214,1524,881,292,633,936,1176
149,385,1291,1792,177,155,1249,1297,1014,244,286,291,1265,1555,376,1550,151,1091,656,1748
249,1086,430,764,1291,83,1165,254,73,230,70,1247,921,221,1182,506,8,1516,598,1741
292,873,383,1522,1476,1374,232,1280,1400,1551,95,1293,1840,811,1783,487,1778,291,179,1278
1160,1696,1564,1187,1016,148,1805,284,883,1136,1279,1702,903,262,306,1326,48,1293,750,1266
596,1607,1304,1678,499,1459,968,381,1841,121,1191,1824,279,1374,1130,544,1145,23,731,302
1629,189,155,87,491,1098,1088,645,1301,70,1423,1648,749,1741,527,1305,49,346,915,919
103,300,1752,265,448,1291,1206,1853,520,294,914,603,1295,1695,199,921,1279,1220,244,1648
1760,1265,356,499,914,1306,177,93,98,1367,1374,484,589,374,274,23,27,1211,1426,1533
1819,969,159,1091,940,893,1041,1294,1223,285,1076,845,1014,1550,1818,645,308,98,725,1675
146,390,1292,1162,1076,776,1304,1219,1720,1534,820,823,880,1302,639,282,167,1278,1566,1045
1539,1778,253,1136,1045,1841,1534,956,1071,150,501,596,1498,368,61,1112,27,245,258,1253
789,303,954,1136,531,265,360,972,674,921,45,1199,12,1503,640,14,1314,1566,1555,1445
81,1036,1182,1225,167,1271,499,1018,990,1303,229,1073,857,354,221,1830,23,459,222,1032
71,855,1863,918,194,1183,243,286,872,1113,1737,1181,1007,1596,1839,58,1278,967,219,1148
927,466,90,1844,917,713,193,1745,1550,285,1145,962,1284,990,190,1361,938,912,764,955
1742,915,286,640,1802,1289,596,1215,289,945,291,1210,1534,1292,1781,1536,480,1094,407,1817
1736,1566,582,1265,1627,872,1018,1014,81,588,794,270,297,1285,1423,76,7,89,1741,295
1304,27,1307,1320,1604,588,747,601,297,1552,1559,1819,274,1024,25,81,1294,51,975,1703
610,1294,376,907,321,105,15,1778,1279,1296,119,1524,1097,99,928,479,990,77,133,465
4,954,1301,1285,892,1290,978,308,1393,1088,291,1299,192,1284,849,1085,122,1468,656,856
1662,1490,1303,1305,104,1547,490,379,37,1362,1752,963,990,1853,167,1301,1277,1805,152,1270
1163,1578,1271,292,103,1287,280,1266,1555,74,1564,1276,1188,294,780,1778,1536,1839,1306,479
1015,1136,133,484,1026,90,1824,74,470,612,152,1737,87,445,194,514,1614,1566,201,1112
983,1176,912,990,1305,146,1240,863,1333,25,262,88,1844,1595,134,1697,1302,694,1307,65
864,1276,1776,1555,1348,1234,1839,1741,1074,588,326,478,641,1282,1306,1168,860,1299,1795,1754
1566,383,1562,857,316,3,1290,1040,70,425,998,132,138,666,1238,1122,280,1177,898,1741
1566,80,1224,1537,1426,1845,175,88,713,91,1718,989,1273,1281,1546,1740,670,1863,37,177
133,926,430,239,112,70,568,1026,989,16,1351,90,1677,479,137,1783,1125,531,1374,908
104,1182,1320,85,1711,1294,1426,1776,220,1580,953,723,383,255,965,179,27,1213,1821,101
1648,346,598,435,38,99,92,958,1470,185,766,1113,402,944,284,361,1840,1305,1566,70
1303,75,1294,1547,1304,1298,640,1326,1801,78,12,1167,877,687,471,1852,672,1272,165,1682
1830,1290,1726,358,1032,37,819,165,177,1188,289,937,1162,430,279,1024,1036,936,1302,1277
1752,1679,1608,1136,1783,1445,1207,645,855,852,263,140,1394,374,1490,798,630,826,1284,763
1257,374,1595,646,1798,1191,1657,1681,940,1689,1530,1268,1069,1844,540,1535,1625,273,656,1303
64,1782,79,1296,1679,194,192,1752,1289,1337,568,1852,1532,1538,309,1099,636,1550,623,1305
1698,1238,406,265,1000,1159,1183,1305,135,1372,137,942,1819,640,1215,151,1817,93,1143,1075
1237,990,1625,12,1720,1296,148,1833,1597,1184,1256,23,1651,1503,760,1807,295,37,481,129
78,949,807,479,1752,1279,312,1566,752,1041,192,190,258,1125,1668,918,1367,1815,1830,947
294,270,1544,324,1550,355,253,1298,1843,1276,88,597,588,297,1585,993,1294,1291,1297,1207
1627,1044,176,742,478,1188,1811,397,1432,612,62,155,1090,1276,1700,1388,1804,303,704,641
568,321,934,193,76,1660,1850,907,623,1469,167,1781,855,123,75,1026,64,1294,27,127
596,92,165,450,190,1695,989,928,488,745,1175,290,1066,12,907,981,1623,1752,698,1682
89,1167,1291,139,234,1354,374,1076,1648,142,1318,536,1278,1243,1009,1302,363,1142,1239,1279
1099,556,261,905,1154,1222,694,1354,1276,266,937,1035,1174,1300,992,585,903,1305,1769,1711
159,133,27,244,1281,855,1648,1543,796,445,1292,258,462,1534,128,23,112,403,156,643
175,581,549,1845,1295,1151,1631,88,277,112,1824,912,1298,36,1216,1289,1156,1285,617,975
275,912,202,1195,1839,71,1799,641,889,1694,491,424,1285,112,1507,1395,1242,621,1216,813
1244,27,1306,1249,1477,593,1692,1266,216,47,1245,1861,1550,339,755,519,1187,1303,566,913
1298,180,918,200,305,1583,1274,1256,177,163,3,1036,1339,1819,1294,893,294,165,723,1783
1804,123,1555,1247,1205,115,849,476,281,1648,1844,1780,1282,1778,1374,1299,1301,856,787,478
598,588,1157,1216,1423,142,908,914,1811,219,1294,670,989,25,1373,288,707,1741,920,217
1155,778,1019,686,1296,1087,151,1288,1476,75,447,524,568,1741,1686,1013,820,920,913,245
49,1780,754,1101,3,169,88,207,713,1269,1689,1145,90,1018,1679,130,504,1513,1764,263
1603,49,712,228,1840,185,1276,1586,1266,1233,639,1093,1040,150,415,956,1323,273,280,139
212,1306,1840,664,1280,128,1761,1303,813,81,914,1756,25,1446,1778,82,656,197,1184,256
1102,22,1060,188,1311,1187,146,1780,623,1491,1305,1053,1257,1811,1012,1115,1294,326,1555,596
956,1821,714,1409,466,12,169,914,1826,228,8,1305,807,1753,1547,610,1086,902,1712,1741
1216,1285,1686,1374,417,909,156,862,973,989,1217,79,94,1501,135,289,1267,1292,1071,8
990,1153,1819,1722,1137,1409,1041,151,1778,485,822,1703,399,1011,1648,1303,1645,504,1304,74
1021,1259,1702,1726,495,1841,901,640,98,1546,1188,923,155,1257,656,1722,1228,147,289,1772
1564,1640,893,214,1306,1292,1741,94,645,996,1055,106,1555,190,1295,374,1781,1093,407,1294
748,146,1299,1615,93,855,1290,175,1821,1489,1002,1295,22,100,268,1861,1804,1840,1702,478
944,1299,77,149,1296,357,856,319,903,1304,312,548,645,1444,1566,1126,1555,596,194,1303
1566,29,1349,864,495,956,1584,879,943,1821,1122,1034,684,117,1718,577,128,1375,142,1229
1129,1291,1585,1092,1741,1720,292,1008,178,990,63,1307,274,1693,1437,309,160,875,1290,846
1284,15,795,99,1410,12,93,1148,890,1145,430,1288,615,422,1266,1279,1307,1182,1582,865
91,1094,1686,1149,469,1303,274,253,1119,268,1276,921,1145,33,1296,820,1534,1563,1298,1237
568,1550,252,885,137,1490,1278,808,21,1819,119,915,1301,525,1643,37,288,1007,1822,370
625,132,263,692,306,101,1433,745,553,32,1302,968,648,189,1372,1454,1306,1426,156,581
1841,1182,1123,856,588,1188,1294,128,1694,473,1284,1780,1257,914,290,751,1201,640,1432,1291
1804,1102,1669,35,1457,733,1680,998,1273,1180,133,1279,1302,83,1648,1101,1792,1585,931,760
955,1321,1073,1740,1257,644,508,1780,1804,1783,195,918,1277,1289,98,1161,1811,771,322,1299
1490,318,1546,223,1062,949,297,1289,579,74,23,494,152,1685,429,80,1585,816,12,176
1589,1566,174,1681,1778,1810,103,1361,1073,973,1718,1230,1752,902,1094,129,374,1289,122,74
990,1304,665,1307,21,128,376,802,918,855,64,912,1570,811,572,1566,1415,1712,1115,1284
554,913,1301,1658,1306,80,1633,1492,1182,1076,144,263,950,811,1804,175,1207,1537,119,422
1721,305,220,1073,926,1364,1279,1248,1277,1294,845,1606,99,766,1289,253,1296,1145,1567,6
1863,1276,1292,1009,321,1675,1584,725,1824,122,1136,1075,70,1564,1693,255,1298,1289,1290,109
246,1830,1552,1847,1231,1182,1566,73,1409,1289,960,890,1174,589,188,863,1303,312,763,1290
90,1537,1105,861,287,1648,903,1165,348,1348,524,1257,1374,1752,1839,1783,909,669,636,430
65,164,285,908,1145,905,661,70,1129,1660,429,1123,1116,103,743,43,1733,901,1547,588
1289,27,284,992,305,990,279,1291,1548,1564,459,596,1074,1372,754,1307,25,1296,23,666
1284,1298,91,381,669,64,1550,863,130,261,621,779,312,1297,940,1680,1126,1033,108,1541
1840,253,1555,101,1084,990,1859,1228,1292,480,1147,856,152,39,725,1778,684,1119,1472,273
918,857,551,1841,393,59,1802,1374,1640,469,823,1266,301,1523,827,1645,1852,832,1285,1294
584,151,1294,975,1651,1299,1305,61,855,148,891,1071,903,785,1302,745,478,343,989,1188
1488,440,643,856,149,1279,36,1094,292,1297,1448,1307,695,1659,113,1374,308,1534,1432,635
192,1131,861,901,1534,628,681,1776,478,1115,223,1304,1245,1778,1182,1014,308,571,341,809
1233,1276,1293,1545,1544,294,100,911,153,1550,1129,1494,907,1068,1097,863,1851,103,1711,1284
1421,1294,103,1851,1280,1191,1774,1426,88,1123,27,307,1307,1585,990,70,1303,1472,1488,1704
96,1853,1112,1688,1239,775,975,1595,411,285,1612,1069,1778,1028,857,1299,1780,173,296,811
1491,890,1055,1374,571,535,1521,1855,1475,1564,645,1282,1145,598,224,1292,1293,462,759,25
476,312,1649,1290,507,45,1426,509,151,275,91,459,1191,1103,289,1648,694,144,1841,1470
58,860,1409,1309,1548,76,1294,1284,928,1303,680,921,1305,954,1017,913,222,121,483,748
403,943,1328,359,302,1040,1472,1176,1303,1182,913,745,1086,270,639,1290,229,1291,252,901
935,1550,1074,309,1741,890,1279,85,569,1117,908,1306,156,623,1007,903,430,264,1420,1728
61,1226,1184,548,615,121,1210,945,1648,807,190,274,659,1386,453,1216,902,1289,863,1168
1292,721,776,1041,1841,1278,1305,1694,1115,1285,1348,1566,64,596,1248,96,136,276,1067,1653
872,1182,140,1142,121,914,889,1312,1689,1472,94,305,1177,1294,87,193,1145,1268,1432,1279
1775,1305,1375,879,1302,1036,1483,79,1566,424,1298,1804,992,23,1285,907,244,1585,971,767
1187,585,568,1101,1741,193,1777,85,953,1302,1016,333,241,1284,1,773,913,1294,1222,126
296,278,696,1250,1432,1298,1778,536,1374,1162,272,1074,1028,1094,1296,1071,766,387,1305,1772
1563,1285,466,1279,778,1257,129,1276,889,309,1804,581,67,509,1228,1669,1490,179,1166,291
425,745,90,877,1804,624,645,1816,303,1534,1293,1585,1263,1748,640,1842,1182,277,684,1426
297,1306,990,1699,760,1380,462,3,417,61,1748,1741,1035,1277,1415,1424,1294,1784,203,957
747,80,476,1780,1797,112,1712,568,812,253,1480,1725,909,257,914,1112,1806,390,928,918
976,234,71,1290,508,1021,1182,1247,202,1721,145,253,296,1648,374,509,1574,304,1139,891
178,1199,80,244,198,1691,257,985,1280,679,1585,759,82,1547,1840,268,1090,523,855,929
220,1136,478,642,907,958,1291,1147,204,265,160,159,66,1328,1361,1711,1564,1307,1409,574
220,139,1585,1300,1305,889,180,506,1817,1296,160,1841,194,1276,39,821,114,1374,478,1294
1488,909,1294,652,855,301,166,587,990,234,1741,508,1334,1839,917,1306,1277,588,1566,219
1191,307,1639,568,245,1811,1547,1559,284,907,485,544,676,1387,756,1727,257,178,62,188
254,453,1657,1022,1470,1276,199,1054,382,1542,349,70,98,875,903,179,1467,97,1543,1804
1063,465,1811,1751,1274,457,415,1292,642,640,221,1297,382,1819,1188,598,1595,1088,1307,1146
189,1307,740,1106,1476,1187,997,772,643,501,503,1555,1209,145,423,989,642,1328,198,325
55,1155,244,74,253,1489,2,1017,910,103,204,1225,1009,296,840,1686,1273,643,749,255
1135,1741,1644,277,1507,1042,1353,1034,1819,1343,767,977,952,1294,646,1266,1375,1259,598,1595
253,1108,150,136,901,26,378,878,805,1827,1217,1032,1564,1294,1778,1084,596,1256,1830,640
1300,1279,1197,1534,1802,1415,644,166,929,113,459,1490,1199,1392,254,452,234,1804,1741,1655
74,1759,59,861,418,860,878,1694,661,1426,123,165,1291,855,194,1284,292,1585,105,1154
1142,1811,1538,1266,60,1243,1158,165,1271,259,583,180,1415,1752,1182,348,1051,1088,1711,1700
148,1221,64,193,245,56,1491,1741,88,344,1522,1294,1284,196,1534,855,1654,95,821,809
1305,1307,972,615,1847,1346,1290,915,164,219,1683,1648,1071,139,416,1426,140,1288,428,69
990,1161,52,1277,1164,70,1804,366,857,632,144,647,815,438,430,1566,1041,1084,903,27
1518,37,1250,640,1297,432,486,1259,1780,1289,1690,26,280,904,1585,538,1642,1094,190,83
1648,1130,1372,142,1659,1297,641,296,382,1809,1276,1585,1811,1736,1681,1145,475,485,1146,1288
890,943,995,433,1741,1780,921,1266,728,12,144,1258,1278,1294,1306,1778,984,1307,1293,23
718,640,129,1280,1585,66,945,1164,681,78,1036,261,955,1052,188,1282,782,1781,1432,1811
221,833,1441,990,1648,1824,1302,1207,657,1222,70,1455,302,1158,1840,220,914,167,265,1717
308,121,1566,185,65,1041,1280,303,1648,306,131,145,950,669,670,1276,1032,138,1306,405
1278,340,1096,912,194,1537,1519,1267,1178,990,1290,854,24,759,1271,1374,288,213,152,263
1049,1085,1354,1187,469,176,909,1189,1846,1566,1279,1682,1075,1166,1257,1040,1686,1844,306,166
977,1776,1819,1305,1088,932,713,993,1492,644,264,855,176,156,519,1191,1844,937,890,1162
27,581,192,52,1244,149,1294,908,1058,1113,1284,78,1293,1298,1236,615,25,1566,1839,1051
1013,1432,639,1183,1084,1552,1819,1097,646,265,1426,710,540,202,960,1491,263,12,1780,93
428,18,96,1776,123,68,1741,645,1561,1648,1071,260,376,88,1294,164,268,750,1134,1284
855,382,459,1566,782,1161,1648,95,74,1290,284,1182,1183,1277,802,1295,286,1140,503,768
727,53,253,199,1804,1436,148,1218,1781,131,1783,1679,841,1279,890,683,687,833,1775,377
789,1141,1564,691,1173,1291,1783,945,684,114,1155,569,1014,1301,1752,16,1136,445,939,685
1154,1733,1304,379,1200,190,377,1009,101,1470,907,1289,1778,1741,1326,989,645,1584,91,74
564,921,536,1418,646,1648,773,74,783,1041,145,136,470,1472,302,877,233,950,194,691
1279,1374,1291,1128,70,1232,300,1536,1073,9,403,1285,1842,234,491,596,542,1258,1306,277
1778,990,286,1114,1307,49,21,59,1330,1548,253,1426,1206,1275,1648,291,642,333,1804,123
485,478,1306,1781,103,1804,588,297,1778,1418,863,1277,1333,1723,382,656,1374,877,1292,77
1128,1092,1781,76,1780,415,306,1147,1432,1534,934,328,1294,70,1752,176,596,541,1804,189
1125,642,91,1821,623,1669,536,1732,1258,268,1811,124,150,494,1299,1277,1007,1298,234,775
260,940,128,119,1308,855,452,223,1776,1111,918,990,1303,717,902,1566,1289,86,633,583
462,1230,1761,1301,1733,1648,1132,658,23,245,1295,1278,733,666,309,1199,1043,857,570,1101
197,278,382,1353,27,1830,1067,23,584,1041,358,893,686,977,1740,1289,1839,968,1306,845
1282,479,640,74,1245,198,1701,213,1547,541,1292,991,223,506,305,278,1677,1294,1180,1811
1183,307,1432,70,1040,228,244,65,1282,476,132,1123,1307,1780,656,1280,1029,1839,1648,833
1409,968,1315,867,54,74,53,901,1307,64,48,956,1294,1327,957,1276,164,1683,128,990
94,1265,1247,665,1498,349,1248,492,1205,1294,990,256,1583,1804,25,764,1281,21,1818,1323
1741,1088,1373,1555,1306,1272,1155,1801,1240,1248,273,493,1780,194,1043,1680,1086,1135,466,74
890,1752,135,1306,131,307,1284,173,1088,665,74,1564,1138,354,188,284,98,1369,1432,1290
1028,892,586,1781,1298,1276,769,1648,1161,179,85,1804,647,212,190,888,785,108,1302,154
478,265,1147,695,1040,79,835,16,615,1285,1041,114,1781,1018,261,644,1205,1722,656,379
813,27,953,1567,1811,1260,152,264,425,202,712,1548,1409,902,1188,1851,1781,990,1579,651
1132,804,789,1070,1233,1817,1301,374,512,84,1741,1415,987,857,1284,12,640,1033,1290,123
644,1343,1168,1426,224,1741,1150,1648,185,14,1027,1297,390,568,83,409,1778,1285,1191,1811
1092,427,25,818,917,459,27,288,1284,1248,1041,1290,1040,259,156,1084,982,1351,1076,134
1074,765,154,144,1183,1664,1585,978,509,374,201,1289,212,1648,990,103,376,1417,641,832
834,1294,568,1115,288,1292,1768,1345,632,921,185,727,70,1271,1232,1843,1842,1011,1279,91
75,1298,70,1741,1757,870,938,126,568,1279,1752,1817,1585,128,1018,1683,279,1839,549,465
256,286,1623,1694,1453,535,104,690,1780,677,133,1651,1741,1182,1811,747,979,496,1463,1276
219,487,950,1303,65,861,990,1811,1732,603,1787,1068,885,137,1525,897,1648,1564,166,1223
1480,1074,1819,1301,27,1490,1277,1741,645,697,995,1296,952,1552,1853,135,1294,1307,762,1073
1238,1802,12,1558,990,643,1712,1333,1282,18,492,312,175,890,268,140,1305,128,1130,507
74,341,1271,1648,1844,697,163,645,1804,181,1234,855,108,1586,1842,260,1151,1819,1173,77
289,1558,1752,921,1533,293,437,1584,1490,1123,112,1780,1245,1203,966,1595,596,1384,436,1129
1216,1732,1374,645,1183,1426,1344,1760,1780,548,4,1279,1014,706,189,134,1430,920,1691,1584
18,911,1818,123,1811,478,1699,290,1298,1289,270,374,1293,243,1585,306,1584,945,291,63
811,875,28,1846,1691,1284,1019,1115,49,1266,857,156,336,1470,1824,1595,136,1409,1648,1076
1449,1472,729,1585,1234,97,1307,95,200,1533,766,494,12,934,1711,1776,1498,1305,907,325
402,990,1292,699,268,1129,144,1130,194,123,1160,1295,131,1701,967,1118,197,1593,70,596
1233,1472,1807,1374,1318,1028,1841,1347,1278,857,1302,137,677,430,114,931,457,1303,1680,93
1256,1280,905,1172,127,1680,1655,165,1183,459,877,335,724,963,137,292,914,430,989,947
1850,106,1155,874,1250,1365,1553,1320,122,1282,212,1811,1242,1426,136,890,1055,845,1564,1267
492,1453,234,133,532,1,189,415,1305,725,596,268,998,151,1089,705,1298,1307,1293,99
101,303,1534,163,945,1780,1855,92,265,1306,79,189,1666,1804,117,1821,1071,1303,399,1623
905,990,1306,202,925,167,1288,1175,1292,1498,554,1616,944,694,1415,1312,548,287,880,1564
1064,1053,1426,751,1091,114,100,1854,1294,1297,212,523,696,251,1251,1564,861,1585,1290,656
335,1762,1250,1096,1102,1175,27,1301,1555,1064,22,1741,1369,70,1306,1291,1791,1804,1298,548
748,1380,287,1711,1294,1243,189,943,24,1561,1775,644,1574,1309,277,504,1026,254,76,907
1787,1139,1215,784,1266,1827,1741,23,1289,901,1648,94,1432,855,1776,187,1291,377,1592,768
1426,151,322,596,1851,1654,1598,1566,911,1592,577,990,1279,259,1776,1374,12,1564,27,1372
855,1415,645,214,266,475,203,257,374,1296,579,1759,1107,1598,1299,1780,1288,479,990,88
1284,177,568,253,1223,1393,1280,265,1783,179,75,1251,117,1277,1289,1305,1293,415,884,1407
170,1213,272,1214,253,469,286,193,1054,1291,11,946,1546,1807,1466,84,1068,165,1804,1802
1294,890,1547,203,4,1303,695,967,1486,1741,93,1804,406,1039,941,908,218,1,522,1285
1711,273,1175,1648,1183,1223,920,1266,28,855,1695,1769,18,1306,1857,1112,885,645,131,857
245,1732,639,809,70,1145,403,363,475,470,149,1141,1778,1384,253,531,1220,1028,181,1071
1076,1770,223,285,540,291,642,1192,715,937,180,993,1305,12,855,950,1088,645,1173,1536
1372,526,223,1741,27,415,74,335,257,460,312,1692,944,1648,1833,1230,1289,1544,1306,713
1017,147,1158,1183,1281,259,152,1472,1304,22,76,790,1298,1426,501,264,12,490,1296,1343
990,488,1276,1195,878,1294,1409,1648,1764,843,274,1780,1161,39,1803,1243,1817,1034,1162,945
1288,256,1732,1841,1552,1242,990,1441,1811,1669,313,1145,270,1376,1518,24,885,36,1108,1300
1147,1760,823,65,980,1749,971,1547,346,1294,296,1702,1154,1020,1426,294,745,1781,1282,657
259,1018,1034,165,212,1282,1863,1275,623,1347,1176,71,24,1650,1332,1023,1278,1804,194,32
921,120,644,45,1032,105,195,185,94,150,258,1770,1752,1288,1236,1592,1784,1312,88,596
64,1378,308,990,890,244,989,151,1498,114,1555,640,1294,1140,1320,5,554,1502,1024,1235
1752,1851,923,1290,474,1623,1278,641,1228,1115,1280,1299,1212,312,988,856,99,361,1284,562
282,520,1306,190,1580,872,1305,256,596,1473,88,1263,1040,1374,1475,990,525,1294,384,1297
1406,1306,1188,923,553,651,116,98,700,1132,901,1741,220,1536,1544,855,1627,390,563,1296
1307,135,918,77,1442,142,1123,1701,1789,1353,78,150,568,1843,823,233,574,388,1281,112
219,1292,333,1689,579,1019,1115,1278,645,1549,281,1303,506,1169,990,548,478,1306,1069,81
213,470,1193,1299,1199,1425,1840,1034,193,1146,1009,234,1189,1307,395,1094,1024,717,1843,1842
656,478,1294,1432,1347,1171,1487,1648,72,1585,75,1741,1293,549,80,1331,256,259,108,260
1076,93,1198,1307,1305,1819,1163,1426,1654,1278,1496,633,1374,1292,1285,266,105,1067,960,720
1544,1839,645,778,1041,363,260,1102,919,1859,1364,1333,1569,1819,1741,1776,1233,1700,1092,279
1271,990,77,479,1070,268,411,193,1818,758,70,1534,807,1279,134,1555,589,1470,1231,1291
46,1228,197,129,1282,322,1289,1277,1180,1081,25,1012,1694,1265,833,307,268,1855,1296,1387
108,302,424,1800,70,568,98,1041,128,1778,27,1712,1038,1162,1821,656,1783,55,1015,1258
113,3,290,1099,1472,1804,1182,376,16,1732,908,914,1423,93,104,108,911,990,382,281
304,1855,573,1307,534,984,1294,1752,147,740,487,886,1741,1720,602,523,596,864,1302,1686
128,990,302,126,958,1022,1139,1125,1778,1669,1155,656,1338,549,1222,200,1037,131,189,1134
1773,1226,172,1333,1747,1498,41,860,1286,1280,186,1810,244,1058,601,1470,1546,325,1800,640
121,27,371,1279,179,1357,1303,775,1237,1076,1840,1741,849,150,475,455,1306,1310,963,760
1237,862,990,1566,1839,615,1290,1589,1581,1257,915,105,70,1732,1074,637,1163,740,254,855
913,1607,632,697,147,1790,1856,1395,648,7,669,890,470,1710,990,1306,506,753,1780,263
990,1213,93,245,847,243,167,1844,1783,1277,1472,292,573,1819,777,150,1112,1008,1179,1248
1441,1276,645,1051,1540,1136,641,23,748,1688,1279,74,863,1752,100,1364,269,1566,990,321
1125,1830,645,1528,1839,955,1417,1173,1109,909,1773,1847,374,1470,61,1761,890,134,27,1285
1741,1306,1211,1753,204,1546,1079,292,640,1266,1415,134,707,1301,1305,21,1302,1091,90,890
181,1615,1302,1566,1303,796,1344,656,166,1204,86,618,141,605,1326,1280,603,117,509,598
731,1307,254,990,1105,1372,989,1757,245,1440,1225,176,478,1199,459,853,37,1426,1230,1158
1353,641,1276,1804,245,219,1301,1272,1123,1741,1552,285,91,267,1860,596,1012,194,1566,1293
1288,640,259,1542,169,1418,1776,1727,1525,1509,1783,83,1249,828,298,659,202,99,779,958
1752,647,1299,936,1091,121,1208,1306,1585,1232,1804,1848,270,293,845,644,1269,1123,1278,271
1248,723,186,1259,1374,1295,14,302,895,479,411,1017,1544,760,734,87,1751,715,189,642
524,193,1306,219,811,516,1292,1067,1642,1757,1778,1535,648,257,825,833,909,126,1242,23
463,1290,902,574,845,1780,1299,1565,1281,26,853,151,269,484,534,679,79,280,643,561
1566,1776,1053,1582,1746,907,1294,219,188,1564,996,1804,1091,142,1183,855,22,177,268,1595
285,179,990,1345,1543,1689,1328,202,1836,510,1118,280,1817,257,1703,714,220,1277,1374,984
695,286,856,833,133,1774,223,518,969,1776,273,1770,386,809,165,1426,275,264,1739,1026
1306,279,1804,919,1367,1183,1547,588,990,117,1087,309,1326,123,430,1839,295,1847,253,1774
207,253,1432,1463,1230,1462,1804,1191,965,752,1300,1282,203,1290,1839,348,356,1374,285,553
126,1809,189,641,1534,39,658,1290,1537,1527,1192,1294,807,23,644,1366,78,1752,207,1467
253,1781,764,499,1150,523,1534,1307,305,581,1553,325,1028,40,786,27,36,1606,1055,1074
1265,1607,1544,589,1032,1190,1426,621,180,221,1280,1552,163,296,636,1293,740,919,576,590
862,112,656,223,798,79,1343,1163,1778,1526,669,890,1341,284,525,496,648,1780,376,273
1600,1188,178,147,1851,1539,1566,132,636,1301,931,1277,494,987,536,1700,1712,1629,545,953
259,540,1073,128,1076,1040,287,1303,309,166,1851,990,1111,737,1819,6,911,1839,1244,1566
440,358,25,105,1080,1470,1038,204,1257,52,890,1712,297,1021,424,1631,1681,1265,1697,1731
717,1778,23,856,1305,1531,1648,274,989,1271,1114,1183,1296,1418,1290,1321,1348,1295,1847,395
1027,1566,166,93,623,610,572,106,1284,264,855,1741,425,17,54,1555,1301,1280,1409,1490
39,990,1236,1266,1431,285,905,275,266,1543,1426,68,720,596,254,1643,1275,1277,411,1648
24,70,773,1598,81,104,478,1024,15,20,1426,990,1603,1683,581,1199,1778,923,1267,1239
1688,1754,267,1776,1328,116,1706,192,1218,798,1741,1231,1732,1851,193,338,1819,256,1680,105
876,1076,916,966,1555,131,154,1448,1784,514,561,754,1648,1504,1566,1304,1279,681,1811,918
1802,91,254,1524,1516,778,1289,137,166,986,1320,1811,1280,1616,1145,1268,505,253,94,1312
575,1290,1030,1307,156,302,1804,1409,1368,77,695,80,1566,1277,917,857,640,1524,1297,1525
614,138,1276,1202,95,466,1839,296,1776,278,1531,1604,1844,1510,1566,169,1278,128,989,1289
180,146,728,1289,770,285,972,1302,305,1029,856,990,1409,985,1547,788,267,747,51,819
1278,1566,1188,1129,1017,640,1306,1298,767,459,857,190,311,322,4,304,977,613,1287,373
128,1306,93,412,843,77,645,1314,1307,1522,173,265,1374,680,152,1050,1688,910,430,246
1086,1680,1161,700,333,1571,1781,1076,33,1062,1282,1303,271,126,77,1279,1195,1216,656,1171
1712,640,1087,529,832,104,1278,185,1284,176,290,243,1307,1085,46,1276,1290,645,1724,74
1718,1298,452,92,1842,901,103,1426,1349,1257,958,415,992,928,588,669,1076,1279,1265,757
1700,1092,444,1617,1432,990,1780,1294,1277,411,1293,596,398,943,1785,912,1094,645,1287,164
385,1770,1570,1182,1300,1709,286,1804,1107,461,61,1141,1304,511,433,70,166,83,1082,343
36,1662,1595,307,151,1279,1245,198,374,1730,478,903,1197,341,855,1533,1305,1280,1585,1302
1198,256,1804,260,163,275,1749,377,747,165,802,382,296,1532,1096,813,656,263,175,1669
271,243,202,1542,1213,1669,1229,1304,501,1289,93,47,563,919,1367,646,1776,1667,1112,100
1741,1697,874,1235,1388,287,596,165,1545,61,806,245,1263,248,928,1830,24,82,490,645
261,1182,1547,1298,1781,25,1805,541,471,538,820,1490,1566,1301,1788,1246,579,263,974,132
1295,1162,1741,1307,257,1093,1566,167,780,1743,85,1303,74,272,244,1727,583,135,402,94
1059,1739,1268,363,1555,862,133,621,1817,1296,1266,857,1097,1426,27,1374,703,1534,1041,190
367,185,21,1246,1694,74,1648,1280,524,1547,1077,636,1696,1572,643,1182,150,848,695,1653
83,1207,337,1648,1550,1036,401,101,163,1073,278,1520,713,240,251,277,1299,1208,148,272
575,318,176,1752,1741,642,274,665,993,21,985,1401,70,1304,289,304,98,1815,1690,1218
455,23,1778,1276,819,1432,252,989,73,92,106,1052,1271,535,261,94,74,990,245,898
1302,1188,1436,1432,1269,1284,74,1753,596,645,489,610,1476,1279,1711,1769,140,1146,1281,1626
268,1524,1598,302,1288,27,1279,1294,1303,855,1242,1433,1426,509,1284,645,1298,943,1749,1281
1282,58,1829,776,1288,996,1220,1584,588,74,1547,1289,470,1718,1305,613,261,1051,910,722
1811,1191,1780,61,755,1741,70,1069,1564,1669,1558,1022,1409,695,1760,151,976,740,1659,124
1294,999,1235,370,1297,1280,1804,1374,139,1306,645,169,1781,941,191,762,1799,1764,1296,889
105,1470,1776,84,350,185,474,1703,1250,623,267,261,233,857,1804,1209,1294,655,1555,134
74,713,550,919,1292,1280,802,491,596,1536,814,219,1294,856,233,294,374,1398,749,1303
804,430,187,478,1538,1804,984,1705,1819,1648,561,1566,1287,1293,890,1282,105,845,997,374
926,130,1502,990,1073,1432,70,902,433,1752,1277,1472,166,291,1409,687,296,1080,104,862
1409,1041,504,1064,1703,1370,669,1306,336,1682,1765,159,937,528,1092,1291,1727,19,1783,645
640,901,202,745,1230,983,84,1290,494,285,1512,219,514,55,890,1178,1305,1108,1073,27
903,1748,1076,237,1711,1374,1784,27,768,288,725,84,314,1752,1301,484,1818,1295,271,1131
488,930,893,656,645,108,1374,1282,1536,911,937,99,11,113,1771,289,1307,1289,487,275
851,1819,1585,1294,359,1291,540,164,1741,1287,25,887,1550,415,724,71,1694,1648,669,323
827,1804,1306,320,1674,1706,1112,1828,114,148,129,433,695,1420,1044,1654,1455,1149,847,116
952,531,568,151,261,990,381,278,1258,989,426,656,1853,347,1285,194,322,1642,967,1216
287,568,962,596,990,118,1190,966,1303,1256,1301,920,589,283,1478,475,1583,1690,1494,1666
1296,293,112,459,1840,1076,1284,1430,1084,1221,478,1232,302,1034,1278,589,1752,540,867,1182
1741,269,1441,292,1265,1257,905,686,1154,274,147,1404,1178,402,117,1238,1277,934,877,1290
1160,302,430,25,71,467,736,321,1280,1129,121,1830,1790,1305,1568,1694,1732,177,529,96
856,324,78,1153,76,1305,1279,345,895,93,1294,442,319,1094,989,691,804,206,12,640
990,306,825,74,907,275,178,849,176,1380,1778,1752,955,596,1741,1294,903,1108,1293,966
1564,811,1555,897,192,244,348,1279,1182,845,581,578,618,1679,1307,1354,243,1426,645,1783
1145,1266,860,1296,1306,1563,1303,64,1781,1302,1228,474,1554,1555,990,1804,1472,651,1830,1285
264,1621,244,20,656,1372,1844,1489,535,996,1048,1741,275,1306,1291,281,1138,1697,209,266
1300,167,935,98,855,546,100,1093,1599,221,838,1744,473,1156,299,1038,1691,1296,1280,1573
908,1175,1752,1280,989,282,273,912,807,1296,1148,725,505,1299,855,1521,1151,1675,1305,649
194,928,865,1036,1543,1306,908,1294,1182,1011,1305,392,1,1183,1441,296,297,86,1275,317
1500,121,987,340,545,1155,1119,1282,1778,1801,564,793,1851,1458,1303,1712,1041,1123,1360,494
1804,135,876,291,829,598,694,260,723,947,59,288,334,969,793,914,16,285,805,1306
681,674,74,669,441,831,1163,1585,49,506,1688,808,1156,952,12,253,1026,1421,1016,1223
100,467,1013,459,132,1188,478,1328,145,1207,36,694,1701,1132,465,290,59,1704,523,1603
1565,1692,1282,218,1294,273,93,1062,305,458,669,1847,121,98,140,621,223,645,1583,1405
269,450,294,857,1303,93,825,1564,642,514,341,1819,480,1296,1426,509,1675,427,990,890
985,1702,1035,890,883,990,1290,104,108,90,1780,1267,255,1585,1197,911,1112,610,889,133
64,269,1566,922,235,184,641,1279,1082,3,1840,1280,163,1783,500,1722,775,1296,1421,1367
1360,391,1303,656,857,983,1819,1839,1470,12,1761,1299,923,623,574,1034,238,374,1426,626
1334,1291,1182,859,1276,174,1051,182,105,493,1551,1040,101,1472,1302,268,1279,1330,257,1640
1335,1523,299,221,1684,12,1260,1065,999,1285,253,27,1830,1658,707,1277,639,1276,740,1296
1459,1752,1566,636,1017,643,1122,268,200,1589,644,1160,1421,278,1853,79,1804,888,1741,806
101,1648,579,1592,147,1064,645,179,1268,479,632,574,517,76,857,1417,293,621,475,639
