223,177,70,69,291,792,264,1565,1182,890,555,159,74,152,1161,370,1246,453,1426,1281,708
12,577,990,727,1585,1245,134,858,339,902,623,1461,1564,660,581,632,267,857,1294,443,176
21,245,1400,192,1017,1150,76,1700,167,1557,27,399,1372,1741,79,1441,308,1534,1374,233,1288
1112,823,1432,1266,254,1276,1289,900,1449,297,1088,454,883,1728,1270,421,1082,1290,596,357,1277
939,1781,1182,1720,45,1068,1126,319,1483,1578,140,317,1811,713,1343,990,917,1303,436,955,1356
821,1076,246,70,717,1853,1839,1162,1374,1415,1269,1566,1266,1280,917,323,648,1780,385,596,1555
223,1564,1780,1155,855,221,1585,1426,1306,1200,1741,234,732,1681,78,294,410,201,1732,995,1721
1518,776,1297,1740,1811,1191,286,229,691,152,139,1275,95,1156,1291,1301,1741,1289,1761,258,984
1432,186,1013,219,1305,1183,273,289,1116,1290,1585,642,1306,1300,914,184,1688,1040,987,1374,1304
1306,990,1293,1030,1158,1291,656,1148,1163,1279,1266,1819,1300,1049,903,308,93,430,541,1804,184
1250,1305,253,1246,1534,1160,271,74,1819,181,1472,487,296,1846,51,1156,825,1800,1712,552,527
18,1240,1783,1190,1490,1847,1269,1844,286,1396,908,1585,312,448,279,1383,950,671,1741,961,892
1029,468,1183,1579,27,1426,268,1306,382,267,302,244,167,1279,1132,293,64,1566,1278,471,725
136,1281,1107,1333,27,1776,125,1076,1121,279,1254,855,856,141,516,999,1777,607,150,163,431
389,1276,1305,320,1006,819,990,902,188,1595,1372,1727,220,286,688,1087,1501,395,195,1728,1544
1160,39,1648,229,1127,1680,751,273,1741,1566,27,1811,1449,724,1463,1284,950,784,808,1132,902
1684,641,1844,1278,441,1189,1511,1778,1780,1432,996,478,1843,1064,121,101,1045,596,1305,697,848
114,768,108,74,511,1692,1436,406,382,176,194,1781,243,1297,223,846,188,325,944,1776,677
1811,952,233,194,1494,1007,1204,254,146,262,247,286,1840,1544,1585,1806,1470,272,1679,1040,1354
1846,1011,245,497,1174,1719,1221,1040,374,407,1549,1038,1684,132,1003,1711,700,1467,209,1215,137
1374,1550,450,833,1290,1598,1679,862,1780,7,989,27,1805,1285,419,1279,1282,1648,439,1301,1112
97,25,1564,407,1631,325,259,641,911,1182,540,27,1595,581,640,1299,1778,23,1534,699,123
316,1689,320,1304,1235,383,1183,1550,103,1247,231,175,1141,1408,444,1571,1303,855,1285,1353,1275
1792,1154,55,382,1036,1303,405,729,278,653,1290,146,1289,1757,759,900,1555,1285,1187,992,223
990,1160,1680,101,890,1283,1005,970,1242,64,1752,74,917,986,228,857,1276,920,1041,1295,1228
1511,1566,652,920,573,1305,151,521,279,262,478,701,1187,1564,1267,1208,290,101,192,940,246
1301,1513,363,484,197,1003,571,889,1824,928,1191,717,1293,94,181,1472,509,256,43,1711,108
1795,408,1566,145,1142,1418,1197,1076,1119,151,937,1470,610,597,1612,112,1690,1307,961,1858,166
614,1592,867,291,1103,1257,863,1137,990,100,474,1677,394,1804,1817,69,641,913,1741,1164,782
898,1036,1280,1052,24,181,148,1841,1293,645,1780,772,943,87,256,1432,976,281,287,83,139
953,1648,840,427,1426,21,1601,1300,504,137,1294,327,1799,1106,264,1374,285,1840,148,1804,103
909,1805,1280,1298,149,915,1344,103,1227,1382,1294,1839,1150,630,1297,1058,1322,1518,259,918,1780
79,1301,104,1838,645,755,274,1256,126,1696,95,192,753,270,1719,615,1293,1291,689,235,648
1086,1301,1013,1751,404,1307,1741,12,159,921,1815,151,156,140,596,1318,325,253,494,1781,1319
1284,295,1276,188,1769,1295,1280,645,16,537,474,1519,108,1740,349,235,1807,1374,1199,241,1846
945,1229,1201,1811,1092,1686,145,312,1659,411,466,99,990,259,274,1278,1819,1250,989,1167,700
194,872,921,127,260,1648,1076,46,220,203,866,471,1073,1470,1108,245,175,27,1041,645,1276
1666,252,590,1845,596,259,1648,190,623,1409,819,274,1780,1306,123,640,910,945,1840,725,990
562,1149,1244,222,1732,509,1676,1116,1504,354,120,1618,101,103,505,1071,1280,914,1080,430,1307
989,350,287,955,1341,945,950,85,1301,271,1844,562,1024,920,407,235,1156,1272,102,579,909
1804,1007,1271,151,194,103,613,1306,124,975,1844,855,568,1182,1223,913,1681,49,290,74,1038
58,1326,81,978,171,1498,645,1804,459,71,310,877,192,1084,179,989,718,499,1708,1226,1426
1280,178,1188,100,1041,163,1555,1648,642,1332,568,573,327,1040,166,1307,1276,604,407,663,1145
424,902,636,1445,284,459,1741,1151,476,1291,857,1294,189,79,1304,1306,128,1076,1804,415,1457
221,1365,596,805,1265,43,279,1263,1270,1114,1259,1195,514,1711,719,531,24,1086,1291,128,1498
51,1125,148,1817,194,792,86,190,1300,1349,1042,911,201,907,1778,70,1278,1073,909,395,1305
989,1296,1840,1279,1230,1123,58,9,1683,1830,645,1677,1566,1301,1811,480,990,640,1585,1172,672
1155,175,823,411,723,140,991,450,1294,162,25,1133,244,1022,1302,93,917,1307,838,177,1299
1292,841,1101,1132,975,1757,165,886,1485,1778,1076,1403,259,1452,727,1256,1426,265,1689,1747,129
298,978,1645,1173,1741,1748,74,749,1527,1737,1356,1564,193,1284,462,1174,24,252,234,610,1842
379,293,854,1305,967,1290,1281,372,911,1741,640,128,1279,1719,1258,330,1783,192,1488,1276,1256
503,516,1552,1525,1798,1409,648,990,69,833,55,253,225,1092,203,1095,1064,1564,640,1566,484
1648,257,216,166,1737,99,1182,1306,1432,1302,640,1019,146,1853,74,1389,548,893,138,1291,1711
1097,1281,1472,645,1182,1585,1477,184,1283,279,27,640,779,1306,133,1300,1580,956,1804,246,1332
91,972,855,197,1276,315,1566,134,990,1585,992,688,152,289,1243,1277,70,1188,1297,1741,1722
320,967,1374,1565,1297,1274,1276,257,1298,221,990,396,574,1839,293,262,1280,406,138,855,1741
1258,374,285,117,1354,0,1836,1839,645,913,1290,1502,819,113,80,25,889,1040,878,595,1305
833,921,1119,670,1470,1182,266,857,1240,818,1597,1748,1074,1694,665,1818,203,1237,1821,1276,1732
1778,598,265,399,1111,1292,1374,804,1564,925,138,1073,1182,451,103,656,1774,661,1418,1804,1290
981,176,903,244,627,1371,749,1490,1276,735,1326,807,417,1723,299,270,1676,1296,1249,165,501
889,424,1358,574,488,25,773,1284,1298,1839,1277,289,282,1824,735,833,726,190,1108,457,856
268,93,1804,1488,7,267,1792,523,849,452,989,1188,1000,896,88,997,749,1344,128,1534,430
1585,1093,219,495,982,152,1741,146,1781,450,195,1811,137,1293,1086,1289,306,1282,1284,760,399
1778,1307,74,1149,385,49,1607,1566,1543,106,251,430,913,145,1182,746,989,312,1721,1298,990
1572,1301,79,1121,1783,459,516,640,145,685,1677,1685,1295,1602,1085,972,1722,989,441,656,1280
1764,1421,974,863,478,1085,157,707,1804,1278,78,1518,186,1851,268,1291,295,953,941,204,1585
1300,1585,1292,273,1405,1269,693,71,312,687,890,1198,243,112,672,1076,1653,481,1431,1285,1130
646,1327,1817,772,1307,763,1648,855,382,188,1780,1585,184,1191,12,268,989,434,251,374,727
944,1248,934,1145,911,181,1265,1654,881,1847,1306,503,1176,1778,452,1234,151,1154,1513,1307,606
739,74,1295,188,890,106,475,914,1034,25,1124,1781,192,672,365,1113,1276,253,1304,1242,27
710,684,597,573,1306,990,1199,956,754,1783,1303,866,1426,1125,596,156,1099,1818,291,917,92
1490,1648,354,374,1846,1712,393,451,1574,1285,598,895,1140,306,1191,59,1093,1326,619,1194,1188
75,1660,1648,681,1235,83,1036,70,10,1426,608,307,1276,32,290,1082,603,540,279,490,1432
997,460,821,990,1243,1757,1307,1675,177,1117,1851,1009,909,165,138,190,1164,1550,1555,1821,1260
1279,1290,138,134,873,1305,1136,66,1711,382,669,1853,1819,1744,74,1390,1674,1374,257,789,914
1080,1277,1316,49,277,1811,1731,25,1303,1139,1425,1289,647,1228,1302,284,1112,1223,1295,1063,100
917,890,1811,1420,713,194,1485,1271,12,862,1840,74,91,150,1780,1266,1426,136,128,1297,1235
1830,507,428,694,509,1114,1297,1021,1290,913,1694,1303,1819,478,1188,1094,1603,1640,63,1102,1278
1300,1808,1374,1559,1778,126,1305,102,1097,1741,855,1426,296,135,71,1296,936,55,1288,1030,215
625,220,814,1585,1818,1374,256,570,1016,280,1279,374,1360,1068,112,1712,138,319,966,1798,996
716,605,70,1016,1804,1830,1839,821,335,1276,1160,656,1741,1280,177,285,931,1104,158,1062,1443
1426,1297,27,1005,1307,1545,1229,1292,356,148,993,1790,114,1280,302,76,467,151,643,1731,1728
890,1278,1182,639,1312,9,50,901,1297,192,990,106,277,302,1291,911,392,1565,74,272,878
1176,669,374,648,1245,379,1844,245,89,1701,1648,1276,7,120,1417,1811,1293,475,934,74,87
245,1463,1302,1566,144,966,1851,1138,1778,577,918,1564,127,1752,221,1557,1245,921,1648,1109,1040
1276,536,1415,1287,1704,1741,1064,259,945,75,377,411,1662,57,1277,12,1707,1811,1270,1298,81
990,1802,1770,184,653,548,63,1026,1424,459,717,1582,1277,669,945,1778,253,1801,87,1314,1287
6,24,75,454,1239,70,186,167,656,18,830,1804,62,1284,654,374,649,1050,1280,1300,1034
70,1804,1285,1304,1648,645,1183,1176,1280,440,1108,984,1301,1172,133,1250,791,99,1306,1811,1160
126,1804,1204,1281,1295,414,73,1489,1566,100,716,196,1182,1145,234,1355,430,898,115,1279,1500
181,94,1302,1741,1697,251,1643,119,1382,1585,1279,197,226,185,1108,70,37,1015,255,952,478
354,1374,290,1783,1844,325,1595,1302,152,1357,990,186,1781,1836,1152,1811,1030,980,1819,30,32
1297,1592,641,1145,1130,1426,989,1689,290,950,792,990,529,1859,1173,1302,1113,1755,645,71,1781
1420,1837,1778,1302,1041,484,284,270,727,1701,1280,675,473,1017,1689,151,268,1341,245,989,1796
697,1235,192,1677,1305,1343,298,1752,753,1300,604,1275,1193,273,213,411,1307,96,863,1581,909
165,1819,763,1851,924,1711,1555,185,202,1190,133,1292,1585,989,1027,194,1188,1546,1584,1350,1113
1188,824,1840,1190,293,1752,1184,1026,202,1839,259,1850,1837,1376,139,1804,1284,1302,478,1125,1230
199,1132,288,43,1280,123,1776,1635,1211,197,307,1383,1473,1621,1305,855,478,83,272,1284,299
1123,596,640,1301,25,193,1326,1547,1130,1338,83,821,1585,1224,1277,175,1278,1182,1404,459,1249
823,1284,1544,1752,12,1040,403,819,176,1112,1675,1018,1489,246,129,570,1302,291,594,175,1809
656,304,890,1432,179,478,444,1279,1303,490,1524,795,69,308,1804,219,1566,1160,1179,204,287
1546,1603,1777,1257,855,296,1851,1539,176,935,100,1339,458,1783,884,1752,489,284,1276,990,1138
1819,568,357,686,635,137,389,1304,1748,234,571,254,68,722,79,1157,890,86,1029,23,1566
845,270,1417,1132,1518,754,1740,857,1566,1305,350,254,1783,1752,49,1303,984,1299,321,1534,1295
694,1084,896,1279,1369,1818,644,1247,1426,126,1302,1290,1657,1510,308,268,740,27,1687,1316,1012
387,1291,1022,640,1290,1564,1068,545,156,1400,790,1426,310,1256,93,62,1228,1106,596,1183,25
990,764,46,1139,1123,919,1507,377,691,823,165,71,497,1109,417,596,889,1781,1580,890,1155
1847,1138,1448,636,1289,770,1338,1097,1648,581,645,327,220,101,1580,255,478,1382,1291,72,684
1451,1276,1354,1504,34,100,138,127,1574,77,1290,1752,495,1279,841,1585,219,17,1303,88,61
1746,993,1029,773,374,279,770,122,1257,61,193,1406,1489,138,261,648,1302,1863,1843,1491,1854
927,948,166,1139,396,309,1303,1235,859,257,154,290,908,1724,1232,640,987,1626,644,1304,1279
306,390,1294,1432,264,1088,610,1305,1279,602,1298,1550,1732,1289,1228,259,1248,1681,1688,267,1366
160,99,776,1285,1605,1295,313,273,263,1853,235,523,1783,193,1223,267,1668,1432,640,1298,1563
1566,990,1293,1472,1409,163,1564,1296,1281,1290,285,335,1640,506,431,1847,1417,440,1282,266,1029
909,24,1564,931,106,1183,654,268,253,1271,272,1303,950,1294,1195,279,1220,1830,478,3,259
119,1787,911,1648,1711,1305,656,1658,1128,596,433,10,917,1801,16,1374,862,1246,228,772,1306
655,1469,1568,596,1805,1741,124,296,1681,24,669,1069,1781,25,177,1830,1298,1179,1770,1696,1294
1585,797,811,352,1224,855,596,990,910,1851,1777,613,223,356,1294,909,1845,1182,385,1840,24
1488,1804,1287,478,1757,1593,1275,1741,25,1018,1728,544,1299,1160,1019,1301,1752,1276,1285,1199,984
627,137,636,1840,241,1294,854,1778,37,1304,603,276,990,485,33,658,1303,1752,1235,1013,1741
204,495,1472,433,694,1802,641,1372,1291,1328,1299,1082,490,1680,686,606,1585,1687,1284,333,1737
531,1182,1242,151,1719,1623,752,1250,333,1295,311,590,995,466,1585,572,1089,509,1306,789,1584
1648,1051,139,43,1093,1279,165,1304,145,1742,725,293,274,917,1237,263,925,1307,1292,87,1305
62,192,1113,990,1426,1741,530,312,1279,64,1149,663,1591,136,1034,1056,947,707,133,65,1564
194,1698,855,190,1098,1279,288,176,74,23,1569,68,1648,295,1303,776,1182,1226,1151,669,142
1266,174,1685,1333,1839,1144,89,255,1487,1759,1584,1798,1811,1306,267,134,128,1363,1278,139,285
285,1279,1426,258,1301,1141,303,81,1282,1417,1643,1591,1669,557,1783,1675,1112,253,114,193,1306
855,1732,590,1035,814,154,88,179,946,1151,1291,816,1374,1830,99,1568,1094,306,1542,1842,1266
1088,1076,264,25,1296,1838,114,1374,942,1278,298,917,990,1266,126,1295,918,125,1776,70,664
1103,1547,25,1555,538,890,1711,1238,1084,877,901,68,24,951,1802,1291,1298,171,1182,430,1489
802,939,669,358,1204,596,867,1090,151,245,1555,1761,1811,1552,119,1032,1853,584,966,855,952
335,198,1150,1041,760,1585,1298,1555,1302,320,780,105,798,1291,686,178,164,1348,572,623,177
1490,178,751,64,1297,96,890,826,224,656,128,1566,1748,939,1108,602,598,415,103,1298,1764
1174,66,933,83,1863,596,120,132,58,268,162,284,576,1479,955,100,1076,1279,866,1276,1158
1285,1369,1648,81,287,451,145,1534,1601,1304,899,256,1284,1839,1819,989,65,1374,1193,298,642
1605,615,1711,1839,498,1160,1112,1780,24,101,1252,1082,291,1189,639,318,1470,133,1304,1307,1305
259,1289,987,1780,1741,39,1426,936,540,1040,855,415,1303,144,888,284,695,747,921,222,1518
1304,181,589,1789,1301,1289,1335,872,175,1566,1804,287,1432,641,1409,1284,1436,1443,1780,1022,920
287,150,1156,1265,970,1833,492,180,1276,784,890,1568,224,94,98,875,1102,444,592,88,65
1648,1741,1547,1296,935,970,1257,185,1064,1268,856,1013,1678,1360,142,1472,1718,1009,1457,596,1253
1774,445,1294,811,1343,19,1846,1270,257,1138,1566,261,1704,971,1622,1524,1302,74,1225,415,78
1589,1688,381,950,27,989,71,1374,319,1744,642,131,220,23,1304,1613,729,1173,856,665,99
1294,1210,520,1780,99,1783,976,1296,1138,134,1689,1776,1534,1282,855,139,598,382,1778,1327,856
823,1281,1295,1029,407,1036,1276,853,1648,1028,430,297,1279,1277,1084,1240,799,570,1397,1707,596
1298,1240,68,1245,1303,1113,1611,623,896,101,511,1076,1741,1153,1014,136,282,1432,310,78,1374
70,1674,1294,1293,1463,1301,190,832,1384,193,573,917,1282,1191,855,1566,1269,1374,179,294,185
1448,1088,1669,221,1307,502,1545,1260,1729,1783,943,1303,1544,1291,1804,1819,152,982,1302,855,1021
1384,1426,379,1680,1279,105,1182,1566,1689,112,324,57,653,990,1741,1565,1242,1412,918,269,101
26,1347,80,1298,203,941,990,1251,1182,319,1173,768,1817,588,478,1192,27,1801,1555,891,1432
919,1490,1430,1155,1706,144,164,1549,1036,1675,1295,1585,1712,1289,1293,427,1068,1148,220,1182,94
1529,1091,968,510,1853,1811,1819,519,875,1690,494,1472,1187,1371,248,274,989,887,574,1566,1279
1655,1078,296,1798,588,425,1085,1242,1152,1783,1520,206,288,358,847,1266,1294,1374,1158,987,1094
1787,58,1189,943,1811,1036,240,1710,616,24,75,572,622,1298,94,450,1158,907,1290,190,1104
1297,1694,1197,1076,1760,1281,321,1372,1296,645,1299,145,327,1188,1777,399,550,1257,106,260,949
263,98,856,142,253,1741,1503,937,1307,508,1585,763,1426,588,1281,192,1301,1545,1290,74,145
526,929,1165,686,194,459,644,1291,1843,1284,1797,1752,234,450,1741,1303,54,1097,1841,221,792
657,1220,1101,451,80,1302,1306,1548,890,784,1711,1781,1018,166,86,1540,1604,1278,284,70,1573
1585,1276,74,1261,1183,989,1307,775,145,1811,1007,1708,77,1292,642,478,429,990,1085,1301,1581
295,212,830,1677,1068,23,1285,624,660,285,1855,131,1136,568,725,910,1307,89,1306,1852,990
81,1686,641,958,83,1284,519,1855,1302,1580,1304,1804,147,1690,690,1648,441,275,1538,508,806
1296,669,740,1681,950,635,1082,1258,1612,1679,192,1279,816,1547,504,867,1837,123,46,1782,967
1014,1817,1113,289,953,583,70,1500,415,90,1294,1291,1150,496,948,77,1734,691,1171,517,1832
1301,1640,989,100,1426,71,112,1215,1291,1108,1178,565,1838,191,900,1175,1776,990,690,475,596
1374,1566,579,713,1182,1778,1041,262,1432,1298,1094,1706,903,197,779,1263,1093,1819,902,1839,572
855,1280,1301,1298,1183,914,141,1207,146,213,128,641,1565,1787,190,913,1712,645,1218,989,151
1343,760,721,1076,1374,4,708,712,1817,625,1182,569,613,1304,18,1075,920,644,875,1816,1165
12,1188,879,630,1592,1566,1603,914,649,148,643,1712,267,1432,1804,24,278,1648,1220,1032,984
500,1231,997,188,1203,821,1566,1799,956,484,1555,1778,382,1305,1336,1811,908,1820,1470,1689,1297
845,86,1842,741,656,1276,641,776,1307,1234,1454,279,1564,477,1289,248,915,1427,1720,143,123
490,343,201,283,1729,1355,1183,1585,1853,535,1147,1282,509,69,1034,990,250,779,1294,303,890
1296,1415,531,197,244,387,192,119,1765,1345,1620,1625,77,1804,1084,975,939,911,609,919,23
752,361,1406,1051,108,24,151,1490,83,373,1307,1298,817,137,51,1305,915,1511,648,1299,746
586,857,120,1051,1128,23,128,644,503,1276,728,93,535,49,887,361,1304,530,1289,1267,1068
118,1374,1182,1189,1249,261,1783,152,1829,1787,1851,1323,1732,1417,1311,1015,297,1752,1076,907,233
470,99,1829,1711,911,1648,1030,1304,297,1757,640,70,913,902,935,966,855,493,1564,906,432
1564,1689,1741,1824,919,928,1595,24,1749,838,1682,952,1789,1278,1056,1585,841,1293,487,1295,1817
865,1824,1303,1432,1294,645,1291,93,981,1188,1479,752,26,580,292,88,1304,656,303,1071,1705
489,104,1294,1783,1804,245,1303,192,382,1290,1421,1401,25,531,1853,1306,1648,1617,285,856,190
1328,712,775,1242,1821,95,175,194,669,674,1470,1815,990,1760,621,1840,641,1608,26,106,398
660,113,1726,1620,1076,1294,476,640,1014,1004,1293,917,1305,292,1513,1830,683,1225,848,1498,1555
1774,573,452,828,177,253,1128,1547,1528,835,1276,530,1121,784,1554,321,478,1294,1838,423,917
1778,129,1648,1299,1281,1341,963,977,142,1721,1191,801,25,1426,1307,1147,334,434,1319,342,1811
1704,588,1544,289,1383,1697,579,997,1148,185,1778,1120,1368,1296,486,478,921,1426,545,76,1034
1809,93,1064,380,151,1432,1687,65,990,6,1409,325,1294,907,1426,1197,310,1113,321,963,1016
1228,1564,988,772,561,1761,857,1424,169,1205,244,685,186,178,1694,128,936,588,1555,568,148
1839,644,79,1233,1041,1728,1130,1306,1263,478,616,354,1353,1748,1564,983,599,1296,1811,893,1014
836,1470,1013,598,1792,1140,1553,863,712,253,70,900,1648,322,956,1033,1426,1806,1304,877,1306
440,957,1275,1279,1648,889,1592,989,1284,1270,82,280,1778,987,1599,1780,325,1804,1807,574,834
572,296,656,811,1741,1648,1544,1232,990,27,568,1306,418,890,1299,1376,145,1128,855,679,140
621,358,140,1550,1648,1839,1711,1144,1284,464,285,855,478,1291,1298,1303,83,1071,1276,1805,459
1268,955,1305,54,898,221,11,1108,1298,979,1516,965,1032,1780,1783,1306,120,219,700,1617,1348
1596,28,1293,1672,833,1555,412,273,1855,151,1613,661,814,98,865,1162,284,245,176,1282,1566
432,1547,647,1267,39,580,1844,93,1222,195,1491,644,648,589,1792,150,1049,225,498,157,1294
194,980,1225,133,645,1049,974,281,241,1294,1828,1555,167,104,1121,548,1307,642,145,573,64
640,1326,1056,1426,265,18,1518,1741,579,126,1804,912,272,1289,563,690,1742,1266,1297,1695,1839
1290,474,1264,1121,1284,401,1101,1741,646,561,516,151,407,551,1804,642,607,1076,898,1116,176
1188,136,78,1770,924,1432,1741,488,878,607,1585,260,484,94,915,256,1851,1470,75,265,1250
1278,1566,29,990,91,1811,1703,302,1712,178,1289,848,283,1368,640,403,1721,330,1138,645,1277
890,140,166,686,268,1303,257,1732,1284,577,907,1269,194,1547,1780,274,943,1510,219,689,1778
1585,903,197,146,1294,1658,914,1648,459,1355,151,1277,303,953,1307,120,926,603,1306,1292,279
862,1307,37,1293,596,1737,131,1704,1020,608,1184,151,472,1074,1041,1783,1277,1541,656,1675,243
939,1758,1294,640,1680,77,1673,571,159,193,25,1328,539,289,1279,1169,74,69,1685,1029,1282
1279,990,720,644,641,855,120,934,128,62,1855,1819,935,1778,1596,1780,27,1695,1610,1545,23
272,189,990,1538,1271,1819,640,893,1660,112,1585,911,1365,1279,221,1303,570,1409,928,1739,624
1082,74,197,1675,1751,1294,1840,531,1617,1307,246,901,179,430,129,1269,1566,1850,1780,1798,855
1294,399,875,1741,1752,1595,1839,1273,1158,294,113,1588,219,422,1279,1105,1698,122,990,1242,484
1648,914,821,1042,1227,1566,1550,889,76,113,1076,1748,1280,999,268,58,405,566,77,135,1294
911,1228,70,1289,1281,316,279,1093,1826,972,1814,1175,1523,1260,980,691,430,949,1261,1105,497
596,1305,331,590,476,1545,1676,929,138,1529,855,1118,1386,1299,1554,957,90,756,198,1279,1303
279,285,1547,1321,298,602,1290,476,1564,822,944,1778,1297,1263,1563,140,1256,1150,1296,131,991
244,1736,1277,1196,200,25,819,934,77,1862,1297,1279,164,283,994,295,1388,132,1533,321,134
465,135,265,1122,121,617,902,1084,1372,222,1844,1305,867,833,740,1145,279,397,725,243,541
70,746,1762,1300,1036,833,365,603,1302,1279,944,284,279,278,1487,1270,1502,1476,1280,901,383
108,1078,1094,1657,452,595,1304,1651,308,1165,1307,1305,377,101,1376,640,990,1013,1266,1316,862
1289,726,1270,1299,890,114,25,824,1426,993,967,1279,1277,1284,653,610,590,1787,131,1005,1861
157,645,1207,1752,37,1223,1555,1332,998,855,475,1640,1284,244,122,27,276,1789,669,1280,1490
1622,1307,589,294,296,1108,307,1678,222,133,459,829,1228,807,1768,1279,568,1290,1374,244,687
79,981,457,784,1752,25,934,1798,990,1714,1296,488,1281,855,1141,113,700,1246,1166,1394,553
88,1681,1839,272,1278,1302,1064,993,1545,712,117,268,25,1853,1299,1279,640,503,1843,1183,101
1284,1573,785,1294,1036,1007,1277,139,74,645,903,859,1783,89,1680,1248,1154,885,254,1236,332
1291,157,1360,221,1076,1195,268,745,1288,1727,1798,1677,1304,1566,1074,697,1565,1804,229,1180,304
1284,567,257,489,126,318,1804,1404,1842,1285,1306,1149,1254,92,319,1819,1694,1585,1307,1785,1685
316,1198,148,244,1778,68,1456,1084,61,1637,855,1813,490,989,1595,323,1108,898,478,536,1277
1771,1059,1689,179,1457,833,1547,74,855,1566,1152,1165,1263,478,1821,1175,441,659,78,1273,122
271,1555,1191,1001,907,1387,1289,1005,1114,1279,65,1357,1720,1760,657,1783,716,990,792,267,266
1821,399,986,999,583,499,1783,308,374,1232,690,264,1568,1109,985,1595,117,1426,953,1243,131
1305,1120,380,750,1284,1132,1176,708,72,1494,945,489,278,850,890,1040,928,1694,615,523,290
1232,1426,367,120,277,103,954,1009,267,1282,1136,104,1550,1166,656,1285,713,1304,114,790,1050
256,1284,586,914,1685,1272,1426,525,587,1294,990,123,1740,847,430,745,712,760,577,1290,490
1670,54,1547,253,695,140,1227,1009,898,194,1804,1068,1805,493,2,274,229,1228,1183,870,1279
1276,26,215,895,1307,640,700,254,1295,1302,644,133,305,1290,990,6,1340,1331,632,64,459
1555,1296,345,1374,1839,265,1305,1489,446,1149,225,220,1534,23,1804,1769,204,913,255,1570,602
1732,1552,155,234,694,1169,926,1306,219,509,316,1535,27,1123,440,202,286,1290,1278,1565,764
74,642,1220,185,971,190,104,1741,1765,436,176,788,1585,280,613,1811,1291,796,1294,1303,1566
45,1778,1303,1085,1281,1712,1566,1654,1296,279,104,255,669,244,1851,1817,717,382,1741,1501,1711
1347,1188,1776,197,1294,756,548,154,1123,1178,862,245,1690,285,1741,270,596,1289,1291,446,275
220,695,588,1307,918,1564,909,144,123,193,393,1850,415,1621,1293,21,713,1441,18,645,644
1011,1189,1288,1457,1284,714,1165,1677,613,244,12,1534,374,1289,1307,1305,1329,1064,969,641,1061
1640,489,1432,1142,1295,795,568,70,1388,103,588,71,813,1251,260,990,677,1033,1284,823,1492
93,1276,1296,1728,1839,1030,1543,1648,1689,187,213,1817,1306,293,455,588,656,1741,1136,1303,1821
1566,1821,1839,193,204,207,424,167,1432,1266,1684,1277,641,927,164,1830,1853,1307,306,483,103
1276,607,1341,1034,292,981,742,163,1426,1718,1026,93,494,1491,235,1266,1741,390,950,1109,695
479,105,1276,532,1306,686,869,1843,1675,1198,1692,1279,1029,1483,98,121,1182,302,1088,1293,669
1151,235,187,315,254,354,960,490,618,483,1152,108,1299,912,669,1400,713,512,1558,1276,548
776,729,73,1538,1059,246,89,792,1585,95,337,274,596,991,1555,903,1276,1298,1097,1285,1282
1600,267,1133,909,1101,137,1318,1278,478,1807,188,911,1073,640,1534,1280,139,1298,1564,374,1776
1748,90,924,790,17,103,122,1279,884,943,808,1162,978,1298,1302,965,380,1092,1688,1648,279
642,1285,1642,905,1088,925,1111,27,261,167,152,1299,185,1298,1715,290,1540,303,155,1128,1819
503,478,548,963,1593,1349,1845,1678,1780,1790,1585,1299,1832,1761,1068,219,394,1297,1491,1276,1159
989,465,103,1741,1205,91,70,1839,1616,1269,63,1840,1228,1648,1783,287,1266,856,1295,159,227
70,244,784,104,134,89,1513,186,1,1302,909,1811,1488,466,1725,297,1532,94,1741,622,1280
287,1591,39,854,1182,989,920,1502,1018,598,1566,1293,969,1840,807,1506,1377,1518,1381,996,592
29,972,788,1128,1304,150,1244,909,1490,1566,643,452,1284,435,943,1803,1287,1396,266,890,287
1150,1301,1819,658,297,663,914,686,976,823,1305,1700,27,170,308,103,1306,1265,1279,496,1550
12,1780,641,1279,248,1836,119,1224,167,857,1721,1533,1648,1290,1374,11,1778,697,1127,245,84
1216,1242,1275,1305,88,1282,1846,1278,1058,1380,645,167,406,1294,1617,1601,697,400,1301,1316,1155
1550,1294,1744,645,1741,1534,948,123,1306,193,1354,921,484,323,640,1021,598,1365,138,1058,1752
350,1613,855,1225,990,97,1294,1374,1804,12,1306,298,233,772,1585,193,267,900,1169,23,919
46,1247,1592,99,1282,1757,1248,263,1271,570,1297,1233,1307,1210,1266,258,847,1750,918,1691,166
318,98,1547,167,1409,717,681,1445,1155,1581,1648,1284,1276,1250,645,1295,1228,900,233,998,697
1279,657,290,1860,721,1026,1034,1566,251,1648,1248,25,1294,947,985,176,578,1555,1757,1374,776
277,1290,1822,1467,88,74,624,1683,140,1498,352,1165,1738,202,819,112,945,1309,1292,1297,445
1036,389,12,1426,211,266,989,1203,811,70,1746,348,1305,877,990,1323,1712,1276,835,1246,533
1409,303,306,259,798,1778,1799,1279,268,1275,1752,672,1182,736,1305,287,137,909,1843,1276,642
1145,645,1177,1228,484,559,619,307,990,1304,1306,1805,1536,74,1727,316,202,43,877,1788,518
1712,363,1503,258,257,707,710,1824,1555,478,1593,1299,476,349,1417,855,53,1741,1195,1303,12
1343,77,1789,46,1776,1302,185,1462,1534,1648,1276,113,1418,1555,203,1224,1817,434,23,545,273
976,1426,1257,724,1566,193,640,1689,770,587,1280,1581,269,990,1721,1005,85,1804,1839,1305,202
1711,1303,70,228,146,193,1804,1026,1114,806,1289,1585,1344,669,1306,234,1469,1741,1546,1415,1333
573,853,1369,238,242,268,192,390,1343,294,1146,1360,1243,1294,672,12,279,224,1295,1130,1307
1067,184,606,1434,1693,310,1728,1123,902,877,1838,1277,1052,1812,136,1806,915,647,126,298,170
624,1011,1190,697,1074,1819,1851,1557,233,896,863,1696,1296,1293,291,308,685,937,989,1811,695
917,973,1780,1732,1127,1472,1284,64,1737,295,126,103,908,1629,89,901,1536,1648,1083,1303,1301
264,20,1789,1302,1049,1282,126,1725,221,1123,1513,776,1145,716,268,806,306,157,1017,112,676
1851,1804,1374,281,1648,1457,284,811,1160,1278,1302,1305,94,280,1426,1111,83,392,554,374,1294
686,1266,221,545,845,1449,76,1817,1543,1536,1683,290,253,1145,914,855,857,861,74,890,1778
666,165,1769,138,478,490,7,637,1094,681,1177,570,674,1741,1274,1811,1757,1412,186,1804,319
177,690,1306,574,6,811,917,1566,423,139,1299,62,244,1839,1300,1641,1658,1732,1503,1215,1145
965,1811,1335,1041,269,1830,1293,583,1728,1278,105,1307,723,1306,121,1276,1063,907,370,1565,244
1281,320,390,1685,1178,645,590,348,1464,1334,1277,657,1699,1807,644,221,188,1137,1040,1072,1748
137,640,1802,1409,1787,136,656,1770,977,1778,1280,184,1301,772,1290,1741,112,1671,1701,1584,253
1300,1030,885,845,365,1182,645,1290,307,264,79,880,100,970,596,1703,541,1440,1052,70,1062
855,186,656,1307,1780,1830,1648,1585,312,1305,1319,1168,255,1532,1242,862,273,180,596,60,1804
71,1287,1432,150,1307,1306,903,1118,1291,1294,1014,115,1778,546,1299,538,239,1279,1146,264,890
536,730,392,1472,459,1271,1276,1804,148,1280,1374,473,1736,92,1365,1711,1178,144,309,1811,1306
722,1168,588,179,453,990,201,1240,1028,1417,1106,965,1532,534,82,182,1776,1799,1415,509,249
127,176,1112,883,634,895,1305,33,374,1290,1220,1472,1069,977,1741,785,152,390,214,1129,1451
1626,669,348,137,1088,540,1188,813,920,911,1022,966,514,173,94,297,1693,548,934,1752,1243
1478,407,1542,282,1532,1038,1372,902,1183,1239,1660,1445,1776,1470,23,917,1585,1277,1299,942,27
990,1296,788,1017,1613,290,1580,1839,656,268,926,1808,1781,1249,1472,29,1302,1564,1811,1741,1266
289,188,1566,1289,1147,1292,1145,855,1276,1208,573,308,1695,123,90,1432,1307,1470,748,889,129
714,1472,165,1249,989,221,1295,693,1311,1016,1374,136,1426,93,1294,953,1748,220,1305,1830,990
1805,1566,74,1105,862,963,1102,990,1183,591,1262,1296,1752,640,1013,9,233,881,27,260,1297
645,430,642,1389,1605,25,1033,1249,1301,1681,1640,932,1478,245,1290,1752,1321,855,1303,1545,58
1727,74,185,328,121,1298,1296,1728,776,25,274,1278,27,1778,282,234,150,151,1686,990,556
1772,47,656,265,1071,176,996,123,37,1224,1227,917,16,1783,202,442,1391,773,1058,1778,138
860,1659,904,696,99,194,1566,574,870,273,411,857,181,1258,59,960,220,130,264,70,1039
1783,1520,920,1292,503,1028,1752,1296,1279,1294,1473,1284,12,1290,728,1804,1223,66,679,65,1036
277,1783,1488,1374,1585,1300,540,1375,1827,990,1836,642,1838,78,1095,809,1304,890,862,275,138
1776,1281,1115,695,635,146,1234,252,325,1818,598,1173,1290,1299,1097,878,1679,295,1566,1304,123
223,1620,414,1547,909,707,645,1266,1759,695,1706,166,989,142,1254,1843,1305,943,1472,1780,688
1565,1811,688,1306,1278,1441,117,1264,113,637,1280,1165,681,913,223,1804,1585,1692,197,1284,111
1038,100,515,1374,1811,1307,636,93,223,1119,1610,1301,383,451,459,88,961,261,924,1052,1182
1258,272,1839,258,253,1284,1502,1290,694,1240,274,976,1534,316,1817,1830,24,1732,645,1741,167
1289,1014,221,1682,1303,1156,1225,181,174,74,70,142,43,1711,1074,968,1160,644,93,1842,993
921,264,855,1426,3,1798,1307,42,268,170,129,1302,462,1569,219,366,206,1778,1297,1749,1313
1302,1182,1076,1058,1223,141,1306,1176,1226,1304,901,925,24,1088,1213,917,70,1305,1709,1753,1123
1780,1648,1733,781,1487,478,264,656,644,659,811,772,917,855,263,876,914,621,1299,1741,1218
1804,641,1449,1141,1421,1476,1257,301,644,1780,579,1278,138,1547,1281,1034,1123,419,1094,1279,246
1566,1545,1294,144,1432,946,1291,1547,489,1540,1822,695,1276,1610,1087,1182,171,167,1306,659,92
253,1086,277,1296,136,1280,27,1294,104,1778,1276,1669,1741,656,1332,216,913,1205,691,1752,1481
430,27,1843,1172,1819,1699,1276,1415,1804,1289,1208,1084,190,1470,1295,452,1305,1191,1752,517,1306
1242,262,710,1564,1299,1517,79,1306,917,1384,1145,1448,303,220,1277,1174,920,1539,877,1265,990
1282,669,1678,1432,459,855,687,99,617,1230,1500,1564,1070,131,128,1677,272,202,430,1417,768
192,466,585,768,918,940,1294,377,936,1147,573,856,906,1415,1509,126,989,645,1291,1088,162
178,1266,1781,1181,382,845,478,1114,213,1521,1548,834,188,286,234,1564,1431,905,201,184,170
100,1292,1555,138,1746,478,1053,1245,177,136,76,93,1299,246,890,1380,1093,533,675,1648,624
399,953,806,1154,1301,374,745,89,1030,1230,1526,494,568,1543,1242,1374,1555,1739,1585,150,588
966,1013,23,1026,483,1282,89,559,66,1100,1490,1759,889,357,1595,1449,965,1200,1284,1746,419
548,1300,197,1566,283,1421,114,563,928,917,1238,695,1298,1352,229,1547,1066,1106,1585,919,1125
1034,1188,1307,277,1515,1303,1157,1696,548,363,1254,1028,1222,669,1811,563,877,1294,651,270,1301
1741,76,474,1409,912,148,1161,907,802,645,1756,1290,1637,27,491,87,1183,1470,174,1279,62
75,27,396,1759,1707,1028,123,1391,95,1090,1854,1093,1277,934,598,1841,1734,990,1280,232,901
101,1547,244,1778,542,876,1591,642,100,1277,656,1781,1773,466,1285,1284,809,824,1069,268,640
123,311,1298,1648,1780,907,724,1276,1776,71,1805,727,990,801,438,1658,1362,312,259,1426,1303
296,1303,1489,1112,476,1085,1228,80,1811,181,1294,909,863,1585,1277,644,1170,1250,154,536,1076
78,543,1279,1276,1155,509,1830,1648,1060,645,1159,1305,211,1737,879,927,372,1278,286,93,829
126,1497,374,887,1669,190,1525,288,1278,1182,193,1566,1704,946,1840,491,1265,258,911,645,1763
27,818,1276,1696,1298,1263,382,1346,1281,1019,1712,630,90,229,1700,1564,117,1613,1118,253,914
165,1819,204,215,190,289,1294,1026,1432,76,860,50,178,398,1601,235,75,255,1307,307,1268
1686,159,1215,1610,479,681,501,1861,1752,1289,621,178,1320,1072,76,289,23,1795,1491,415,882
1290,1837,1545,1115,1819,98,746,1225,265,292,968,146,995,1302,1741,1783,1634,99,588,1192,25
1168,390,431,167,156,310,23,989,1271,938,1783,1188,100,1817,779,1752,1776,1839,1276,646,142
1325,163,328,69,138,952,962,1432,296,1105,1301,367,253,1443,1711,1136,1299,1811,21,1278,1279
833,1585,74,104,305,69,1162,1298,902,1145,1260,1112,155,1422,201,25,736,695,1018,1248,1406
647,865,1295,1299,1096,1655,1279,1640,1040,1294,12,521,1158,1680,74,1307,24,894,1284,598,526
88,1682,1752,268,1058,845,1614,112,1566,1305,1145,1421,1638,223,1294,1547,1812,91,1013,527,499
1299,545,690,1292,1669,200,1699,745,822,495,885,1412,1529,1281,65,1066,948,1276,307,1566,246
1232,358,1168,450,1544,1064,318,408,1374,932,175,640,1307,1380,1123,1648,279,1566,308,1678,1011
1296,990,1305,141,915,1741,1846,934,259,2,656,520,60,1563,1074,1378,1861,1489,1695,1487,1570
1154,607,1191,1783,1276,1290,219,990,1752,1306,929,51,1789,1669,174,847,1247,1560,223,1005,1093
279,1203,150,907,1306,1647,1290,1555,376,1283,178,1292,306,1530,1415,129,642,25,270,955,1034
262,746,941,146,907,178,1279,74,459,1804,1322,1842,1304,823,562,1289,1276,1648,281,1198,1687
808,1778,269,1162,1372,641,374,203,968,1294,245,1846,661,1290,688,128,1284,1648,1238,1278,890
1240,1741,1050,39,641,845,1176,1294,1175,649,590,269,377,285,1776,1339,506,1599,1611,1109,151
926,573,141,1281,62,1300,268,279,946,290,712,1296,1426,1528,1266,74,626,70,1821,1237,1151
1275,766,1680,120,36,965,1821,1616,989,1829,1114,1299,862,1472,1620,201,223,955,641,1056,320
1702,1304,1490,1648,93,1298,1343,335,1374,138,424,466,1290,789,742,1076,80,882,1125,1284,338
921,282,1246,136,427,1381,157,581,290,71,1733,1555,1543,905,855,271,412,1426,965,303,277
1296,479,645,1757,90,84,264,1671,949,1609,281,907,1285,311,1208,610,1298,1824,70,30,1648
157,1674,1289,1399,689,856,1547,503,859,1417,1304,1857,93,1566,1834,1187,24,163,1182,130,261
541,1277,1783,1275,1307,1776,436,1280,1374,1555,1804,1547,727,454,1249,602,931,1473,382,188,89
1426,1266,939,1550,645,1374,1305,306,220,382,951,669,1018,644,559,1174,46,203,74,1295,1219
669,1426,1242,1702,531,16,1292,939,3,163,1804,329,1009,1492,598,1284,151,553,284,990,1295
198,980,940,1215,1804,1706,318,1068,1275,1169,823,312,1017,1336,243,1246,1278,1303,365,30,1328
694,166,400,1215,1289,219,12,1585,459,1341,1778,990,1712,1094,754,902,1164,1583,911,1113,478
1284,269,1741,787,759,474,1220,357,1472,1056,126,1090,465,1248,109,1235,1210,1280,1534,132,1041
1041,878,725,193,1787,1090,953,701,410,749,827,912,1469,966,1126,315,1069,989,645,1830,1307
1034,1432,1091,1694,141,769,1000,27,1074,1278,1128,112,338,596,920,1554,1780,270,1585,1284,993
1491,292,1305,1741,101,689,858,953,75,1116,1675,846,242,74,1804,1016,1345,920,635,1040,413
219,645,1267,772,1850,1669,1815,1076,1100,1722,1733,164,190,897,889,1778,835,95,69,1192,202
286,1265,1816,1280,1805,1215,1648,1266,259,573,574,772,1302,1276,1408,1193,907,79,254,1651,55
856,1285,75,1124,1303,146,178,194,1471,1817,968,1160,70,235,1554,887,98,1076,494,167,1294
908,154,27,1778,1730,562,950,627,989,1476,1564,993,1059,1246,1851,1582,1789,416,1566,814,1845
1187,641,1839,112,1281,1417,1634,457,1269,1160,1314,194,651,261,1120,1041,77,1548,1491,925,700
1830,100,1306,1293,466,1276,865,27,1022,533,931,1099,806,1468,1604,323,423,924,253,1288,1280
1182,276,549,598,273,1781,1613,79,1266,1703,145,1291,1277,511,1841,641,74,1804,1303,85,4
1243,192,989,1840,621,155,917,74,1844,303,1303,466,1432,617,1331,1280,709,996,1187,1555,1256
1403,104,931,59,1752,1844,1836,1432,1276,1222,65,307,645,862,1426,1009,131,1491,1788,1011,989
1295,1041,12,303,1515,940,1777,1841,1078,74,298,253,632,939,1276,1268,70,76,1237,1306,799
1015,969,910,845,1817,1291,1138,261,341,1230,1290,1094,1349,737,913,541,218,893,1333,1294,1585
1555,1778,1084,412,1688,219,1302,1534,1648,303,1566,259,990,907,1204,1128,253,1583,1247,1158,1804
557,151,554,59,857,1651,641,94,1305,62,475,104,855,265,990,1648,1787,1299,304,246,1279
1604,748,509,1063,1711,1585,1306,1374,1005,342,1555,305,268,597,1292,1445,669,1744,1627,1855,980
1084,1741,1852,943,1279,140,1029,1163,1129,1804,1305,113,1307,1290,866,371,643,1721,919,1542,1302
1777,1222,1780,505,244,1258,857,430,26,1817,1298,323,1036,353,632,344,74,1447,1217,1220,806
1276,190,754,181,728,1789,596,128,1215,1555,1035,231,17,704,1669,155,74,1108,1374,1041,1192
194,410,1840,1155,1305,1648,1304,4,805,1284,1489,406,1550,1432,87,1842,1291,379,1298,1016,1307
1705,192,1582,875,166,717,1176,1648,277,123,1585,1250,1009,804,309,137,70,1037,921,1573,53
1237,1418,1566,145,596,150,325,1305,235,717,1092,123,993,607,1249,1179,770,1781,806,273,1811
258,1274,1246,1391,878,146,1298,1281,504,1276,1680,228,290,137,122,491,1804,1086,60,1636,1585
1845,761,764,1374,1780,1020,1242,1415,1161,1579,1804,1706,990,1518,774,403,95,1314,128,1250,503
530,776,268,489,1294,1730,1025,1026,19,1005,18,1173,74,290,997,151,1759,1772,1316,1169,855
1759,1547,918,69,128,189,143,867,492,1188,1861,27,909,1804,238,192,1432,153,1648,1191,1011
252,1266,1546,1297,1783,1497,911,307,608,890,1302,841,561,106,1183,972,1839,1281,1584,1381,70
478,278,1754,1415,811,1100,1752,323,937,1394,244,223,1552,1222,220,909,1276,1088,1678,1284,284
262,596,1432,923,236,1804,598,1783,221,1294,71,1643,768,990,1348,1110,450,1276,785,1290,1216
1117,789,1536,849,696,185,656,1247,645,918,1540,1289,1121,1711,105,386,1076,707,1041,1291,200
1235,1435,1788,1182,1545,1710,313,1279,23,918,1811,1692,278,1132,1017,1613,1098,890,920,1276,934
243,991,335,3,953,290,89,1711,150,1672,1164,1291,88,1732,1241,1297,1333,133,903,848,946
1533,1727,908,1335,1157,1289,859,275,1296,864,200,990,1426,914,1228,1155,1265,1544,1690,91,1366
531,878,74,585,1292,1063,552,134,244,1564,1296,1074,333,1276,914,176,67,1555,18,1366,1811
108,192,1566,302,163,627,1302,1277,903,1844,874,1564,122,1822,75,65,835,253,1804,1193,1498
1273,1279,1184,1199,465,1280,244,46,1178,223,259,147,1426,473,429,1290,1105,656,1824,640,1217
1453,889,820,27,694,1470,508,475,917,289,297,1247,772,1294,70,120,1291,1411,1257,598,112
1293,942,789,1804,1040,425,1302,963,695,1432,912,1472,949,296,1566,1426,258,274,568,1687,640
755,946,1182,257,941,1640,99,170,694,18,1302,1806,211,1648,424,1741,1161,549,1851,253,1718
58,76,1545,175,1294,1307,950,284,889,1300,1767,215,102,1441,1188,145,100,1132,999,907,1673
175,1374,743,610,1279,1298,303,893,1752,70,696,1521,1584,1426,462,1546,186,1564,855,1065,514
1689,1249,1292,700,396,1338,1279,1534,1287,530,1093,572,644,1276,1307,1181,1227,1294,1297,1732,1811
1550,1839,1842,1490,302,27,965,999,673,206,268,960,857,335,560,811,1374,1297,890,1026,12
1566,596,1648,1620,1303,377,379,285,1226,269,1808,1032,913,1285,155,1568,17,1295,157,1714,1675
1049,1621,256,268,70,998,972,656,1294,568,1182,708,1450,1676,1842,550,643,1741,1088,1749,1783
1231,289,93,589,1282,1555,571,1377,1075,1372,1350,198,1248,344,588,914,1294,1583,753,1197,1650
272,829,233,643,861,1274,1653,807,194,137,140,1741,1849,1697,490,906,636,1312,1712,158,1366
139,1281,1189,1855,583,1469,179,1691,1047,1319,1374,77,457,1225,596,177,675,644,1288,645,1810
1307,292,1819,27,133,1566,117,194,1644,912,1155,943,598,1293,1564,1547,918,25,1296,1284,102
937,1513,732,476,1239,337,170,811,895,285,1819,685,256,1564,712,638,990,1300,1830,270,989
1817,26,1303,273,39,153,1160,243,1584,873,995,896,150,44,596,710,1676,27,1555,138,357
1238,1348,781,1073,459,70,220,574,833,952,1802,1291,1222,1555,1832,243,163,382,1353,185,1243
253,430,1305,1289,134,1448,1687,1566,1191,1034,1604,913,305,1550,1187,1240,587,1712,794,1701,1673
983,74,1616,1128,87,451,587,192,1807,465,79,1307,823,1358,1281,202,466,641,1183,971,1709
33,1533,490,1155,1566,949,181,1245,1307,163,1120,1407,478,142,1585,1409,1347,353,1096,1298,568
1276,98,498,984,132,1727,94,980,1277,1699,1160,780,598,1804,1780,1293,1259,137,1117,145,1510
1840,1786,62,861,1306,906,789,149,1567,872,1465,1215,946,1277,1188,1560,412,1374,194,308,962
1768,184,495,608,457,1282,1585,1677,729,656,1289,955,1702,918,146,65,1292,641,244,1374,1415
23,1417,478,1036,582,1297,1784,320,1413,194,1136,1293,62,636,270,277,993,1847,1183,1289,257
1189,134,1302,268,148,1347,1085,1731,1804,1297,1591,684,628,823,1301,645,1485,669,982,1307,295
1698,1781,914,1272,530,961,978,27,940,1533,1294,1298,1615,1277,1306,885,1805,266,520,1857,1094
1181,154,1824,150,1121,1284,106,222,1389,960,18,272,1154,292,1550,1165,1295,835,622,1279,1280
80,1648,270,656,361,1830,1289,944,78,233,1650,967,263,188,1374,644,1555,510,1138,1078,337
1567,1289,54,644,1818,1307,535,166,1298,1649,104,925,1839,1168,478,295,254,268,789,1763,917
1727,363,91,966,1696,1695,639,857,1098,1308,656,141,1752,711,244,287,1305,1290,1291,1842,1432
191,76,1062,1664,1296,166,1544,858,1781,1851,621,527,1852,1161,1748,100,1701,1478,335,181,157
165,43,921,339,989,1253,1804,877,288,1305,1243,1106,59,457,174,96,89,862,1712,786,25
1302,1306,192,88,185,1114,1091,1270,235,596,486,253,302,1234,1804,1040,669,1542,1294,1279,292
441,128,1711,629,758,1223,1191,1287,220,1280,498,1104,1281,656,1510,456,1712,139,1704,24,294
462,635,589,1847,1151,727,105,163,6,1805,357,1009,239,1778,99,319,990,129,733,288,907
1276,1741,1839,139,1306,1334,1608,1092,1373,1185,1133,1426,726,155,1372,1804,229,470,845,1558,522
27,1770,1233,167,382,126,1804,1720,538,779,1178,278,1555,1389,1693,696,99,61,4,1696,70
1680,1844,572,1432,108,989,1298,641,1317,279,1183,1497,1092,213,1169,1301,20,942,1266,490,790
1129,1778,760,256,1752,1279,640,81,185,942,540,862,635,25,724,268,69,1024,138,245,1851
280,1555,934,1303,1804,903,658,246,1247,1073,1356,1243,857,202,760,1732,1076,88,1372,641,310
361,1280,1123,1527,1353,1288,921,1036,156,229,635,1425,123,84,1821,1811,632,1295,271,728,176
1426,1084,1278,86,1190,1853,295,1502,1490,989,865,776,1819,863,1730,1374,1585,509,1780,641,1690
185,758,181,1648,1737,1036,1711,1246,1251,1064,802,579,1285,1108,273,1302,1488,465,1821,433,1696
895,1449,1552,1314,1432,823,383,1811,1157,1276,1817,912,1805,689,285,12,1282,1272,1306,163,70
1303,1426,145,114,1679,1168,1737,186,137,1288,1555,104,974,984,689,476,774,890,779,1284,1432
1734,876,1280,1274,1145,1276,655,158,1804,1817,1776,1188,1832,1279,1781,1556,242,1763,594,1722,223
1007,571,1780,1564,919,268,1289,1175,70,1432,1808,896,1029,504,517,1399,403,1302,1451,1804,106
1292,530,440,773,1819,115,772,559,192,217,93,1422,1354,51,273,285,1276,193,770,1548,1236
516,1273,1276,74,1585,1138,764,151,1506,896,199,105,1166,641,1432,1819,775,1409,1534,1266,325
1198,1281,1426,408,1011,1136,1022,108,27,1299,89,1302,266,68,806,540,1374,103,1566,889,1065
1031,153,1280,245,272,896,1130,1432,312,478,261,192,1041,1727,1267,1728,383,1102,554,148,1068
1281,148,1302,669,568,1585,549,1752,1296,1291,1307,12,1777,1107,691,1241,1216,722,1097,451,1426
1836,1769,1840,965,645,1281,150,1714,1056,1277,6,975,712,1182,1333,1347,1664,1691,829,1301,1298
1343,912,1260,887,1195,1278,1532,1585,1282,27,1166,644,1744,1393,1409,220,1802,987,64,1103,1245
1432,927,1648,140,1837,1727,1011,695,917,989,1712,1165,138,1700,768,79,1346,563,833,1220,193
152,918,1303,139,89,165,1839,149,596,812,1280,1648,1727,1545,268,286,1415,1084,669,1266,457
260,694,1612,1354,1009,1289,162,179,279,250,628,855,274,1648,1695,1199,92,1296,64,1063,126
1033,1778,1798,999,1775,1157,1298,1403,1178,1688,78,1315,51,174,135,575,688,1071,101,306,390
773,1358,503,1752,1051,160,1552,1053,4,93,1374,1177,208,1279,1168,1032,70,357,779,1276,857
294,257,1157,1595,1327,606,561,1295,1315,1306,202,430,1248,320,337,1578,1404,135,1738,1305,27
1795,1781,178,111,268,144,695,285,70,1712,625,1555,1825,1289,1026,146,1294,1303,540,1614,199
748,550,1306,318,114,1295,961,1804,1182,302,1290,1042,1280,913,1276,1158,608,906,639,1474,383
1721,919,1466,1747,27,192,1285,1290,1294,1426,197,219,1806,174,255,1265,285,1817,246,1277,93
1684,108,1145,1293,1189,1079,1112,1048,131,687,1247,956,1426,926,96,1290,127,1285,1534,74,1648
1632,1699,1306,1732,1686,1128,1288,377,938,183,1146,246,212,669,1839,1294,1777,1301,329,1374,1276
134,1585,256,644,1425,459,176,1159,206,86,231,1251,1830,306,690,392,61,1679,1220,656,1068
1768,1056,70,1093,264,540,1041,1805,765,9,1426,1272,1821,138,133,128,1195,1855,186,1612,433
1351,1265,382,1136,674,1150,23,229,1321,1076,1377,583,420,1282,1780,1145,1205,1550,1288,1291,855
1694,494,1778,1306,1108,62,1235,642,417,1828,1123,1374,1819,1036,1248,244,1440,3,52,1009,643
1550,253,1778,1549,24,890,1693,146,1302,990,1132,1307,1837,193,1799,1585,1303,402,27,1084,1151
1585,1778,1258,194,1098,1306,60,1368,920,141,1426,254,433,914,1290,1516,1276,956,1291,509,259
1292,439,1293,1811,1539,990,596,1096,104,2,1839,1373,964,1306,179,745,1095,1136,165,1778,1288
841,1016,1555,27,989,928,466,1303,217,934,244,1732,190,1169,930,81,717,1479,29,1859,887
1302,27,1291,256,1773,695,1374,945,478,920,220,1294,1426,295,1776,287,1280,569,285,405,1217
1527,123,134,914,18,855,1792,940,913,1302,7,1669,46,568,1657,540,1304,1585,1087,194,1076
1224,945,1365,1182,1754,1306,815,297,1289,264,1672,273,990,1851,581,119,528,644,189,1297,225
1720,596,234,1752,629,25,219,669,1294,476,35,1326,1687,1146,106,1237,1611,1038,1307,93,63
641,882,503,1752,1421,27,1470,1125,1305,253,1561,1732,1414,1278,602,1303,711,343,66,325,928
152,1302,642,1222,1566,1297,1062,68,1426,833,768,540,1064,1542,753,1843,847,1274,78,64,1279
101,530,695,862,1499,1320,1377,1585,52,146,1306,1780,256,669,1555,176,181,1547,268,1105,278
596,913,1228,875,62,1585,896,779,1830,1300,656,233,76,505,1029,101,1419,1426,1304,918,960
950,1040,1335,619,291,1470,1015,1705,666,1838,1276,561,1752,1804,1222,1741,1441,1587,1294,1648,1348
990,1727,1301,41,1290,479,1689,1293,138,92,1547,459,598,939,1811,1781,1159,485,1705,1404,530
1817,289,105,1585,621,1292,139,1607,1025,590,12,914,645,35,347,407,244,475,751,1284,907
1289,1479,1306,939,907,646,291,878,669,728,694,1307,1182,1585,1356,1184,793,60,1303,1146,466
777,1545,1728,1648,192,60,108,1360,1783,1752,1281,290,1306,220,1811,1298,461,899,1565,656,588
1245,1734,881,1783,1302,644,570,740,920,917,450,270,863,1298,1469,18,170,1279,1566,27,64
1041,74,1299,1104,396,1676,487,946,1289,77,890,70,87,1712,597,909,1613,855,1781,1294,63
1278,978,1298,668,133,1682,501,975,138,79,260,1547,120,1220,640,1555,1230,1374,690,175,1282
1610,1335,383,640,771,473,139,912,23,1306,335,1260,636,1128,1320,1431,284,459,28,1821,1012
1648,1250,376,177,617,1306,989,1307,1741,1239,1566,695,363,98,1773,1298,1412,26,219,1243,684
1321,879,1030,1837,321,70,128,1809,1022,265,1589,1350,865,574,640,802,184,507,1718,26,731
27,907,1057,596,670,1231,994,1288,285,223,1224,1525,1294,1307,321,90,913,233,83,478,1280
1053,1285,193,1404,146,1305,403,220,114,1282,152,24,1825,644,1279,1648,1301,990,1040,46,273
811,1307,1839,856,246,1859,1266,1838,1087,374,1469,512,1420,119,133,165,779,145,320,1099,1300
1307,1704,953,136,197,302,185,1848,2,53,1830,855,170,69,1146,990,789,150,644,1304,641
1295,24,1544,243,645,176,596,1289,1276,984,955,106,1281,1374,584,1550,1783,27,1408,244,588
1224,1712,123,51,516,1246,1455,324,202,1314,1294,167,1282,305,1304,1312,1817,104,1752,27,1804
144,1242,1256,699,1307,651,1156,259,324,816,1305,430,820,934,1011,901,112,749,1566,1267,1811
1741,1831,1128,1252,133,1836,1711,970,897,51,1293,796,302,1278,1426,465,1305,74,463,49,1294
363,478,1284,299,713,1294,465,651,1174,104,27,1068,940,945,1374,326,1307,471,1188,1028,989
291,829,1432,398,1112,1648,462,1368,116,1281,114,1313,1685,1704,633,499,1592,1812,1835,222,132
1261,1306,220,890,1117,1741,1064,1853,695,1711,1266,1804,297,1316,1682,776,169,274,813,1289,821
1129,144,1242,507,134,70,1276,26,813,731,1778,74,606,1769,1719,1817,1839,1821,805,1265,382
1068,79,1040,1293,1096,1781,688,636,218,1271,640,409,1303,1657,779,161,383,1338,478,1125,1191
1817,295,1016,1288,134,234,1290,290,1149,1855,1301,1780,475,1581,441,1804,1026,613,645,1250,1298
515,917,890,119,1704,380,621,1455,1692,591,990,993,728,660,1289,644,1302,1303,1830,264,1094
802,74,220,244,681,1778,290,71,947,235,1839,256,176,1303,338,1804,1114,25,1292,178,1040
679,1041,156,1038,641,268,904,1268,596,1278,1293,478,1374,1163,233,108,1280,1811,1302,297,1376
1094,1291,1725,752,745,1059,1851,599,1117,1204,348,1840,23,1,1294,1317,196,1278,24,1280,234
156,656,383,419,1457,1217,1088,540,1406,327,1307,1694,306,181,1305,512,1728,1819,1290,1616,416
1270,268,731,1276,1370,1441,1488,1253,645,1094,126,652,632,776,220,1712,376,1306,1297,581,917
1688,486,1354,947,1415,1759,623,1564,603,243,568,264,89,140,1704,1498,128,1811,1093,1116,882
1648,134,1839,1269,588,1602,478,496,877,253,1225,1304,221,269,1284,711,1040,243,175,1199,233
1049,989,1824,1572,1840,145,286,1401,1115,829,1187,1432,220,431,1362,1306,1108,1741,1272,540,1304
511,69,1432,350,23,1564,823,1226,1305,1242,1292,1203,1840,926,512,312,356,807,1040,1136,245
1307,1286,27,1028,1302,1418,1686,1305,1842,843,1306,1192,1166,990,306,1648,657,99,993,23,136
1584,950,1807,25,952,1258,1694,1290,917,1534,1778,478,990,412,1804,98,548,886,890,1712,411
912,1307,136,1257,259,1121,837,379,1821,1105,1226,1294,285,1781,990,256,1279,573,1851,1488,70
1432,1412,1770,1472,921,1279,1083,308,1161,1564,1732,292,541,1276,374,644,25,69,1152,1290,98
1055,1694,1150,220,855,644,1290,1721,1280,950,1301,1669,325,1780,1108,1441,878,478,1073,279,1511
1279,1821,1617,1052,1648,233,24,1276,1681,1695,1188,1182,1024,524,1804,590,1655,124,87,1783,1277
1294,26,1277,1780,1741,754,27,1691,521,920,1293,1076,550,1542,1774,320,1381,1289,1819,724,411
90,640,695,936,921,138,598,459,142,615,889,190,262,1749,1295,1741,1648,1846,1305,248,1307
139,145,1237,1839,293,689,1290,1303,1068,645,193,75,353,983,291,1320,1094,123,1263,990,1018
1682,1648,1208,1807,12,1160,340,645,1770,1374,1276,233,771,816,285,768,104,1789,1450,1052,1294
1303,1851,990,1819,606,1830,1584,95,246,1304,123,124,144,25,1741,912,1023,1305,1291,579,697
1280,1629,914,430,253,385,1819,1282,941,530,714,1294,312,1247,572,349,890,773,1692,1303,1049
1098,889,596,259,1660,131,1265,1163,1273,1492,1368,78,1805,1169,989,914,1303,1780,166,264,818
1136,1286,1807,1294,146,254,729,1281,615,106,1290,245,1007,268,1564,1068,755,674,202,353,1804
112,1307,1084,140,1297,186,956,1236,1745,1584,1026,1176,1298,1564,221,1033,1332,1037,1301,1599,12
990,898,571,1243,232,856,285,917,1769,1566,899,1280,1365,1278,1780,1298,192,1426,1306,1305,1229
165,1276,1305,1776,1345,1014,573,1569,1585,1811,1178,662,1260,70,175,1282,733,303,1426,177,1157
1096,1555,1198,1558,644,680,253,483,889,68,951,164,1769,710,1064,722,1741,1587,1019,1633,395
74,922,182,1708,1182,605,468,106,1288,596,945,748,1083,1289,258,1374,1550,189,545,357,642
146,1276,1204,485,1306,208,1374,407,1752,418,234,586,1741,1617,1629,903,997,1280,1675,295,106
84,1574,1805,686,1281,855,1304,1138,200,1188,1804,990,1113,1704,256,363,623,1688,184,291,1263
1027,1218,641,141,280,1278,1303,1094,120,293,1780,234,1282,1792,913,1354,990,1238,1127,101,1279
924,1551,88,1686,1655,724,828,245,1279,820,644,1426,1145,202,596,1697,1819,990,112,430,849
1374,1306,1183,1564,466,112,302,818,186,581,1071,1076,1813,234,1222,263,570,1853,912,266,646
1176,112,1564,1292,879,268,1856,768,1568,243,1284,1235,518,674,357,1282,1277,1695,889,935,1362
1532,1155,428,1084,74,856,288,794,139,75,319,245,1426,192,1153,1030,430,1712,686,1307,1182
1421,105,294,985,1840,137,644,1711,24,1770,1669,495,1294,254,1780,920,181,1302,1034,1195,990
1280,640,12,1467,1341,863,416,1597,1294,1093,1811,153,76,636,173,455,1389,1711,622,1440,1276
863,1306,219,956,1030,1296,1112,1534,466,1581,123,1557,1633,1074,1276,1836,1290,1291,121,487,1496
374,855,1472,70,690,28,1190,1183,113,163,229,1779,643,996,139,1106,772,1566,151,506,86
88,549,1279,1849,221,862,529,1235,459,1276,1069,823,1026,548,856,141,95,1298,1547,1780,286
54,1294,1041,383,1817,128,1752,990,1305,1330,1278,1739,1279,86,259,89,294,740,825,139,1426
319,84,402,1586,1759,1399,1051,920,243,1147,1585,1278,192,829,1563,480,1276,108,656,1108,1432
1311,594,1658,70,491,575,438,1498,1804,1426,1052,846,89,1115,574,1470,1415,903,59,1272,872
1220,863,936,478,1230,1776,1305,1138,190,913,1106,490,773,1292,1566,170,1285,1472,1321,1303,877
1714,94,222,939,1784,534,866,1064,1780,1040,1731,310,1277,1083,1168,465,930,1037,156,1298,915
303,1181,157,1611,1712,1289,913,305,268,93,635,1307,219,535,1585,1595,45,292,889,473,855
259,207,72,730,1804,1409,1648,700,1051,1234,849,1249,1536,167,1770,1301,1289,1307,1776,306,1158
79,990,1507,1158,1049,1294,859,819,259,1171,823,1303,312,598,93,27,255,173,640,297,279
265,1292,948,1565,583,1648,726,588,193,1686,1592,173,60,192,1232,966,1193,27,1217,80,1844
148,1349,563,783,1326,821,253,975,640,531,128,862,183,952,1301,499,460,1577,1290,890,598
272,1109,470,70,253,79,1292,1695,192,1608,1348,27,1585,641,656,60,280,914,552,87,1276
918,489,294,266,1292,1388,1845,1695,1826,745,1496,357,1136,202,94,1585,1304,1026,1095,1776,1269
656,1178,1183,94,591,984,294,1233,624,957,749,1223,506,1068,306,1242,1555,1780,1804,166,256
1804,67,641,96,274,1343,357,1785,1123,1744,223,1333,893,932,943,554,656,252,235,148,664
333,1374,93,1712,436,533,1115,1146,188,1019,919,1305,308,1787,282,1105,1839,1246,1717,1783,1648
1292,1290,500,1689,651,1343,598,1330,1076,1247,165,1284,596,656,1294,1564,127,1338,1018,1669,1240
1287,1289,1298,857,374,1648,1280,440,1292,1281,543,821,155,1546,713,1602,1263,990,89,1804,950
1348,1836,78,903,1533,919,1026,192,1303,1801,1109,1804,914,1566,320,297,1448,1295,507,1819,684
188,1128,1804,913,1770,1017,81,85,990,1299,645,418,544,1542,64,1303,1183,1712,1291,1192,1145
1817,1472,1167,100,1280,1744,1278,1296,1292,1776,1566,1321,358,520,92,1811,1277,1709,953,1182,26
656,1342,148,89,70,353,80,1555,990,1188,1817,1028,175,1098,978,623,666,905,823,985,1033
156,148,140,1648,377,292,149,937,832,913,1132,945,268,278,549,1498,871,470,406,764,1225
1290,1289,1089,1294,1566,1789,1489,1302,1490,902,1249,1711,708,1547,1574,1498,274,418,80,808,1276
430,596,643,773,691,1297,1641,23,155,403,1412,445,1347,182,715,1842,610,1489,1098,1306,1132
69,704,1076,1293,1037,1591,235,182,245,1533,138,1290,1741,1574,641,377,151,996,1307,1441,510
1374,459,1281,1660,303,1694,266,65,275,1279,596,90,1536,917,152,221,1276,1134,945,128,1488
1580,150,1627,1804,1677,1811,1071,292,374,1082,1564,700,1489,1498,1228,1303,1067,1365,728,1693,1278
640,95,72,900,1775,1657,22,1278,194,1592,56,234,999,83,1016,399,223,1804,64,1303,220
889,1804,1781,1648,242,285,89,997,905,586,930,1811,914,24,959,289,1583,1294,189,79,134
63,923,193,1282,1320,1550,1353,1569,990,656,632,889,1359,562,257,640,1118,1200,1304,166,574
1278,114,297,305,1616,768,966,1279,1778,1699,1488,324,109,581,400,808,140,79,1264,166,197
1301,1569,1280,1534,414,280,1343,640,1278,1564,1084,399,1403,121,1165,1649,515,1298,1276,1007,1578
72,135,1005,478,1573,1401,1303,127,1018,1422,965,1564,63,254,972,1280,311,171,597,1306,358
70,478,69,1232,71,74,290,623,1291,126,933,1305,444,1648,521,1829,245,324,645,679,997
1075,1357,139,279,1684,80,193,465,183,1536,952,170,1683,64,1302,1415,779,1847,306,1694,1855
310,260,25,1280,1299,1279,1290,286,1187,1180,1122,922,1817,152,161,459,131,990,202,1168,1536
1714,1426,147,1278,306,1804,1720,525,1340,1276,137,1006,1710,477,644,27,170,176,890,1749,937
1280,1167,23,1243,1299,192,1088,1804,185,1697,1759,1472,727,1765,773,478,1703,1566,268,1851,1848
990,1768,1293,945,283,957,1534,1306,1041,90,890,177,1234,1136,202,1324,469,86,995,1191,1549
1639,369,1306,890,1844,285,105,1807,21,517,1686,74,963,529,1298,1384,194,75,70,1489,385
1710,1217,123,470,1804,458,1228,1585,221,919,322,1222,1176,811,1068,148,1568,364,645,925,769
1299,1017,1305,1847,1068,91,71,979,436,433,1706,656,1052,259,1337,749,1141,1679,234,1374,269
268,1182,328,1550,1165,103,1693,1254,1741,182,656,694,457,193,139,121,42,1770,942,646,1689
713,957,1266,1181,1621,1752,17,1285,1279,89,220,1284,24,1804,1585,573,621,334,1482,1781,78
598,1125,112,1660,60,93,1281,269,116,1268,334,645,465,1426,1302,1034,1154,68,1298,140,982
220,960,1093,1648,552,1017,1768,729,1741,531,914,50,121,1294,1807,140,1477,1555,1356,1215,1710
1311,1315,1564,989,1018,1659,529,918,669,383,1305,194,1271,1555,1783,1491,466,384,465,274,775
1175,1711,1242,1088,982,1294,219,1780,1513,1579,1228,146,889,177,1254,244,70,1555,253,103,170
504,262,773,46,361,1301,265,979,1826,1309,1306,896,1019,1719,1092,392,487,1780,134,1305,1709
285,134,1426,820,459,1488,925,1293,1472,1036,645,862,1305,575,1769,1007,501,1403,1648,1276,131
243,1701,24,642,12,286,1278,1021,1260,122,1550,1839,859,246,991,1752,1289,112,990,1294,1299
1106,1156,1068,32,1300,1228,1807,260,1610,1661,1197,1819,890,1091,24,1012,990,542,221,1463,640
1290,122,968,283,1304,1415,1301,960,823,144,1029,292,1829,1056,459,1441,140,1277,499,1839,876
1,504,668,1374,30,1755,641,1228,94,1279,235,1301,1589,656,1518,645,692,490,271,128,571
1068,919,754,165,285,775,1119,4,905,201,267,1182,1302,220,12,1222,1314,1618,1502,1196,990
1141,1658,598,152,1314,658,150,234,380,636,1776,1455,70,1051,1246,80,204,1069,88,389,1472
1691,855,296,185,1134,1024,436,1804,768,609,945,1328,103,257,1091,291,1781,1481,924,165,220
177,908,862,51,559,1190,1230,89,1741,254,1275,1360,1011,1298,1836,1776,1233,433,1189,1076,1169
937,151,845,1728,598,1780,191,1303,597,749,1839,223,706,1215,1124,29,1032,1298,1302,402,1289
12,65,1223,90,415,151,570,1487,242,322,129,1182,1741,27,91,950,1157,1215,1352,74,137
1426,250,1564,906,1847,308,581,220,1491,801,569,632,1266,1711,1804,1113,926,1317,1005,1778,1294
262,645,1299,1534,194,1285,1669,1008,775,989,51,1479,286,231,1417,1290,548,503,1404,91,25
889,454,1307,1293,70,603,24,1555,478,1279,223,484,1741,1566,923,642,106,1811,720,128,178
588,1759,1068,1625,1598,1409,262,1086,725,950,700,1298,1303,1277,127,1432,661,1811,1305,1065,1722
1278,180,1699,177,1049,155,93,9,13,163,1744,1747,128,271,1294,885,1404,202,445,832,1775
1292,1442,990,80,308,235,1518,521,93,1536,280,1297,1800,175,1228,132,297,293,833,1140,1247
1201,1181,1752,1284,1365,195,1192,918,531,847,1787,588,150,641,833,1811,223,1820,989,1374,1272
80,296,1301,282,1060,183,1746,246,1305,108,436,86,1696,855,23,1448,1774,492,1783,720,1798
192,71,1040,1391,454,624,436,1045,659,574,1279,605,1472,308,499,94,1036,1276,669,640,22
1503,1257,1021,223,545,1290,983,1136,436,1267,953,1291,164,1689,140,1566,18,990,1097,836,137
856,499,1666,1781,801,1783,510,1778,23,101,1041,308,911,1230,1443,1251,167,87,1282,304,805
1182,1228,613,289,1306,245,963,1741,1756,509,78,265,1279,658,1804,1822,859,162,890,1287,1752
1233,1818,984,623,1585,308,123,494,1296,277,855,1183,145,1857,201,255,1305,25,1241,1840,993
79,1059,1676,1396,1780,1555,1740,74,70,1374,16,46,64,157,999,1094,1804,1036,696,1257,1284
243,1804,566,1374,177,1290,963,1585,1819,721,262,1241,946,478,1728,256,281,583,260,1541,1817
1595,1320,1153,1306,1838,1817,1840,1240,1279,1318,1534,70,1130,875,450,1300,1286,145,670,1855,279
1169,61,319,1293,1274,72,645,277,25,1819,511,490,1669,1056,171,560,1778,1326,1181,928,1850
624,1276,1302,1298,1118,1470,254,691,108,656,396,913,1264,1649,478,772,940,22,1807,583,1741
322,1680,1314,1441,1819,850,984,1426,1276,16,1681,1302,1484,1704,659,645,121,233,810,238,1018
1783,4,1711,821,1277,253,61,245,450,379,1276,213,1201,1840,382,1300,1266,1764,1247,1697,1776
244,548,70,1077,1279,1555,1294,306,147,277,1566,634,49,758,855,990,1307,208,1472,27,1015
890,1654,340,1199,635,520,624,689,1282,1300,1001,1263,1847,875,989,104,1534,1706,1303,245,1550
1304,279,135,220,1144,76,1284,321,1408,1432,1817,301,253,596,1780,1038,627,1426,760,140,1028
265,1276,1182,1051,1115,889,1855,1294,75,1226,308,1838,1029,655,1752,1612,1302,83,192,802,1407
255,377,297,810,990,1853,1781,1191,1178,1353,1307,589,1305,253,12,1585,538,1839,1533,968,596
257,1147,798,595,1334,580,1092,1198,1636,1116,379,1276,894,522,1012,1486,823,1294,1795,1851,1817
589,1276,1723,185,317,279,1839,1778,1707,1297,1256,25,1804,1513,856,804,1607,261,91,1780,1613
54,971,1795,1294,1722,128,501,1242,23,540,1817,256,695,900,1432,1284,855,1800,1332,84,1279
596,253,1377,1566,293,1296,1305,37,534,1710,1151,1289,224,1195,1780,103,1292,383,503,1564,341
1570,1207,1029,1569,127,1838,1582,299,900,26,175,1306,1717,1091,1778,1547,265,1294,639,1553,970
811,1804,959,284,1036,1844,1278,89,1545,220,1851,1585,222,615,177,871,1277,644,1293,167,1741
911,343,1353,945,574,231,695,1091,382,645,736,1369,177,268,312,748,753,1121,512,1076,1071
1278,1840,1166,1648,1238,74,24,147,1545,1235,743,417,139,855,357,1294,1804,1304,381,568,588
553,621,1296,253,1276,203,260,1303,1781,1631,282,1758,296,996,1028,990,980,1182,234,1712,1290
1274,1266,85,979,891,643,776,12,1804,1817,1693,1291,1732,1305,1117,1068,185,1546,176,1092,1555
126,535,1301,1306,27,484,1557,70,466,990,964,459,695,1298,217,1161,194,882,555,1343,1276
390,101,1689,889,1839,1182,1266,643,961,362,1298,1810,1220,64,1276,1778,1426,1277,587,1302,268
689,1621,1783,1426,478,585,700,100,309,779,669,1216,1300,79,811,596,93,1432,1112,984,197
781,140,1321,1776,1347,75,1293,1260,1279,1787,1300,685,507,980,567,845,85,946,91,274,924
520,1289,1780,399,621,937,915,75,1276,1076,1291,949,643,1298,1670,855,1,407,645,747,683
1294,603,855,651,1305,250,202,1153,478,454,1545,1281,1296,1187,274,1357,914,1194,1819,341,204
219,1140,1741,961,915,1276,148,993,498,79,1675,1508,1374,549,1585,478,1115,955,1019,913,37
583,1289,1793,1098,196,1740,1084,489,1290,1302,1303,222,98,140,258,497,944,1286,1781,1041,77
1276,872,1297,990,1472,1243,74,70,813,934,1009,99,1188,1289,1337,171,636,830,857,105,234
694,1071,353,1830,265,1112,1193,3,764,75,1818,279,588,451,194,1266,1225,1279,629,902,1441
622,1084,1360,1017,1307,1207,299,752,146,1136,984,724,1555,1700,1712,508,1441,180,1778,1741,927
1679,658,1071,1291,194,901,74,1306,392,973,1804,220,1304,1741,1566,911,1710,981,913,1681,185
535,285,64,501,1847,173,1296,1391,1128,1285,1676,1798,1292,1841,957,1182,150,508,412,1811,1374
1456,1585,1191,698,381,990,992,1693,144,1282,1178,1591,1374,1472,1302,1172,1068,1749,1622,1820,1469
1430,138,855,1307,178,1278,913,856,837,1861,990,23,1347,1415,93,285,790,1037,1811,1282,478
653,1648,1182,1305,1315,1336,144,912,411,1030,1669,907,1295,278,1072,296,479,990,138,1409,1228
656,884,909,101,1175,724,141,976,1266,1467,1544,1555,562,1297,4,1235,768,1223,911,193,181
1256,1234,1839,190,1768,1317,103,643,1804,1737,1276,1759,688,1145,185,1843,284,548,1136,568,924
1357,295,417,274,1076,644,245,645,382,1780,641,1241,1778,855,653,1750,470,548,1005,493,139
1247,640,1018,713,703,1127,177,1085,95,266,244,128,940,1284,1305,914,1277,1850,1294,1137,545
947,1842,1279,1307,1566,915,1409,1741,735,1230,1009,478,412,1266,1640,62,98,325,127,275,1280
430,98,775,1807,900,841,1804,1282,1274,1165,1088,121,1566,176,269,14,1548,579,478,982,309
1087,1805,969,562,80,907,995,952,1303,436,290,1264,651,1445,1839,1032,1277,274,192,1564,147
1276,990,201,1853,1146,1149,170,1817,1158,989,1306,1058,640,658,656,293,12,241,1455,296,341
568,23,1276,627,917,694,926,1728,1373,1282,1041,1246,1467,1111,112,79,189,918,1547,1155,1301
1343,268,1585,1292,21,98,1287,1555,150,1176,1280,279,1472,62,809,23,1741,1804,1490,385,186
645,27,1217,1817,1604,1717,1630,76,1545,280,1276,290,740,22,116,536,1287,1348,914,1182,1302
832,108,1545,279,855,1426,445,856,103,380,629,695,494,466,1569,325,828,72,989,213,212
403,568,1686,1303,271,1854,1348,258,665,70,222,1566,1432,1062,1290,303,281,167,1306,379,262
1819,703,590,74,862,1547,21,1548,1741,1291,1688,1811,989,363,1288,826,228,1432,1123,1714,178
778,306,917,1074,1415,223,1295,1296,207,84,1510,141,855,1276,176,11,522,115,1111,1819,203
1584,24,23,1095,610,1233,1844,1290,1036,450,260,1841,1140,750,128,253,192,1529,1017,783,640
990,275,1289,190,220,740,1752,856,1028,1696,680,1306,1649,1778,1253,292,1759,570,84,157,1354
1218,253,1770,750,1778,139,157,410,1804,1278,12,70,1748,179,1610,562,989,269,1489,1305,1323
1285,124,1706,1064,266,914,1223,862,1284,150,1648,1819,1806,1287,1286,1307,12,785,1280,896,1155
417,563,1218,248,1183,46,606,1546,890,631,478,203,1585,1415,35,260,23,1228,261,139,906
370,133,1285,396,1136,1752,1662,491,1302,1513,152,1783,1280,74,1686,1744,1777,349,465,1300,228
1472,1012,1757,905,123,1534,1372,3,250,1247,797,494,88,911,1306,737,856,982,1236,64,1610
1684,908,715,203,1585,775,984,1183,1741,1272,1648,1804,1472,159,1770,903,70,294,64,281,1778
285,1278,1266,989,1300,270,1783,106,25,244,177,176,581,1294,1591,1106,1564,1108,108,1093,622
170,12,223,268,747,151,149,561,1565,1064,25,95,1298,77,74,1206,1281,1259,259,92,291
1819,59,704,1293,1236,1097,1441,430,1769,1372,466,907,645,1773,903,1778,974,1760,1817,561,1297
382,1294,1842,1353,423,533,770,1076,1700,1363,1301,27,971,1679,1783,198,1568,165,93,568,70
140,403,997,1851,1022,95,695,772,1585,1842,1280,951,914,113,1441,1302,1374,698,70,841,410
1404,571,1564,503,90,1296,1302,165,914,1289,1721,1125,181,1142,1245,492,73,1314,1732,295,1569
1299,233,1094,1718,166,1566,780,1264,1265,1294,235,1193,49,1146,1752,1160,989,126,1741,937,167
1298,984,940,1819,579,1432,1294,1120,1808,93,1296,303,1123,1741,781,1051,1733,27,1548,1307,1711
51,1357,460,272,1297,921,172,823,605,990,1562,1076,1279,296,989,1752,259,968,1294,1034,300
1817,71,233,1296,1816,990,1306,1432,1295,1827,219,1060,1662,63,1149,426,781,1249,295,1289,1199
1777,1569,1291,1830,137,74,1567,1467,1326,145,1460,1223,133,930,229,396,1294,147,1366,91,1011
903,1757,1548,1752,540,641,855,453,1085,1502,1741,78,669,89,1146,530,201,1580,134,1296,1182
1169,60,1183,80,641,265,1301,1752,124,1804,710,1741,1705,1121,95,1839,259,1296,1277,1607,1057
1182,1306,138,265,1107,165,1783,1191,1681,1294,253,1689,471,234,219,1536,990,1703,1472,269,1804
1741,26,1347,498,1374,1279,897,1290,1804,133,1348,18,995,911,229,605,1648,1689,670,814,149
465,1294,287,862,1374,1461,1377,993,1441,1228,1160,142,1549,292,172,640,204,1332,286,260,890
150,529,1354,641,1279,1307,1445,1744,1223,1304,693,1846,915,1034,1292,855,1566,900,27,92,623
1859,990,731,997,306,100,1199,847,807,1277,287,1285,323,992,132,1648,1302,162,1566,1811,450
1088,590,309,1648,996,186,1670,808,885,1299,1566,1285,24,1307,1542,1052,275,25,320,74,1280
634,259,1299,108,1011,1774,1115,1741,78,1432,279,608,1030,1301,1544,382,1489,77,138,74,540
1568,1284,1303,914,1280,700,1778,307,1192,1152,893,1821,3,1195,977,306,272,1305,845,235,889
1778,286,1188,979,1295,175,1817,1593,1585,1279,367,772,1160,1565,459,658,84,1409,1613,641,1345
494,1290,1305,1282,1277,23,20,990,1279,1510,643,568,545,669,1158,541,1692,1778,1722,1005,292
225,1374,713,763,1784,1040,120,407,1501,865,1202,642,716,917,1642,727,1117,1302,1519,245,1294
142,1282,266,1285,1357,1277,857,222,289,198,1750,1301,1653,1564,1249,648,18,1836,23,1466,319
172,74,294,924,306,100,1375,1305,948,1811,990,1374,1276,374,1648,1620,806,154,1697,1360,1303
1132,1285,951,148,1304,1732,1343,1415,291,12,1279,1112,274,724,1256,76,181,1303,287,445,846
26,644,306,1188,122,1627,809,1648,1828,73,176,1393,93,1287,1607,220,1030,104,1432,1279,46
1282,1640,233,1306,104,1040,213,374,1821,1230,1233,1276,990,100,1280,1257,1,1437,139,1307,857
1298,919,123,1126,1417,213,1811,1306,233,1030,438,686,308,435,215,1807,272,129,104,216,183
197,269,1778,632,61,1301,1227,1294,1776,651,303,1741,268,1366,499,1817,228,212,1304,989,430
821,1780,1294,70,510,903,910,83,75,1417,938,156,703,1804,132,1276,1301,220,1261,238,642
68,1433,140,860,1278,1303,789,374,233,527,1307,935,552,848,189,1732,1088,1643,176,990,1585
932,1040,1307,819,695,291,1706,1554,106,1759,56,535,1132,708,97,833,105,1113,1374,1224,640
859,255,1670,694,847,1302,1016,1083,1741,1413,954,1689,398,1718,1843,1292,415,101,148,1049,1564
1845,162,676,1654,728,1773,1767,659,656,1248,233,276,1776,1288,1697,151,1741,1289,184,1844,69
681,478,1279,1555,193,1752,65,1400,134,902,610,1040,562,1073,198,1112,731,1094,484,1295,748
342,185,1837,641,1741,291,21,1294,1234,920,25,112,1804,289,754,83,303,100,1094,1276,1300
374,90,202,705,1032,707,1807,1040,573,78,1583,1049,1236,1741,890,901,1037,357,1128,1281,1206
1781,266,459,1136,1804,1282,903,137,1281,944,1232,1823,1593,1688,1215,1564,1302,806,714,647,1558
1298,69,1555,229,1426,1303,913,1564,77,598,23,1306,763,1689,1495,1560,901,128,1290,136,129
380,1657,644,1011,1270,1279,95,23,541,679,1295,1819,1781,1084,640,1342,527,989,1280,1118,1778
61,398,602,506,889,1384,287,83,301,74,596,1132,1280,284,155,1648,383,1077,193,1780,1082
855,701,347,1329,548,144,907,1279,1062,1191,279,866,23,167,1217,603,1051,341,800,49,829
1433,1293,70,1021,1669,877,1352,1296,1092,1297,1839,910,268,1128,23,1775,103,139,1084,1366,1374
613,0,193,1110,1133,1307,1700,1265,105,810,507,1409,990,1140,1129,1088,70,1028,1279,1554,867
1215,117,1711,1018,909,1182,990,1674,1741,24,1776,102,568,811,1212,913,1233,920,1819,1562,1207
75,1804,829,294,1157,1242,1585,457,1299,1395,264,467,956,166,376,1243,1115,1550,136,503,70
1011,889,1702,89,1824,1752,95,1648,91,74,349,1415,1804,99,1555,451,1237,1547,640,1660,911
665,1211,367,244,728,1648,847,1285,1778,1279,619,1592,1861,238,1640,1271,1695,1828,95,269,819
1096,1017,669,1088,1032,275,939,340,1712,582,1703,93,1293,1374,1271,1258,1276,694,376,772,254
1807,1799,91,1026,870,325,1777,1529,422,69,1847,1566,1683,150,132,635,181,951,86,1028,1292
1268,1022,1295,1856,1824,1555,141,1024,86,917,645,63,1128,4,1303,1094,641,540,746,1778,1284
913,789,912,1092,243,192,1306,138,1181,1250,374,937,247,1550,1564,27,1018,122,1350,626,1302
1290,467,382,1569,268,1151,312,1759,20,1250,1295,1648,478,1681,1280,672,814,120,1128,245,75
1780,1544,465,1543,855,656,1068,752,1619,1282,1581,669,374,1290,1564,1255,1355,914,1097,595,960
956,656,100,198,137,1550,1073,531,25,1374,1120,306,278,1712,1613,1276,98,1584,1827,1182,1209
1342,1824,755,253,621,279,1417,1228,506,1811,450,901,1712,1076,1307,1168,27,51,98,1744,607
1029,1298,1305,914,1294,1104,862,1361,84,253,1807,1302,911,83,1851,1783,86,9,93,243,58
1013,1741,1041,530,914,1770,93,1780,1648,1273,215,1787,146,1294,1140,1302,1585,1744,1374,148,70
1372,61,855,70,1360,382,1669,194,133,266,1067,134,1529,114,87,1279,1701,660,1294,59,1034
1831,1299,935,1648,1778,1026,1817,1842,1470,1819,433,1685,1591,140,644,1284,1851,142,1068,112,1529
1220,353,69,1145,1712,129,714,951,1343,818,1165,659,1306,1183,629,855,1303,104,1668,21,1215
1778,640,568,901,269,1316,232,1305,1648,1087,864,1136,309,989,492,485,27,956,91,312,175
1555,1778,1585,989,27,1161,1294,185,1307,55,1,121,112,1229,509,990,522,545,1564,181,50
268,1770,1022,1225,1566,312,769,1298,953,1187,1285,1299,1780,1306,24,1257,1296,568,212,1845,1274
1371,826,1298,296,285,1148,1029,1640,1334,1712,893,989,799,1544,739,1272,1220,1648,1533,1564,631
89,1787,179,490,459,1713,76,1306,1014,1288,1145,1342,1828,1294,93,1739,1051,1585,1817,1165,1811
310,1732,1302,154,1300,197,145,1564,885,686,953,889,452,479,989,1660,128,636,890,1085,174
457,294,1292,1805,243,188,451,163,903,1011,642,743,1306,1648,305,1307,644,1034,64,258,1778
133,1177,1374,1811,1274,1758,1286,1230,440,1721,856,907,1265,885,980,909,360,253,273,8,1182
411,478,636,93,1367,973,1289,87,268,1752,253,1675,395,1290,1511,180,1240,1142,1426,1629,495
636,1780,1840,1279,246,493,1306,466,1277,1198,855,1557,1303,296,1498,971,1285,947,1007,1325,817
155,929,117,1612,1084,1842,1132,1741,990,1701,308,285,1030,1374,1279,1171,318,1648,72,1569,439
1555,1804,87,1175,291,27,1291,284,98,73,721,353,898,1638,103,1783,22,1807,914,1857,277
779,1305,939,1206,1846,193,297,100,1752,1624,1741,788,1432,990,862,1705,1071,1296,499,1302,579
129,1787,523,1041,1741,972,27,1374,1154,1795,1145,908,1290,1804,106,1300,1712,151,641,1237,1389
1068,1419,1051,1303,922,1276,1566,65,606,77,1092,199,1299,1859,1028,1264,194,1306,11,1488,1071
1279,428,1648,163,811,644,1591,906,1304,1099,571,1551,1285,1410,1192,1684,1695,1629,1076,1828,157
1084,1041,717,1076,1051,1197,1798,1302,1123,1408,1281,1035,1700,1182,1239,279,399,1648,725,1176,1357
278,1277,992,1824,494,49,1259,1732,1307,1558,1783,1123,673,1289,185,1801,716,187,280,193,516
1256,1305,123,1058,1226,807,1659,1279,1840,297,918,278,1706,890,270,750,1585,702,1285,1290,1299
789,950,1260,45,1549,129,91,1213,265,1285,644,451,1778,309,1282,185,837,307,1846,657,1784
1337,1558,1644,178,1223,1500,1701,1415,946,1426,914,1163,327,165,1146,1598,146,1129,1246,465,142
48,1470,1320,1285,1773,1123,283,1553,1815,845,1201,293,573,955,1032,901,972,1290,1839,723,1298
274,596,267,438,1277,186,1353,27,531,998,573,1852,144,639,1807,1304,1704,223,1279,645,374
1115,1279,1472,596,1121,1292,1756,23,941,74,1030,241,1282,177,302,256,1752,1267,1237,1276,139
374,199,1297,1295,1366,1291,703,642,1478,466,62,94,1040,1285,861,1702,996,371,764,1781,1091
278,911,1303,941,62,1274,509,573,850,670,1778,1432,656,919,201,25,1292,691,1281,193,356
219,1059,65,1306,1693,656,1371,1282,254,1448,193,1426,1648,1836,1290,1246,1292,1265,17,197,1293
900,506,27,1682,1228,687,400,1293,1158,1278,690,998,294,1239,1157,1776,1289,142,729,343,1335
1223,1276,1250,1349,920,74,162,1507,133,1397,1486,1294,1432,89,988,568,689,867,1154,624,640
407,1840,478,1817,1297,855,519,286,1224,10,581,643,1364,1648,184,989,1036,562,1068,1175,77
1829,834,1165,935,913,25,778,1365,1798,1282,1145,460,1306,1292,1182,261,299,953,1499,220,235
1771,1303,1305,449,1497,1285,305,640,1808,928,235,1292,1778,1132,1465,117,1648,1346,1544,293,111
1357,291,963,177,99,1566,1846,388,804,856,1125,197,1090,1290,694,749,1235,925,193,1781,1301
658,243,1173,979,1306,93,1276,1040,1293,643,1013,1184,114,751,648,1129,1693,596,1856,538,990
653,1424,1277,1763,993,1778,1498,275,71,136,1717,604,17,1130,188,1282,1077,1266,1369,656,1149
279,753,170,596,862,694,893,1295,213,1294,309,74,1169,1776,1364,70,1297,1534,243,1643,1112
928,24,484,1297,268,1693,990,749,1752,132,1289,1261,548,1470,494,890,830,1149,1345,78,1158
1807,353,1681,796,1242,527,1154,990,148,1690,1397,1291,1741,1819,112,767,1230,882,1099,3,1778
161,1817,1193,1801,1299,1752,75,164,253,959,1023,1340,466,656,579,309,990,1274,1028,1512,1741
974,91,1189,1294,1303,1712,111,1432,1035,1270,1249,1829,1355,586,1281,1426,1811,568,717,1306,177
491,918,700,192,1306,1245,931,1165,639,1780,189,956,130,596,855,134,310,25,672,1035,1505
1409,509,1156,1257,485,1566,1224,970,1804,990,1667,1780,267,1279,893,1302,1343,668,1145,1426,624
1741,1804,1280,1228,105,1182,1293,445,1279,1216,1124,264,501,308,1764,513,144,147,64,83,1165
995,857,385,1648,353,1604,1780,1804,1712,1068,295,1294,1776,1637,939,155,1160,1340,907,855,1721
478,1195,901,62,58,641,1783,1694,1566,1289,27,1292,358,1428,495,300,649,385,108,607,887
58,352,478,438,891,1297,1426,93,197,639,1811,267,27,240,776,70,1279,1817,1736,1741,1305
1375,1208,12,1780,1327,1175,347,1013,144,937,478,103,1088,312,1709,1776,877,1613,829,185,1741
1052,294,190,1744,427,1336,915,656,75,908,867,1013,1778,12,1012,64,129,1353,1290,1417,1277
1305,1839,1281,128,993,1584,1113,150,1187,100,1472,1076,808,141,84,581,990,297,740,1199,221
716,178,260,1111,1293,1240,1084,193,309,1298,838,1662,1326,126,990,1783,1289,1060,472,287,1552
180,472,1783,1789,358,95,856,268,1183,234,104,1564,1303,1718,245,963,1299,137,990,156,1778
1029,1145,1158,640,1842,737,1229,856,377,681,1817,984,68,657,1426,357,1839,476,123,296,523
1302,1055,990,1852,889,459,1778,1182,1702,1373,177,645,1145,568,1473,240,253,720,1485,1694,175
1329,105,751,1270,752,21,1263,540,1490,1166,1390,253,1722,1469,1277,1752,74,98,1819,383,890
253,1783,166,1388,1299,1267,1432,244,1665,262,134,90,279,938,1117,465,801,821,656,1084,642
922,754,901,37,1852,1682,1284,1566,12,131,656,990,995,1490,1839,1209,719,253,1778,1830,76
1147,645,411,322,45,1715,1045,1298,1506,896,623,656,115,95,1780,934,658,1641,123,1297,319
395,1285,1384,1781,465,312,990,275,641,1307,1221,1717,1196,920,1530,640,307,70,680,24,284
41,265,775,1441,1771,134,106,274,936,478,275,588,890,362,185,1112,1686,509,129,138,1446
1291,1306,169,1017,1432,1711,1128,374,573,1084,288,1778,156,116,503,1804,100,914,1125,845,598
952,306,1279,1293,1289,946,308,23,1080,1018,241,1328,1302,1716,1300,1294,501,1611,1230,1741,931
1598,1245,1415,804,1306,990,1295,186,1121,118,1677,1294,92,1648,1132,1076,370,1745,1374,108,23
78,297,445,1752,908,1303,1294,1490,902,142,1444,930,129,1256,48,1841,323,436,1070,1423,1156
141,1182,24,855,571,914,186,1656,178,506,1498,98,1566,1426,1841,1804,155,1034,64,274,1550
23,978,132,1830,1367,993,510,98,1851,8,1141,681,400,1234,1276,1292,1566,478,1778,990,268
126,798,190,503,739,943,1263,848,1501,1546,990,78,1374,1189,644,1218,147,189,574,1078,1585
990,77,855,46,84,1778,823,656,751,1819,163,1018,648,641,1307,1282,272,1741,1585,494,1033
25,1566,74,1425,552,540,1086,1249,656,922,890,69,1266,173,1064,1245,1706,669,613,86,802
140,605,1453,1177,1292,1718,1585,1307,180,723,431,1125,1446,286,1648,297,296,1084,245,1566,134
171,1752,219,1844,12,1247,1455,990,150,1470,1277,1778,168,1165,1353,89,1804,1547,451,200,1776
24,136,46,88,1710,481,1802,1780,70,1406,1285,739,308,1566,221,1228,137,1027,623,322,161
1076,1302,362,1182,246,219,430,611,822,1145,697,24,1564,1781,215,1860,953,1112,23,967,62
1783,1279,1426,350,1188,614,178,1093,1282,1117,84,69,890,728,1740,1544,1041,1250,1534,126,842
1256,640,466,596,1276,1122,1032,1063,1207,752,408,1281,419,26,619,1091,20,1510,687,1282,1741
1739,1290,857,1182,1819,950,1279,549,946,165,415,641,530,325,1840,1304,1307,54,573,1229,826
166,1187,103,479,950,1752,1141,741,126,1444,1302,1297,56,913,1230,987,167,268,1247,1270,1298
288,1503,188,106,1157,1555,126,587,1547,1374,1778,414,1290,150,695,669,89,1839,1780,1026,575
509,138,1149,1159,842,1642,268,1304,64,1533,784,111,1595,119,1566,1854,1816,1741,1752,1018,305
1291,505,279,983,1561,407,1251,188,696,1275,783,641,1306,186,151,1227,990,852,1494,1284,1294
1036,1343,579,210,267,1213,1804,838,855,1787,222,1585,68,89,303,982,172,1550,1648,1450,186
1040,950,743,1648,76,1259,246,945,856,919,1547,1284,1266,282,1415,1669,863,1011,1248,990,1278
98,1271,951,750,688,122,1372,1648,1498,1780,202,238,910,1564,1218,890,93,466,798,1374,1189
1610,532,1851,690,221,73,1615,1347,86,1574,167,1716,1073,1374,1145,494,1282,1741,1780,399,93
1191,1272,116,1309,27,669,1798,522,941,1076,372,1367,478,1145,1307,292,1801,1555,51,1357,121
1374,307,1034,938,63,1292,669,1611,1688,1737,956,1279,1817,12,1024,1301,1307,1080,142,4,188
474,920,179,990,358,1770,153,1178,238,1731,939,459,1278,65,1292,573,1631,1306,27,244,833
1571,1702,476,257,27,286,1059,137,935,1045,1821,1302,1290,1374,1069,615,990,260,1093,503,915
656,70,1836,657,990,341,1564,1290,1307,1037,1681,1665,1284,1648,1278,958,395,193,358,82,194
1592,1555,470,270,1266,1374,1320,1183,264,1839,1294,1485,1344,1571,807,166,147,1337,1585,1105,697
276,479,3,112,1392,669,1297,1426,272,377,1648,1294,1125,405,1165,1534,286,1207,1132,629,1839
89,484,1282,121,176,492,1804,1752,1360,1280,572,1277,27,1307,1741,104,123,656,64,1409,1306
990,83,1012,359,890,1300,1861,1749,1139,1284,1349,422,555,725,100,796,312,1306,1270,1225,1088
279,493,766,1230,1547,642,1811,1161,930,84,1304,1091,1585,50,1561,990,197,855,1741,83,1276
890,1696,1318,562,37,224,1488,748,1521,503,483,1414,1648,74,282,941,1752,681,462,1279,1299
287,1306,1018,1853,1728,1175,1818,1106,1154,1283,942,1123,1280,1276,279,1555,27,1305,1279,1265,1648
1018,1301,622,598,588,151,1776,1440,290,1678,1267,707,651,1521,1548,308,23,134,541,1741,885
1128,247,1417,1584,1289,70,1036,1305,1057,1298,294,596,25,1489,1718,246,917,1741,1155,856,990
1125,699,1288,440,24,1191,1040,1305,148,274,1108,1034,202,1228,644,12,1335,1736,1257,950,1284
1741,761,1432,643,136,1415,1708,1259,1223,816,1201,1190,246,1125,1274,1299,1677,1804,1840,596,1156
530,648,1257,194,148,1247,855,1714,890,971,49,509,1296,807,1289,1278,273,197,478,166,470
1095,1300,1487,1085,186,64,498,1529,1787,1839,1290,262,148,296,189,104,496,348,872,570,1305
185,644,611,1045,1592,252,478,253,331,807,1287,1285,165,581,349,1566,526,1839,307,915,1545
954,134,984,12,884,586,126,27,823,204,267,697,190,890,85,1307,408,1036,253,478,288
88,297,908,1167,1045,563,101,1127,1289,1146,531,1154,867,553,907,1804,458,253,1065,1005,1416
1595,1732,192,1150,163,46,234,1002,1052,1808,1372,74,138,605,1839,1280,1281,1126,1034,1548,656
1759,133,270,1804,1302,950,1277,1534,1484,190,905,1780,1783,74,1858,1030,1777,1019,275,499,64
1276,882,189,818,990,1305,1041,1324,507,530,1316,1680,1658,1016,1070,192,978,1078,1343,908,136
121,412,368,1281,23,1364,918,195,1276,81,531,147,1648,1492,1780,1082,1711,1165,279,1844,784
656,548,245,143,99,1296,1148,1478,254,920,274,531,76,116,1279,950,167,181,975,724,1669
1566,1298,640,1648,128,1092,51,1299,190,669,1104,960,770,1542,1282,1314,1384,1098,37,25,1303
1851,373,598,403,209,989,1849,746,112,1855,1199,1708,25,201,760,1533,1648,1289,288,1058,902
136,1565,1307,1171,1343,287,1290,947,493,132,24,1426,254,909,490,181,907,1490,1806,129,1092
267,1797,151,963,366,857,1014,1534,1029,1625,819,451,1804,1558,84,1805,1374,1092,1476,1197,1748
1076,1352,279,989,1264,1726,503,1290,1206,1092,669,819,1235,917,1741,9,131,993,639,588,1278
509,179,1226,70,1301,1289,1802,1297,648,724,266,22,1384,1306,241,748,1381,112,579,1302,1291
1191,1125,271,288,279,1182,877,1156,772,855,1691,656,1282,63,534,268,1564,128,1279,570,511
185,649,982,1780,1826,775,1298,1163,74,167,1278,132,1026,1306,1511,395,1695,268,502,1168,1434
484,1298,639,1752,1697,900,1669,134,320,1692,1842,1429,863,1256,459,74,1301,284,188,1708,1817
541,1446,669,1286,1804,1814,1175,1169,104,688,700,644,1120,26,99,1299,1794,1294,613,1689,1031
407,695,138,1113,1374,1839,1457,1426,1015,478,1804,1274,70,1485,17,1732,596,1392,989,1648,665
911,433,764,27,1290,1764,1789,1137,25,893,1019,71,1085,602,1830,190,862,1372,1305,181,69
73,1804,258,914,149,1176,1295,1332,775,272,220,1326,193,1302,918,69,12,670,700,1778,1689
1279,1547,1263,1289,1704,1211,1208,1482,990,656,1648,1348,915,1689,152,937,98,857,1514,1294,1052
296,1849,715,1215,260,1175,1695,1307,245,1290,863,101,476,1289,11,1076,140,897,1288,1192,1780
70,914,857,1585,900,1840,602,1358,1276,1752,259,1304,890,1300,785,1534,750,855,917,1701,1192
165,1500,796,1804,1092,139,281,24,1137,1326,269,1076,271,1849,223,617,1297,570,1830,1639,908
656,1676,303,1182,965,1250,1821,76,351,1084,855,395,1627,570,1295,145,114,123,857,1822,834
1306,190,63,538,233,221,169,425,1173,471,1074,1166,656,1236,509,1303,1094,1045,725,237,691
1266,1298,1294,938,1778,244,25,1356,8,1498,1855,1280,257,801,1491,700,785,1470,1140,514,1752
94,1234,84,222,145,128,1282,175,1297,1804,1648,1260,1141,1728,621,1291,1769,126,1426,955,695
681,1839,24,1260,1847,319,1041,1296,328,1175,253,1374,1290,1301,425,192,1276,598,264,1247,257
1295,1135,1632,49,1736,158,1305,811,224,72,103,1585,899,914,1084,1425,1430,1490,192,1176,1123
1852,1291,1836,55,1059,1357,377,757,101,1564,1103,1717,1778,1653,1679,1298,521,438,321,1804,1036
25,1541,1285,1040,467,877,972,1294,1015,1009,1279,1298,165,989,296,535,1374,153,1280,1847,263
947,1290,1276,1551,1292,855,289,990,1051,829,268,1703,1291,1778,389,301,1025,1302,640,1305,1301
164,1807,1169,329,1776,229,523,989,919,70,1085,658,1732,1063,1279,1721,890,62,95,23,1000
487,170,512,1105,58,381,1306,186,24,70,645,613,1084,805,282,1143,490,980,306,1820,189
126,1123,1220,1773,1459,467,1275,1108,821,1297,916,1839,297,1281,1216,223,1093,1006,1757,1183,1498
1265,25,1188,1294,1232,1246,194,998,955,700,70,985,754,1741,1114,1237,691,1276,1282,114,538
289,1284,25,989,1188,1585,990,1205,1292,1290,1420,623,1648,1193,1629,867,1271,986,1304,1778,94
1183,1076,1279,265,694,1333,1332,121,1752,1854,1281,37,948,1036,1064,862,1703,1128,76,1181,129
105,1225,39,323,478,1712,381,1844,1632,187,664,325,1648,1819,863,1542,1289,1301,1440,264,60
1353,1547,1039,104,943,1839,752,993,800,1239,1472,1195,1269,1347,1533,1087,1276,1584,1246,1741,1307
492,1298,152,146,1278,504,254,1041,74,1267,1347,1297,1034,548,1488,79,27,1076,1781,1234,1231
65,898,996,1783,1158,1681,971,1841,1301,1296,259,1704,1555,958,1157,643,144,1047,1036,1045,1052
1472,1303,1294,694,680,1290,1161,857,1564,1844,581,978,1566,521,1128,1247,1490,1100,602,253,1502
233,567,181,1426,1299,1778,448,1284,337,1294,857,950,956,139,65,66,1711,1250,1817,70,55
855,768,1696,192,569,104,872,1287,642,424,465,1585,797,1238,132,1773,220,995,1294,1235,295
901,893,253,1418,1683,1254,854,424,1790,1845,1415,62,1014,1369,169,1294,1219,1811,1426,150,605
665,902,1628,1540,964,1610,1436,1804,1036,1558,1051,755,1266,1426,139,1669,98,857,192,596,156
287,934,583,1812,269,1710,257,1136,223,852,377,1426,990,692,1842,493,1291,640,1275,1296,207
574,990,641,436,105,596,1266,275,1115,1819,951,221,220,76,669,1297,171,234,1149,1164,1233
70,1840,4,1094,642,338,1595,1230,108,1374,286,1257,1752,1585,1616,66,246,1839,1564,1441,1082
1644,1292,92,1263,75,478,1774,832,990,1214,1256,1406,623,1270,146,1740,596,192,306,1291,1566
93,318,1839,1756,379,876,265,1304,918,1073,1285,779,1296,1805,911,509,1175,281,302,1585,907
284,180,64,1303,1298,1041,1096,0,252,644,466,656,138,1275,1128,74,992,1243,265,920,921
194,1257,640,1284,563,1574,639,71,475,317,245,1694,74,24,1105,936,353,1052,1784,70,1804
798,689,590,404,1280,178,114,1811,1284,1316,1303,647,1307,294,78,866,427,293,544,1175,307
1282,568,1518,1747,1183,1778,1158,1163,1657,235,242,289,1443,984,1306,378,1002,632,1294,1855,1426
704,1817,1404,1585,87,322,894,789,1097,1648,1301,1183,712,1821,103,188,865,1752,193,1169,855
970,1301,1072,740,134,23,1843,1804,192,1292,1305,890,1267,658,1298,523,272,56,907,1693,1648
255,639,1415,1839,403,70,1215,1142,191,654,1778,1145,1857,226,1648,1585,1104,1262,1045,106,100
1754,1374,645,984,1741,459,1167,807,1309,1282,1187,640,259,485,76,194,1784,656,1578,621,811
150,274,99,1276,1426,271,1564,165,1289,1763,998,748,1780,640,658,694,579,847,450,305,1292
913,1307,1142,1296,1311,1125,1648,97,1293,220,274,1426,816,92,1169,695,529,1547,98,1294,1303
1327,926,555,258,989,1306,1752,233,1169,1388,1806,1291,123,1711,1426,126,1467,1202,1279,1241,1579
640,1773,292,1549,1290,206,25,1182,1653,907,290,273,80,1488,1228,198,151,1158,1689,1842,1035
1711,1566,548,1307,439,91,502,645,990,101,166,1804,1285,1148,1275,291,1432,198,768,640,1147
454,178,1721,1585,1266,129,596,1435,146,465,1279,1842,1302,1094,1263,1268,1215,548,917,1290,577
1092,280,121,58,66,1830,1741,1352,1007,261,1783,74,683,541,478,781,94,265,89,681,433
1791,1639,49,1113,990,1455,1038,1456,581,220,1212,319,540,1547,200,1842,1518,1279,1421,513,1294
855,274,1503,1499,1224,1441,166,192,1035,139,596,550,1129,1175,756,1271,193,1276,144,1102,682
574,1131,436,1536,764,1804,195,1441,112,1299,1243,406,1409,1752,548,194,146,656,1571,807,1217
452,611,0,272,284,1290,61,321,1276,1711,856,1285,1320,275,1188,24,1741,1195,540,1099,1169
1613,1585,1424,1817,1357,696,1105,1752,103,455,189,598,720,1018,74,1804,754,1701,596,1241,319
1279,147,1614,1276,65,1242,1626,83,258,747,1273,1804,76,23,297,286,984,264,1566,814,1290
931,1741,1564,212,1301,857,1706,466,1302,1333,971,1840,307,75,1248,1290,477,88,1300,1289,1281
642,1566,430,180,596,1357,966,1301,520,1293,263,21,83,1160,603,1307,57,1780,113,235,1787
1555,1783,1302,1354,1306,208,1437,213,1781,1602,857,297,1347,303,1741,141,62,1026,324,148,1294
1199,1446,327,1243,1087,1534,579,1306,1513,1732,793,939,1078,1776,867,1566,93,478,1593,1030,816
1694,640,1109,64,259,1781,264,572,188,1064,913,749,1332,1534,1005,1752,1184,113,984,1418,1292
1470,254,1678,303,912,823,578,831,1274,908,1365,1731,27,1239,754,92,258,829,1776,1128,1616
1192,363,1327,1305,1182,85,1343,1132,965,70,1290,1292,1297,275,626,371,900,823,897,1839,175
1372,687,901,800,1759,1702,76,199,641,644,763,855,87,627,1394,1705,1276,279,1272,1712,579
598,1306,901,289,1052,1374,294,302,9,986,1691,1276,1142,1550,1296,185,1095,1314,1305,567,70
641,1018,990,1356,895,1841,1752,478,996,913,1804,1616,192,29,280,458,83,596,669,1305,1781
37,268,1518,950,1334,809,1289,126,906,646,1040,1533,1554,1307,297,919,273,1011,112,1303,1657
1720,1183,1152,645,912,312,70,80,562,1348,1806,748,694,1374,494,64,122,1508,150,1537,1618
1389,1111,970,1693,540,598,807,1277,524,1118,909,290,25,995,1314,856,898,1702,494,1267,496
863,267,930,1158,1295,417,1783,1711,644,253,74,1690,1498,1432,192,921,879,1183,1502,992,1182
1388,98,806,1585,1284,462,1566,690,1432,684,855,70,102,1433,1564,1263,1470,166,285,1272,27
1233,305,323,1121,1281,1648,1741,292,1302,337,501,170,783,1728,1374,407,909,561,1290,412,282
112,399,551,301,1028,193,1752,1307,74,1306,1161,767,1265,1346,411,1840,1301,1466,1741,435,1199
1291,700,458,1648,1706,1852,335,1295,856,693,1681,1747,1302,697,1093,1470,1306,95,1222,1288,113
1412,617,857,1395,926,1294,1290,626,596,1776,1426,1274,1566,1752,973,1289,729,1488,902,834,1081
1249,250,1564,1819,1757,1684,1585,579,890,767,1276,1385,1280,549,93,1767,1183,62,25,1230,126
1118,1293,1279,1591,855,1137,568,1042,1545,911,1615,89,1250,46,1305,1299,244,290,411,1455,902
1764,1332,586,1235,137,917,259,951,1594,1140,1374,1279,543,1237,831,470,974,309,1780,132,979
176,1851,445,1165,178,1149,992,1811,535,1676,867,70,235,1092,987,1548,157,1778,1741,374,1147
1285,290,855,1164,25,107,1259,1798,83,245,1240,1304,283,1598,1299,151,76,1518,39,1136,1226
1306,246,1789,194,1648,1316,137,1312,955,1123,1233,1613,1774,1756,893,907,957,1811,1432,713,1490
1415,915,1778,940,430,154,579,133,151,1291,402,1304,236,1839,752,652,1585,1830,1536,179,132
1378,162,1307,374,1449,643,910,1142,1226,1176,220,382,175,568,989,1248,274,1306,1512,1303,1076
219,832,272,202,1282,478,1809,1298,636,1777,1294,101,58,74,483,781,1459,1804,688,1489,1585
1305,695,1173,1055,1776,778,586,395,492,918,185,221,990,1034,857,128,1524,74,32,1008,155
383,175,1183,72,1229,1721,1266,101,1546,1426,1295,911,1150,1555,326,1182,382,23,914,407,1638
316,209,902,1804,1198,913,1071,1152,1290,1846,1297,238,1282,1292,1305,1447,890,27,1368,1250,1860
1365,945,70,1846,1804,1732,1076,27,320,823,1290,1637,1243,1374,772,1776,114,261,1074,1030,971
1277,1218,492,1550,907,280,1307,890,1036,968,1279,719,1562,1284,295,95,198,1566,458,1229,139
56,108,612,1819,90,1242,1223,990,1549,656,570,1804,1555,1171,321,234,995,1840,488,1811,1082
1714,1757,277,912,98,1299,1432,1051,1769,937,621,1275,246,549,1825,123,114,1566,1295,706,372
1673,640,1804,295,1727,70,1581,1298,264,1276,213,321,1284,25,530,32,1306,855,1542,1248,305
1292,1322,1830,1246,1147,380,785,1781,445,1847,853,1190,1296,1637,64,1707,990,355,1728,516,285
891,1166,1198,982,297,320,1493,128,340,170,1234,1281,76,1355,1271,180,1040,1752,1227,909,164
48,12,373,667,1585,1208,901,940,1033,1547,890,1088,1740,1843,93,1250,504,349,1306,572,955
63,1128,1305,641,492,86,1819,981,1279,1294,838,596,956,57,274,279,64,1267,156,1763,882
1684,983,1277,1783,1108,1807,289,568,1566,157,921,165,270,990,105,1284,1257,1183,12,621,261
219,98,135,1574,1291,50,1657,484,23,1296,1350,572,1359,151,243,642,1303,85,1534,855,1842
1305,1807,989,581,59,1427,27,1021,991,990,1242,1284,1374,913,1306,133,1216,1847,1164,41,1302
188,60,1295,23,302,1182,1783,1263,686,1272,1298,1319,1304,1183,779,95,1276,964,1671,1776,285
1182,1339,1804,286,404,1780,890,1123,398,1412,1583,7,1281,639,1811,1500,126,1648,1853,845,807
589,1690,235,1804,1460,307,149,123,438,151,234,37,993,1776,937,1145,1564,1129,1095,155,1293
1092,99,1741,1149,690,1284,613,148,373,1659,1306,274,1280,309,1811,1683,598,857,173,1243,639
1339,1333,1036,1429,86,1757,1580,890,898,990,1264,101,1430,787,224,918,1306,1190,1088,917,940
419,309,1027,1305,1819,1694,163,524,1660,1332,596,894,227,1134,1277,1839,1182,1862,1681,214,1774
1498,1192,137,267,1290,890,989,145,1513,114,1216,903,108,63,1074,1132,1305,23,50,699,990
669,451,1278,290,83,1852,1441,27,327,924,1074,1822,1853,423,1340,16,51,1420,624,198,1145
1092,1284,1676,889,1524,1422,963,1648,788,245,305,1145,1550,669,1138,857,823,1828,867,1306,644
1270,221,1019,151,1008,1195,90,70,175,907,1564,259,978,298,108,990,1741,245,137,1277,855
1051,181,1009,1555,1183,459,1430,642,470,641,1272,1648,1498,83,1233,1672,1102,1276,45,1182,206
1453,989,244,1279,1276,130,341,1256,100,287,233,1606,469,1291,857,1811,1284,893,319,280,133
637,1711,402,1297,900,921,1821,990,1807,1415,1848,1776,784,636,1490,1589,1291,1294,1182,1301,1824
23,266,245,184,1202,100,1566,1752,901,909,1440,1256,1224,1775,1648,1756,1014,1697,921,657,1555
635,1242,865,246,126,868,256,895,1282,1584,137,56,1780,1830,83,1295,982,1296,645,1284,141
1561,1196,27,318,1301,1306,189,1566,80,530,1288,503,929,21,916,1811,16,1732,1827,990,635
1776,1305,989,896,101,1680,25,1208,1220,1040,689,1284,1851,1821,1449,1293,887,1041,1597,981,1278
70,1077,253,128,953,1761,1294,1012,1084,1697,1250,1291,1618,6,1527,936,901,1259,1306,1166,1282
1585,50,516,1300,1107,1612,192,99,62,1328,1313,249,1374,914,95,767,596,1651,904,246,175
150,1804,1294,1142,94,119,478,1702,698,1426,223,1296,990,1032,1841,917,320,75,1303,1134,161
56,990,275,989,1780,1447,70,284,855,1840,1290,1187,1546,690,818,1851,1145,1097,581,220,602
1289,22,880,669,1265,197,1201,1819,641,1566,1741,1563,1282,1182,1511,833,1071,890,1123,577,1056
279,137,1290,857,1841,1617,984,128,1279,694,1648,1466,1076,1564,122,1294,1783,1840,134,569,1173
274,1585,1851,1811,917,1267,1728,1135,919,74,155,1280,71,1290,639,1210,27,1229,58,1798,176
105,399,990,1069,1232,1564,1729,1161,1281,1300,223,221,1490,1187,138,1791,27,3,1159,890,279
123,74,319,176,271,392,845,1804,1811,1585,126,1120,1306,61,1301,1036,1555,1737,30,641,1711
452,1413,1701,1547,74,642,434,1743,1474,1564,1301,1116,459,4,1839,1290,1076,1165,1028,1694,1182
1243,1783,245,63,630,1242,1298,1770,1718,100,1778,639,141,92,1232,857,1640,1842,194,1294,990
309,62,114,1155,1295,100,1728,1307,1249,1266,463,316,1141,1089,1183,108,1734,38,1101,669,1730
1780,492,7,1272,340,128,296,645,934,1686,1778,589,1801,1360,93,435,1669,647,1648,155,1280
1804,24,114,1741,834,74,235,269,411,847,1670,953,307,1187,1841,1476,257,129,540,491,1123
1585,4,1289,91,210,1428,716,111,910,1011,1086,1798,980,562,596,644,1393,1318,1574,1145,1566
132,497,557,1841,27,1302,907,71,1783,1285,452,1323,490,600,1105,1201,1242,1071,65,745,374
286,1702,478,1284,70,1512,177,1555,716,1611,596,1293,498,356,1741,901,1305,42,1274,1856,1432
1770,1094,1583,1534,663,1529,751,1741,743,1092,1723,148,1292,1698,157,1297,56,1306,1125,750,1159
691,1547,589,141,335,484,692,1539,255,349,194,1585,182,644,1227,1564,26,74,573,1296,1304
157,789,421,545,1011,641,989,1352,1710,1246,117,1300,1303,1049,1260,1306,1099,1236,1028,152,1804
1282,70,1098,1781,530,1632,913,1248,120,1302,138,246,1303,1277,1236,1804,53,1159,1741,130,1472
432,1608,458,1828,1305,1156,890,750,1294,977,18,133,1276,213,499,1117,527,1589,805,1401,1703
1241,288,258,1757,1301,856,502,309,1580,1245,1417,1432,977,1741,1013,1233,1051,1472,1585,1304,1700
1007,1086,74,610,1554,253,192,137,142,1374,90,902,95,1564,1128,699,1282,86,402,1472,1566
1824,1301,1595,321,1294,914,1088,326,1304,1290,918,1788,137,476,1193,1005,434,1305,1187,279,1248
372,1811,234,1220,1290,1297,972,747,100,70,610,1356,1838,656,1732,1839,257,1434,890,140,1303
79,989,1673,274,1415,27,1307,1299,1741,986,280,1677,1097,822,1297,70,877,588,889,1288,1199
