1704,134,813
1564,1015,830
1850,1271,739
285,1279,596
9,213,87
801,1129,1282
103,990,180
1696,235,1187
1104,99,284
1648,763,1136
1566,70,669
1280,1564,166
524,478,24
1177,1192,134
1805,490,1213
176,79,1724
154,78,136
1741,961,1348
1778,877,606
962,46,1303
275,93,1003
1306,920,175
1432,1703,581
1741,645,1284
1741,36,1718
1132,37,1648
669,10,1076
1566,1265,788
253,596,863
1179,1564,479
1731,1633,1473
1167,1542,1409
197,1009,856
1010,1282,1276
845,309,659
1406,1333,928
1172,839,754
763,192,779
302,1306,1838
1280,1550,943
76,952,1633
1217,1303,605
1239,1703,1819
1374,990,717
1086,37,1217
1292,10,644
1331,921,792
593,1277,1798
264,1488,187
493,70,1453
894,295,1566
1505,1783,448
1093,219,76
1088,1235,1357
1711,1266,1647
1533,1501,917
912,1840,170
291,1278,303
1555,1319,123
990,307,1811
24,144,1011
645,150,839
898,289,846
4,2,1711
394,262,1684
865,156,294
1307,156,1225
946,193,1804
489,939,857
486,1761,285
907,760,1298
1417,302,913
785,1648,1658
645,459,1488
855,914,713
990,1426,1068
1237,417,932
1367,77,636
1772,621,178
507,902,122
348,1154,1839
198,475,1306
1306,1669,1149
234,990,438
1790,1350,1246
749,945,273
953,1294,859
23,644,145
492,374,1542
105,512,989
849,1783,1278
260,1297,422
1182,1776,622
596,1229,1550
70,1736,1644
865,1228,1648
1302,1300,1552
1119,1138,1805
1752,1289,630
1417,1568,76
1321,1565,1648
62,1150,478
1064,1288,1496
1804,1064,361
70,1114,6
86,363,286
890,1156,1217
194,255,374
1005,1187,122
1660,1363,111
1554,234,133
140,136,1270
348,1675,495
1284,768,197
1648,715,884
147,1213,1105
1505,990,1360
1566,1277,478
1247,1105,1472
1555,70,625
1851,678,1249
867,540,80
1190,942,346
122,1302,1162
294,645,1289
475,243,1845
1364,1172,1552
560,951,1686
363,740,1432
1479,855,26
1284,1778,956
561,1187,1441
1013,23,1299
403,1529,1720
1830,1774,286
374,1300,395
855,101,644
1655,456,1160
1000,1805,1547
1839,1817,1247
833,1125,1279
510,1489,684
990,451,1042
681,1741,1811
265,700,1338
37,992,251
1254,1279,531
71,274,1687
1303,1819,23
100,261,1178
320,177,1326
1357,1145,1523
1279,74,1182
890,1521,1114
1028,561,1289
1772,1780,779
641,197,138
596,221,1130
1290,1228,70
1426,531,253
81,1154,163
1289,1862,1277
1741,1681,639
293,46,507
194,656,934
76,1297,941
941,306,1068
1301,235,127
1234,1119,1464
1168,581,221
233,1340,531
1534,1066,233
1221,305,245
722,755,848
694,156,1306
890,1846,1711
459,1714,1174
966,228,1472
625,1426,1280
1298,1441,1863
1840,1277,1340
478,123,291
1192,244,1191
857,465,1585
1303,74,1504
1074,664,1470
1432,1061,825
25,993,636
1302,1839,1700
866,1778,165
1280,400,1302
233,1364,540
1778,1741,1094
1553,192,23
145,255,1225
12,273,1291
752,1475,909
69,1702,1076
108,253,91
1164,228,1302
9,1839,66
1276,677,1811
1763,188,51
635,1564,83
255,1295,92
1804,1778,1839
1776,1817,1281
1513,781,1129
1844,1410,166
857,669,1394
1551,1364,1292
1013,1092,27
904,575,59
800,1276,618
1638,1669,41
156,79,623
294,370,93
533,1306,1055
151,1804,569
1301,176,1312
506,478,909
917,1306,636
1129,1763,1302
1215,1289,1620
668,101,1741
1564,724,570
1229,636,1012
348,1837,424
1732,1216,94
141,1690,52
1721,1142,1682
1658,1160,1817
1145,1306,911
658,1658,1176
1500,941,1818
684,1174,1138
1274,1706,1278
467,1843,1284
1616,900,1728
1307,549,1778
598,110,1187
137,700,334
1019,178,1844
890,945,274
872,596,1040
1250,749,1052
133,1166,370
137,831,271
335,1051,1108
1040,1117,1566
285,1177,540
1695,256,293
1295,1804,212
697,1113,1306
278,1141,1741
1276,1299,1839
1290,1009,772
1293,1132,1752
816,1811,1278
147,1355,960
61,1290,1741
75,27,1290
285,1183,795
1191,62,1145
1417,1303,1780
1332,1290,1710
1340,1836,70
1657,1423,235
1280,1843,1267
1256,1778,1677
1280,860,855
46,280,1374
1306,273,253
1154,1458,292
4,690,1773
1470,756,1780
1302,101,993
136,481,1306
1290,1573,596
146,1259,1697
595,1291,1579
1136,1294,1564
1402,1058,534
1689,890,285
1741,919,123
79,1670,1294
105,1798,238
74,687,1305
1297,74,220
877,984,893
1618,74,1839
1270,403,137
1023,1490,1243
1182,1694,525
1176,1280,918
284,29,892
1119,1457,1549
990,1068,139
1301,1757,863
1371,180,1426
1547,1549,1640
995,1702,876
478,899,247
1435,1188,54
229,1648,220
459,839,1705
383,6,1246
103,221,1
320,645,1293
1732,126,108
1141,915,499
1301,277,749
280,312,273
1199,1036,94
1277,1740,121
903,1285,656
1425,221,1284
1263,1749,478
632,697,1851
121,244,944
624,75,1290
1694,93,905
1304,478,76
1173,1060,79
805,1836,996
1426,155,1804
1809,1839,1266
1547,1158,374
823,1287,1093
1741,223,1088
147,1276,163
1290,306,1277
290,1284,194
954,267,1324
374,1324,591
1775,393,1577
1220,1861,1281
572,132,1759
974,1248,1847
1721,1100,302
501,1296,970
1640,1777,1585
95,855,496
1648,1752,640
450,430,930
1432,489,454
185,1821,1374
1811,1236,953
1076,185,37
1618,1302,170
700,4,1105
395,133,1344
111,245,1306
308,129,1182
148,1840,768
1303,140,90
1366,185,1589
1225,288,1290
1276,1030,596
1199,176,216
645,99,1276
1298,283,235
1182,669,306
1126,277,105
14,358,1481
176,197,1302
70,1824,233
912,1539,1657
1648,1294,193
134,309,104
1470,279,1811
361,995,294
281,911,997
1302,54,884
138,1093,1847
1276,917,1777
166,1702,467
581,1270,1544
1093,1019,236
308,1804,107
1276,372,1300
1138,1298,25
1084,105,18
134,856,505
246,3,1200
1780,175,1287
173,1161,1076
1540,891,644
669,1335,1565
1561,1130,27
1426,608,258
175,101,704
1839,951,956
136,1181,1294
1739,221,131
134,1544,1347
1610,108,756
416,1305,579
951,1298,1046
457,1336,1042
845,913,141
131,926,1290
1648,27,1630
769,272,1783
776,213,478
1678,596,60
1125,1088,1286
99,1752,871
1807,23,1307
190,810,1804
1301,286,1470
1307,1488,856
252,1141,1258
39,1203,220
146,1284,1009
1648,1303,1217
1193,1295,964
206,1294,1233
92,1752,1217
1604,106,194
458,636,271
1128,1648,77
1674,1294,1727
889,1583,1836
671,1485,728
150,363,214
1246,810,1580
302,353,1830
1117,1289,1712
1773,1566,111
1309,400,83
645,1580,244
1123,1780,1121
684,284,169
201,1555,105
989,1830,613
862,1289,1697
116,1067,1041
449,190,1549
1325,1289,296
1305,475,152
478,411,1778
1276,640,1294
989,1691,868
1683,1297,169
1660,990,645
81,306,909
1028,1712,25
990,1472,1480
27,1195,1686
509,23,68
185,1182,1145
842,1230,1511
70,910,253
1432,855,610
1542,1266,1759
589,1572,175
434,1550,1708
145,125,1799
948,911,966
245,572,1178
489,1705,1007
273,1249,1168
1304,1265,1700
1296,862,939
1266,22,1564
1034,1741,1083
26,908,1030
1018,1281,1838
1188,459,137
1745,126,291
1720,1294,1787
1301,27,1585
1154,269,157
267,65,725
1851,856,1846
990,1145,1671
101,24,1819
466,1275,1829
1277,1555,150
1276,1457,1109
22,1120,70
392,27,128
1303,261,884
1783,1838,1220
1277,1321,544
1230,1293,114
1829,1713,71
989,1132,640
494,74,1781
596,531,139
561,150,1284
407,128,572
1798,716,53
647,862,64
990,244,76
1070,1397,1041
266,1711,1752
1281,1417,307
1289,1302,77
1295,1648,1641
700,1304,760
1693,253,1617
114,1058,1542
179,1304,684
990,1242,1331
278,1306,799
305,1229,695
1296,1404,90
90,172,1134
328,1106,626
696,1011,889
1778,686,1032
1303,667,1157
269,268,1300
596,1741,1207
70,754,766
856,562,1741
175,1744,499
968,1259,254
337,1265,165
991,1426,105
1011,894,1853
308,1505,1183
1341,264,302
245,1306,1303
279,1297,98
302,173,1585
7,1052,92
268,1226,65
51,231,1607
953,992,1276
1228,1599,1374
1274,1524,305
1276,1732,1374
640,1088,1114
101,1804,263
1291,1711,1040
170,102,114
202,697,156
255,919,985
1470,263,1542
315,1092,1535
989,1048,1646
296,1026,147
255,1783,28
382,1319,70
1276,1175,862
267,306,1564
574,645,1712
1690,749,833
483,165,1423
1297,1104,89
100,87,1547
1299,82,1327
178,1018,362
70,1018,1292
629,640,278
1067,165,432
212,645,1399
1648,990,1088
567,305,1218
1732,1769,823
192,1673,197
420,200,126
128,74,1290
1811,1024,1702
902,303,1712
1585,1405,296
1426,655,87
241,1277,781
144,1134,1752
370,1778,221
1142,59,1291
1304,1082,1216
100,1356,99
1281,3,641
1657,286,158
1804,974,905
479,953,1778
445,989,799
80,1071,1568
1844,78,175
220,133,1718
1778,1188,1807
932,78,1781
827,150,166
24,74,1374
1328,325,945
966,1084,155
1265,1691,103
245,266,1123
1092,1294,295
1087,201,990
74,1409,1778
1188,1418,855
1628,1207,1858
308,257,1290
1783,1774,1305
262,592,1278
1128,295,1842
1350,140,204
1741,605,3
147,918,512
1128,1276,1348
134,459,377
1780,129,289
1145,1113,145
1648,1555,122
106,1270,598
954,1041,749
1830,302,596
1182,1500,150
1280,1294,1189
1303,1294,772
102,1426,275
324,1547,1088
1093,271,1224
145,1113,261
459,1307,221
1238,4,503
1780,1819,1832
640,60,1855
1121,651,1426
894,1566,1125
1781,1555,652
653,268,1183
278,1564,291
1553,165,1417
1295,596,895
1300,279,1379
18,7,116
451,430,1300
1846,1843,1844
18,1467,745
1041,1660,186
566,1298,1703
1228,1265,1011
74,170,133
1852,1294,1248
1284,16,1819
1521,223,436
126,1741,475
1767,720,1285
1265,1339,434
645,1781,581
59,640,1780
645,383,1040
176,1265,596
1603,1201,863
305,1182,520
1177,1541,140
1314,656,1281
1819,1290,1354
1755,425,1566
1232,1036,134
1280,1298,1296
101,70,214
1846,1741,623
1675,1564,1594
186,1307,1784
1366,964,942
1642,1839,193
225,1397,854
1845,1718,1291
177,129,192
575,776,436
157,1182,1279
307,245,1113
1585,1303,1027
410,753,1174
1280,1028,281
852,1426,989
1303,294,855
520,743,76
64,1197,722
1284,1307,1807
1648,1495,687
1279,1697,1302
898,1260,1290
644,1566,1303
749,990,417
1145,1125,471
908,956,644
1161,1791,897
1674,846,859
596,1472,990
1555,1289,1658
1778,499,182
1094,512,1012
1830,1504,1673
1534,1838,1278
356,148,1243
1182,1444,70
191,138,1059
238,478,1523
1691,1822,23
1502,1470,182
990,1732,385
1415,1648,25
1005,157,1421
856,1470,888
55,1585,220
694,177,246
1303,86,1576
1738,1329,294
1678,643,74
1294,1304,1305
591,1679,1752
1030,190,560
1216,1596,1279
185,1585,268
1798,903,1014
1166,698,1448
1823,1241,1539
1191,1699,990
669,112,74
1804,1265,287
128,484,963
1277,714,440
788,1290,1850
1599,989,323
1206,1811,272
1759,1142,1727
656,1338,141
640,1780,21
907,138,1125
990,200,1811
1289,105,1648
291,281,1415
112,1297,173
1648,89,93
1183,236,1125
587,1555,821
938,967,400
151,1279,37
1374,142,1305
1374,181,219
928,862,63
524,1662,1805
772,1307,1283
1303,1781,1778
192,1346,598
185,428,1108
74,1682,253
462,1290,1306
1654,747,625
1298,7,1585
1648,1279,1278
1182,71,890
1790,905,596
577,215,1830
1294,253,256
256,204,487
984,1306,198
913,1564,66
1648,99,256
1188,1426,890
723,95,990
219,1752,185
878,1293,88
818,1738,909
1085,524,1216
1472,950,474
178,506,248
697,1409,1357
992,1823,1689
719,244,348
522,1242,1432
256,1303,1648
273,1076,333
1298,914,103
1306,1688,572
428,310,1018
1669,460,1278
152,641,1371
642,1711,1591
1201,588,71
131,1741,150
1349,399,95
108,954,1357
1700,720,190
167,1154,1076
1415,259,244
942,1536,76
1732,280,1279
245,1005,201
1701,87,121
357,1306,10
158,1125,990
1804,193,1617
478,1274,132
907,1265,1483
277,452,756
288,1745,1574
1741,632,233
910,25,440
1734,1301,138
289,86,511
643,561,849
1000,194,1030
1088,1292,260
379,16,1612
490,1016,1092
1188,265,436
1780,415,100
1067,1289,930
302,788,540
1817,1741,1432
286,971,1559
1030,167,1644
1137,194,1284
148,816,1719
1192,1811,683
1491,1374,1472
1285,579,1294
139,1557,1472
1490,855,952
193,644,522
95,65,90
1277,1290,1103
1566,434,1064
990,185,74
890,1697,1302
1374,1778,98
1242,990,1610
190,1085,261
1034,1566,991
903,1215,1364
1294,656,588
1741,1585,1396
1781,1449,1290
467,1218,1778
531,134,219
1861,1833,1142
1789,321,953
780,573,990
77,1130,1392
273,453,126
23,1281,1277
1130,1648,483
1183,1555,1564
46,1265,862
1070,1613,914
834,97,1294
525,1648,1066
1658,571,1163
281,623,1289
602,505,1831
1307,987,1860
1804,920,9
1680,1280,88
1346,1064,1566
531,241,1352
70,158,255
1179,531,919
606,585,37
926,1741,906
642,645,1272
1297,1071,990
451,1204,1302
1099,259,606
1271,83,259
1305,141,1511
1306,308,1340
1787,253,586
1282,1074,568
134,1628,1770
1284,264,1566
1490,219,39
279,1518,1292
1776,1034,880
29,1040,1455
58,729,1182
1564,1284,1804
1783,49,857
641,766,589
354,628,1188
1220,1510,1837
1566,367,1290
1281,640,127
25,1238,1811
639,1198,1132
1056,855,1026
1555,10,1485
1159,764,1297
291,832,65
265,1811,287
1555,1534,857
1804,1748,1669
1809,918,217
857,848,984
186,1289,1687
284,953,123
1049,494,374
656,112,193
915,25,439
484,1472,1741
295,785,405
161,1278,1129
1307,270,990
1566,1256,1084
1314,1741,173
1301,642,215
1058,1294,740
707,25,105
324,833,657
177,644,178
1285,1607,178
1247,1041,349
1292,1777,1236
43,1287,910
572,1029,1125
65,1621,1245
1757,283,1223
1271,1807,1569
581,1289,993
1182,893,1279
1284,1292,1635
905,258,1265
1310,1161,325
829,1846,1263
934,245,1778
1224,640,1778
1297,669,1648
1566,1279,1374
1474,190,1804
934,1268,1233
902,1305,459
1804,1621,12
178,877,142
956,1036,452
1305,1300,1795
101,1326,1067
1374,1778,1817
1547,68,1290
1712,24,286
1173,1038,937
535,160,889
1067,292,954
1187,1452,1217
25,989,1305
406,1306,1854
1307,923,514
7,1657,567
1432,70,177
1076,811,1250
859,1850,1247
56,640,139
51,1266,1140
298,1208,1182
940,873,1552
1513,1301,269
1289,139,1290
889,769,1160
126,134,493
1248,877,1481
1294,946,1825
1125,96,1780
1648,922,1549
1293,180,1838
550,1132,1296
282,171,1076
992,88,74
1289,960,639
530,931,1775
722,1082,991
1648,1299,896
1534,1432,1389
1778,473,1141
1688,1279,374
371,1648,990
1859,1256,1409
1278,1028,908
507,1754,908
1232,1115,1118
1468,1341,269
645,1564,186
184,1076,622
1230,235,221
1728,1752,715
1298,1085,1658
1585,1809,221
1013,866,1561
1712,742,21
147,262,1231
279,881,295
27,151,478
1298,296,812
150,1546,137
1294,1184,1413
203,1396,1470
1694,1157,27
1301,898,228
56,1279,1837
1854,1566,289
1705,39,1521
136,670,154
1277,1106,1561
1114,1294,151
