186,1566,1636,531,1058,1736
1752,1192,1625,1266,1564,1842
1176,1752,1707,1741,1438,1531
1712,1690,1290,596,1392,1307
194,70,989,74,1084,1089
1574,1490,1034,70,303,220
1777,221,165,1415,1260,642
1285,461,589,1293,103,98
216,1278,1409,1552,1182,128
192,1267,457,255,729,1251
1144,1648,596,1449,307,494
293,1397,578,823,832,1228
744,153,993,561,1279,1222
312,1426,1046,1183,1817,990
1566,1817,62,1122,221,1292
1011,724,379,1148,855,309
1298,567,27,581,656,181
1094,285,855,1241,1276,114
312,1556,158,1426,422,125
1084,1624,1303,1306,1005,1277
1292,990,1296,59,1555,606
908,1266,1044,1294,135,701
647,308,285,233,114,1251
918,1340,588,1781,989,856
1489,24,46,624,196,459
979,1648,1306,306,913,108
656,883,1265,1280,56,955
1086,811,1616,812,100,682
1183,1804,510,273,511,1116
488,1178,1804,1312,610,1293
957,1298,1683,990,1089,243
279,75,598,404,1279,967
1302,1741,105,156,87,647
1544,1271,1780,1223,1643,907
1817,1741,1837,1197,909,572
470,1804,1007,243,253,1305
1818,1279,807,1140,1183,656
214,425,950,1303,76,1301
1807,302,1294,745,1306,1289
1306,690,1284,189,1815,176
1500,188,159,1681,1012,639
1805,893,493,459,1297,833
301,1711,945,1651,1033,692
1518,268,113,214,1811,1548
253,640,984,907,804,212
589,1851,374,274,1290,24
74,1053,792,167,1099,945
173,166,1294,245,1305,1820
1304,62,1818,250,505,990
1145,100,196,262,1167,192
1643,581,76,1276,1045,1295
25,917,641,755,91,1303
166,1811,325,40,1690,856
1163,1844,133,69,1704,1728
93,1294,9,1488,1863,1223
1648,192,55,642,1645,39
677,1811,1789,1585,1701,1282
1239,1555,1498,1778,1433,953
152,823,405,1432,108,933
436,645,548,857,1712,1852
489,605,1217,70,626,325
1204,304,1780,510,644,1306
141,134,1305,120,114,1281
898,610,131,1306,832,1280
10,299,1374,90,374,70
1306,144,1839,984,165,12
1778,1270,1682,1585,589,495
311,938,151,91,1741,1294
1690,177,830,1133,1752,1145
1644,488,12,1777,477,1294
714,1277,1564,1518,1533,120
23,1281,1374,1277,1263,1304
1555,1794,478,290,49,1811
1711,1145,1686,1278,316,58
166,641,1712,903,178,1844
1276,275,1568,507,861,156
875,640,1770,1490,1540,494
572,1248,1198,192,591,1699
1279,1305,271,596,1780,274
274,1284,536,658,27,1719
716,1182,148,272,266,335
1752,1136,990,689,1289,729
912,1374,1083,86,1550,467
306,989,297,1278,1510,243
69,348,1636,1306,37,1500
669,623,1345,10,133,1071
956,1026,645,591,27,1812
724,1118,176,26,1627,253
1374,1295,610,1142,1655,535
1712,1470,166,590,1137,1032
1013,93,1486,984,1040,1294
90,1500,1239,1302,1804,1307
596,1305,1218,1535,1067,868
862,1844,1281,1294,1689,1299
153,1018,541,79,1776,1372
831,1292,1684,290,953,39
1215,1804,656,1564,856,902
1564,1304,1290,1365,977,1279
1360,1076,154,179,1167,1305
1752,1404,25,274,69,1462
1282,25,99,950,890,905
1467,485,656,911,1305,1372
359,69,1147,1490,361,641
1147,1741,694,1534,1320,950
536,605,950,656,907,219
24,437,1277,264,1585,887
1274,1292,1623,890,640,1752
1092,1284,1293,937,152,913
1307,1192,268,1708,1804,25
811,73,1694,1732,278,858
253,1612,1183,1078,374,197
885,303,1732,1289,504,466
1028,1290,1564,1303,764,1730
1744,1602,1352,1274,1829,27
1265,753,1042,1297,1369,309
1448,1836,466,659,1274,528
159,804,1644,917,596,1432
1811,279,992,384,1246,1644
104,1844,935,1516,403,106
1426,1011,99,1438,1279,1491
774,1451,1362,292,129,955
96,1772,257,1305,1839,1555
1509,233,151,27,445,1851
165,1562,544,859,475,1321
1344,1546,1374,189,104,106
833,694,890,221,695,145
1303,1306,1299,324,70,1839
1648,1494,640,23,64,488
1290,1282,308,377,1595,842
656,1433,1292,26,507,133
75,14,1290,1278,1648,1689
645,1527,170,1093,1594,855
1182,478,1075,1712,1436,1826
643,991,94,895,1147,163
361,1046,1809,750,1781,53
1498,1543,1426,1432,1294,1774
478,194,206,862,140,1564
541,1028,1052,1289,1499,478
183,1648,216,1307,1811,1277
1625,1426,1276,1013,1017,1228
27,70,87,598,644,1595
966,889,640,1780,1731,1783
1071,939,1845,1839,645,1076
1236,1239,252,235,1564,626
689,1804,931,374,151,1294
1309,1158,1770,113,268,1372
538,1291,1778,1114,129,1234
1776,744,917,662,25,596
919,1191,1187,1718,1246,217
1145,1084,969,251,707,271
1017,222,245,1622,1430,1678
1043,4,504,445,228,1289
1804,581,1365,305,297,186
948,1095,1804,291,757,723
192,794,669,1226,279,928
1804,1102,918,1009,1778,74
73,1305,1657,1298,363,186
1245,1276,420,439,1411,1804
993,635,1778,574,365,189
1284,517,1032,855,1817,1526
204,1720,1525,585,74,1249
325,1534,466,1284,1324,1432
1279,645,200,1070,70,1583
1688,1041,106,1197,308,114
1293,89,177,1804,190,1648
583,1777,1855,1565,1685,1718
607,1659,978,1285,74,193
1432,977,993,1149,159,1262
1486,388,1298,1648,1282,1307
984,1034,632,219,1752,1153
645,832,1566,643,1085,287
1303,596,1534,122,1797,921
1658,1655,1182,1685,1114,293
640,307,402,151,113,112
1534,246,1840,147,1061,274
918,1543,1409,1085,609,415
1304,1732,989,80,1300,150
1648,1555,588,1230,283,25
1289,1276,312,262,1263,669
220,1532,27,1305,1284,683
623,724,909,1846,1781,1387
1513,1040,914,976,1007,1340
1555,1492,1280,1089,1415,47
1221,475,1741,1712,934,19
284,263,476,1223,120,1741
1232,659,1115,1804,1193,452
18,804,1277,129,1863,1508
231,1101,1741,1051,1824,170
855,427,848,816,965,591
466,1155,1276,990,890,1176
1471,1156,1176,550,268,1242
990,1340,579,1621,721,1409
264,261,478,181,139,134
1732,1136,440,1026,1374,1307
535,1290,478,1287,379,278
1276,977,1368,1555,1759,1034
1276,1180,1021,1123,1748,177
467,1712,1304,857,61,990
523,1314,122,204,1397,1041
1153,132,1409,1292,1302,203
1469,137,1783,243,1697,114
641,253,1454,90,1706,1576
596,296,242,190,1249,983
1558,915,950,1262,1276,1307
319,1778,644,908,1278,1302
629,1830,855,91,990,1780
1374,1422,377,750,630,1282
193,1426,290,307,124,151
1303,286,950,680,989,955
319,1374,302,548,444,1780
6,302,289,193,273,1302
1810,1374,669,61,1250,222
1228,1818,200,1489,1638,1388
1807,1266,1161,847,395,1839
1183,1712,1091,1076,1280,682
253,148,1744,1555,1113,624
730,229,1294,1349,1744,1284
1808,1187,87,478,1299,876
1147,1257,170,1219,160,27
377,1280,146,567,297,1215
465,1181,1566,628,1778,1279
1061,1702,220,856,956,1292
178,506,872,821,106,494
112,1280,87,59,1295,1703
1076,1374,219,720,1648,1298
949,1665,852,1763,1306,873
1040,1289,1568,152,811,1301
260,640,299,757,1366,1192
1727,1294,27,58,1579,1052
1422,1479,97,645,1263,1830
1306,1146,196,379,1648,1818
859,269,1440,1303,1280,1780
1355,879,270,1811,1276,1833
1306,1291,1292,1280,937,955
141,901,1354,474,77,641
377,281,95,2,1669,1773
479,1041,915,170,739,713
1566,265,1711,1819,1002,216
1289,1297,1142,1284,1804,1490
695,598,596,103,256,63
1244,644,1431,1804,114,86
173,108,1276,784,1062,1842
272,1300,494,1224,1289,1593
48,484,1796,1618,908,1182
1491,624,223,1290,133,222
847,713,1226,1659,1326,92
1839,18,1296,643,925,193
374,91,181,1697,1246,79
1036,1781,591,35,1114,1791
927,81,1811,1841,1294,1566
1648,548,1182,1804,1312,1847
1285,680,990,1472,1566,259
353,723,458,1780,1284,997
1817,1611,1824,1648,270,456
1279,24,124,13,568,644
626,135,939,1299,1132,1282
364,975,134,695,105,878
1839,1840,1350,1796,1305,1301
1066,190,979,1540,166,1045
512,1243,190,356,1547,1780
217,1184,284,1306,1296,1685
1279,1305,89,1300,1142,1695
1804,1127,1294,306,1281,267
59,335,1292,970,296,1529
179,773,1491,470,19,462
1041,94,1669,1147,1189,106
1585,1804,320,111,128,937
220,1083,478,855,1467,816
1752,89,292,303,1741,151
233,101,1568,53,1334,1846
939,1844,102,1113,296,716
1585,1479,901,1432,24,56
1086,1696,1301,1585,1115,1783
1112,760,1413,128,96,1377
1426,1305,272,439,312,138
1284,94,1406,1076,987,1164
1795,155,1239,78,533,1061
1271,200,768,1783,903,598
12,200,1774,1013,1851,909
145,1326,971,1695,890,499
1296,909,1660,966,644,721
918,27,246,1732,8,1653
292,100,1294,1434,516,990
246,142,640,1276,548,645
938,195,1168,644,989,181
1290,885,1789,1752,501,1781
943,1265,12,1851,1167,1585
1147,1284,510,1838,1253,1839
949,571,855,450,459,820
194,24,1841,1543,1804,805
150,1374,641,1139,1049,1028
1280,414,855,155,1741,642
967,1289,283,772,1041,1005
772,445,1689,1735,341,541
1704,911,1804,202,1284,185
287,949,1296,63,439,920
1398,1489,303,1290,1074,179
187,1243,305,915,1303,856
1374,220,722,623,1296,65
303,83,374,27,806,478
1783,191,192,990,346,152
202,284,681,919,640,1820
902,1479,431,965,1299,1489
1029,781,3,1140,1692,1346
890,989,1299,1277,1198,640
108,1697,1445,678,1614,1678
214,1198,1256,1564,495,1403
485,288,669,134,1830,281
1389,94,105,1289,1258,527
1290,255,1285,645,1068,27
1648,1316,1284,1559,1297,325
564,93,167,25,523,1277
27,1282,84,407,463,570
400,1780,24,1157,1295,645
1374,1499,744,1657,592,112
1741,1781,1432,160,1840,645
86,1780,590,1821,1285,1851
1804,1091,291,1555,940,760
1182,1068,645,641,966,1296
1279,274,1132,157,973,294
51,1802,495,65,645,1780
1741,1783,1744,913,178,1266
1278,12,1374,1018,1689,1293
1564,1289,1221,1773,1754,219
1295,669,699,1041,1051,1009
1169,1294,1041,308,1188,246
176,275,430,745,768,1511
1809,512,694,1303,1769,23
233,1284,546,1051,1558,913
1827,1301,1297,87,1776,918
122,904,123,1017,1162,645
265,1303,324,70,466,1778
1863,1401,990,632,718,75
235,1302,1533,1289,70,990
1683,1712,1092,1289,176,890
1296,1285,574,1217,1712,564
823,568,167,223,1068,1547
1156,645,1554,573,723,1306
387,1759,1354,382,776,136
128,686,291,1704,989,176
581,1302,1091,186,1266,1804
70,1566,1788,100,1804,1223
882,1250,1035,1668,834,376
1303,258,194,1041,12,1778
1804,148,1415,195,1307,1724
1849,856,370,1784,1641,1229
1564,987,1173,199,1569,1307
574,104,257,623,176,1256
919,1052,1566,1594,1669,1780
257,1301,137,113,1127,1329
156,346,1106,966,1123,1558
1432,325,1289,220,93,833
1646,532,1852,1306,1314,78
999,1191,110,23,1255,1276
1298,1152,1266,26,1739,399
1699,1645,1280,1020,1276,1778
1721,1274,21,260,770,221
1538,722,1846,1470,1204,1741
1354,1270,1102,493,1137,133
1791,1114,138,1296,1161,125
259,1052,284,83,382,1215
1839,180,1144,1752,1830,1280
755,579,126,1183,1301,176
991,1289,1207,1550,1302,1592
1461,1279,289,475,1294,332
855,62,1432,640,413,1182
613,1265,1291,1653,1306,432
128,1295,281,1564,1298,1257
1731,1076,1138,64,1741,70
1012,1819,1389,908,194,540
623,1783,1564,1120,691,1297
1257,1294,1068,1441,614,76
197,583,479,778,21,1289
1063,940,41,1012,595,198
1648,294,598,570,949,1411
572,954,1290,1851,726,1477
755,1230,51,953,1206,222
1749,370,1836,1183,248,254
1750,1488,1293,592,152,129
1279,1752,1744,928,694,1773
890,395,1693,131,151,440
1490,1778,1471,1374,851,70
1802,830,780,265,870,1299
190,204,955,598,1555,139
1811,1555,517,862,1223,377
303,142,762,645,848,641
1215,70,890,1280,1584,1279
87,24,1300,946,600,855
185,243,990,1307,412,177
263,184,798,485,503,793
499,1824,957,1761,1302,1263
546,1240,1566,1422,79,1264
1017,552,877,1409,1207,1077
1228,4,1694,1145,90,1006
588,108,1026,1374,779,129
1279,1282,1696,989,855,696
990,500,1085,1184,913,137
93,1197,1296,1780,357,1108
177,1304,1280,773,930,1303
1727,570,990,95,1276,305
403,1697,70,1076,1684,196
1230,1276,256,1648,649,65
478,255,1147,1547,233,700
1222,1537,768,74,989,648
306,1290,1307,1584,1648,1844
1824,105,1732,1566,253,1166
290,103,1290,1806,574,1094
104,310,1279,1292,94,1374
833,1324,727,617,825,91
878,1269,890,940,1752,581
113,1741,562,636,28,244
1811,281,531,642,1479,1648
1450,906,1418,1666,1157,1432
713,1281,1774,645,899,337
80,548,1306,1585,1386,1222
1695,305,1292,1295,145,1242
1691,1279,1446,644,1191,141
163,1304,261,1781,1804,1585
98,1265,1776,909,632,411
1396,1648,275,699,658,1380
1294,1382,1256,415,1289,855
656,675,1804,114,1534,1817
1548,1295,911,1403,476,446
86,387,62,234,920,1108
1605,221,1789,1267,1778,1741
1367,871,1193,1300,179,1811
1350,193,1781,254,811,1424
1712,711,1097,490,1441,1303
1303,1304,1076,890,1752,65
1544,1566,1247,1648,510,402
193,440,1302,1296,453,855
185,596,680,70,23,1290
1088,1776,906,644,1611,1133
105,1077,1266,571,1618,219
405,695,1279,285,756,1411
1232,69,1648,1401,283,1303
915,285,1426,941,1175,1440
965,1040,1741,399,1515,79
1165,89,662,867,192,167
569,1265,1859,950,1302,1580
714,685,451,1289,1260,25
1717,902,1708,133,1067,615
120,1692,1824,1840,74,1334
1472,1279,608,367,1148,122
1307,1243,1306,100,1284,1585
1,63,1231,588,1364,275
1285,435,163,148,294,83
1289,86,92,1275,952,1176
1426,229,1237,889,1231,911
801,81,1566,645,1203,1819
233,37,841,1040,1299,938
1719,1778,403,1282,1348,1190
909,403,459,1853,1297,1294
1686,1727,266,1137,893,1303
1310,18,1527,214,122,1301
533,1447,1292,154,1566,1585
142,170,1278,1778,1032,764
1538,611,921,922,28,725
14,76,1107,503,633,25
1583,457,966,1524,847,1170
1298,1683,1716,1292,62,1035
1811,1279,146,185,854,187
204,1648,1040,1564,1300,1255
1285,1804,889,128,1284,302
105,184,583,1791,74,1659
1302,393,1281,91,1775,1180
190,136,1276,990,642,100
90,279,1279,1234,70,260
478,1415,1845,104,985,41
855,453,1290,1470,1522,1223
976,465,1426,1302,401,883
84,1102,1565,284,989,192
123,1272,74,1032,518,1298
1418,1566,150,1235,1518,1245
1303,1237,151,1274,194,509
646,687,185,1780,1752,994
76,984,902,272,1657,952
244,1021,810,1064,590,1830
990,811,967,1305,74,768
391,1552,1558,1281,268,694
170,179,325,86,645,901
1472,212,1199,88,855,333
964,201,1279,990,1015,657
989,478,228,177,167,1289
286,1780,1306,1374,1843,842
140,1472,1781,638,135,712
382,140,1279,253,257,918
1314,1306,960,962,1360,1362
943,1839,966,365,862,1778
76,100,990,992,1774,1732
1700,1284,16,1714,1188,783
1627,990,478,140,1811,350
23,69,93,223,134,857
183,1756,596,1855,1585,263
901,600,1266,1125,25,1808
900,1281,79,636,1609,669
265,1670,952,1278,1703,1513
917,268,1550,1279,274,928
284,1510,1001,1741,607,1291
25,70,1349,229,192,915
765,907,1844,540,990,1179
407,847,1306,478,1706,1173
163,465,1300,1296,1307,357
1091,38,1552,644,1374,1472
545,913,93,1040,890,1183
890,1289,1741,1694,450,375
1776,1734,308,245,1566,1041
1121,495,585,1076,1804,1142
93,466,234,1585,1183,279
596,1543,1687,306,287,1301
1547,661,1296,18,1284,1290
1804,1302,348,27,125,1276
641,598,65,1306,990,1829
902,1287,1306,238,1298,1188
1802,1299,286,1493,1373,1536
1686,1374,598,1169,243,888
1075,1184,903,951,845,1294
279,1276,989,1574,108,943
1798,1642,268,1292,1461,1280
1071,1523,190,1687,185,568
570,1712,103,552,1470,1248
1296,242,1566,648,1009,865
309,1009,1711,210,908,1550
1568,1073,645,150,890,234
1026,27,1223,1776,1839,577
1533,1511,1277,598,1300,903
1357,1307,1800,86,1696,1084
881,913,266,1741,74,990
1741,298,137,913,1276,1305
1230,259,642,478,1532,1300
684,1229,727,1780,877,223
41,166,1753,294,1544,641
592,305,138,1843,755,1502
178,1432,807,1595,532,1630
1374,879,1277,634,155,405
421,1844,1564,583,568,65
1184,155,1040,911,743,756
1426,1029,1277,170,268,1741
651,1300,596,1295,944,1096
764,1689,444,261,1778,878
640,1290,282,912,194,903
1778,746,1783,108,194,640
1741,243,178,659,200,478
127,1027,1000,1343,1289,56
1334,1360,1560,1470,1658,1391
444,1426,1837,229,1465,1286
1754,757,747,4,1301,27
252,1301,681,1727,478,177
147,1350,1817,690,1276,1566
263,1115,92,1163,552,276
288,1752,1297,1289,890,1780
273,919,1235,1305,1817,669
1778,1669,920,1289,1360,1732
901,407,1374,1564,1263,1278
1174,1534,1584,1648,1121,186
295,1303,1292,1266,1564,1432
1303,290,643,229,1073,691
706,546,1287,990,767,889
245,121,1555,1754,308,1295
1748,641,1290,1542,1029,1299
1290,123,471,525,88,1244
596,190,1306,897,369,23
587,1335,255,873,996,771
688,1039,1028,1804,1616,1276
585,1275,647,1182,952,56
904,494,644,78,993,1850
568,1038,1300,1296,290,1305
1294,945,1304,1648,69,1269
264,1294,1298,1289,1239,70
1533,374,368,594,918,1355
204,450,1279,95,1804,87
581,54,621,1303,909,258
126,1648,1287,568,1545,104
1302,206,1741,957,1001,1076
931,294,501,504,1040,890
1756,562,588,1816,1096,953
1818,1611,1088,165,949,1243
1280,1698,679,1139,974,954
1292,176,1235,1606,989,1568
25,1354,296,653,596,1294
283,857,1282,1165,1296,1702
1075,148,1433,1845,1281,1288
1839,132,978,1577,553,596
1775,1044,1737,103,1844,1084
229,141,237,150,1472,1752
361,1293,198,307,312,373
955,1293,1138,1306,17,1574
1235,1034,89,74,989,459
1182,1852,1282,956,1839,568
745,1690,23,1711,855,656
131,1417,1676,1804,246,1105
50,1441,5,1683,689,179
123,640,1851,990,1454,1472
1377,448,142,1818,1319,1305
640,25,1811,1076,1426,1224
873,1265,286,1077,1128,1277
55,1231,1474,603,1305,1805
1297,181,290,1071,89,1299
1266,1692,1274,907,220,204
1382,1015,155,307,1059,1712
1282,1669,1303,1167,1409,757
726,106,1104,1007,476,1843
750,246,1195,1728,1265,531
1299,1263,967,980,219,1641
255,407,819,1276,1564,1268
1490,1294,1034,645,222,321
1136,1290,1068,972,1781,1138
1363,453,1566,1752,395,1681
1289,921,1298,177,645,1752
132,1188,424,990,1264,1791
1426,170,1257,1029,1087,233
656,1290,1065,1563,308,307
402,478,148,1250,1374,1817
66,1387,1125,1280,1131,285
1303,26,1099,1198,1819,35
501,1564,53,374,1783,1754
1488,1178,1470,12,152,656
1141,1518,1781,135,1306,103
1276,1036,176,872,1657,181
609,1145,1773,323,1100,254
1272,1648,174,1250,1712,70
125,1289,1195,1105,1480,1021
924,768,1284,194,1741,1533
1216,1276,1076,1085,1552,1075
59,90,1830,1175,148,374
475,1648,1250,1851,1470,793
1844,508,1353,808,1819,294
1290,487,17,1125,1781,99
628,12,1836,646,1819,1184
872,173,415,1088,1277,1604
1426,1151,1015,152,244,1555
1432,713,1718,875,1292,1546
215,139,1566,1248,1123,98
1295,911,879,1851,915,1817
1335,1245,151,1503,1534,100
1204,1701,238,1569,784,258
1099,273,268,923,134,645
122,596,1616,1688,494,1819
1280,1374,387,3,1284,893
1695,740,98,61,1069,275
588,150,1846,1459,308,640
1566,323,700,1247,1675,889
1256,279,11,764,1506,1268
1301,1430,157,156,194,1783
1306,1409,1307,156,340,642
1362,1648,246,939,462,1276
955,1839,493,506,376,717
386,1700,146,913,1296,1851
623,1296,416,987,1353,1278
335,1778,1076,1303,176,862
926,1778,183,1074,1296,593
125,1216,596,1741,292,1265
1213,1525,170,773,640,1768
645,1182,426,23,74,1721
641,105,251,1076,1174,1299
1840,1669,899,478,245,1266
1041,1161,623,1511,194,1680
1365,1518,714,639,194,1278
1277,1177,490,304,150,1488
1811,285,1123,222,234,289
851,366,1289,1711,253,1728
1470,23,290,1830,1306,1417
735,1752,890,1391,1305,641
1294,1418,144,1307,1260,1836
234,309,900,1562,1166,855
1151,1251,345,1770,1366,1711
833,348,1183,70,1000,1838
1280,1426,1217,1158,990,1160
150,1134,505,176,1426,1566
854,1031,1791,1464,898,602
60,1372,540,272,990,126
1374,1290,1752,890,85,193
863,1547,1704,981,909,933
271,1447,1693,1733,639,1152
1091,1501,1046,977,152,257
121,668,269,1389,1076,1294
785,1304,74,1736,67,1242
1783,1843,262,570,24,1297
268,572,1780,346,1727,1303
536,293,1472,1804,1374,1092
105,27,1818,1320,1305,1721
1046,1029,1555,1284,472,997
403,1686,951,90,1648,105
1306,1082,1613,886,1712,1332
1226,1117,1280,1825,1744,361
971,1781,1290,396,1566,315
1695,197,1253,1678,136,1648
444,78,1705,1777,70,65
1519,1545,585,104,120,43
1206,1274,1262,656,910,1150
514,581,1765,990,695,221
1305,936,665,642,1302,1476
246,1207,1292,1304,1109,1007
1277,1783,656,1631,157,463
484,1279,507,1342,1012,1581
1566,77,1276,1327,1112,23
103,1014,1276,816,640,990
1372,1191,1291,197,1145,641
993,1397,179,553,1285,1530
165,1811,1659,625,6,1585
1279,296,323,1426,1338,661
22,1778,376,1085,87,1052
923,75,51,1539,1106,524
1745,1177,1304,167,181,496
640,1303,632,1818,598,235
766,1418,1506,1302,1752,1759
1792,1741,129,978,707,219
253,1116,1304,501,1778,1791
999,1769,1040,1130,1426,1035
641,966,1367,967,1173,1076
292,821,1531,1776,266,1222
1811,1147,150,1274,1565,1184
1660,1007,988,255,245,908
854,1372,1777,1104,476,1675
1688,410,1151,1146,669,1041
70,1817,1278,855,885,1752
624,1464,179,1224,802,1760
1648,1218,1374,382,248,802
1490,1099,809,1074,1703,1653
1418,1123,1853,1307,1289,114
1417,563,265,1155,1685,631
770,586,12,990,1778,642
478,623,1063,1804,540,243
207,364,266,979,976,1291
55,1417,1289,305,1314,1554
1805,406,644,1712,1234,1778
1817,1009,1220,284,811,189
186,1218,1669,1276,1249,1012
612,230,1843,170,193,1778
1304,317,1338,290,990,1298
644,694,1845,1306,1220,212
302,1780,1306,710,243,1278
1374,568,84,1141,460,470
687,247,1136,267,407,1566
253,291,121,747,890,1260
27,972,275,704,145,287
1688,1627,1307,1536,1069,1451
1603,459,1547,1832,1125,1648
1232,597,1296,1839,1009,666
1301,1142,378,1037,123,1603
1564,1284,531,285,70,1402
1676,1514,1667,422,1306,475
1555,554,202,1384,87,265
1564,430,219,265,246,1490
855,248,1689,316,19,642
1546,934,1810,194,1673,357
1289,1007,289,1384,1009,1284
1296,641,1781,454,190,150
99,79,1732,70,1296,818
718,1542,1249,1027,1699,126
1472,1279,780,1332,857,489
260,901,728,1585,284,1804
1566,62,1350,1741,150,1808
150,889,1285,1208,903,70
430,1382,134,424,1689,823
990,1626,1298,372,1279,179
1839,1059,1428,12,1314,949
275,1237,1734,1847,417,1161
130,743,920,494,317,1310
1185,1512,319,1302,990,749
107,484,1853,1093,1432,549
1243,1668,1840,264,814,1051
992,1819,259,1292,462,1805
1024,1290,1817,1136,1426,194
1154,1182,178,907,74,1201
670,222,917,1585,1259,914
939,1467,430,606,166,846
1306,914,889,74,1168,644
772,725,1552,484,1015,1265
323,225,1837,22,194,1301
1244,656,393,296,1188,298
1648,876,1269,406,84,639
1111,48,93,1305,474,89
990,888,1031,1648,1281,1850
74,1741,1307,989,1426,1434
199,1830,98,1570,127,151
1415,22,1102,1207,531,1480
27,254,1295,1342,1326,648
1564,297,1051,128,1711,890
1821,1103,16,989,1207,645
451,1112,684,1305,103,187
856,1076,914,83,155,1277
1274,1242,1102,1268,530,1220
827,989,902,1276,1529,1296
37,429,136,640,1278,966
1401,1741,1585,821,70,1846
105,1534,545,1811,223,1741
1730,1546,1426,481,260,459
1305,193,1184,1097,100,292
917,1298,788,645,734,1278
1190,478,101,356,88,678
923,1298,1539,855,823,121
1279,587,414,27,1811,1280
1155,1801,101,1648,855,108
1804,201,1304,260,203,504
972,1403,478,1432,12,766
1554,80,1343,592,1728,1306
194,1007,1847,1148,252,88
1294,69,293,157,1134,340
1798,1679,135,1266,1290,645
1797,803,1279,639,596,306
1158,1290,287,1279,1011,274
1702,985,1488,577,1291,233
1547,856,159,1341,374,506
912,27,726,1432,904,767
1584,1290,1752,1277,1178,80
780,1076,767,444,478,136
307,1374,989,1242,1457,243
980,1805,640,1624,1025,302
27,382,1585,1267,1276,1584
1108,1181,1836,450,1778,1314
152,890,1305,1177,1006,917
1683,907,1306,377,645,1741
181,475,1035,1447,334,1547
257,289,1290,106,222,1299
499,658,114,192,1361,1347
25,639,785,748,1432,1087
188,1534,129,642,1320,1780
1573,1182,920,1087,89,1279
1545,1065,1282,573,717,982
102,1536,1011,855,1102,64
1034,70,279,535,845,1305
1012,1208,1320,1296,890,1851
1317,80,1028,996,990,1778
303,1216,1776,809,27,1648
179,749,1182,1448,913,1712
1761,990,478,70,1274,1275
813,848,1800,478,1696,127
24,39,926,655,1302,1284
1742,1824,1535,495,1712,1294
1491,1093,1804,938,1752,720
122,1029,562,903,156,641
1267,1811,1551,27,1445,1555
1778,276,827,293,1009,1579
1292,1807,1020,93,1307,1838
1290,1593,607,1029,243,279
1648,1524,531,1566,1533,1187
511,246,1017,1454,561,1780
248,1604,1449,70,374,156
59,287,1068,934,494,223
1817,1564,1113,25,1103,1272
1076,864,549,1227,1236,69
74,1445,934,1490,70,1304
1028,175,562,574,1688,403
23,561,289,1292,1406,383
1648,79,1741,712,880,1135
478,610,855,1674,1300,459
1518,930,264,150,1731,92
1303,655,1233,1292,92,434
1374,150,790,642,1547,267
242,133,1307,1289,1132,1500
1296,1167,23,76,1704,1303
1051,430,76,23,1073,1607
991,379,911,1781,686,496
267,1640,1550,1409,171,645
1752,1365,1819,1016,642,246
1125,440,955,1534,911,641
459,1304,1296,136,1303,25
645,1049,358,194,1289,1250
641,297,27,305,1041,12
1276,1814,1307,1142,907,602
669,848,1294,1306,425,966
813,1426,606,1282,89,1198
108,179,1276,1666,422,1274
25,1161,23,1243,459,917
740,1026,27,1345,92,198
989,112,643,1759,1019,151
1291,1300,1127,991,1699,1566
736,1374,1294,478,71,568
289,173,1216,459,1842,1136
1817,1298,740,1717,320,1243
100,1720,1105,1440,1688,658
1502,1297,855,115,133,476
1307,141,1553,1279,863,587
1733,1306,1292,124,1347,286
525,157,374,1082,1306,70
238,309,19,175,70,74
1741,1613,415,1277,727,1326
1215,1830,1781,1249,303,1727
1301,1276,51,1304,1521,138
1780,1329,598,1245,266,1616
1271,1230,1076,1347,108,1409
1059,122,1152,74,1295,862
223,974,1152,1115,253,543
114,1300,296,990,645,274
1286,656,1613,1024,825,1839
1289,478,1276,1290,917,192
494,859,1123,1279,1374,1445
1088,975,1289,94,641,80
1533,1182,306,93,1103,641
650,829,308,807,840,1562
70,134,890,1718,1768,640
890,617,412,1741,1754,1326
1242,1130,1074,1611,209,910
383,132,7,651,1286,1766
1294,908,192,1776,1055,69
1012,907,562,1810,1306,919
270,89,292,1686,50,624
977,1128,927,279,267,1246
1470,990,1145,1297,621,147
1603,1350,1160,1284,1279,256
813,157,588,1799,1108,1297
855,219,973,1276,1515,1307
855,1783,141,1741,1073,1282
571,1374,995,1797,1103,60
920,997,268,194,1445,1084
756,1699,1842,1298,1279,909
1712,1284,952,1178,1844,880
1284,1777,645,1303,1077,1648
945,1297,1071,829,1208,1704
1320,966,221,1550,63,86
1013,1565,1846,744,1385,273
770,1051,1228,588,93,1686
1280,1773,265,1563,78,1585
307,98,287,934,1470,1472
1121,914,984,578,144,904
1811,254,1298,1294,1250,999
1215,694,1297,656,1839,90
1648,509,1182,83,1067,1251
573,855,1844,640,222,725
196,990,1781,294,70,829
495,1328,641,170,642,1210
808,1701,158,901,1182,257
188,1333,1208,990,1669,1297
238,486,1660,273,1460,736
251,1642,1291,665,1263,295
1230,908,1276,151,1281,305
39,1294,134,277,293,1314
913,1289,296,288,721,201
588,72,960,1298,954,478
1009,1278,159,1851,648,1817
1296,1141,1752,1075,1697,1182
1279,219,1296,1280,103,1613
738,27,1778,137,188,1323
1045,1853,382,138,645,1306
642,1778,1513,116,974,1547
113,274,702,461,1197,1676
70,281,980,1298,1084,744
1277,1123,343,1673,1595,252
656,1850,279,1564,254,330
332,990,1357,845,315,852
151,1602,901,309,669,1754
411,1676,1290,1106,1188,1364
1648,1290,273,1188,475,659
422,1552,1784,1585,127,1365
1301,1712,62,1585,1153,877
1811,302,1684,1147,1276,1839
1205,1811,214,1585,194,990
994,173,1256,175,641,1518
105,1302,1520,1295,1350,639
845,185,1182,1492,56,1262
1091,1302,1824,1706,531,149
509,1723,1295,1645,674,1654
1703,1011,1141,1780,407,158
304,1145,73,12,627,969
1409,772,697,139,169,28
1306,590,766,697,1280,1005
1240,1306,909,248,91,76
641,1804,1276,459,163,99
220,1066,302,1034,1080,571
1695,1844,1745,1164,1497,1555
1840,1374,551,152,999,1307
603,82,1307,293,594,185
1648,922,1852,128,1542,305
1192,1821,1161,284,643,459
947,1068,1018,148,1013,1689
1653,1172,1103,596,1061,175
644,1850,1294,856,1303,1305
813,1305,1360,1297,1306,1154
645,176,43,990,1188,163
686,989,185,990,1772,167
918,887,1811,1360,1303,70
1227,1122,1284,278,1041,256
950,1432,39,768,190,1564
1294,1685,868,325,1492,117
921,1499,453,1804,253,1770
1498,62,1307,1804,1564,1432
1839,141,820,1152,669,1329
1243,889,1752,127,1320,1669
1292,694,27,1741,1824,1564
1036,776,1029,509,1449,908
1304,709,1168,101,72,990
1780,1172,1306,1839,994,224
129,767,221,1741,984,1770
1289,1492,255,475,1426,169
307,1334,93,1076,1695,1087
283,70,1801,1190,1024,911
27,640,1697,989,97,504
773,1242,1294,1003,1804,1347
762,1036,1617,1041,291,1174
1850,1178,466,867,873,1564
651,1045,1076,645,1344,147
1086,27,260,512,137,553
1303,121,267,1538,1281,1274
238,1780,1292,1296,1566,112
1805,1687,201,164,1718,578
645,1306,77,918,913,980
269,1679,928,1804,220,1778
27,253,1279,259,613,192
1173,1109,108,1314,1556,111
