202,171,1600,191,237,1560,106,540,393,1916,163,272,108
1836,1810,1516,1573,1734,1653,1722,1039,1302,1372,1754,280,1669
1254,1641,16,1068,1822,1395,1572,1619,1697,1596,1711,273,1012
1394,1640,1622,238,1511,1941,367,1581,1493,1817,1216,467,621
1847,240,1478,1658,1522,1039,1521,1608,1674,1622,1055,1488,1493
83,1825,1475,1608,1816,98,603,290,1831,1572,708,1561,1476
1475,1518,1841,1493,1580,251,132,177,1169,1807,1787,236,1806
1663,1751,169,112,1509,1482,1603,214,819,201,92,1388,1002
53,1850,318,1514,1848,1817,1851,1745,1636,1739,1612,263,1525
308,1696,315,820,536,1574,1513,204,1391,1064,1909,1893,1745
1809,1571,1524,1563,1610,1549,762,1682,1683,1762,1844,1640,1741
1701,1968,243,297,1893,886,1708,1500,1743,1495,273,616,1560
1273,1745,1808,1776,1077,1579,1814,1517,420,1061,1712,1725,992
1769,1854,243,1740,1629,1528,696,1601,251,1713,1748,1591,1587
1131,1781,1540,1922,124,1791,120,1600,112,1511,577,1484,1837
99,1628,1483,1658,1554,1833,1831,1524,1678,1705,1785,1654,13
1911,78,1633,1782,702,1632,1794,882,999,1669,299,141,119
1681,1752,1826,246,1583,297,1395,1578,1814,1473,1807,1758,1792
903,1647,1071,436,104,1034,84,1973,85,1519,1557,1547,1734
1815,1845,1645,1487,1807,1911,1545,1581,1507,1550,1670,1785,1658
1454,1735,1579,720,1526,98,151,265,1765,1790,1669,157,139
1849,1907,1677,1714,1038,224,1822,1625,60,1786,1700,261,1590
593,1750,1038,1838,1187,1480,1743,1641,1784,1832,1534,1713,1909
1718,1757,1790,641,1732,1908,1490,1324,1767,1917,1737,102,1910
1820,1831,1614,1690,1491,1845,1104,1527,1735,1678,1597,1085,202
289,1570,1838,16,1641,1327,106,1869,226,1395,119,1705,783
82,1843,788,899,1718,1532,879,1681,1479,177,1784,594,1701
1224,135,1496,1782,1758,1609,1802,1567,80,74,1711,1789,1652
456,108,1581,166,1373,1615,1720,88,1552,1828,287,1846,1624
1648,1859,1476,111,1693,1695,127,1535,162,1755,1690,1649,1540
1705,1958,1722,266,225,1768,174,1968,1818,1809,1383,1804,556
34,1699,1497,1969,1799,1835,204,1832,119,201,199,44,1785
792,1668,1211,1774,154,1598,1550,1759,224,15,1085,1716,221
320,74,1515,1494,1815,1623,1524,1822,674,1719,1194,332,1477
1611,1694,1783,1682,1524,1016,264,1816,1703,283,1820,214,129
1650,932,1101,1718,1674,1476,1579,1787,1983,112,1489,1515,1857
207,1853,1365,1768,1764,1502,153,261,1847,1657,1682,968,198
1486,1746,489,109,1830,832,37,1512,1325,1695,1618,1980,991
1720,778,1609,297,1693,1905,1148,1837,1832,466,1767,1556,7
1507,1772,1754,750,1577,1546,1730,197,1365,1584,286,1770,319
1417,279,1698,1667,1694,1583,1548,1757,1789,49,1598,154,171
1528,258,1557,996,1684,737,201,1777,229,1762,1536,1542,1537
969,1618,1777,1941,1538,1571,1529,173,112,1726,1476,126,542
1564,1803,1101,1877,1512,1885,1737,1605,155,1502,154,1942,160
786,1755,278,360,1050,1690,1545,1830,1677,765,1969,1688,223
1629,486,1645,81,1733,199,621,1576,1943,374,1850,208,77
1792,1365,192,107,1538,1752,1080,625,615,1809,1710,864,237
995,204,258,1713,1491,1707,1670,1850,414,1773,93,1079,1543
1850,705,503,307,1707,1582,1822,281,147,1908,1719,1787,1482
212,1843,1528,1899,280,555,798,1493,159,1712,1546,805,1572
1681,1690,693,1760,1911,1600,1637,1635,1682,1574,1831,1843,1527
1517,1750,1690,1501,1554,298,107,1649,1946,1480,1704,1083,267
273,1683,1910,1963,1755,1812,155,1631,1741,1719,1045,186,1793
1205,1269,1708,265,1513,1683,1638,1779,1743,1829,1681,1682,1842
1604,198,122,183,858,933,1581,1694,1626,1787,1852,1645,1817
1753,1844,1679,1560,14,89,1482,234,1492,1529,1041,1640,1325
1688,1951,120,1575,1723,1637,177,239,866,1852,1778,1854,1069
1644,87,1530,1574,1175,1094,103,265,1984,1788,1498,1818,1776
1599,1494,986,1361,1832,1704,372,1802,730,1681,227,1106,222
375,1807,286,1665,1629,1822,1589,1421,1638,319,1100,1692,250
1884,1750,132,1023,262,311,1251,1851,1688,800,1829,1831,1681
201,1710,184,578,1571,1722,1694,248,1698,1581,1556,300,1629
1769,1525,1638,308,1951,1783,1729,131,785,1561,1494,1698,1533
1611,1756,94,1798,1649,90,785,1770,1042,320,280,213,271
141,181,1758,138,1725,277,135,1704,1511,1304,829,1690,296
1785,1643,1753,102,701,1192,1710,1514,1718,1722,119,1689,1677
1498,1833,1396,1499,804,315,1746,1795,1629,960,159,1747,1764
1781,1658,1611,1827,121,1823,1489,90,682,1486,1549,1724,1508
1526,1843,1667,175,1632,1494,137,213,131,1480,1772,1900,1487
236,1836,84,206,1636,1627,1043,1616,1071,1394,176,1501,450
1761,174,1704,1641,132,1955,1531,1499,1819,1591,185,1185,1511
1573,1962,279,1856,670,1825,466,1575,1676,1701,1664,1747,1234
1577,857,98,1486,1500,1442,252,1695,503,1494,1802,1607,104
137,1667,1531,1611,1689,903,1617,1615,100,803,1627,238,988
136,1368,1488,1579,156,750,1685,1505,1682,1574,1707,1109,220
1265,722,124,1707,356,1270,1698,236,1941,1559,1776,125,1651
135,115,1834,28,852,245,1628,1492,1672,1817,1907,125,174
1779,174,94,1778,1600,1605,1708,1630,1579,464,1690,180,1984
1808,1520,1479,1944,1839,1773,111,1579,306,120,1508,1544,291
1494,1674,88,63,1835,1905,1484,841,1112,1554,1562,306,1838
1736,526,1508,738,1754,210,1489,1559,1303,1743,293,1704,1273
1954,1613,1822,1679,1680,1566,130,1485,1796,301,510,1751,140
110,1497,212,327,1638,1532,1751,1786,1713,1757,246,1567,1563
163,1576,322,1581,283,699,1527,1568,1784,302,1810,230,1850
977,315,1526,280,1502,215,1747,1602,1823,1685,973,1951,1851
512,85,1588,771,1624,1575,1732,1490,271,132,1357,324,1765
303,1643,1634,108,927,274,249,1801,1571,1569,973,202,1514
1857,1628,68,1614,1527,1802,1645,1791,1964,1784,74,816,1429
1521,91,1773,125,1947,1683,1638,239,1625,1268,266,113,1855
1846,1868,1741,1844,1635,237,283,1891,1885,1723,1650,1602,1342
1737,78,1851,1582,1685,1771,182,1740,1491,1498,317,170,1676
1574,1724,1625,1715,1697,179,1968,1513,1768,1541,114,1654,1743
1786,22,1712,1831,242,1484,1667,1861,1495,637,1559,1696,1515
1751,1743,1500,1570,1969,1741,1238,1330,1943,275,1118,1145,1518
121,1789,100,1703,320,1728,1660,1878,1748,1852,523,182,1602
1781,83,1267,1543,1504,1576,221,1522,187,1741,1695,1642,170
1944,241,100,1722,1795,1639,1707,180,239,1496,1543,1815,1490
1553,669,1396,229,1761,1481,1937,1613,1970,1781,1616,94,1746
1736,1697,1386,1680,1862,296,1581,1841,1802,150,1597,729,1656
237,1282,1911,1752,1209,398,1524,1824,1214,1905,1624,1557,1677
1670,1717,1630,1619,1758,1552,1663,1578,106,193,1954,326,187
1524,1972,1643,1505,1824,580,1890,304,129,702,1534,1602,291
1070,788,1473,633,1631,1483,1644,244,1775,512,1626,1896,1782
1911,1853,1825,630,572,1851,1705,1746,801,295,129,1761,96
192,313,1786,1611,1770,1906,1659,1152,1855,1750,1841,1589,208
1905,1643,1503,254,973,1657,1735,1379,298,1789,304,108,1645
320,1696,1021,1549,88,1787,1749,1678,1732,1527,1740,253,1663
1679,1584,1736,1722,1787,244,1783,1395,1636,1674,230,281,1500
1776,1872,1297,568,86,1724,1637,1851,1495,1638,1592,1740,1673
1520,1475,1560,1954,1855,259,472,294,173,849,1686,1734,1476
1854,1844,1381,148,1807,1682,214,115,88,1830,1481,389,1656
143,1174,1898,1535,1795,1895,1762,1794,63,1500,241,375,1743
964,1788,1593,1528,210,278,1576,1483,1646,1592,1638,1612,1594
1721,1656,1848,181,93,1255,1361,1696,1676,1556,213,1477,1604
1539,1676,1754,1506,1845,1570,1638,218,91,1678,1702,1489,1582
1010,219,1551,1620,1528,1856,1795,1111,1895,1691,814,1621,1922
1732,1395,1710,1268,1527,1788,250,1841,1855,744,1624,1795,1824
214,1675,219,1544,53,1686,238,1684,156,1850,1040,903,1846
1808,223,11,1816,82,1948,1533,1707,619,516,1543,1847,1592
1507,1547,1753,1763,167,696,1691,247,1179,1491,188,1552,1833
1881,1950,334,244,252,1771,1849,1538,1695,1685,1639,129,1578
1835,1053,1446,1396,1661,1183,1830,396,64,229,1607,1862,1848
91,1647,232,1917,238,1674,1769,1768,1556,1731,1489,1481,13
1773,1395,792,370,1848,1663,1896,968,1624,1754,1680,1714,1715
282,1573,1603,1073,1894,113,596,471,123,287,1484,1548,587
1837,1764,1714,230,1617,1585,1765,1849,1588,1797,322,1497,1754
282,1562,1672,1803,1650,881,1899,1628,604,1547,1483,1745,249
353,1873,95,1516,203,437,1857,1643,1479,1733,1379,1717,249
1630,1477,1726,1625,1649,1806,1616,253,93,1857,231,1690,1476
1578,1849,1424,1845,243,1711,1725,1594,1776,1206,136,1665,1539
1847,1801,1500,1895,1791,1613,1540,1700,1580,662,1842,514,1760
229,1940,1613,328,302,1395,1616,1493,1496,275,81,1705,1692
329,157,190,1838,1851,1913,1306,1788,124,1748,1088,1438,1642
197,1606,1746,1824,1534,291,1787,400,1767,1692,1591,138,1907
320,1501,1564,1269,1926,509,1710,195,1793,1783,1624,626,148
501,139,91,121,1551,1454,1969,1493,1544,1640,1322,1717,207
124,103,1833,1761,1650,1615,1564,318,299,35,148,167,210
107,1598,1029,1595,186,1633,996,841,170,1527,1786,1559,1478
1980,1522,99,123,1314,949,1578,1913,313,1598,1159,329,508
1830,700,274,1761,223,1805,1636,1715,148,1842,1518,1748,1685
140,296,1728,1745,1796,1820,1818,1795,1805,1918,1273,209,195
1667,490,1480,1628,518,1050,1689,1637,1833,1564,1817,1685,1819
1856,1774,1788,1522,192,1631,1503,1417,396,1616,1557,324,1848
547,1671,1494,801,942,1646,1753,1793,1723,1523,1632,1699,1832
1970,325,1634,1607,1909,1313,312,1823,1798,190,752,1544,89
322,1499,263,76,1841,244,36,1416,1626,1581,1707,1610,1820
1112,1779,254,441,1510,1647,1313,1558,1604,1634,1551,1569,1788
260,1631,1907,323,203,1709,1720,1743,137,1673,1552,1841,1944
1672,607,161,57,289,1806,219,1630,436,116,1614,1395,1613
1658,1801,1392,1561,1500,1611,1525,1811,1486,1663,239,289,987
1669,326,1149,1706,1758,1069,1200,1904,1605,1665,516,1820,1477
1810,1589,57,1980,1730,1395,1839,177,253,599,1579,1555,1486
1543,957,1811,83,643,1478,1497,1738,315,1950,1479,206,1888
238,1906,436,1721,1639,298,1943,1526,1529,1634,1845,1595,1854
328,701,18,1831,1587,1680,1903,1070,1862,1612,1650,1242,1711
165,1640,1658,1512,1554,1635,202,1759,1746,1717,31,1387,1721
1668,264,1913,1519,1688,1391,157,1909,463,15,1769,1602,1804
1592,1596,1797,1529,1707,1189,1803,1619,473,1656,1645,135,1909
1685,1688,1690,1658,1499,111,1231,1938,1613,1673,1510,1491,1383
1370,1522,216,1569,1929,1777,1502,1760,1577,206,1715,1492,1855
1592,497,1108,1482,1726,131,1496,1368,1677,306,1593,1834,1384
1591,50,1930,1638,1745,1607,1502,1795,1805,1594,1971,1682,218
804,1516,122,410,1319,102,1672,513,173,214,1480,1600,1512
1732,323,1837,1723,1390,1525,1754,108,1759,1279,1605,1620,1841
1742,237,1483,1819,1654,943,1761,1856,155,1600,139,238,109
1756,118,1682,1495,1331,1475,1723,198,1599,1763,1613,1830,503
1758,78,1821,254,277,859,1599,1632,1610,80,1689,1843,471
1291,1765,256,191,287,1621,1477,1697,106,726,1368,1809,1762
1499,1502,1651,1684,1497,1937,1818,1304,1578,1686,1861,1503,1961
1703,660,1725,1823,1730,1701,1484,1134,1821,129,1852,1514,1690
1188,1550,288,312,1391,299,1633,1569,1564,1754,923,1684,1816
204,125,248,191,239,1506,144,1820,1509,1484,1477,150,1489
1530,1563,1599,1506,1811,208,308,1722,1942,1609,1321,1571,92
1836,301,1537,1477,476,1587,136,1264,1828,1607,1669,1722,1385
92,162,1735,166,1541,1395,176,304,125,334,1648,181,704
1836,1732,1655,1533,298,1690,1094,1636,1769,1893,1500,1793,200
1667,1813,213,1680,1952,1526,1785,120,1737,1656,387,756,1687
1701,1250,1618,1771,1709,1583,1605,1504,141,1596,1568,1690,825
298,1395,1721,1575,1809,243,1036,1818,1699,1946,1681,1787,156
1515,1701,151,1553,1639,1675,1619,1681,1500,1484,1719,1576,215
1964,141,410,1749,1728,1546,1809,1678,1539,1722,1588,797,228
212,350,1597,280,1518,1644,1779,1785,174,1826,481,1383,163
1693,449,1713,266,185,1909,326,1463,1835,1685,1486,986,1801
84,1595,1102,266,148,1905,1606,840,1849,1365,1608,1725,1681
292,1780,97,648,1071,486,1509,1817,1754,1522,1516,984,1761
1650,1527,323,934,1489,1856,1728,1618,1490,1245,833,929,242
1833,1574,1561,1648,108,281,1811,1531,174,1678,1274,1857,294
113,1951,1664,1857,1911,1655,156,1724,1719,504,1729,1630,1713
1563,163,420,1603,1668,1753,1481,1396,494,1597,1570,307,969
781,1809,1917,1678,1793,1629,1717,1974,1660,1116,1036,1304,994
1661,1811,1710,1925,1653,1534,1687,1747,1571,1776,55,1567,1045
1786,1558,325,891,160,1750,1929,1910,1683,1001,107,1707,1855
1614,1857,199,1501,1730,1115,235,298,221,1654,837,539,164
1816,571,260,1980,1712,1162,1554,1690,1311,1594,1392,1194,1812
1119,1813,678,1564,1737,1249,295,1714,757,1589,1603,1698,1533
1795,544,1687,537,1541,1951,279,1595,1364,1756,252,1845,1350
325,653,1437,1844,1631,1837,1529,1541,579,1719,1586,902,1810
1941,1380,666,998,1571,318,1358,284,1684,248,1749,1632,294
1756,980,1601,1860,1711,1764,44,253,230,1831,518,1771,1385
1689,161,1527,1643,981,1767,1671,1634,1830,97,1972,516,1719
217,141,122,133,1658,1515,255,91,1785,1800,1582,446,903
872,1717,1214,654,1559,153,232,518,1668,1517,1527,1767,184
1798,1843,1854,1779,1736,1769,1156,762,1542,1584,1541,1833,1532
1574,163,1293,1612,1598,1783,1828,1781,1853,1804,1609,181,1455
1581,1739,1551,1905,1722,109,1752,1025,1819,389,1710,1482,1575
1859,1737,1331,1704,166,283,1629,1747,1775,1671,1733,1788,1710
1771,155,1718,305,1813,211,1845,341,1660,1552,1637,62,1645
1763,1707,1807,1567,1922,1576,194,1722,112,1574,1820,1837,1657
1750,1375,195,1575,1577,1684,1535,1768,877,1588,1268,881,231
1575,45,1507,206,1583,301,1508,329,1704,270,162,1537,1820
1601,198,1482,956,284,140,1822,1749,311,1276,1857,1908,1613
323,1762,282,1593,1744,112,1595,1618,1547,1857,1672,1832,985
1813,1550,890,113,1575,1910,914,1867,294,266,1705,1610,291
1826,1554,1849,1480,1610,1731,1481,249,217,1155,1069,307,1567
1606,1556,615,1693,1716,125,1725,316,1798,312,1652,1722,1838
1509,1584,1848,1557,450,1970,1529,1772,1847,322,1958,1761,1547
234,1743,1669,254,1583,1821,1573,225,1916,1553,172,1759,1712
1639,1596,1758,1577,1797,1539,45,1583,1644,310,695,1379,136
109,1566,1561,1395,1648,1947,658,1681,1638,1554,870,1399,293
1243,274,466,1825,1763,1652,1482,1637,104,1774,1592,1593,1558
1229,1791,1632,1684,178,1550,310,1542,649,1477,1569,251,1032
1544,1802,1648,1696,1572,1538,622,327,168,1652,592,1508,92
127,74,321,1533,1833,1721,1641,195,1769,1698,1782,120,1786
1011,1070,1658,289,684,1645,225,1733,1673,1567,253,221,195
299,119,1548,416,1909,1811,1744,1836,214,1088,705,138,1490
1718,1574,1823,1672,1716,1548,1806,682,1857,1532,1562,477,621
1547,1514,1830,122,1905,463,1575,1582,237,646,504,1515,1534
1794,1725,932,1787,785,1715,1670,467,1522,1602,1573,1633,535
1691,1189,783,1625,1488,1709,1521,1379,1840,705,1806,476,98
1482,1604,162,143,1741,1324,212,1647,969,986,1972,114,307
1638,1720,1753,1592,1622,1510,96,1961,1089,1606,1782,1194,13
1475,97,1717,1565,1718,1613,1582,53,1693,1973,1191,1905,199
1906,1808,96,1937,494,1763,253,252,287,1811,6,538,1823
466,92,1836,1675,1071,1632,1913,1564,142,1855,1316,942,1107
1739,1491,1844,1835,1670,281,1705,1729,1776,1604,1738,352,296
737,183,1668,1702,1166,1747,1544,1527,1386,1638,1744,482,1612
371,280,1607,1815,660,1665,81,1832,481,1599,1654,1798,1348
1628,623,1516,1895,1550,1536,121,1798,1839,1899,1742,1492,1383
652,1665,1728,1622,1618,1738,1664,1357,275,1899,1794,1812,1502
832,1829,1731,1776,1789,1626,1645,1872,1709,1568,396,1764,1514
1578,729,1603,1813,1524,1703,270,1623,1766,1790,379,1942,1782
1499,278,1360,92,1725,1589,1392,1502,1732,1728,1807,1771,360
1529,221,1835,1506,1584,1663,200,1783,1678,1760,1851,956,121
1519,1709,1516,1685,1941,1572,1834,1837,1621,1396,1787,1606,1737
533,1971,1540,1620,1684,1846,1388,1535,242,1480,1699,1895,1728
1323,1482,1612,1720,202,1895,1587,147,337,1640,1793,1924,1651
1676,1804,1480,1583,1737,39,217,1833,1556,1744,84,1174,1564
1383,558,156,1807,1652,245,1381,1734,1073,1728,233,1604,1672
163,1687,1286,288,1870,1765,1602,133,316,223,1644,1668,1576
1976,1836,1761,1811,1703,323,1963,1510,1490,1486,1751,1639,148
95,456,318,1746,1480,1814,1940,1524,769,1707,711,1797,783
599,945,1686,1640,1799,700,1723,255,166,1504,227,1635,1529
1941,1503,1520,1821,1647,98,173,1690,1634,1371,1619,191,1829
1839,1795,661,1388,1381,835,1615,146,1702,1373,1714,263,403
1636,1856,309,234,1603,1678,1598,997,141,209,1674,1845,1713
1732,871,1893,1610,1532,1787,1705,1704,1767,1782,1824,70,1629
1837,146,1709,250,260,1739,1583,1941,1958,1623,1624,105,1394
229,867,1506,108,1604,250,1531,1518,200,301,1593,1746,578
1910,187,1819,1583,1610,1752,1542,121,1896,1855,1839,1481,118
1781,1372,141,1907,302,1941,1357,555,160,190,1617,1192,1478
1621,1718,1227,1531,1968,1608,1088,1810,1588,260,204,1840,634
226,333,1802,1716,215,1833,1844,246,102,1939,1757,1703,326
1756,1762,1371,1585,1520,100,1510,525,712,1536,1621,1665,1796
1786,1765,1951,1757,1391,1773,477,1550,1600,1733,1797,1607,1659
1615,282,1316,1395,1591,91,88,1590,1520,482,1529,1790,1745
258,1595,163,1776,1477,1840,1690,1574,1322,90,1601,1540,1656
215,1373,1173,1775,1751,1556,1711,853,218,174,1788,419,243
1549,1520,1670,1750,927,119,1610,1517,1707,1548,1856,1708,105
210,1692,1592,162,1906,835,1808,1855,206,1608,1599,1831,803
708,1356,1560,1822,19,1573,1825,1601,1853,1410,575,1610,1778
1528,235,1675,237,1660,1647,1970,103,1511,1559,1588,169,1627
90,212,1905,683,1679,1912,137,1183,701,1821,1783,1852,1630
280,1693,1391,1632,132,1842,1814,1723,1733,1818,1595,238,1519
1784,1855,1589,1482,1829,1783,28,1751,1678,1707,1565,247,1739
1827,1743,1702,1615,158,289,1526,1597,1769,1970,1585,1716,1598
1680,1555,678,1479,1533,1645,1475,1606,383,1268,1515,1220,1843
274,1673,1892,139,1823,281,1477,201,28,1847,1856,1697,1649
207,491,1498,271,1567,1848,526,1646,1669,1899,1259,1568,1605
1117,1779,1671,1547,1693,1335,293,1842,238,1643,1545,867,1731
73,1546,197,1672,1550,1811,1687,1813,186,1618,539,1581,1751
1785,1531,1388,1492,1489,431,1878,1498,1744,1488,1670,1750,1763
568,199,649,162,1704,643,154,1911,675,1712,26,1478,1499
687,1790,681,74,82,1526,1665,314,1655,1732,587,1685,1850
1353,817,1591,1955,1625,1821,535,1604,236,1388,1552,215,1392
1583,1643,215,1620,1478,860,1391,1755,1645,1657,286,1441,1847
1492,172,160,1782,789,237,117,688,735,1491,1070,1482,1851
1593,1395,1684,1550,1883,1708,1733,1589,1483,1691,1838,158,748
1786,1672,1781,1237,166,1497,1763,1597,291,1768,241,1803,1671
708,1601,262,1518,780,1790,1772,95,295,1713,594,1504,1760
1588,279,1591,1740,270,1898,1297,1808,1329,1606,1518,1263,309
1408,1869,1808,1735,683,1686,1550,1755,1728,1589,1849,45,1546
1861,325,109,1699,1605,1636,1654,1826,1913,1895,1630,1564,111
1518,1805,1669,1798,1673,1672,1492,1770,81,175,1599,1600,1023
14,1654,1619,1146,1726,664,1777,1665,88,870,1870,1544,1595
1517,1734,1556,1584,1605,1508,1744,1785,198,1798,1689,1661,239
201,1834,1636,256,463,1785,1683,101,1610,251,108,165,329
1344,457,1710,518,1694,176,1480,1573,235,1941,820,152,36
1714,1761,673,1754,1734,1770,1907,1783,287,13,1214,1670,108
1974,1733,1543,1533,784,1697,305,1379,1518,1583,1843,1749,471
1521,182,322,1480,1747,119,1773,1812,334,1539,1576,74,1284
610,1922,1805,1847,700,1746,1911,1763,1569,1376,1009,822,149
199,1857,213,1789,1742,1711,280,1641,1365,1272,295,1579,1559
1808,1819,1756,174,115,1497,1227,1906,1894,218,1522,1480,840
160,902,291,1811,1769,262,111,1365,265,1765,414,1747,767
1585,1780,1983,1678,1773,1659,1934,1737,179,240,1522,113,1231
665,1727,1760,1635,1083,129,1756,1895,357,90,1504,1620,249
1863,723,1610,196,1829,1656,1772,1485,1746,1783,1771,1779,1366
1771,1813,1594,1770,1559,34,817,1975,1746,103,1492,1549,515
289,1518,276,1487,1653,1811,1602,1684,1583,1514,1686,1988,1381
1647,1804,104,1839,1840,1784,1821,1487,129,165,1304,1909,298
1635,1571,1674,1971,1002,1687,1692,1677,232,1597,1644,1871,1484
1622,1558,1095,145,1552,107,1771,1647,1555,1614,276,1499,172
1503,1619,1391,313,1828,1037,202,1652,878,129,1514,1475,1748
1832,1796,1695,606,1770,419,125,1781,1818,1536,805,1646,1564
1836,1552,1729,1654,135,1529,1668,1830,1823,1707,1439,1832,1798
1517,1953,724,1912,1325,24,1276,1796,1758,1733,1760,346,1637
1301,1849,1752,191,1763,1531,213,1559,1797,1483,1742,1658,1811
1760,1937,1651,1272,1826,1851,1764,97,38,934,1905,732,1837
1658,1857,1578,1342,226,1842,1535,1135,1810,1748,1702,115,1574
1850,286,1564,1683,1485,323,1536,225,1636,839,1770,1658,1800
131,1844,1708,1654,314,1908,1595,1480,194,1953,1504,99,1713
1501,705,278,371,1812,800,161,1486,1576,1540,1638,1516,1795
283,1589,1484,1914,1168,1709,1583,1751,1694,1764,1718,1623,1792
1733,677,78,1696,1797,1523,262,1475,1647,1788,1683,26,1848
122,1678,104,1949,1979,1338,1501,1579,142,1782,1502,20,233
1567,1674,1517,1973,1851,1833,1812,1073,280,223,1744,1760,1658
1658,165,1559,1680,1626,890,1698,1739,357,157,1793,1706,1777
1741,301,894,1744,1605,121,1592,1975,1820,1836,342,1691,1831
1801,1611,124,1509,1505,305,565,1754,1570,1682,1508,1528,1720
1816,1574,1045,1494,631,1517,1833,1792,1621,1605,386,1782,120
1870,393,159,1702,1799,1540,1924,1776,1740,197,1795,1824,1656
160,1846,1651,816,1522,1905,1957,1760,1860,146,1586,864,1840
177,103,126,1591,1569,1744,225,790,199,1074,1658,996,1528
1835,1816,1877,649,1537,1249,110,1613,1767,196,541,1751,1640
569,1490,1598,1539,1303,515,1191,69,1635,1649,1599,1484,1202
1534,1547,1609,1559,134,431,799,1666,1911,1561,1677,1525,1857
304,274,772,1849,1516,1689,1828,1724,1774,1799,78,74,149
1684,1731,1732,1948,1767,199,1564,101,757,1668,1791,455,1236
1719,1588,1574,1726,220,1479,1890,1811,1956,1488,701,284,1650
1641,145,1910,1295,326,1711,1469,783,294,1654,1524,273,1630
1609,1738,1646,1809,546,321,162,189,1374,1907,636,1830,1800
1743,1836,1459,1841,321,1640,903,1770,1728,1705,1575,1672,1825
1568,1435,307,1596,278,1493,1267,152,1393,1694,1570,1907,1483
1505,1561,1563,1221,1740,1761,1680,1648,167,1549,1707,986,1706
1498,66,1606,1908,1938,1756,295,1710,709,1541,1525,1340,693
1729,1675,269,1741,1705,1608,1635,1760,1473,1496,1957,1800,1680
994,1930,1906,1598,1856,154,1541,998,426,1666,1843,241,190
1597,1498,1605,229,1524,222,1907,287,800,1764,267,1338,1909
1924,793,1491,1703,527,1639,1387,1616,215,286,142,1743,1507
151,1767,1573,259,1969,1503,1583,1745,86,1145,1647,1825,1618
1603,1812,1331,1891,1528,1961,220,1483,1747,1437,1727,1624,1820
436,1581,1728,1674,1395,1709,238,1832,118,1527,1911,1819,1529
1487,1684,1833,1708,1778,1550,248,1949,1689,1570,1505,1531,1801
1811,73,1515,1797,1654,1761,1666,1115,93,1799,273,1525,320
1896,272,1343,384,1834,1843,284,300,1663,1743,1606,696,184
1653,1818,1615,1960,1755,1509,1648,1542,1392,156,1556,1482,670
212,1559,1544,1657,1727,880,1758,1055,1323,1659,1690,227,1847
1630,1664,1597,1196,1808,1811,323,275,1766,1610,1738,1721,1948
1771,1580,1483,292,1532,1606,313,1849,1787,1581,1230,1320,1337
276,222,1557,1793,1911,1548,1629,1486,1672,1693,1823,105,1030
654,1750,1628,1538,1664,1729,37,1235,1848,1479,1707,175,1690
1785,1209,302,1388,1684,1498,1490,1394,1748,1505,217,1689,1575
1429,1478,1792,1531,198,1892,1521,207,1828,1793,239,1192,1378
1913,1737,1823,1550,1827,1365,1543,1565,1511,1822,1713,1817,1807
597,161,1846,1523,1910,313,1639,1531,1530,1603,633,77,1657
1646,264,1368,111,197,76,1349,1695,1827,1698,1602,1692,1586
1922,1356,1670,411,1653,1757,1741,871,1678,70,801,1479,1742
509,1785,96,1850,1971,1630,118,1583,1596,1812,1682,1779,1737
1942,1908,1793,174,324,73,1853,1817,1186,724,1719,453,1774
1764,1613,1570,1630,1073,136,206,1500,1717,1574,1482,783,1865
284,471,1487,1726,252,1395,1660,243,1961,1554,1687,1720,1840
136,1546,1827,1558,1526,1896,1815,820,1568,1737,1609,1822,1593
1899,689,1581,1389,1534,1554,286,844,1664,1696,109,220,1743
78,1589,636,1513,1820,1918,1829,1824,1753,1689,1683,1489,1045
1807,1843,1592,1763,1568,1922,1750,1742,170,119,1822,1618,375
987,1570,423,1574,792,1800,1625,1507,1838,1612,528,285,466
1670,1615,1702,309,69,1948,1897,716,1510,1667,90,1723,1678
1814,1614,1824,225,245,1380,94,1819,1539,1643,311,652,1569
1661,1550,1639,874,892,1520,1149,334,1815,242,1544,304,1688
1306,1744,1603,736,1553,1838,1598,1757,1687,1497,1026,1763,159
1805,1577,166,1162,246,1492,1071,1477,1480,156,1581,1533,95
287,1653,1907,1501,1619,1770,1605,504,1628,878,1786,236,261
149,1746,1800,1378,1605,1623,1831,412,1819,171,71,1737,1823
263,1072,260,1693,1815,1681,1552,660,1767,1837,1908,767,1582
1741,311,1721,253,98,1790,117,1496,185,1671,1825,628,297
1742,1087,1813,227,1759,1809,1395,1799,1584,399,1554,1527,167
1722,16,1712,704,224,1851,767,210,1506,1808,795,1581,1832
1799,1064,1635,1763,316,1833,986,1187,134,1676,143,1549,1596
233,1370,1764,1688,160,1559,1743,1811,1911,1486,1939,1907,1771
1757,645,1013,1535,1853,1801,221,988,1742,1752,1682,277,1557
1579,1708,1659,1614,1531,1664,1969,653,28,822,1601,1748,1525
125,1607,1200,1485,1960,1869,1769,1794,803,1724,702,199,270
571,1674,1602,1722,1745,1670,1640,703,1383,1591,320,1634,82
165,489,1810,1530,1907,1852,1698,84,1708,1973,1790,1071,218
1677,1750,1599,1634,1799,1697,1512,1673,1745,1513,201,51,1394
1033,1597,1658,1475,181,1482,1494,246,1569,1910,1577,490,241
217,213,1480,71,1662,1670,786,1531,859,320,1357,1728,1672
1540,1688,1850,1818,1823,1477,1837,6,1607,1824,1745,1788,1614
1613,495,1910,1790,1944,1514,1656,1705,942,245,1641,212,375
1747,1236,301,1655,1568,607,1830,1209,929,1726,120,1508,189
1612,1586,207,1724,109,1706,1282,1100,247,128,1239,1387,15
1906,1854,1570,45,1754,1483,1850,1792,1070,1080,1721,1488,1576
1501,282,1183,1760,1774,230,1896,134,1768,270,1654,1670,1368
1498,1839,640,301,1831,1807,1264,1913,173,1395,1484,1664,1959
1767,178,1386,1372,1523,1828,1627,821,430,1584,307,154,245
1599,670,1484,1741,1610,1255,227,1821,209,1777,1671,1680,1784
1795,1831,1919,99,1706,1535,20,1768,1069,1491,1729,1693,1810
1805,108,1780,1777,1784,1819,877,88,1595,1569,223,305,278
156,783,1603,1965,319,1716,1739,1769,179,1752,1779,1390,1495
1528,1763,1237,1546,1516,1489,1379,1643,1652,1754,1396,306,1950
1246,1098,196,505,241,1071,1972,1497,1748,1717,1817,1337,1614
1527,298,1098,312,295,1056,570,1921,1619,1548,1247,187,1526
705,403,1703,191,1669,1758,318,1822,1676,1089,1789,1614,1534
1778,1690,1836,1597,147,1696,1570,1852,1566,1562,1675,1777,1855
285,1484,1538,1778,477,681,227,1972,1719,1757,1509,1501,1684
1490,1624,1827,155,1743,1621,1666,1613,1553,1094,1713,1716,582
1893,885,55,244,1854,1803,1924,1735,1550,1725,1320,1496,1597
1197,1807,1366,1734,1625,1541,263,1498,1481,1907,1536,1928,1554
723,90,1763,1377,3,178,1742,1693,577,595,1805,1557,1848
1724,1504,1583,1215,1685,1677,103,739,497,1540,202,129,106
1664,1937,86,291,1156,1782,295,422,1855,1829,1070,1588,870
1853,1642,1393,1781,1844,1507,1693,1320,1812,730,326,1537,194
1620,307,1542,1694,1757,101,1512,1513,1782,1770,98,84,1739
1483,1487,147,1679,1050,293,179,1676,1517,767,368,144,1624
977,1849,692,1678,510,141,1623,737,1117,1761,1547,162,1685
1495,1792,155,103,1383,1626,1892,174,1900,1830,898,1577,1750
1573,1722,1778,1622,1268,1818,1708,129,1769,1777,113,1690,1537
1665,166,1796,749,1909,1790,1918,1219,1483,1984,1587,1573,97
1720,1790,1662,1180,1580,1802,1748,108,281,1785,100,1610,1681
1697,1503,200,1852,1785,419,1512,1563,1691,1831,1847,194,104
119,696,1660,1582,1618,100,1817,50,1869,215,1507,1781,1717
1801,1641,1568,213,88,1821,296,1851,1547,1590,1846,1693,1489
1728,168,184,107,1837,1571,183,1630,201,1117,1500,1688,617
1751,1409,1704,1901,1483,1616,1674,1507,1391,1008,1344,1781,723
1743,1673,1567,1770,1650,1747,1954,1964,1987,1085,1548,1636,255
597,1704,140,1609,1632,269,412,177,1532,1771,281,1830,1720
102,1687,1536,1822,1497,1587,1758,250,1850,110,86,1656,1834
1047,1714,1765,1798,1616,517,1693,1660,133,1606,1856,1836,1015
1284,987,1544,1790,1850,168,1925,1686,1716,1492,1527,102,1268
181,1573,644,1823,1831,183,234,156,1551,169,42,1579,1913
1667,175,1538,632,1588,1155,1312,1555,1591,1600,241,1530,1663
1679,1617,1490,1023,1643,1582,1385,1495,1621,1136,565,165,308
86,1517,1588,1662,1846,1660,121,1488,319,1639,1793,1696,1630
1835,1710,203,1712,1546,1525,1582,1949,106,1957,85,1503,1744
1580,789,405,1757,1732,1854,259,295,1638,286,279,1572,1798
586,1749,1854,1124,1687,264,982,1523,1733,1710,839,1384,90
1829,1557,1675,1766,1806,1738,1548,137,1702,1532,244,1785,1839
603,1830,1571,97,91,95,1070,1815,903,1968,1113,264,164
310,785,1845,277,1808,1491,1643,1910,1649,288,309,1726,172
1748,1680,1370,1807,1479,1735,1601,1688,1551,1515,934,1752,920
45,1805,1944,873,1740,1543,1885,1355,223,1677,1849,1654,100
196,1627,1505,207,1944,139,1621,1447,1648,1558,1557,1771,300
1032,1716,1753,1502,1601,1587,1522,1827,210,1905,1521,1596,269
1375,1533,1627,1610,1750,198,1644,475,1702,1765,1620,323,1574
1826,1515,1507,308,1669,296,231,1656,286,1552,1840,1079,1845
1846,166,1780,1844,1268,1084,1518,615,1825,1910,1532,1738,1035
1664,1798,1640,1760,1659,619,1643,1622,1624,1477,1721,1856,1756
152,98,1856,1853,302,1494,258,1811,1783,752,1850,170,801
1735,1679,1608,1482,1602,1695,1939,1700,1584,832,144,1688,1988
1606,1954,1830,1827,1844,703,1696,1723,68,111,1661,1849,317
1760,1969,1547,1828,1738,1662,1824,1750,1373,1383,657,1573,355
1519,1908,1912,1499,198,147,1593,95,1854,1526,1760,1215,1752
1945,1646,1810,1680,702,272,1771,1894,1577,1507,1958,1854,295
1749,1513,1630,1660,1943,393,840,203,1794,1596,1636,1487,1907
1627,1048,293,1804,1807,241,1673,1674,602,664,1735,1725,111
1975,1784,1575,1768,497,1896,1599,1030,1476,1520,1890,1549,1696
1662,1842,1853,519,1676,1476,1741,1549,161,485,1601,1693,1673
123,118,1489,206,1192,1788,1624,188,1481,26,1562,1831,1682
1480,1836,1662,1785,1699,1691,1805,1684,105,1968,1533,1799,1842
1740,1523,552,1676,1896,475,372,229,321,489,1599,1174,1557
1777,1968,1735,1519,1622,282,1513,1860,1812,1745,1597,100,1834
1738,1846,205,82,1378,1814,296,1618,1651,673,105,1494,1550
405,1297,1136,1223,325,1781,1605,1950,1893,490,1744,1671,1368
1760,1838,1590,1493,1836,1551,1715,1595,1491,1667,1539,36,1922
289,1697,172,1891,96,1675,1246,401,461,1677,1547,103,104
1688,1495,113,1627,1607,224,1852,1617,1501,1519,1649,1183,1667
1511,87,107,705,180,839,14,249,1847,1495,298,1821,1788
932,1609,1836,1379,1713,1697,306,674,152,1582,217,1516,1718
74,1586,302,245,801,1650,1719,1548,458,1636,1545,125,1725
1801,1483,1525,1604,1845,159,805,1827,160,1536,1692,1681,1706
1757,1612,104,1663,1632,1660,182,1246,1720,1759,157,543,1704
1318,893,87,292,152,82,1768,1593,1544,126,1639,1526,1836
1965,1844,281,1368,1821,1572,1778,1748,1683,141,780,1224,1781
169,1682,1781,1610,1970,286,1803,1538,1668,1573,197,1723,263
1743,803,1571,466,1825,1546,1831,1684,1556,1747,955,1604,1501
1913,1592,1553,134,1495,1765,1491,290,1713,1959,1906,690,1652
427,195,167,1590,1547,1477,1536,170,1769,998,129,1759,1561
1805,1888,1811,194,1362,510,1684,1869,1718,1736,1848,98,1781
1796,1951,1353,1527,1776,1812,1722,1566,352,95,729,1678,1561
300,1804,168,1033,1002,1758,298,1636,84,1476,1320,1542,1769
111,1730,1544,1493,1517,1691,1605,996,136,259,304,1379,608
270,285,1703,1035,258,1699,1682,1763,1842,1546,1596,254,894
190,141,1584,250,1650,243,943,1666,1682,1619,270,1477,1776
628,1905,1811,518,223,1515,1821,1269,1836,1531,164,100,1209
541,1741,782,1688,674,1222,1755,1609,1587,1706,1709,1583,757
638,261,166,317,1548,172,880,1908,1806,248,1696,188,1653
1544,1819,1510,1019,1688,1530,207,1805,1754,130,1834,1799,1784
1563,1922,854,1670,1497,91,1766,1605,1475,281,1498,536,789
1726,1701,1754,231,1907,548,1812,197,1183,399,1671,1696,258
1515,1811,181,324,1657,1747,1320,1712,147,1541,1368,1806,1550
1619,1664,1754,1543,1779,124,735,1596,637,1910,1722,1826,1823
1678,282,14,1616,1837,1536,1488,1707,1626,810,1623,1813,126
129,1779,1674,1787,1622,1978,262,1608,1753,1516,1316,135,1755
1746,1912,1711,499,1763,1817,1762,976,1947,1071,1560,1778,1520
1123,1715,453,1855,1537,1687,1497,1328,1483,1126,294,822,130
1956,197,168,259,649,1690,1482,1656,324,682,1701,1497,136
1779,431,157,357,1579,1757,1788,733,201,1287,1801,1497,986
1801,175,1730,1674,1754,481,1631,1553,318,56,1069,1600,1749
1721,16,13,1552,794,262,1889,1647,1777,26,318,1847,1537
836,1635,1032,1616,1597,1781,1700,1906,1582,1802,111,1043,1698
989,1970,1908,1691,1829,1682,1648,1645,1542,1669,1655,1781,1819
1009,1755,301,1561,280,1612,1675,1125,1747,286,843,265,1487
1830,1810,173,1622,1699,84,1803,114,1804,1849,1598,1352,170
1786,1620,1550,1498,1643,969,202,246,184,482,64,411,183
146,135,1602,82,1644,1540,327,1231,1655,290,1559,1532,1826
884,474,239,1875,980,1726,1640,1711,1600,1652,1842,237,1392
1645,1772,78,1706,1393,563,802,1834,1522,1896,969,580,391
1584,1849,1751,1844,388,1506,1484,1482,1625,1396,13,884,1574
1347,1390,1515,1190,1378,717,1555,1973,1650,1672,1743,1764,1248
1848,1855,126,1070,1487,680,1535,997,1811,1556,1647,1691,1705
1479,1684,1735,1702,1815,159,1701,320,123,1837,77,214,1672
1512,969,1525,37,1520,1072,1798,1746,1815,1830,1612,1527,1600
1852,1618,1813,1577,1635,1097,90,1641,124,180,1870,251,1623
1624,1828,366,1824,1557,1389,976,888,1629,1816,1837,237,240
1751,1376,575,1191,1833,1970,1389,240,304,132,1895,790,1505
146,1762,319,1799,1787,1487,619,1540,1599,254,95,1663,1809
1666,148,198,117,1720,282,1069,177,1754,1072,1487,1688,1778
1696,1390,1652,1659,140,1546,1833,1628,1498,1527,1842,1827,186
686,1842,1912,1749,1599,1639,200,1827,1600,1509,151,1717,1851
109,1540,1616,1620,1940,1519,188,427,1714,1634,1492,403,1565
179,234,1940,499,800,1544,1821,1874,123,132,1379,180,39
1485,1911,273,1954,1722,1775,175,1489,1669,1496,195,1800,1670
24,1781,1969,252,1905,15,1607,1691,183,1514,1212,283,156
1970,1620,1685,1646,1832,1649,317,1575,1622,1698,1718,1775,115
1477,1969,1383,74,1786,1579,1665,1737,1667,1771,1954,436,1643
1737,1930,1524,1731,1730,1796,1598,1946,1477,1775,1848,1635,1784
1704,1688,268,1615,1482,1640,1792,1774,761,1645,1665,100,1575
190,1569,1789,94,301,1803,110,1712,1843,698,1945,1775,1149
1624,1501,609,304,857,298,251,224,1484,1559,1747,1385,275
1943,1971,93,1508,273,1624,1659,317,36,805,86,175,1913
1797,1652,1485,1654,128,1634,1806,1740,1508,1681,1543,1526,1614
1756,1851,1506,1494,1693,1827,1667,1671,1798,1483,1669,1727,1677
1618,80,1625,1851,1595,1684,700,1968,1481,1546,1647,1852,1013
120,1515,220,281,1770,1850,1527,687,1817,46,698,134,1152
1688,472,216,1809,306,1475,143,1596,655,1507,1540,290,1723
1509,1486,308,137,23,265,341,1496,1663,1073,1740,1392,141
1520,1677,825,1664,1620,1783,1558,1518,1788,1556,1589,1831,1673
1555,901,1492,1817,1800,82,206,729,1237,143,934,1701,200
1602,1504,1594,1754,1763,1506,1801,1683,1487,1638,1723,1751,1932
1747,266,1476,320,1956,689,1783,1742,46,1588,1596,537,1852
1797,1970,1856,1766,222,1495,1643,1604,85,153,1777,1745,1957
1667,1842,132,1070,1730,1788,1912,303,1792,1655,201,1770,1059
1500,1676,216,1396,1682,1844,841,1832,1940,127,1713,238,1108
1766,1495,99,497,1614,1366,996,1606,1035,1594,1530,1711,1516
1711,1799,1489,1483,1800,1388,1549,1720,1656,1513,1695,1539,1685
1373,354,1687,1557,1730,1809,1383,1570,263,1744,1648,279,213
1642,1786,285,1913,1773,1494,1805,239,1785,1522,1670,1657,1388
1803,1479,1539,1698,1773,1847,1895,1466,1731,96,1820,1697,1678
1834,1492,1705,734,1567,599,1589,1695,788,114,1852,1542,1909
1070,1333,1062,1607,1506,1690,1561,1897,1685,1681,707,311,1802
203,1755,1529,1856,1569,1483,1486,1676,1487,225,1930,1738,1530
1478,1826,1808,1709,1663,1524,1975,165,1538,1814,1801,254,1505
763,174,1896,1666,1814,1483,1678,1668,1845,1614,1772,1619,996
1612,216,1591,1526,203,1665,1769,981,663,999,1590,1778,1819
1588,668,1912,1327,1773,134,1576,1383,286,1825,327,1827,994
202,1893,214,1705,165,1763,1539,1581,1536,1829,109,1873,1137
316,178,1610,299,1627,1682,273,1712,1836,1718,251,1834,1839
252,1540,932,1636,1801,1538,1776,1657,880,1011,1543,1578,1718
1841,1836,241,1679,1521,1676,1696,1110,1897,1606,109,751,904
1378,1826,324,611,71,1968,304,1238,1786,245,1628,958,95
1730,690,1809,986,1292,1810,1533,230,1638,1368,1937,846,1521
1910,1385,932,1024,1898,409,1881,1485,992,1754,1476,1693,1838
1497,1731,1908,1716,1592,1493,1612,1503,1845,81,963,1781,1654
1713,1656,246,1705,163,1825,1679,1851,1753,293,261,181,202
219,986,1557,1664,1601,1714,278,246,1815,218,1972,1817,1754
1931,1526,240,1609,1617,1507,14,1265,1812,115,1762,1795,1642
1696,114,1766,213,1383,1389,1661,1560,239,1826,754,324,1586
1048,1387,15,1687,1643,1804,1726,1480,190,1414,1909,1851,1595
1906,788,1547,1626,1802,1839,1663,882,1820,1553,271,1503,695
112,1622,1850,1539,1596,1553,1776,1695,1356,1183,1630,353,1790
1674,1777,1090,475,1626,298,1611,1183,319,1502,1720,1694,280
1809,1954,152,315,1636,1504,321,1540,237,1494,355,1632,1678
214,1698,210,558,1518,1986,1838,1003,1818,199,487,1781,1700
1667,1267,1720,1533,1751,1535,1013,1628,1070,1520,1804,1675,1607
219,111,1749,1668,136,1496,1700,1505,1498,1847,1670,1792,1717
1665,296,1738,1642,1588,1815,1835,1690,1492,804,237,1652,161
509,867,1119,1579,120,1580,1710,1696,1972,1383,1769,129,1840
1514,1588,1601,1542,1511,1860,1639,1821,1852,1754,110,207,1658
616,1477,1621,150,1650,1773,1847,622,185,655,496,1700,113
309,1826,1809,107,1849,123,221,268,800,1368,1905,1639,195
1385,1787,1692,1286,1785,886,979,123,1379,915,1912,1524,1746
874,1913,1704,1618,1672,1587,1545,1633,1800,1522,402,1651,1831
36,1831,207,1816,195,1626,680,1764,1361,1719,1370,286,306
1538,1531,143,849,317,1802,1537,1697,1832,1748,1769,1816,1614
1489,197,1941,1838,263,1761,1879,1556,232,1594,1632,1842,1520
1579,103,1830,1694,1642,1756,1789,1476,1527,164,175,1793,1494
1639,1709,74,223,1391,101,1650,1512,1480,387,102,1655,1740
285,1779,303,1109,1527,1065,1691,1763,1767,109,1758,1379,1726
1536,1502,1496,237,1886,218,1305,822,285,1588,1704,1162,492
1942,1772,165,358,1655,92,129,1726,98,223,1631,1527,1586
1617,1568,1825,311,1005,1070,1834,1479,1828,723,1850,1854,1694
291,267,1493,1619,111,1831,1491,1503,1637,316,217,1699,1547
1575,1071,251,89,1763,1381,1706,1496,157,1530,1322,1803,1768
1072,76,1780,1512,554,1495,1431,35,180,1661,26,1823,1797
1683,1825,244,242,1665,329,1632,142,1819,272,1666,1650,149
608,1585,1571,1785,1931,1577,1521,1743,1618,1579,677,1661,1621
1808,1607,840,1691,1949,184,1365,1571,53,325,1382,1789,518
1194,1713,1179,141,560,191,1616,274,1910,1511,1975,237,1566
185,1943,1767,657,1769,1912,312,1776,1818,1410,1706,149,1590
1896,1765,1509,1768,1602,1911,925,1491,1352,253,1553,230,1738
1842,1744,1897,1490,1659,1844,787,848,1964,1614,1645,468,1703
259,1482,1803,1606,598,713,1930,1633,1705,1597,1687,1650,1684
1850,259,1972,1960,1486,1746,1941,1587,1610,1702,1726,383,130
1746,1614,1657,1583,1629,1843,152,1677,281,1502,1785,340,1788
1582,39,1513,1908,1330,834,1731,1638,99,1897,1821,1665,1736
237,1197,1728,1712,284,1606,1850,1549,798,1685,1624,204,1781
1000,250,1944,1963,1563,1628,1501,1496,1911,969,1748,1540,497
1567,1726,111,1489,1311,129,311,569,1686,1679,1519,1627,1849
1661,1638,1494,96,1386,1732,1673,1616,1491,1582,1745,219,1520
159,1689,660,191,1609,329,1837,1566,316,953,165,1851,1522
1790,1852,1758,109,1721,1930,1627,1728,199,1610,1908,1372,1650
1173,35,1476,722,690,199,212,1689,990,1822,1731,1686,1744
1796,1786,1661,1815,705,1866,1671,785,1962,1849,1493,241,1550
1767,1732,1906,1396,89,1779,696,1481,1956,561,1772,1764,1883
1117,1395,270,1359,1768,1905,135,1791,1667,1823,90,1582,923
1649,1757,1508,1667,1546,231,1606,1551,241,14,1291,1611,246
88,1830,1765,1627,1375,154,1865,91,1819,1814,158,1695,1717
104,1073,1693,1567,1715,1907,279,222,163,1796,1822,798,1840
223,994,1922,1647,1480,1588,1910,1508,1828,1498,256,1340,1855
758,1284,78,1787,1599,1614,1743,1179,1841,1775,1913,1495,1829
1626,1483,16,1809,1850,1633,157,1320,1819,1783,1954,1657,1731
555,1680,1830,1974,1708,1775,1906,1662,796,1851,1822,1117,1808
1740,1795,1842,1799,1705,1528,803,1802,1575,1804,1785,1796,1622
1114,419,1592,1912,274,1731,257,1700,1590,1268,151,1536,1522
1900,1707,1704,1561,1600,141,297,1396,1755,1518,259,1620,1501
1635,222,1614,463,1557,1777,1705,1808,1538,1842,1646,1542,69
325,440,1811,1525,256,242,1546,88,1381,561,1922,1693,206
491,1271,274,81,1170,301,1622,1751,100,1717,1648,1611,11
1755,239,270,1623,1826,1167,1654,1740,1541,1613,162,1378,1705
1788,1673,1551,98,1738,1385,1437,1321,1768,137,1513,1602,1685
590,1946,1602,1619,1837,1738,1670,1125,1525,1824,1847,1571,1772
1714,16,206,1652,1663,279,131,1614,175,1338,1764,1494,1961
1832,1652,1787,1590,700,1614,1605,603,1682,1478,1541,1548,1681
128,1673,1523,213,706,1514,806,1376,784,1652,1807,328,1097
97,1834,1895,1309,1649,46,1779,1206,1532,80,1939,1819,323
877,1560,1930,1702,1688,1845,1100,1789,1850,1848,1587,483,1946
1396,1841,1637,1816,1711,233,577,1691,1805,1913,1685,1534,1653
172,132,65,684,1909,1815,1799,1512,1645,1775,130,1756,1805
1908,1566,1954,1750,1038,1633,1658,1543,781,151,1395,635,1487
194,998,81,1821,1801,1584,821,1898,1836,789,240,1715,1662
19,1784,1531,992,1367,312,1542,179,1850,1732,1691,1392,304
1498,151,1595,339,1722,1814,1833,1716,1551,1568,28,1539,1752
422,1890,214,1565,60,1640,1698,1683,283,664,1739,561,1502
1799,701,1509,1103,1768,1621,1879,1643,1806,1596,1758,1552,290
1800,1733,791,1524,737,1503,1476,1928,1580,1976,1546,1584,1492
1725,1590,118,1689,1652,1779,1796,144,1822,1771,1586,1942,1647
320,89,1503,1566,1741,1737,1766,1777,1622,1972,1755,1651,1515
1726,1504,258,1734,600,1814,137,1519,1510,1487,1074,1700,1522
1505,238,198,548,1696,195,144,649,1828,1541,1547,1814,581
1781,1809,1761,291,1545,1741,114,1924,1773,146,947,195,1554
1563,1628,1773,1695,1618,1798,63,220,1569,1585,188,1547,156
1501,1893,1884,1543,1647,1806,1594,1609,1375,1737,1727,87,816
1600,200,1667,509,1730,184,1118,1478,408,313,151,1597,1712
192,1800,197,1211,272,126,1799,1479,1975,1664,1847,1619,1492
197,1721,1685,1034,1742,1088,589,1640,767,1672,1616,1491,1693
318,1796,1741,1063,290,1677,1582,756,1855,1553,317,1593,1577
272,760,1666,158,922,1826,783,1574,74,1482,512,692,708
1806,1690,1620,1582,124,1771,1479,1702,1745,1788,807,1843,100
1677,1773,99,1755,130,1663,385,1639,203,1820,1658,238,1553
325,1754,1832,1605,1951,218,1612,1640,1534,1823,1638,537,200
1532,1906,1765,790,283,1622,1014,187,95,235,701,1694,1699
1808,1494,242,1964,341,1733,1664,121,1618,1639,1974,1692,1946
1070,96,1511,1846,1644,263,1699,90,1720,1682,1972,1719,68
1837,1821,1975,1489,1096,281,1854,1746,296,1755,1710,1031,182
1958,1580,326,224,1872,180,1567,245,1506,1391,1850,1516,184
327,1513,1589,529,418,66,1780,1712,1096,1647,1772,1952,1510
1789,906,1631,1849,1948,1846,1754,1653,932,1668,169,1675,701
1275,1849,198,1638,1738,1941,704,1954,1539,218,1666,1717,1622
1478,994,1850,206,1661,213,1738,1702,988,1542,1730,1672,1596
270,1711,307,1807,667,1762,1486,1561,1617,1706,1635,1728,1690
1753,321,1729,1906,89,1798,1481,191,1835,1760,1788,1660,67
1388,1792,1587,1801,1521,1184,134,1368,80,1963,1385,107,1629
1561,1700,1912,1704,1526,1540,94,1845,1834,173,475,50,1565
335,1714,537,1772,1491,1807,195,1826,1881,163,1724,1544,86
184,1542,1724,1759,1842,1800,1684,159,1507,1563,1477,273,1657
1071,254,1969,1781,1893,1625,1652,1689,1475,10,1613,1912,1810
1607,1554,229,1624,1712,45,1576,1611,1629,1727,296,505,555
129,1696,1945,1658,811,237,1777,1531,1070,1495,1803,1948,1737
1767,1595,419,286,1739,705,1571,1499,274,1737,1505,1579,357
101,1656,325,1732,1462,1093,1112,947,785,1649,1617,163,1849
665,1909,90,263,1498,1641,1653,806,153,1802,1849,1854,1540
1391,1663,1702,1638,1764,151,553,131,1479,1008,1546,1671,313
1787,222,1583,1651,1857,327,107,1852,1685,1590,1601,1384,1538
1479,1783,1747,1665,1652,1562,1848,1492,1710,210,1650,60,1553
970,1563,1819,1387,1711,1662,306,293,151,1579,290,1753,1910
217,1634,438,1070,1005,1742,1609,1848,1758,1973,221,173,1645
1735,1810,1618,129,1760,1753,702,321,1845,1716,1847,209,642
1315,182,1485,1651,563,1527,1672,234,258,1535,1614,1603,1779
1591,1500,1372,1961,203,1832,16,241,1971,1651,478,1694,849
1723,1578,1731,1752,223,1479,216,706,1837,1490,1896,1851,1812
1606,279,1728,1777,1954,1961,1701,1746,1853,1036,281,1506,1714
174,1699,138,220,1713,39,241,94,164,1732,1783,1812,160
1570,331,311,1907,1494,1485,1652,1739,1644,1713,1529,1678,1949
1595,1653,1305,1508,1714,1506,1654,1668,436,1731,1792,1159,188
1488,1786,1611,892,1090,181,1565,801,1560,1262,1481,1717,1539
1511,1713,1396,24,1524,1743,1567,1851,1739,1988,774,1773,152
1571,1860,895,1743,1737,171,1856,232,1895,1697,515,1731,251
1698,1724,1889,170,1815,981,1528,1163,1658,1626,253,1793,1134
211,847,1880,1261,842,954,1575,144,705,289,1926,1483,64
1839,378,563,1800,1673,204,1606,1792,1727,1519,1638,1515,1853
1633,122,1746,1088,318,1225,840,190,1616,81,80,1558,1600
1843,1724,874,1910,1583,1599,1786,1744,1654,1796,103,1823,1810
1528,1499,1842,526,1569,1544,1647,1541,1698,1591,1522,1575,1561
1911,948,237,1837,1553,1550,1530,92,1905,1750,1548,1609,1835
1186,572,1683,1561,1785,1602,1777,1497,1824,1667,1500,1597,1609
1656,1149,700,182,1512,1737,181,1906,1044,1674,1637,58,1712
1794,1950,1752,219,1479,1495,337,1029,1071,146,1693,1526,119
224,1354,1661,1678,112,1691,1476,964,204,598,701,1787,116
1956,1823,1497,53,324,1323,1595,82,793,306,280,146,113
1536,110,382,1592,1620,579,1840,179,105,1499,321,1721,1601
1792,1636,1479,1612,1536,104,1522,1788,1472,1643,233,1704,1811
1793,1332,176,1943,1861,1375,1656,1481,1684,1804,1768,1840,1073
1705,1124,105,1819,1394,1851,1518,328,1393,1788,1384,1688,1659
1703,1663,169,1850,1499,221,1541,57,1676,1477,1480,1505,1644
1502,1804,1503,1701,1802,1528,783,1690,1412,1531,679,1549,1673
236,1509,184,1721,1370,1796,1538,1843,204,287,1660,14,132
1069,1382,1751,1655,1778,1793,874,152,1189,1625,129,1747,1529
507,1734,1756,326,1713,1572,1637,1682,1644,87,1648,1735,1487
1716,1820,1834,1743,1755,1734,296,1368,1765,81,1550,1980,1658
1711,128,1496,1532,820,1586,1623,1476,1764,1542,1699,1813,144
1736,310,1641,1299,128,1526,1645,1519,1791,1490,1623,999,1848
220,1693,1771,1651,322,1531,179,1827,148,1586,1770,1819,1368
1648,1368,1483,1615,1787,1974,1526,230,245,616,1292,1681,1897
1573,1641,1970,1758,1550,1383,1801,1735,1209,1710,1738,1751,1805
321,135,216,269,1674,1726,203,822,1853,1812,1729,1626,1738
302,1665,1954,1697,1594,1758,110,171,202,404,1032,1772,1710
1822,1762,248,1899,625,587,457,1949,1643,197,1812,1626,1025
1760,1511,1948,1596,328,1968,1691,263,1739,196,1792,1849,197
704,1848,78,1512,1913,1695,24,1643,967,1724,171,1757,1817
43,1612,1841,1706,41,151,1588,1582,1494,1379,317,1802,1383
1746,1840,1672,1592,1821,1576,1595,1736,1783,1529,1860,1623,1653
196,1780,1793,1843,827,1541,167,677,78,1807,1761,1395,1922
1652,1930,174,1680,163,1212,182,1778,1819,1576,68,931,45
1524,1705,1563,1782,646,1579,518,622,454,1614,212,1634,183
1931,1437,1762,305,1933,1801,1913,1725,1597,223,1521,1835,1651
1502,1693,223,1386,1850,1644,1268,1860,1765,1768,1570,155,1671
1564,1538,884,136,1845,1517,1850,1869,622,868,1545,745,36
206,1087,1775,1831,94,183,1507,1689,844,1721,1701,1301,797
1215,269,1650,1660,1829,1794,1701,1751,874,1491,1819,1120,1747
1498,200,143,1850,1598,1601,258,1802,1842,113,1809,434,801
1520,114,1503,1355,1524,488,1746,1494,784,1906,164,758,1611
284,1850,1676,1692,1685,1708,1671,1973,1551,117,1556,1954,1616
117,1114,147,1673,219,1822,1538,1908,1702,1818,1515,1781,1837
827,1727,233,1709,1785,1365,1905,1833,774,1787,1911,91,1480
1653,1648,1628,1705,1596,1853,62,1718,1194,1762,1536,1567,196
1592,1511,430,1256,1781,1803,1670,1636,250,1562,1693,1932,399
1944,96,167,1524,1570,198,1770,1610,1546,1505,1975,1653,1566
254,1373,1677,1678,357,1731,263,240,1390,1580,1798,1664,1797
1624,1511,69,1783,194,1883,1501,1950,1476,1853,1477,1680,1544
1849,1485,37,1752,1903,1589,985,1269,1814,1681,171,1508,272
1533,1652,1906,1651,1647,1838,1257,197,180,1538,1600,1710,584
836,84,621,1357,1833,104,1554,1496,1628,539,1352,1698,1913
1637,110,822,1531,316,1480,1825,1644,73,204,1855,145,1687
1665,126,1547,228,238,1908,1508,327,1687,1823,1814,319,541
1778,1100,999,1709,1010,1086,1559,1554,1512,121,78,1318,1812
285,1550,1584,1851,1668,1696,1509,1818,303,1616,1069,1637,327
1843,1909,575,999,1595,178,1622,1619,1392,946,1777,1119,1523
1679,1841,1749,48,1793,131,155,149,73,83,1261,260,1532
1766,1775,1609,939,1521,1754,1841,1833,1557,1767,307,1618,1820
1607,1542,1757,1605,1478,1250,1969,1269,28,1377,1754,1908,1765
1955,1645,308,325,1897,1791,301,1769,1721,1232,550,532,1912
325,1680,1493,1521,286,1806,1652,1558,533,1749,1114,1682,1731
1718,1634,1688,1557,1595,1498,1829,1480,1559,1799,1802,1894,1633
113,1679,1684,1604,168,298,1659,1482,1663,1621,1504,1761,1737
1680,80,1803,1591,1669,92,1510,1824,1653,1911,1717,1831,1478
1667,1742,1525,1151,1781,1791,1507,1638,1477,1813,1831,1726,1642
1789,1505,649,97,485,1943,1535,171,1534,701,1728,1030,1830
1600,1360,1645,223,1768,183,259,1671,1701,189,203,1548,970
1827,1576,1721,328,95,1478,157,237,1885,1659,1623,1676,1045
840,1530,1500,1289,1618,1709,1103,198,1696,1796,190,1408,1906
1767,1541,741,996,1753,1810,1489,1478,299,237,1518,1668,1604
230,1586,1497,1835,283,1854,796,1857,219,1555,271,1693,1760
1521,114,1582,979,196,1632,1270,1514,992,1478,1744,1295,1842
1688,15,1841,1531,1607,1591,1794,1248,279,1585,1513,496,1805
1542,1511,326,1637,873,1476,96,1987,1712,1510,1698,1535,1606
1913,1675,54,1531,86,1241,1805,219,1592,536,1833,1488,1776
714,1633,1561,1834,1713,1896,1518,829,1802,1818,485,1531,1697
1958,1691,1452,1503,1798,213,16,1302,1214,987,1484,1522,266
1775,439,1753,80,1981,1688,1568,86,1657,1763,1598,116,1201
1969,1715,1476,1491,1509,1032,163,595,1941,1661,1559,815,1589
1691,424,693,1387,1608,1594,941,1648,1329,1590,1675,1788,394
1567,1511,1748,1558,1489,1504,1897,1596,577,1796,1727,1747,469
236,1599,1534,266,274,1788,1823,1851,1114,105,1590,28,1845
1930,1763,280,147,1653,1642,1850,1974,259,1814,1825,1679,1611
1476,1530,120,1515,1843,1104,1819,508,1522,1840,1922,108,1842
1855,254,1769,1828,1522,269,291,358,1823,1502,948,1800,1595
1623,1936,1551,1810,147,1493,1815,1953,895,1974,101,1534,1965
738,1571,1577,1549,1727,1372,1707,1716,166,744,1822,1922,269
1785,63,1813,1566,1729,1571,1607,1786,1735,135,1634,1702,1522
618,280,188,1978,1579,1687,1624,1772,1839,1581,1677,1573,449
1633,1644,1089,134,1567,1832,1755,307,1758,240,542,1975,643
503,1176,205,1621,1481,1553,1597,1695,170,1634,182,295,1851
1605,1601,1772,1691,181,155,1534,149,314,176,1575,1800,1177
1476,1691,1391,198,1594,767,132,304,1621,1977,1551,213,837
1596,1744,1743,19,1557,112,1910,1721,1795,1794,1802,155,1487
1725,1231,1831,1681,1488,395,147,1589,1510,202,497,121,1700
187,118,762,1714,112,1045,1679,1596,247,1808,1685,1678,1846
1567,1718,1755,360,1170,1847,128,1563,1479,1853,1720,1733,1654
1611,1579,1682,1692,1512,255,997,1366,537,1504,308,1856,1809
1719,537,318,1703,1779,1386,1866,1591,1602,1727,1724,99,613
1560,1705,222,1521,1795,247,1477,195,1522,1628,1493,1563,271
1627,15,561,1824,1487,1123,725,945,125,1644,1651,241,312
149,235,1657,202,171,1717,329,1674,1083,99,1520,1493,133
1800,1754,1833,247,1850,1383,1912,1793,1715,1287,92,1792,1012
1561,1788,1815,1533,280,1503,191,300,1257,1702,1733,1694,1070
1745,63,1698,285,1531,1908,1385,1779,251,1742,1672,1832,294
1541,188,1765,1779,222,1376,126,1762,1685,1566,700,1447,1510
1739,1834,244,1659,1391,1652,1782,1523,1620,1733,1052,1628,1555
779,1823,1744,718,1763,641,105,1527,1817,1581,228,1385,1534
77,1777,1682,1844,1644,1535,1735,1366,987,1657,292,1659,1857
306,1515,258,1751,488,1906,93,1819,1736,956,63,1692,1644
1379,1700,1584,1775,1805,324,136,1649,1749,1834,1920,1717,1597
1709,1718,95,1910,187,1831,1916,1789,1751,309,1262,1679,1832
613,936,1624,92,1094,1722,1820,1506,1528,1638,170,1714,1680
1533,1484,146,1804,1750,1414,1637,1866,1490,1585,1821,733,234
1551,1553,1386,1622,1514,1729,1385,1836,320,1818,1334,313,181
1961,28,138,653,1822,1973,1884,1791,1647,212,99,187,164
1504,209,933,171,1479,324,1728,1808,1637,540,637,1822,1515
226,1906,1385,212,1669,1514,252,1913,1025,1884,1699,1621,723
1699,556,1759,1538,1646,1729,828,123,1918,1522,1534,268,1843
1757,490,309,1902,1552,1590,1728,1601,1573,227,670,1684,1827
1499,578,598,1748,882,1834,16,1635,1522,1585,1695,1647,1184
1666,781,1747,88,1697,676,1614,1908,1523,1621,157,1632,53
68,1768,1807,1395,1804,212,1816,1510,1961,1318,1475,82,93
1519,1535,101,1526,318,1604,1837,1644,309,1702,1977,191,1763
257,1642,1753,701,753,674,1631,1894,1274,326,1658,1733,1848
1719,1660,1775,1751,90,1743,656,1531,701,143,194,316,250
1544,1608,573,1506,1497,1590,1595,1790,993,436,1517,1759,127
1513,546,1974,1643,1773,1794,123,1211,1284,1824,1635,109,1483
329,204,1505,1842,1096,1832,1531,1943,1773,1748,1495,159,1394
1629,1383,1801,1683,459,1581,326,1578,1951,519,581,1748,1542
1656,120,1627,279,1790,1674,273,1913,705,1552,1576,317,1944
1573,1647,1603,287,1836,1610,1564,1846,1532,797,1755,1801,1707
1508,1756,256,1651,1739,20,1700,327,1794,1771,1807,1634,1545
1852,430,1576,1633,1816,1535,701,1706,1701,1739,1628,1909,1783
287,1551,205,174,1524,1544,1745,1542,1747,1538,1534,1712,1761
229,1330,1546,1096,1763,1476,285,1505,1834,1890,136,702,230
1568,1696,210,1552,1790,1517,1813,1987,1635,255,1802,1391,1676
518,1506,696,302,260,1548,1662,1331,95,1802,693,1692,300
19,1931,1831,321,669,1483,82,1769,94,1678,1764,195,880
1713,1952,1518,1584,446,1670,1701,1826,1772,305,1743,1610,1633
900,1922,1820,1756,46,1934,1657,1486,318,1133,1631,111,1804
649,1694,1003,1825,611,1853,1703,1670,1799,1811,1656,1584,1379
102,635,1603,1981,1811,980,1723,1694,1383,1732,489,492,128
1500,1706,481,1838,1729,216,134,1595,108,793,1707,1581,1597
1989,1529,1826,1488,1484,235,1652,1060,1787,1686,1672,1586,1490
204,1243,1767,1395,1772,227,151,130,1693,122,1748,1725,1755
223,1594,1959,1974,986,1643,1917,100,147,619,1386,1665,87
271,1675,1479,199,1628,1017,1616,1956,1741,1913,1564,191,1662
1692,1514,291,1706,1743,1675,1548,1537,178,1656,833,209,1970
1851,404,88,74,48,1523,1740,1806,1642,1745,1850,1633,1833
1817,1488,214,282,1801,192,1482,1706,838,1687,1709,1735,1612
850,1485,125,471,1541,1912,1499,1801,1554,1549,1850,1685,1813
1695,307,1192,14,285,1530,1804,1551,460,1791,1370,1688,1634
1896,1562,1523,1578,1572,1580,1495,1667,1680,272,1713,277,1571
1793,139,1729,1909,263,1355,1820,1839,1740,300,214,1487,1496
1616,86,1394,1696,702,805,1746,1790,305,1675,1620,1581,1480
131,198,1704,1621,1670,187,1348,1526,184,669,423,782,319
1956,1944,1813,241,1491,1338,1907,1486,1781,1851,1685,1639,1623
1684,1740,1505,1744,1675,1817,1553,439,1839,1577,1485,1495,325
1659,1815,1514,1619,199,316,308,1806,321,1679,1741,244,1658
1567,1529,1880,1839,1211,696,1849,1371,1550,1965,183,609,1867
1712,1566,1823,789,1835,1516,1857,248,1820,1821,1375,1849,1768
1623,1682,1776,184,1805,1830,1975,1714,1715,1526,275,321,74
1512,661,54,191,1896,1718,1665,1483,537,705,544,1501,1793
299,1749,1707,246,1755,1630,137,970,1639,1074,104,233,1115
1701,147,1698,1485,1725,1666,1254,1541,1480,225,152,1522,1683
1750,1843,1711,1615,1626,1660,1681,1717,393,1639,798,1940,1558
1480,1679,1497,1962,1693,319,1602,1964,1683,800,1690,253,1821
1551,1840,1596,1767,71,1796,380,1545,1597,1526,1583,1209,1211
1673,351,1680,1625,1530,237,1500,1647,1911,1519,1569,1537,1721
1629,254,1702,1764,1537,1755,1810,135,1854,1580,1768,1099,1749
1812,1545,1177,549,979,1596,1503,1500,1686,210,173,1594,195
1647,100,747,1757,1486,1318,188,1851,1707,178,1512,157,74
128,1944,1562,124,1708,1602,1517,1579,1729,435,1479,1821,1595
1514,156,980,1748,1627,1696,1816,196,1566,1872,1802,1741,1574
1700,1589,607,1651,1681,239,1856,25,116,1824,1574,236,1280
1259,689,1524,1625,842,1713,1821,300,40,1500,1162,1525,1613
186,1845,207,164,321,765,1714,1703,1906,1484,1781,1521,1599
1594,1743,1773,1758,701,1482,151,1641,612,15,138,320,1512
1816,1747,1555,79,1614,788,1090,104,1761,1692,1839,990,1668
1696,1723,1706,1656,1703,262,1694,1504,120,1645,171,717,291
1480,441,246,1516,1662,1830,1631,945,1613,1746,1761,1638,1475
565,1790,888,1884,1781,1635,168,1775,214,1495,262,1568,1559
1061,1567,1853,1479,85,586,1964,1962,1662,1401,274,207,296
1569,108,1763,1703,1625,1263,1782,1525,1305,321,1571,1753,1850
303,1734,735,1980,1561,876,141,1844,1806,1677,1820,115,1516
1846,1484,1804,1754,1853,1553,1673,310,1795,326,1751,1669,1787
1561,1177,1705,1748,1794,1790,1681,1753,1543,1797,590,1564,1258
1718,293,1834,1711,1855,398,156,681,91,1543,1894,1493,200
1722,284,1448,1564,996,171,1744,327,1853,391,263,1495,1512
1416,1948,178,1224,431,932,701,1866,1666,1542,1814,1618,1850
824,1700,1551,549,1476,1485,1477,1837,1565,1517,1513,1488,1770
1659,1551,1608,291,1714,706,1718,82,661,1712,1535,1770,1699
243,1794,802,1730,233,1853,1499,1641,1643,1832,1644,1104,1557
1657,522,1565,1674,1500,1716,1739,1906,1683,1713,239,237,234
113,1683,1830,1907,1495,1624,1829,1626,1480,112,169,1637,1253
1784,1769,1790,1543,1577,1500,1694,1912,66,115,1721,1843,1722
1664,446,1640,235,224,1803,1093,1773,229,1534,1419,1811,1568
1826,327,1639,1721,1515,1476,80,1844,640,1491,1508,1668,1532
1679,1262,1850,1637,1851,1505,264,1724,1644,256,49,17,1838
1675,1624,1834,1511,169,82,1649,1734,1670,1613,1059,161,1479
211,1567,1702,190,1712,1767,1516,1594,1846,1481,1640,42,676
1828,1645,1770,865,1483,168,1650,1907,552,997,1365,1649,1614
188,1815,1072,1498,1338,1354,1532,1791,1811,444,1739,1833,1727
1608,1791,1751,1759,464,1702,1837,1652,1936,1772,123,98,119
1598,1836,1611,255,301,1671,1767,234,1483,1481,1658,311,1689
1479,1592,247,253,1521,122,1783,1525,1848,1798,1547,326,1639
1581,1835,153,1613,1662,1966,1767,1583,768,1905,1840,1630,489
1796,1518,209,1352,1786,1688,1618,1725,1545,1568,1601,1897,1733
1495,1610,1496,279,190,1481,1295,1477,1593,1600,1826,1552,738
83,1819,159,1641,1551,844,229,1481,1979,422,93,1504,1605
1124,1949,1038,1591,169,997,265,1836,1146,1717,1526,1596,285
1720,621,1619,274,717,1860,1641,1092,1716,1734,241,1807,1519
1790,1636,1395,1851,1756,246,1532,1711,1692,1761,1529,99,1846
1679,258,1676,1770,1842,24,135,1618,1849,1974,1489,244,155
381,24,295,82,679,294,1661,474,1343,1790,1730,292,1913
1561,1750,200,1835,132,1708,1908,129,1949,827,1849,1545,1605
1664,1522,1783,1639,1701,125,219,1829,1709,1610,124,1947,1643
1491,1719,1767,1674,1496,1786,1635,1026,1073,1231,1497,1760,1677
1613,1377,1480,159,1649,213,1505,185,1489,402,1500,798,1584
1646,518,1679,1498,1490,1703,78,1763,1525,1625,1852,1696,1592
1620,1550,1368,113,129,1734,1321,1792,347,254,209,1614,1749
1945,1600,1486,1752,1815,1535,1778,1097,1528,1475,1743,1703,1674
1842,1872,1834,1159,1537,1209,1709,297,274,1506,170,1682,1533
1852,112,1674,1752,1762,1691,1819,1713,1497,1830,1102,215,1784
1819,1894,265,503,106,1698,1396,1520,1765,1689,1109,559,1658
1836,1852,1377,1696,1808,1614,1750,228,1905,1596,485,1615,314
152,1483,316,1819,1652,1815,1638,1895,1575,1744,1751,1523,393
1665,1632,310,1528,1479,223,1673,1828,534,201,1090,1588,323
102,95,1762,1488,1715,1834,631,1489,1815,1533,1823,1519,1493
1913,37,1667,1526,1579,1706,231,1561,228,1652,1661,171,1477
1786,166,1630,1619,1741,278,81,1677,1117,26,1883,1810,1834
1178,310,35,1699,1705,1671,1627,1479,1643,1556,1772,640,982
1707,129,1523,592,1641,238,125,1014,136,1179,275,1909,1942
1761,1700,68,1577,13,695,1690,1848,104,1548,1663,1892,1792
1688,1752,1730,114,723,1725,80,1492,198,957,1626,1692,1516
1801,887,1350,1499,1983,1609,1399,83,1265,1557,1523,1054,350
1728,111,206,1134,1839,1536,1573,1723,1719,1072,1681,1835,1665
1642,149,1621,1817,1815,1515,1672,1852,1715,1758,1826,1839,1787
99,229,1725,285,1892,1699,1913,1560,161,1702,1563,203,1792
1761,1684,196,1786,705,1487,1325,1574,1707,834,1622,1964,1809
1571,171,1769,1972,1869,135,1502,86,647,1285,1764,1592,1702
1906,1850,1487,1590,1913,1671,259,1636,1655,1842,1716,112,1724
365,1803,1762,274,1376,1851,1927,1673,1970,1052,1501,1733,1761
1507,1683,271,1578,1497,520,1792,1766,1644,305,118,1824,1692
1663,188,1854,1563,1121,1841,215,327,1715,1483,1975,1003,394
1357,1098,1839,1818,1764,1479,1723,744,1156,1610,1954,1743,1823
1686,1752,205,1690,424,1104,75,1563,203,1834,1543,301,1603
1732,1507,1672,251,1546,1655,1947,135,1648,1943,1760,1535,304
1714,1826,1709,1769,1625,1486,1569,1759,1646,46,1548,1833,78
1663,1226,1508,1815,276,1619,1383,1737,865,1909,1588,1550,1960
1799,454,1847,557,1542,163,1803,1603,103,1613,165,1486,611
1678,523,1580,1614,1768,1849,1519,244,1739,1564,227,879,1539
259,1824,1574,1483,1940,1384,237,1660,1636,1731,302,1841,155
182,1769,1594,1970,1527,1816,1790,1482,1486,1571,1963,1840,1799
261,1524,212,1078,1608,1888,1693,943,1639,233,1480,1491,1493
94,185,1719,1533,1558,1487,161,240,1730,1824,1802,391,1839
1608,1705,1971,1671,1794,1809,1846,1698,1805,301,1779,1746,1834
1806,1913,1381,1774,1566,595,1743,1771,191,1489,1671,1661,1642
1825,784,178,1778,1732,1845,225,157,1768,1476,1702,129,1121
1783,1819,1530,304,1971,1564,1855,736,1497,1646,1725,766,255
1498,324,1412,1672,1539,1577,323,742,1709,1743,1764,1664,211
1781,1705,203,1540,1634,1645,1605,109,1713,1755,1597,315,1727
1839,360,1487,50,297,1797,1793,1553,1586,1747,513,1391,1588
1824,1626,1486,688,304,1620,699,1846,1507,1833,1535,1754,1605
1853,1783,1444,1835,1758,1905,1675,1209,1776,1830,1591,1646,1768
1520,1373,1738,1000,258,271,1628,1537,1697,163,1821,1594,1942
1255,213,293,799,1816,1853,1373,1907,699,321,546,1605,1728
1511,284,1658,1389,537,203,135,1588,191,1088,1375,1487,1640
1754,1617,1901,1953,130,1692,1582,1789,1825,247,1811,1471,243
121,1582,724,1954,1098,1712,1834,1675,1690,1841,1650,1615,1555
1396,1626,1214,1591,518,1691,707,1729,1894,345,721,1653,884
309,1734,1650,1777,1906,1830,1595,1653,131,1523,1615,1624,1550
1959,1747,89,266,1752,1539,187,1366,1316,1553,1595,11,1214
1740,1712,1072,1910,1806,280,1795,1600,815,1751,1485,307,1527
1367,887,1589,1791,1832,1638,1110,1634,1382,210,189,1835,1988
1825,1539,1615,138,780,1569,171,1340,1730,1758,695,251,1644
1789,415,1681,1532,1818,813,1566,1587,140,1785,1475,1748,1227
1975,1575,306,249,157,305,1701,1535,1670,1768,323,1805,1616
308,1570,1635,1813,1203,247,461,1689,1498,1701,1732,91,1737
245,1836,993,230,292,684,1487,1953,256,1627,154,1725,1893
305,1818,1488,1536,1760,1710,1492,790,1825,1786,1803,1174,1572
1499,1751,124,1721,1503,1744,1698,1826,95,1839,1493,1672,1581
356,156,1725,1646,1849,1332,1956,1912,392,103,1651,128,279
1508,945,1912,1811,694,1510,87,387,1612,287,128,1989,1777
1752,378,4,1670,1853,318,1797,42,1776,1489,1556,1846,1973
1088,1641,1488,1392,1704,348,1718,1593,1311,1803,1492,1485,207
1665,1493,1824,196,1508,1731,181,20,1707,101,1745,1684,1797
1954,97,1491,1489,131,1517,433,1251,1796,1547,1539,1543,247
