92,1545,119,1701,1783,195,1951,1945,1615,1606,204,1918,1827,1605,1627,1906,1907
1367,1815,1365,886,1700,1619,1850,248,1594,1583,514,242,1761,752,282,328,1802
1671,1973,240,1608,1669,1562,1782,232,1720,1580,1638,1684,439,16,1566,1812,1670
160,1691,1749,322,1563,1723,1582,1668,1047,296,1391,1585,176,1695,28,1572,1804
1512,1622,1538,1699,1757,904,1780,1963,265,785,1893,1944,1479,1913,378,1794,1823
1476,797,298,1546,337,1810,1679,1847,1389,1699,1843,1812,1587,1911,1963,1960,1556
863,1574,658,1630,1735,247,311,128,1638,327,1539,304,1697,1831,1698,900,1367
1606,1554,1654,39,1825,1895,279,1634,1567,25,1905,1795,198,1571,1631,1635,1769
729,1597,274,1821,1584,1741,1782,1620,1627,1719,1700,1973,265,1701,1617,147,1730
1668,1537,1686,1737,133,1785,1750,657,1505,33,1700,1525,1791,214,1714,1706,1843
1713,1567,250,704,1911,1954,1690,316,1672,1538,1711,261,527,1750,1768,1159,225
1569,1796,259,254,1486,1383,1488,1803,1819,1590,1653,1544,1564,1696,516,1701,164
1702,1809,114,1539,1073,1740,1736,1844,156,1714,1878,1753,513,1647,272,1842,888
1660,1827,161,1638,1591,125,1850,100,1722,1625,1855,247,1516,1845,1678,1525,861
1492,1564,401,1750,1072,1607,215,1643,1952,642,1514,1590,1647,1721,288,1840,1614
1508,1738,299,1487,1494,1705,1548,190,1805,1095,164,1532,1764,74,1850,158,1318
1587,1794,1858,1727,1817,1973,142,1845,119,1555,128,1290,1522,1022,1664,1675,1856
1454,1577,158,1619,1796,1570,1610,99,1365,283,1658,1477,1752,1808,1799,1519,1506
1512,1072,1800,1498,1531,1691,1709,1729,1634,79,704,1673,1612,1633,102,322,1526
113,1897,1745,1761,1279,1611,136,713,1519,1504,1509,1737,481,1564,1818,1740,1692
844,693,154,1735,1706,1561,1099,1829,1514,1907,1248,1579,1727,1707,93,104,1627
1830,115,169,1507,1694,1508,329,383,24,1496,112,111,1523,1822,1530,1561,1906
1788,1645,1973,1632,151,1835,1219,1559,1371,1511,1708,1569,1775,1698,799,1756,1825
1593,1504,1526,114,1518,1671,1133,1796,1604,402,1739,204,185,1685,1615,1893,1523
1522,1654,1852,1535,1544,626,1596,1368,1692,133,1525,198,1912,1768,152,1507,171
1522,1713,619,1680,1637,1937,142,1662,230,598,1368,299,1655,733,1633,1520,938
1542,1673,1600,1817,1398,1566,1842,1585,1694,21,969,1023,882,1478,1743,1721,1476
1504,1735,1565,245,1726,1561,1688,1839,1658,1830,1643,1475,1579,1821,176,1835,1749
1499,1366,1213,1656,1594,1639,1835,1506,1562,1582,1906,1598,1777,1803,1310,1798,1908
1477,1318,294,1811,1767,1510,1390,1850,1563,1502,1971,1489,1690,79,178,236,124
1679,1819,1769,968,1681,237,500,277,200,1807,1519,184,1912,1618,1568,1639,287
1519,1590,1639,847,1871,371,1540,1720,1743,1556,1564,137,1712,1203,1771,1804,1634
1252,235,1553,289,249,857,1810,153,1576,1691,800,154,357,1801,279,1852,1653
1912,1851,1744,651,1819,1527,1534,1016,1783,217,1757,1686,1842,1503,1792,1737,207
196,1849,1780,513,1486,1670,1835,1631,231,102,934,1573,218,1865,518,276,1478
1707,1659,1534,1779,1638,1119,823,1834,1782,1642,225,1735,170,1909,1813,1542,1550
1186,1708,1782,1674,160,1396,954,145,1908,144,553,1484,1959,1523,183,1697,435
1748,1616,88,1690,1808,1712,1608,172,1692,1693,136,1391,1741,1829,1502,1485,1641
1580,1517,1596,1790,1681,175,1609,1907,1127,1603,248,1106,665,1825,1686,1501,1502
1151,1792,491,152,1403,1750,1587,1561,1836,1567,1528,1812,1774,665,156,1229,131
1574,1529,272,1868,1753,173,261,1734,1840,1845,102,1894,323,1967,233,488,1671
1789,241,705,121,1617,93,1476,1321,1410,1650,224,1612,1688,1528,288,1910,1718
1601,1964,1649,1375,191,1706,1689,1490,90,1781,1785,1519,169,1696,318,256,1532
1961,1912,1642,1501,1283,630,1692,312,1775,1828,1716,1477,89,1739,1803,1070,1655
1572,1376,328,1619,1761,1803,1491,285,922,1073,316,1969,1518,1504,1738,1625,166
1891,329,1694,1871,107,1475,1482,1866,1777,1597,1525,1600,1551,1687,1769,1076,1500
1588,212,141,1913,1338,1614,1631,28,95,1544,1504,201,324,93,1674,621,162
1608,1950,1672,131,1739,144,1650,1818,1692,1824,697,791,799,290,1771,1755,1790
1828,1606,1072,266,1562,1810,1795,1481,1614,1479,1365,1603,191,1657,1726,1797,195
1076,142,956,133,1593,1808,1629,149,735,655,560,268,154,470,1638,1912,1846
1636,1769,1682,403,1712,560,1969,1696,993,1723,1713,1573,258,1789,1927,223,1654
1364,1800,135,48,738,1589,1453,623,1570,1580,807,155,185,123,102,1374,1821
105,1608,1629,1082,1503,329,1767,1072,1638,1716,108,1568,71,1835,1556,1768,1430
813,1598,1727,1715,1625,1506,240,1789,1614,1577,1771,1752,1716,1844,1681,1552,1670
1252,631,1907,1247,1745,291,314,1720,1779,649,1649,80,318,1591,1472,1391,322
1762,1852,117,980,1855,1667,114,1222,1720,25,98,1569,1944,1652,1621,324,1800
853,322,1588,1393,1602,1829,1612,1709,129,1831,1067,1535,1852,1096,1679,1592,1681
378,139,1559,1627,109,1590,88,1550,1779,1711,1764,1918,650,122,1746,1721,1577
1741,1674,317,1662,292,1721,213,1837,1847,347,86,1487,1383,1564,1964,992,1524
1783,1519,111,1405,1792,454,319,962,1562,1480,1527,1391,301,1364,1669,195,1609
1262,1307,90,195,43,149,1872,1765,215,1747,1797,163,105,1674,1549,89,269
1768,1787,1134,221,797,1182,91,1774,1503,1685,194,174,1523,1645,468,1511,373
1829,218,97,151,1798,1510,1849,1684,1737,1783,1837,313,1595,1827,1484,521,865
1945,275,1070,1583,642,1970,1623,1756,1787,1758,755,1707,1502,1576,1729,151,156
1881,1648,1541,90,685,1480,1789,1509,1504,95,1907,96,1834,1570,1619,1694,1777
1634,1074,1672,1649,1658,1492,1796,1178,1836,1619,1538,281,1772,129,1703,1495,1788
1907,1950,988,1693,1573,1720,1825,1829,1730,1860,1562,206,1521,559,1777,367,1282
840,473,926,1638,413,1970,1601,1824,188,1271,1883,699,1497,1330,679,1622,151
1757,1752,1905,504,190,1625,1772,1687,470,263,1849,273,1831,192,96,227,1009
1801,1524,86,1408,275,192,1777,97,1668,1521,1808,181,1070,944,1869,1618,746
303,1754,1071,1697,1682,1644,1135,1576,516,1767,1959,1670,1829,1078,1734,1508,1661
1634,1697,700,127,1713,805,1816,1785,1770,1718,1823,1710,1740,1119,1578,1765,20
1819,1542,251,1731,1699,1750,1541,950,1655,1615,664,74,1787,1040,1809,1662,1821
1394,1830,1750,1807,1342,1634,1162,1897,1783,1796,1633,759,162,212,1383,1676,359
1830,299,1596,1537,1577,729,1237,288,564,1572,308,1838,1849,213,1896,1609,949
1704,1897,166,1368,705,1708,172,168,355,1148,1711,1808,1819,1094,40,1596,303
1774,1874,1851,1512,1729,144,1708,205,1741,1554,1550,168,163,1514,1604,181,171
1177,1548,1497,1421,1645,1713,1826,1189,1533,1099,1679,1802,1395,1703,1642,1676,1815
1497,1657,1821,1768,588,95,429,220,800,822,190,1505,229,1484,571,173,1685
1695,1823,1542,1568,790,1554,297,1682,1602,1950,1492,1546,1845,1674,1511,1798,1686
1907,1715,1166,1152,1539,1776,1647,1735,1537,1799,1688,1758,188,1717,1762,249,649
285,243,1672,1540,691,1693,42,1261,1825,1835,1031,1798,339,1837,1699,1804,1781
289,1622,436,1824,1585,164,1833,1944,282,105,1783,1764,231,1274,188,1506,73
1477,1754,1607,1620,192,235,1648,211,1611,309,34,1714,1737,1704,107,1522,1842
1574,1960,222,256,1486,207,150,1688,807,1528,228,262,1520,101,1654,1511,143
1672,1601,1775,92,281,1905,1591,1551,1507,1714,1594,249,1549,1553,1938,1495,166
1493,1824,96,132,1613,228,1839,568,188,1704,1073,1899,1896,248,1036,1959,323
1532,1611,1509,1527,691,1520,61,295,1787,299,1667,1334,1504,1764,1558,1691,1518
1856,1674,1622,1568,1101,1190,64,1527,1032,1767,1707,1677,165,234,600,97,319
1845,923,1564,1847,1913,1746,879,1825,1500,1681,1395,1639,1785,1624,1848,1477,1620
1528,1753,1703,1512,702,1608,1603,1966,236,1693,1768,1670,992,1640,1689,1559,237
1939,1495,223,1607,1577,1680,1845,1136,208,452,1365,211,259,262,1554,497,1542
299,1836,1964,432,1625,1582,624,1774,1716,1585,1643,1561,1371,391,1544,1951,1503
1783,284,1927,1819,1715,1040,1706,206,1214,1638,1769,1388,238,198,1598,1483,1679
1567,1819,1791,1759,1806,1675,1559,1930,1510,1276,1776,649,106,185,1681,1555,1578
1769,232,66,429,1597,423,1710,1746,840,1534,242,1678,241,309,303,261,518
943,1648,1568,1719,202,1729,180,282,1832,1527,1827,190,1549,1913,1311,648,1492
1760,289,587,1510,1895,1497,1580,1119,1802,1503,1930,1729,269,1581,1945,1657,987
113,1741,60,324,1742,1512,1871,229,1626,1486,94,1818,1813,1755,610,1368,1552
1584,1731,239,1601,1540,771,648,113,704,1655,1643,1640,1719,1595,1646,1947,1561
1793,1538,1584,166,1696,1512,1905,1608,1188,105,1796,259,1500,208,1752,1657,1828
1499,1644,188,1563,1654,446,150,326,1632,1491,1908,1811,120,1619,1691,1504,1532
144,545,987,1751,313,1530,756,1539,1821,1726,820,1475,1724,1754,1891,1619,1910
807,145,1526,1803,1798,1050,1913,1565,658,300,1776,478,817,1778,305,376,1802
631,1578,173,706,74,1569,1559,1849,1632,125,1409,1487,161,1791,1484,272,1514
977,1651,1176,1833,1597,182,1820,1982,1505,1771,1532,1822,1841,1813,252,1519,1521
1534,1706,1825,1878,100,1948,516,1753,1490,152,311,1494,1526,153,315,351,1798
1750,1685,1629,1824,107,1612,1583,1628,1640,1388,1098,1501,1209,164,1507,1535,130
1642,1173,266,1907,1569,1701,1661,1742,1842,1639,229,1747,1860,836,1776,81,1829
191,1712,1675,1685,1791,137,843,1736,1593,168,1770,526,1785,101,1028,122,1710
76,1754,1335,1773,1368,1846,1832,233,209,1549,1532,1703,1893,932,218,1035,1615
1043,315,1782,1550,1261,1528,1621,1617,1659,1172,801,108,1113,314,1198,182,1764
1637,1755,1487,15,1658,1682,1826,1739,213,153,1581,782,246,1520,1896,1635,1192
1539,1652,633,635,1557,1573,1842,269,1716,1737,1688,1727,700,1041,260,75,484
1624,303,1168,239,96,399,263,1476,1602,158,271,1789,1784,1833,1771,291,1366
1815,124,1565,1500,1568,1811,1721,136,1386,393,1090,1796,173,411,244,1560,1846
1821,1576,1639,1839,1054,1482,1728,1624,226,1583,1720,807,1758,1834,1945,1802,613
1733,89,152,1559,1668,232,1532,372,1686,169,297,317,72,1383,235,1765,913
1787,211,1665,1578,1566,1567,1493,1774,1516,1895,289,1703,1476,1751,1627,340,1625
198,1636,1931,1655,1514,1952,1241,1070,1519,13,292,1478,1856,1781,1491,265,1853
1780,1906,1301,1719,1851,1653,222,1562,1254,950,201,1564,1735,122,401,1656,153
1603,1658,1716,1942,1751,137,640,1494,1714,1730,186,1375,1946,1708,1477,1741,513
1788,187,1640,1750,1668,1778,1827,233,1480,1747,1611,200,1510,1539,1897,1366,1488
1572,1554,846,1642,324,847,1729,1741,1906,1938,1668,415,1822,1852,193,1829,1828
98,1818,856,1666,1759,1812,1706,1174,1533,324,1227,1523,121,1737,1554,1587,132
1616,1970,1837,527,243,1565,284,1789,1972,142,197,1842,1674,1718,1656,1834,1483
1312,1587,1565,1765,1806,1613,532,942,115,1793,305,259,1717,1792,1640,1091,1747
1312,1766,193,1845,273,38,1432,1913,1735,1234,160,1512,1826,186,1722,1504,1749
1638,92,1801,1687,1618,620,1552,14,158,207,1701,1190,1613,1526,1519,28,1761
706,1392,1908,1515,1228,1711,1586,86,85,822,1611,1833,1657,1582,214,1119,1674
136,91,1651,1646,1759,1688,1906,128,141,1752,613,1702,1563,92,1797,1119,194
128,1833,1963,313,1704,1622,897,1605,1711,1973,1907,1828,1905,1663,418,384,1697
268,148,1849,1757,1547,1598,1804,1583,207,283,956,1614,1674,1517,1689,981,1528
896,1702,1930,1657,274,1383,1676,1365,1854,1568,1730,212,1625,1467,1912,1645,1772
1727,1476,1825,1692,1682,1793,1810,1483,1363,1813,187,1506,1609,1392,1667,631,207
997,43,1630,1531,229,1661,1682,1780,1502,1949,1647,1499,150,529,319,1837,274
248,452,272,1633,25,1487,1813,369,1380,1743,1689,1907,181,1676,1365,582,1836
1720,1903,1503,847,270,1779,179,1845,101,1611,1584,293,1849,1485,1828,1788,1618
1155,1957,1948,1832,1719,1583,1793,235,629,1860,1801,1803,1601,1812,1657,1470,1755
1679,1510,1630,1802,1573,98,1743,1820,1884,637,1494,1709,1072,1739,1969,1912,1481
1629,1830,1476,103,1591,1619,1527,215,1586,1373,686,1752,1854,1528,1667,1699,1499
1634,945,1551,1790,1776,1618,1179,1751,1952,1925,1600,1768,1493,1830,1849,1563,149
1311,86,266,1690,1754,1750,1619,1691,1807,1844,274,1335,1730,1960,364,1913,160
934,1839,1795,1718,1754,1394,1855,1820,1175,173,1752,1365,1479,1499,292,451,1971
27,1582,1588,1793,1819,1047,135,1832,1711,1922,1846,62,1895,1709,197,1893,1700
286,1543,85,1799,78,1070,62,1800,1792,1649,1783,1805,1339,1542,1625,838,1578
427,1564,1511,1828,1632,1702,262,1598,75,1911,1815,1723,1509,118,172,1695,1956
902,1736,1970,69,1707,1773,845,1699,117,276,1643,584,1780,1729,1989,1624,1854
96,1512,1629,1708,1475,605,1484,1781,1855,1641,1631,1948,1761,276,1817,1524,1774
430,1857,1501,1645,1563,497,428,1619,97,220,1497,1499,1500,1672,1822,252,1597
1536,1788,1854,1721,1689,1700,1828,1302,1535,1623,1871,1438,1815,1725,1748,216,1759
1751,134,285,298,1520,1152,894,1679,1731,1808,1636,1632,1434,1249,1621,613,1653
1019,1530,1947,778,141,1493,259,1626,670,1645,1782,930,1498,123,1671,285,180
1548,1839,1814,1819,1733,1709,1702,1860,196,1644,1365,523,1743,267,1246,1593,1487
86,1699,711,1557,163,1852,1779,1770,310,1499,1669,1757,1819,1823,1478,1896,1569
805,1804,1700,186,1817,1821,1293,1640,783,74,1521,1543,1506,1853,1837,239,73
587,1705,1484,1095,1875,1578,1556,1844,1495,1773,596,1552,1745,1898,65,1307,1629
208,1357,1370,364,1975,1548,1535,180,1533,1822,1662,1739,1959,655,1353,1630,1631
1735,718,1503,291,97,647,1974,1401,1570,1540,1566,631,1887,1663,1774,1619,1553
284,317,812,1664,105,406,1679,296,1520,453,1539,157,1532,147,1730,1587,1677
190,1750,473,1827,166,1771,1728,133,1383,418,281,1732,1666,1601,1899,1784,1494
1074,1489,215,114,1604,178,1787,90,1547,274,1712,166,72,1537,1611,1846,111
1599,298,823,490,1352,1758,355,175,1475,606,1558,943,1814,1605,1545,1367,125
327,209,138,393,1559,1591,304,96,982,1772,1491,1687,990,1760,1783,1733,1826
1785,1557,1499,287,1748,1368,1069,1519,1763,234,1496,1602,1712,237,1587,1711,279
1855,291,1799,1794,270,177,1798,214,28,1529,865,116,1830,1607,939,1751,1978
253,1579,1609,1513,1633,62,1526,1279,527,1803,1802,147,1485,1771,897,920,1814
1573,1847,242,1809,1544,1788,1681,1492,98,1782,1592,185,291,1718,1699,1394,1475
1603,1514,144,1615,60,1776,1947,1659,1574,1501,1117,1773,1832,1572,1668,161,1450
1682,397,1554,133,1679,1636,105,1573,1651,1945,1680,1958,1910,1951,1002,125,1585
1378,882,1545,1896,1616,1782,1741,1291,981,1675,1731,550,1835,1739,1180,738,128
1566,1905,1564,1838,271,85,145,596,1572,1790,1947,146,248,241,865,807,1736
1793,1699,144,253,1786,1494,613,1761,1833,1801,1843,922,1720,1478,1726,137,1819
1957,1972,1368,1760,1722,175,1768,1852,1827,1653,1944,1576,127,1676,1833,1701,1747
74,1724,1641,1551,879,237,1827,1070,1757,1605,1718,1102,1805,1493,1534,1495,128
106,1913,1660,1385,79,1539,1186,1709,215,1972,1595,244,171,170,1522,410,658
498,191,1851,233,325,1642,1565,1655,1621,1564,1709,1532,658,305,1670,1957,1805
410,139,1517,1714,311,1754,609,1594,1746,216,485,1706,1698,1830,1929,104,1504
578,1827,1586,1070,1668,1846,1819,1834,181,1831,1957,56,1797,1661,1683,1932,1711
1204,73,1909,1300,1205,1747,1587,681,1728,1770,1511,1836,43,996,1821,143,746
157,1683,84,1910,1723,1825,1568,1911,1689,1532,566,757,230,1634,1708,1850,865
1652,1777,1509,1850,1771,1701,1744,887,1487,647,85,1839,1198,1833,1588,1502,920
1569,1701,1339,1768,291,1585,1574,1483,134,1844,1570,640,1594,1485,1838,808,1783
1697,1682,1834,156,1622,1478,262,248,153,1646,1590,1605,1762,1168,1597,539,776
1714,1870,997,1483,1821,219,1487,1751,1774,1569,1952,1856,1611,311,1419,1320,1834
1808,1499,159,1839,1791,1493,1557,1762,1754,1751,1807,796,1668,168,1819,1957,129
1477,1807,1767,1519,1933,231,1600,1380,1832,259,791,1268,1823,14,1836,1565,78
285,1487,781,1706,1727,1800,1957,264,1958,1027,1521,1560,497,1636,1570,1912,171
1838,1384,1960,1547,977,1568,1688,1798,1533,1477,1070,1650,1579,1264,679,307,1809
234,1697,232,246,1515,798,1708,1826,715,1681,287,1810,333,1776,1812,1706,1787
1564,14,311,1535,643,1842,1516,1662,1549,1360,1674,1527,1817,1158,257,1911,1476
1556,216,82,1657,187,249,110,1763,149,1971,1679,1493,1802,165,1617,263,226
1598,1850,1511,1610,1434,1839,187,148,1496,516,283,397,1640,1575,228,1477,1644
1655,1739,1797,319,1645,1906,1909,1703,1516,526,1729,1563,1447,155,1387,137,1693
1740,293,1569,716,315,1800,171,139,1530,1390,1561,94,103,19,1571,185,992
231,1975,1602,1798,1784,1800,1541,191,1544,1836,1761,1741,123,1642,1685,1486,299
1123,1663,1707,387,63,1684,1483,1814,1657,1819,1111,1498,246,1039,1558,1766,1735
328,1568,1537,1632,1717,1509,1338,190,1276,198,1574,1565,1648,1502,1719,1809,1661
1608,93,181,1607,1641,1793,535,1520,183,252,1611,1000,1707,310,251,1559,1948
1958,273,1898,1811,1693,444,535,1527,702,1486,1508,244,1939,1626,1490,1714,1712
1738,1843,828,1841,1950,1849,163,1124,288,1761,1140,1904,212,222,1677,1650,969
1739,1712,246,1507,1488,1501,118,1357,1484,1670,1514,1790,1594,1783,1541,81,288
1789,250,1913,1688,149,836,1763,1757,1578,1000,1808,202,1125,1311,966,1839,1513
1479,773,1061,563,1894,1784,1909,423,105,1941,1590,1539,1811,1070,327,1481,184
792,1851,1724,1593,1770,271,1854,1785,1958,872,1565,1762,217,1952,1812,1803,1725
113,1758,1775,1573,682,87,1394,1761,1642,1617,1673,1982,702,1590,243,196,719
1604,1496,1811,1527,1573,478,1579,1831,1487,269,1788,1395,1197,1113,1485,1696,170
1492,1629,261,1702,1666,1754,1954,1837,1825,1508,1657,1729,327,1809,986,1667,1637
1639,299,1814,1045,1697,1615,1805,1637,1500,510,174,1754,1695,1597,1924,115,1654
515,1829,1571,627,129,112,1605,1393,1666,1676,614,1655,1493,226,1610,1707,1581
1832,1614,1494,1796,1827,1650,1691,1612,1849,1806,1647,1829,110,1019,1686,1747,1649
1535,1787,1746,1499,1586,513,1596,1659,1674,1653,700,1514,1517,1661,378,1911,1642
1674,1604,1561,499,153,1477,1586,1524,1089,1650,1518,1531,1736,218,1606,137,1815
1702,302,123,1625,1525,90,806,409,1559,1715,1594,1771,1535,686,436,1523,1717
272,1731,1508,781,1825,1751,1255,1266,1672,1604,231,1523,1797,1758,1806,1952,140
1755,1562,1714,1832,1527,1698,1905,1573,1525,1488,816,1629,1774,997,1509,761,1849
217,1837,1575,1088,1969,705,186,1700,1541,1714,1664,1817,1789,1653,1621,1831,437
1505,220,204,1371,1383,1569,607,1549,285,248,1694,1554,967,1625,1648,227,1787
1894,236,1776,1624,1662,1686,1312,1578,221,1631,1508,1743,1640,346,721,1679,123
1769,1675,1674,1178,1908,1974,1573,1857,1896,1829,728,1616,1554,1972,1378,1821,1778
157,1708,1847,179,129,86,411,1123,1194,811,1842,297,1738,1840,1747,192,1103
1262,1958,1777,1536,240,194,133,1498,1812,1799,80,1505,1533,1761,339,153,1571
1519,574,1533,1496,135,343,1606,1728,892,620,1640,1608,1743,1501,1522,326,1497
475,1720,1514,1525,1545,145,1746,1869,1675,1478,1396,827,89,1665,1843,1840,1970
1949,240,1741,717,1802,1515,614,1839,1615,1669,1785,1632,1531,1751,1650,987,1519
1778,1792,234,216,264,1639,1392,1757,1635,1727,1036,1829,1561,1254,1762,1645,1710
273,167,1479,1697,1510,1801,267,309,800,1188,1708,1833,1660,889,125,1765,1644
1385,1640,1524,1550,854,1630,318,1654,1727,1847,1755,1394,549,1838,1507,1663,1607
1743,1557,1259,745,1729,1613,754,174,1646,1658,1764,1320,1509,214,1959,245,1732
1648,1717,1608,1628,1565,1735,225,1839,315,117,1633,1527,1815,1718,15,245,1812
1667,9,1776,1624,1600,1738,1515,328,1731,1735,1604,1612,1606,146,1557,1787,1826
993,1662,511,1073,1387,1487,1576,124,1553,1525,544,241,1759,1636,1862,1617,1742
467,19,1955,1379,1685,202,1530,1479,1113,1828,288,1652,1541,204,102,1810,1816
316,1507,1854,235,1643,1476,1512,1672,1967,1627,376,1140,1692,1740,1573,1374,89
20,261,555,417,806,1696,246,999,273,1513,327,1355,702,1692,1571,1975,1486
660,278,981,1519,1815,1645,1740,1489,1845,1600,1853,121,1908,84,1779,461,1646
1911,823,317,1669,795,26,424,1550,313,1567,1644,1640,1808,1855,1838,1675,1540
1609,73,241,90,634,562,167,78,1853,1779,1544,1485,1523,1631,192,1575,1804
1579,1801,1561,201,1320,300,1511,33,1829,181,1688,1851,1543,1682,1491,288,114
1743,1692,501,1387,214,1584,1528,1986,1502,1497,80,619,1444,1547,1740,1523,1797
1824,751,1863,1782,1901,247,1657,1488,511,1691,1812,1802,1391,1541,1682,1815,1527
1701,1583,981,1847,1703,1584,314,1766,1783,1484,1477,271,1621,129,1663,186,1767
138,1605,1704,170,1559,175,847,1480,1908,1504,1372,1720,1547,1610,254,113,1537
171,164,1502,1366,1779,1533,552,1825,117,1845,1906,1971,235,630,1480,1828,1517
1634,1689,1500,1617,287,1696,295,13,1713,1802,250,123,1707,1575,1597,1640,1514
130,240,1494,1383,116,222,32,397,1569,1961,321,1953,898,599,212,1761,1775
1497,1485,207,233,310,843,482,867,159,871,270,1596,244,1236,1529,1799,1534
1684,1192,1944,1640,1677,1553,1581,1539,1786,1782,1717,1764,1486,1338,28,126,1710
1738,1085,1492,1971,136,292,1536,1793,284,1507,647,1623,1662,91,227,1617,1368
1856,879,1748,1823,1810,728,1816,1545,1344,1716,1557,1952,1666,1804,1550,1735,1626
203,1762,1263,1494,1620,1793,1070,97,1969,1568,1483,1619,1585,157,1393,717,311
1849,1749,845,1522,1535,1715,295,1517,1567,1752,1501,321,1701,1949,1912,1607,1827
1811,1696,1529,1750,1747,48,1480,216,105,1913,1329,1776,1767,1671,84,1643,1828
1511,1720,119,1175,1506,1761,174,1489,69,1490,1840,193,1843,1858,1491,1004,82
146,1717,319,1857,1960,1638,1749,1772,1594,1538,1708,1340,1962,957,224,1969,167
1523,616,1503,1701,1817,1974,1705,775,1954,1613,1842,1598,1619,1052,1560,1739,1588
1520,321,836,704,267,1691,1686,1700,1802,165,1604,1956,1771,105,271,224,879
1807,1670,1070,1588,1626,1844,1756,1839,1855,1535,1513,1722,1945,1475,1478,1802,1834
1739,174,1573,983,1581,1565,95,1490,1600,1695,327,1509,1724,968,879,218,1787
1490,1573,1666,1632,1285,1911,1558,1685,425,1859,1751,178,1775,1625,232,1478,1618
1533,1801,1480,1674,934,1764,214,208,306,1395,461,1913,1477,773,1517,1675,182
155,1959,1536,9,1476,206,1722,329,200,1395,97,1556,1975,295,898,190,302
1180,1700,1609,108,104,1643,1762,660,1693,1593,259,1814,150,1748,1688,1376,1685
1557,1773,1334,1547,1615,546,717,157,1568,1602,1739,213,1869,1531,435,1856,1951
1655,1580,1391,218,1630,1836,1046,1277,1651,1667,1597,1509,1757,1841,1809,1972,1632
1553,94,472,1754,1656,1716,1664,226,1753,1752,1761,1478,1555,1491,117,1625,1635
328,1658,1609,1804,1563,1745,1677,177,1683,1706,318,1498,1042,1641,1684,1751,1613
1626,1663,1694,1547,197,1704,286,189,1573,982,303,1494,103,714,1659,1555,199
1775,1793,1643,1754,325,1545,1910,1849,926,1808,1296,88,91,1840,245,1592,1551
1563,1673,1757,1547,1580,1794,1526,1571,1966,125,195,1667,1107,1766,1147,1922,1382
1859,1478,1542,1850,1392,852,1523,1824,1610,1384,142,1735,1722,1492,314,1897,1672
102,991,1737,1699,1604,1485,1692,274,1933,1679,1114,1825,1829,199,1686,1489,1588
1821,292,1792,1394,1768,1572,105,1715,45,1957,1527,1522,1486,1824,258,499,1906
1722,1535,1608,1785,1662,1689,1736,1365,1396,97,1600,1660,1611,242,1545,1855,1575
1659,1158,1486,1698,82,1840,230,212,1743,1677,1434,1622,1536,349,120,324,1781
1215,1660,1703,166,1782,1686,1780,1053,1750,157,200,1504,1754,1640,1832,1396,735
315,1908,1731,1517,1583,1722,242,1706,1952,1753,1674,1766,1554,1615,1683,1660,296
1856,1702,1643,1652,1804,1636,1759,1668,1835,209,104,1478,1832,1847,1489,1635,1838
674,1656,578,1856,1628,1829,1603,1604,1549,1729,1714,1806,1833,205,1718,1441,290
1811,1636,1728,1709,1499,1602,467,1396,1584,1477,1036,1507,1540,684,1669,144,1708
1707,1767,1684,309,1755,1711,1673,1378,107,1855,355,74,1596,316,1659,1823,1516
1527,218,180,1849,1274,1389,1246,267,161,211,1680,379,1826,1725,1523,729,14
769,1906,1946,1724,1803,1576,1797,1641,193,1758,722,232,87,1530,61,1678,1060
1475,1562,1633,1691,1493,1669,1529,1286,1693,1752,1779,1733,1850,1754,312,1819,1842
1576,1480,1560,278,225,1831,1629,1394,1703,1962,1542,301,1325,1857,1491,1819,1545
72,158,274,1636,1710,1484,1634,1755,1335,1794,1724,1533,261,1523,1850,1659,1787
1756,113,98,1269,751,1552,1600,794,1777,1593,1951,1651,1889,1549,1584,1642,78
167,278,1745,1621,1511,1788,1408,705,328,102,1485,904,45,1246,164,158,1488
1070,1759,1785,289,1569,1870,1566,295,212,286,1477,1800,1830,1846,1661,200,1391
1820,36,1565,635,1791,1092,1673,1847,1590,1537,1582,956,1668,1807,1660,1892,1725
1492,925,1485,1684,1519,283,300,139,328,167,1721,73,1566,1606,1507,77,321
1696,217,1383,1938,1612,1734,1605,1653,1842,1680,1554,1567,1711,61,1722,90,806
1953,1846,1554,1742,1763,726,1319,1849,1702,238,1719,1696,1612,1718,411,226,1599
1780,1579,1556,1379,144,1546,1787,1563,1822,281,1837,319,1910,807,1849,1857,214
1800,252,1802,579,865,136,1717,1642,1705,1671,1701,212,1481,1394,153,293,1680
1543,1819,1784,1534,1391,1670,582,212,1708,1560,268,1824,1855,290,1500,1475,1501
914,718,1907,1534,1649,1650,1508,1590,1850,551,897,223,658,1625,199,1800,1500
1516,554,1688,126,1579,1834,1680,128,1820,1599,198,276,1895,1812,1519,260,1786
1620,1672,1357,1841,1558,1690,1676,1581,1797,1658,1853,1815,1693,221,1832,805,1589
1654,446,50,1771,1575,214,1698,1069,1557,1556,152,310,206,1658,1773,1561,1731
1578,1841,1737,1556,1614,1913,1824,1777,1625,860,1686,544,1631,1796,1225,319,1930
95,177,160,201,1825,1706,1660,1590,68,1744,322,1515,1545,1756,1727,213,1749
1841,1541,1500,1490,1620,1747,133,1475,342,1905,1691,105,1763,284,715,1738,204
1766,1856,1737,1749,850,1551,1654,1561,292,263,297,1906,65,1714,1311,1748,1487
1483,1593,424,102,1579,1969,1517,1551,1671,1061,1738,18,1555,1608,1856,1744,1864
1835,705,1812,1807,152,1820,759,1573,1755,1049,879,1544,1699,1907,184,1737,1648
272,294,1852,1589,1826,1597,1778,126,1959,1491,1962,1488,1568,1846,1515,1759,824
260,1728,1493,79,1912,1850,1773,84,1658,1317,1747,202,511,1497,1203,286,1558
1875,1278,257,1924,1603,181,721,1833,1546,176,932,1573,1768,298,1778,1809,706
1201,164,1484,191,1608,264,1777,1838,1376,1554,207,1629,1793,1631,1866,132,1899
259,1945,1818,244,148,1610,1848,1722,1719,1784,1538,262,1537,1908,1712,292,1645
562,1697,1969,272,1588,1825,1789,1661,1371,626,979,1353,1715,716,941,1824,843
717,1011,1419,1557,1906,465,1111,84,1791,1515,1478,599,1704,1446,1000,165,1945
1528,289,112,1954,1511,1368,92,1607,142,1624,721,1586,268,1840,798,1944,660
1618,1671,1722,1623,1754,212,932,98,1906,1843,1487,686,1571,134,1491,1538,1233
1767,1521,1661,649,1817,1697,1535,1740,81,376,1638,143,1069,1810,306,1922,1759
165,1383,59,1680,1702,1781,1633,1476,1989,1707,786,1827,1811,1801,121,1814,1189
1658,307,909,1785,1781,59,257,264,1571,1752,833,1010,683,742,1731,1575,1665
1385,1071,1753,235,966,1526,1636,1532,1726,151,1508,1686,236,1832,1746,1534,1659
712,1850,1824,1908,1540,46,1968,1724,1503,292,1762,1620,1647,1528,1627,1803,244
1479,864,1783,1602,1675,1531,1850,277,1558,1822,1800,1611,1640,1625,1021,1908,1495
59,1537,1500,1741,1939,1664,1644,1388,257,1846,1587,1543,864,130,1759,231,312
1535,1600,1680,1529,1518,1601,1716,1846,1578,1696,1966,1642,882,1795,1622,1663,1651
317,1519,1685,1763,1643,1760,188,1507,1452,170,247,217,1830,1597,1894,1620,1561
1721,154,1744,1511,1648,1812,1519,228,576,1585,401,1650,103,110,177,1553,1510
254,172,1569,1388,1740,1490,1969,1550,1005,215,1623,1931,1625,1396,1721,1683,1775
78,1912,1843,1675,1202,90,1530,1882,1789,1785,1543,228,1845,86,823,1854,1834
1547,1788,1584,687,1483,1711,1585,1690,295,1587,194,998,1673,1490,1588,1595,1913
1535,1741,104,1585,183,1509,1484,767,1545,281,1703,53,177,1799,1589,1582,1789
1555,1510,140,1726,1913,1386,1911,1934,275,96,1268,1525,1817,1946,1755,1531,1493
1602,1722,1808,1610,1519,219,1711,105,1595,1550,1759,1611,1492,1477,1521,1908,1648
1626,762,834,327,1485,1588,86,1573,329,258,1830,1504,1734,1833,1622,1856,1371
1823,1742,1905,1583,240,1734,1892,1640,1641,1529,217,1492,1556,1255,60,1546,127
1859,82,1547,1856,1739,1684,1678,1758,1671,144,310,1944,1730,1770,1777,1593,1497
1944,1613,1745,1773,805,1669,1486,142,1910,1717,898,1840,1918,1558,1394,1765,1506
1703,1806,283,202,1830,1612,1836,1826,1814,285,1616,995,785,1577,1894,1622,142
61,1530,1192,1837,1781,1771,1253,1807,240,589,1661,1895,1679,1549,960,199,950
1530,1691,1508,1544,146,1174,1728,1664,1804,1573,1846,1806,181,1593,1707,160,1486
160,1736,87,1828,1824,1571,1658,452,1912,1491,1675,334,1557,1848,1726,1368,1589
1557,158,1698,1748,1608,1586,1720,1755,192,272,227,932,1163,111,1611,233,1780
1606,318,15,1179,1957,1782,518,135,102,1577,655,1543,1520,1844,1604,1571,1778
1736,1441,1834,1795,1734,179,787,183,1125,1828,1550,272,217,1869,1844,1332,1624
1698,1666,1707,1686,220,1754,1717,1831,1629,1007,1741,1774,1526,874,1643,1767,1823
1355,1493,1807,1787,1850,1726,1579,729,934,1724,1623,361,1713,136,435,108,1585
300,1782,1685,1808,1680,1730,323,1482,108,86,979,205,1774,1720,217,1819,1069
1787,1780,1735,1734,274,1394,163,1631,1975,152,1638,114,1534,1680,1491,1731,1843
1700,1497,1786,343,1606,179,1678,1594,1707,1716,1633,258,1680,183,286,211,293
1628,1603,1900,1396,649,1677,483,1377,1717,1497,1566,1696,1634,1576,322,1747,427
1695,1718,1844,1260,932,1694,1777,1764,230,278,1542,1978,1738,1943,1528,969,248
1905,1601,649,246,193,1746,1592,1512,1703,258,1843,1622,1527,1562,1657,1712,1355
544,1647,1896,257,280,1539,1768,180,1383,69,1635,1803,312,607,1586,1305,489
1768,1574,1366,1906,1711,1626,324,1590,1842,1501,162,1764,1659,1551,275,262,166
1617,1718,1504,75,1199,1856,1844,1703,14,1679,1813,1969,1628,1598,1649,1564,1717
119,1828,1158,492,1810,1513,1392,1752,1495,1950,1847,1953,1840,193,204,1684,1751
276,315,1716,237,81,1764,211,1735,1501,1485,1695,1381,883,1650,1706,1734,1585
356,1618,1735,1487,1895,183,153,1850,932,506,1571,802,202,176,1839,267,1853
1545,768,1770,1853,347,106,1771,943,167,1717,1587,1795,32,275,1720,1483,1754
1738,887,1960,1502,1560,1561,1815,718,1418,142,1647,1822,1524,726,1780,1490,76
735,564,1391,1767,93,281,1683,1815,1777,1565,1675,1923,222,1609,1572,1826,1555
1830,1577,1847,1659,1796,1981,1764,1552,279,596,199,1569,1067,700,1648,1492,1767
1558,1479,1729,1605,1500,1592,1740,1687,1677,1672,515,1713,291,59,1689,1518,700
452,1651,1036,151,219,256,962,242,139,848,1657,1575,1688,1511,1801,1554,236
1838,1975,119,1617,1522,1733,131,1530,1545,323,90,1697,1846,1972,1753,1642,42
1716,1649,1743,1826,1911,984,313,1600,77,1855,226,1753,1562,1391,1210,1524,1609
281,1787,1758,1658,1523,1679,1674,297,1985,1696,1776,1802,1077,142,329,1521,1737
1121,1804,270,1770,1751,1849,104,1574,1667,204,1782,1823,1334,284,1391,1722,132
1804,366,115,1551,1638,170,1810,998,1735,1709,1654,1330,1593,1493,1847,1573,1576
1546,1792,1713,222,1827,1537,73,134,294,104,1825,1740,207,1544,157,281,1545
295,1584,323,1949,160,1852,88,1709,1781,1676,39,108,1792,1752,1243,1723,1620
1627,1830,1621,315,1519,1960,146,1502,1476,28,1535,1544,1894,292,1663,1817,1617
144,1512,337,69,582,1895,1532,164,1894,1807,1770,263,85,1840,1724,300,199
1587,1757,1918,489,1545,1596,1802,1535,1774,1478,294,123,1681,256,955,209,1592
1570,1970,1518,1441,1789,1495,1695,1922,206,1849,1908,1869,188,1617,1560,1613,1794
1712,1834,1851,1682,1622,1804,1542,1621,1576,1759,661,1692,1394,1511,1662,1964,109
418,1666,1805,984,1924,1852,231,1837,1685,525,1439,1781,1069,1679,1748,210,236
111,1797,593,1776,246,270,1551,1162,1660,1754,1556,1753,1707,1716,1586,1638,364
1576,589,1655,469,92,76,1583,1895,892,1689,1274,1950,1319,1749,81,1894,1680
259,167,278,191,1482,1618,1562,168,1821,317,1154,1628,1768,1646,1593,1816,315
1694,1573,1803,280,184,691,1802,1785,1821,1812,1507,1059,1596,90,1529,310,212
1805,1801,711,1940,1262,1823,90,1627,1677,1810,185,145,1732,1313,1483,201,146
1495,1717,938,1589,1851,1246,929,1772,1690,1628,1546,835,1379,1069,90,1548,1496
1794,1557,1758,131,1629,1535,1539,196,66,1692,57,264,1673,1793,113,1744,1745
28,1640,281,1548,1954,1822,1508,1516,1762,553,1504,161,1908,1972,1645,1790,1712
229,1557,288,1563,1809,275,1495,619,1842,1388,1141,1371,1855,1555,1327,325,1652
288,1818,1563,258,101,1787,1744,1705,178,175,1757,1234,1750,1712,1682,1770,137
1664,1711,1555,1534,24,539,1502,211,1308,1709,237,460,1218,1368,1551,802,1625
1632,1545,137,1662,1616,213,1639,15,1775,325,170,747,1960,527,1736,1608,1954
1684,169,1741,1961,1642,1910,634,1487,1778,458,263,1376,278,1711,1505,1819,89
1714,1707,1668,380,1838,82,1629,1830,158,1959,413,704,1638,1726,1371,1749,212
1911,1828,1535,1573,1478,91,1707,1582,437,1761,1818,191,1558,1607,92,1656,1719
732,1088,1631,1498,141,1628,145,1729,871,1689,1550,1663,1718,1723,1759,1704,1919
1489,216,1494,1472,167,1574,1756,1562,210,1105,1676,977,986,802,1577,1759,317
28,1070,1295,1550,795,246,143,96,1631,1572,1047,555,1732,1917,85,285,244
1575,1546,59,1589,251,1146,1247,1738,1266,1796,1746,111,198,1731,471,1624,1905
36,251,1526,1788,67,1778,1673,247,209,1715,1510,1922,1574,1724,434,241,1787
533,83,1514,1837,1751,1558,1627,1615,1561,1487,1759,106,1693,282,1545,1817,1622
1776,1689,1239,1777,1512,1495,1710,1550,1396,1582,835,1529,1652,1592,1478,1654,1948
120,1525,1367,1644,1503,594,1855,1853,1531,1513,301,1834,1567,1953,969,713,1476
105,1531,1723,1783,1500,234,1575,1656,1670,199,1940,1688,1815,1908,700,1378,131
1650,1382,1511,1728,1159,1678,1674,254,1702,1758,1640,1513,1822,1810,1724,1849,78
1658,1642,107,1528,1746,1899,1495,1513,1136,762,1563,176,1698,1379,1479,1765,1689
1636,1481,1946,335,1339,1734,1533,1022,1744,1553,1609,1814,1505,1032,286,355,1922
1709,1410,1647,1922,1026,1575,1834,1669,1818,1707,267,1591,1535,1857,129,1475,1198
1543,1732,1518,1539,1790,1002,155,286,92,1779,1738,1383,123,1577,1677,233,1803
1227,1667,1517,117,328,1750,1625,1376,1469,1632,1913,1709,1574,1391,1777,1800,1731
116,1579,140,1704,1307,1202,274,139,1658,1777,1556,1487,265,1775,1774,1824,1730
1834,1611,55,1572,1770,1785,1751,1589,202,1494,1796,1508,201,1581,195,1668,1848
1906,314,1819,208,985,289,1884,1354,1625,283,1643,1691,150,1666,1624,270,1817
1551,378,1684,1313,969,1586,1559,982,1481,118,1631,1782,1608,1821,333,811,1925
1850,1566,237,1947,1561,1543,1837,133,1973,218,1774,1520,1760,1637,470,1482,1816
1904,1900,248,1605,1653,1617,1618,1792,1590,791,1595,1841,1593,541,1699,932,1893
1617,1639,1673,199,113,290,1561,1750,177,1794,85,1653,1512,1648,1823,1576,1717
1471,1806,1141,1781,1704,246,1695,147,1772,1850,1796,1750,872,386,1800,609,1501
1127,197,1751,92,1702,1070,1551,1612,1840,1502,88,1773,1913,1945,1482,1558,1617
1699,1819,446,1570,1839,1626,1580,1811,1679,1855,1763,1830,1530,1076,289,1643,174
1830,1633,1073,1488,782,1509,1638,1551,1496,92,1699,1804,1764,1201,1717,1763,1579
312,1162,80,1554,1592,1562,1375,1096,641,1067,1736,1706,1800,1680,1723,53,1704
1648,755,1625,1710,1769,1707,1630,1071,274,1672,1646,1349,1810,1574,200,1909,237
94,1574,1530,742,181,210,1383,1987,1526,81,1076,1548,1737,1697,1754,1719,1170
1076,243,98,1639,151,1161,1768,1547,1668,148,1373,1809,1532,1848,1502,1638,1335
185,365,1793,278,203,223,1500,1668,1821,1595,1530,1801,1768,1651,1498,994,1753
1840,251,14,1911,1244,240,103,1019,1606,1828,28,1855,89,1745,1750,1716,237
1304,1331,1740,1853,1633,1831,1641,1495,109,1823,307,1482,1670,1137,119,1728,1427
1324,1547,1530,1495,1775,140,1396,1857,246,1574,155,1793,1856,1961,265,1704,1650
312,1963,1810,1809,272,456,757,193,1766,1817,1568,1911,1678,704,1486,1518,1501
1677,1477,1800,1647,1507,1516,1636,1939,1853,132,211,210,1823,1536,1821,1712,1613
1656,1491,1687,1951,232,1529,239,206,1825,1822,834,135,1548,1801,1482,1517,1531
1724,1735,279,115,1632,95,1956,1905,661,1907,670,1784,1518,423,1060,1747,290
1674,137,121,1533,846,260,1601,1143,1562,1528,1619,1850,1663,1571,1762,10,1638
1806,982,1627,101,1794,1912,1069,1504,1649,1479,1845,989,1491,1685,1560,1873,1669
1845,85,1637,1703,304,1603,1667,1794,1558,857,217,1821,1735,206,151,1582,1565
261,70,1786,1576,1622,1650,232,654,1702,990,122,653,267,1407,1675,1837,133
1750,1621,1679,551,1505,1747,1320,380,1647,1575,1783,180,1643,1764,172,290,212
1672,1912,1837,1486,1697,1725,44,1948,1598,1789,1387,1379,401,1709,1829,1922,993
1595,1530,1503,1483,1479,1562,1815,1786,650,1042,704,1505,1667,1582,1538,145,812
1840,1638,1836,1743,1906,1798,1693,478,1916,1504,744,1779,1594,157,1570,1670,1826
1787,1860,1544,1503,1582,1783,1682,360,1701,1772,484,1225,998,1758,1725,1355,1779
1557,1501,233,138,1975,1797,1752,1978,243,1531,1841,1638,317,586,1825,1378,1604
1606,1963,94,1509,1570,1772,1663,941,269,1572,104,1439,1592,1760,1768,1722,1756
1656,1760,1586,1728,1724,315,1582,1694,1360,1974,1517,160,495,1684,1807,1701,1619
1623,1676,1772,1907,1837,1812,1645,1784,1654,1511,596,1631,1508,942,1043,221,643
278,1790,1598,1748,289,1643,1089,1603,1722,1619,15,1788,1749,1485,1795,1552,1737
175,131,1602,1502,1488,347,1847,236,1478,1543,1702,305,139,230,310,1493,171
176,1881,198,832,1520,1907,1587,1714,127,702,1503,28,1610,358,1628,1262,1804
1766,1793,1800,420,1614,901,1577,1975,1763,538,894,1836,76,1640,239,1833,1381
1811,1773,1008,1219,1712,1734,610,1505,519,1657,1672,1636,1936,1756,1683,1913,1552
1323,1841,1619,1585,636,1549,1656,226,1527,1846,1016,197,1637,1593,1587,1909,101
284,1481,1518,1521,1629,1674,1727,1802,1849,1616,1595,1841,1549,1387,1534,1651,1673
1727,1499,1749,1751,1753,274,717,1705,1771,108,1775,800,1597,1006,1477,1717,1785
1735,1822,1677,1533,185,1717,1722,1842,248,1744,945,1856,1814,939,1694,173,1719
1785,1851,1789,328,1683,1672,261,575,1312,1910,792,1674,122,87,1769,1788,1670
1539,690,1732,241,1686,1372,266,1589,270,1632,1847,1576,1838,1070,1509,1713,678
1570,1387,1500,1497,1277,1868,1848,281,1626,1671,1492,519,414,1391,1915,1607,289
315,1612,1505,319,1035,1855,1682,1619,1849,259,1796,1588,1616,1729,1654,1825,877
1519,1838,124,1573,987,321,761,1796,1513,1703,1521,1852,208,1794,1562,1864,1482
258,211,1577,1754,1496,1522,1783,1689,1804,1953,1512,806,1675,1794,1852,143,1539
1174,290,125,1850,1513,1799,1641,63,131,124,1855,436,1388,154,238,1796,1846
1692,1529,310,1744,203,1488,1693,24,142,281,1390,1669,1045,1809,933,932,1628
291,266,1744,1721,1361,1569,108,1707,850,1527,1824,1846,259,1775,1549,1368,1888
1679,1974,1829,529,1737,1986,525,91,1610,1647,1711,582,1775,1844,1767,1908,1569
1661,1844,155,131,1776,189,176,1383,1860,1757,1521,1740,1823,58,142,92,296
1856,1599,1659,1755,1852,1516,229,1668,1643,1841,1778,239,1683,72,184,1633,1978
1664,1286,1719,287,1796,1659,1602,1831,1852,1706,1687,1557,1511,203,1548,732,1684
1789,1750,1852,275,1627,595,205,313,245,1682,307,1670,1683,1845,1877,1743,1664
1777,1848,1501,234,1628,1692,125,1593,1744,193,1808,1674,1803,903,1649,263,74
1583,1895,1823,1911,1756,1655,1798,196,1753,1741,1606,259,1643,111,1538,1417,1758
1295,685,1023,1608,1500,94,106,1805,325,1095,1961,1791,1475,1558,217,1479,1822
299,1480,1643,282,441,516,1854,275,1541,1768,1856,144,1703,1548,1456,1804,1580
1569,1565,1668,1516,1480,1908,720,1492,1629,1681,1708,1371,1584,111,260,1968,1957
1677,256,727,1632,1838,1662,1600,284,82,1267,1530,263,1728,126,786,139,1214
149,1650,155,319,227,1829,1388,303,1701,310,286,1848,1834,1493,1741,77,1589
1383,877,1764,1957,1837,1488,1738,795,1850,1716,1737,1908,546,259,1684,1750,193
1853,1718,1636,186,1695,151,1654,119,352,1100,1561,1844,1493,1662,109,1517,251
1764,165,1521,150,1905,1845,1742,1586,1638,955,1619,277,1789,1703,1944,1560,337
1953,1821,1522,1959,1753,718,1785,1711,1396,1695,1868,1796,1758,204,1831,104,122
267,1692,136,1704,1269,1748,1639,1637,1531,1408,39,619,1649,1684,1512,334,1248
1660,1025,1477,1525,1674,1583,1573,97,1749,1711,1725,1648,1579,447,223,1355,1839
128,1636,1737,1820,220,255,1754,1504,1746,1677,315,1187,1523,246,1268,1811,91
1669,1968,20,1746,415,1615,1506,28,1745,1813,619,1536,1657,147,1524,675,701
1868,1603,1602,1955,1424,1831,200,1394,1591,122,1686,1690,1655,1488,1495,886,1730
293,157,1656,208,1690,1671,1644,474,1716,1616,1664,252,1630,1558,1174,1655,1447
774,137,1674,324,199,1786,922,120,88,1744,149,1973,640,1982,1709,1734,1879
1826,92,314,1732,198,70,291,1824,203,1478,1736,526,131,1782,154,1818,1797
1803,1734,1484,1365,1779,625,1314,1643,1905,877,1811,1963,1908,1579,1250,830,1798
1730,696,119,1610,728,1109,1396,1670,1772,1586,342,577,199,1782,1850,44,791
1482,1534,1911,1717,1768,1727,1786,260,1847,185,1497,1721,1608,1660,1664,1657,753
1963,922,1750,458,275,1754,1794,1636,1392,1231,1830,432,789,1577,1414,1616,1090
1339,1759,890,1580,1262,1732,169,1685,1518,1697,1777,1632,1818,1981,1452,610,1621
167,1766,371,999,1545,1019,1519,1601,1754,1246,1484,1598,1817,697,1187,304,748
1810,43,1290,155,1789,1652,1798,172,188,1526,1726,1078,1732,130,1251,8,675
1592,1179,1707,250,1853,1268,515,121,1632,1561,1726,1596,1951,1489,126,1788,1717
323,1764,1701,664,1939,1634,165,616,1525,941,1658,1776,1784,225,1616,1697,1743
100,1526,1771,89,1676,1780,361,148,1004,185,202,590,800,1950,1626,1627,1848
575,456,1613,1709,1611,1882,1720,1474,281,280,1170,1742,1948,1851,231,1581,1692
1741,1788,241,1730,1594,1374,1790,1798,1071,1969,169,131,87,1733,584,1900,203
1980,1505,115,1490,1257,1700,458,1698,1073,1228,1839,708,152,849,1642,297,80
1191,1644,247,1518,831,1507,1383,140,1509,943,1487,544,1759,1666,1519,459,182
1484,348,1272,353,76,1480,1600,139,685,1626,1678,1558,1749,1843,1857,1909,1807
1439,1849,720,322,1771,1667,135,1818,105,1552,1572,1562,1508,1677,1520,1487,1661
1647,211,1782,1951,1891,1073,1515,1381,1527,1486,245,78,195,180,842,1539,1353
1828,1530,1750,1383,974,1246,1771,1681,1855,1513,1521,1215,1566,1655,1829,1598,988
502,1661,1594,1119,1031,1498,1580,1073,1734,1565,1717,1757,1071,304,1535,1666,1778
1663,1293,1906,126,1267,275,1521,1069,195,1833,1642,1808,329,1648,287,1786,1390
273,219,229,1490,1580,1615,1519,148,1655,1846,1676,93,1715,1476,1806,1724,1892
1674,1511,174,1662,1858,789,1038,1758,1394,1656,1527,1792,1720,1498,1799,1668,1675
1491,1623,1526,1508,1498,1815,1780,565,291,1786,10,191,1722,1887,1378,1777,1634
334,243,1531,1850,15,1595,1621,1833,1868,1333,1592,1676,315,1699,1489,1675,1249
1727,1807,1559,1720,148,1742,1952,230,14,288,1596,1582,103,1526,1636,1710,1707
88,1776,1685,1804,1559,106,575,174,1737,1710,1524,13,1544,1851,866,1815,1791
1418,1568,1668,1669,1651,167,1620,649,130,251,1000,329,1827,548,1847,1839,1582
1682,475,1611,1737,1183,167,1489,1758,1523,1686,164,234,734,1621,1806,1790,1729
1576,802,1795,1666,1070,1723,214,1577,1580,1678,1573,1784,207,1488,1798,1625,1571
152,1905,1815,265,1937,92,1663,1533,1608,1735,1548,1301,1788,537,1717,1621,1723
1755,1846,1944,325,1482,790,1694,1677,1751,1834,1800,271,1388,987,1833,1636,313
1755,1694,173,1216,1521,1722,1665,1101,1952,1713,1641,1716,1507,1946,1515,1802,191
1911,1505,1798,1799,1707,1494,1840,1595,310,1527,1521,1497,21,1394,1689,1714,86
195,1912,415,1677,110,74,1842,1752,160,1529,1873,1953,300,1485,1844,221,1775
1620,1781,952,1811,1743,692,1669,1668,130,1718,64,1499,1484,1565,316,1584,243
49,241,668,1302,1601,1752,1637,1642,1474,1500,171,1529,1618,143,1478,1165,1730
1781,1392,1961,1624,624,1218,1681,1595,1734,1482,1621,1584,139,1535,1879,88,1486
1851,873,1821,1570,1780,1946,1746,1634,1500,180,1749,750,1971,1554,1583,1610,1509
1764,1732,276,1686,176,1851,373,1543,1854,1383,1629,1550,328,1866,1633,269,1644
1573,466,134,1725,1754,1857,1581,1750,168,1594,705,1675,1773,1704,998,268,1540
1745,1528,1838,1523,1594,1515,220,1634,1235,1627,312,1611,1534,151,670,303,1100
1685,1748,1612,1727,1843,1677,1654,1652,1585,1666,1800,324,1735,1626,1840,1718,245
163,282,1708,159,1788,1638,1392,1632,1614,1630,1497,1563,1554,1691,1593,1666,668
1698,1913,1593,1589,1396,1749,1556,1717,1588,1506,1554,1705,174,236,153,1837,1616
1694,1726,1764,1483,1552,183,1644,1378,1852,1789,1796,994,173,951,1740,136,1736
1553,64,1793,1662,1844,1513,1596,200,1912,1406,1504,1724,1204,201,1674,1913,1626
1523,1615,451,1943,1774,1803,316,1767,1247,1548,1661,1622,189,934,1753,1589,1543
127,1782,1745,1686,1834,1523,1781,252,1704,311,425,1843,1747,392,1530,1620,1752
1371,1581,1682,1932,1826,1807,399,1576,238,1683,277,1843,127,1823,169,1431,1985
1485,546,14,1967,1727,249,1520,1760,36,1591,513,82,320,135,1961,305,1593
1812,1552,1896,1529,638,1911,275,1379,1592,1785,211,315,1588,280,1647,1696,1584
1571,1729,1635,1659,162,281,150,1480,1956,1090,1550,1728,1625,1506,1496,1573,142
1784,700,819,1942,1640,1523,1475,1800,337,1376,154,1638,1683,1749,1809,1852,1810
1607,1839,470,1556,1505,1641,197,1586,702,1940,1327,135,1609,1814,1542,781,1800
1769,97,1713,1688,1946,1910,1485,1379,1819,1586,161,1841,1046,1499,966,788,1481
1789,1864,1760,1740,1828,215,1796,1272,1691,1497,1567,196,1513,1604,1639,494,1710
1711,1893,1752,780,166,1653,1785,216,1748,1601,284,444,168,1581,97,1280,1519
784,1679,1581,1587,603,1677,1503,1655,705,1769,1909,1395,1586,1476,575,1161,1778
260,1590,1490,633,1526,1716,1591,1689,1691,1936,1753,318,1519,1643,1662,1568,1652
1536,161,795,1613,1419,1911,750,122,1389,1568,94,1805,1672,117,1824,1710,667
1731,783,1395,473,324,1483,1078,1837,315,1784,582,1613,1947,1836,1819,121,1668
1939,1777,1812,1964,1613,1506,1519,1815,1513,161,124,462,1851,1592,304,1588,1786
1797,322,1937,1658,1512,756,1897,261,1051,1730,1014,329,1538,1807,1719,1514,1745
1671,1912,41,1579,1630,1527,1658,1796,179,1575,1909,1832,140,1964,1500,1070,1380
1593,271,1627,1815,1942,141,1528,686,413,278,537,1750,1504,1656,1727,242,1679
1856,981,701,1615,1830,1493,167,1851,889,1563,1030,934,1717,762,1911,1530,1827
1538,1698,1775,1700,1670,1729,274,102,1656,1805,1827,1505,1788,1331,1742,705,1908
1554,145,222,263,1823,1864,1568,105,270,327,1950,1619,697,1074,1316,1526,1482
711,1347,1744,1658,1833,1813,1790,184,1789,522,1492,1839,1850,1576,3,1522,97
197,1749,1699,1638,304,1524,1761,1677,1838,1067,1809,129,1637,1681,1896,839,1520
1488,328,1731,855,1695,1578,257,112,1384,1811,1527,1123,156,1678,1847,100,1557
147,1394,14,1825,255,661,110,1740,1727,1896,284,1779,1633,1548,161,1834,1710
1813,180,1330,1622,1837,1779,1722,1684,1709,1734,1708,131,1504,516,575,161,1514
465,1365,1494,280,1857,1956,1777,1781,149,184,1703,1354,1524,1559,223,1714,1644
251,1536,110,1410,864,1543,304,1764,1524,1598,154,1204,1685,1558,1694,223,1625
1947,224,1749,1787,1484,293,1824,1592,1690,491,316,1654,1943,1612,1842,1764,890
1494,1613,1759,1503,1705,1825,672,1096,1624,1071,1788,542,1658,277,751,1559,1589
1593,376,1783,933,181,1853,1563,171,327,135,1831,56,606,1489,1882,152,1644
1503,1539,944,1815,1756,1136,1535,1685,1594,1618,1661,1134,294,1791,1950,1727,187
1559,1820,1754,1672,1689,1586,1565,1721,288,1825,1624,1304,98,1694,1768,1580,1558
1378,482,1813,307,1948,149,825,1563,214,279,957,1353,1699,262,129,53,1528
84,1946,359,194,1691,1682,1602,1802,1628,1596,206,139,1765,1557,1753,1653,1974
1506,1736,1586,1699,217,925,1566,1701,1707,92,1590,1866,279,117,345,1899,1219
1490,1711,1594,144,1571,1590,790,250,1820,262,1563,339,1692,1352,1910,1773,1564
1683,1524,1839,1684,1809,1711,1286,146,1780,1750,1279,985,1583,121,1787,1558,1164
175,1661,1581,1564,1814,1647,166,1493,197,1533,1834,1847,260,1645,1717,1908,1660
1645,208,1788,1546,1850,274,1613,1547,240,1753,1640,1722,196,1631,1845,218,1839
1791,1754,1499,1000,1636,235,1760,648,1655,1706,316,144,1953,1202,1678,1514,1768
1552,716,290,1796,1739,314,1821,1470,1385,1838,1801,1645,1755,1702,1959,1777,1666
1170,719,1609,85,1768,1499,1799,1505,1638,1742,1953,1717,127,1767,617,226,261
1275,1911,1801,1545,1500,1575,1076,1068,1483,1520,832,1671,252,106,1505,1347,1943
1522,1642,1860,1571,1511,842,122,1861,1676,1585,90,1845,1552,1612,89,1761,1428
106,1694,1821,115,1769,1350,1574,1738,1717,1787,1103,129,786,1523,320,1693,1567
313,933,1433,241,1969,832,1694,1802,192,1209,1911,1777,1781,1690,990,1120,1505
1611,819,1765,1693,1858,1953,1900,1662,1553,1821,1380,235,1555,1967,1602,206,1498
1830,1785,1761,701,1835,1849,1630,127,1912,497,1777,1469,1676,199,1788,1053,1575
328,309,825,1912,144,1650,1821,602,1531,1484,159,1678,233,1856,976,1744,1550
1738,1480,1717,170,790,281,1160,1835,1624,1757,1765,1667,1715,262,1821,1629,1824
1788,323,308,1968,165,1576,1816,1550,1088,1825,1520,278,1100,1526,1844,1601,1503
1672,1581,1481,1971,1704,1724,1683,1836,1569,1411,1734,1549,1804,1705,1775,1696,1384
1566,1639,1496,651,1581,1550,1775,1679,1592,107,204,1704,1646,290,1851,1801,1528
143,1745,1522,1069,1820,1637,663,1543,1518,1826,1773,1764,1679,1818,1580,1508,120
1756,1491,1385,1988,1781,1722,135,1540,1748,1974,1909,1604,1841,1712,1893,1746,288
270,1723,1661,702,1581,1853,1717,1840,1781,1726,1719,175,1644,1475,1514,986,1759
1757,1570,1740,1683,217,89,1693,269,1528,1504,1608,1534,1385,671,1657,1325,159
1540,144,993,1579,1847,1567,314,1536,148,1777,1581,1772,1604,1652,1747,1689,303
1642,73,1717,1629,1973,122,1607,305,1679,1707,611,1946,1692,270,1511,1720,1598
1697,186,801,1712,1832,316,150,1502,160,204,1973,1590,1515,418,1509,1481,1543
1825,1912,1905,551,1574,1816,1841,1772,1815,1804,1654,1616,643,1755,1798,1687,532
994,1665,1727,1525,1204,1759,1619,247,1311,1387,1908,1796,1606,1716,91,1704,1690
1600,1685,1396,1569,189,421,1595,674,137,1690,1696,613,1855,1645,1842,1540,1657
1494,1294,1511,1642,100,1495,1676,1775,1721,1553,347,1686,96,1635,1754,1745,651
1783,1604,1558,1504,1726,1844,1893,1544,1664,1301,1905,1505,430,1792,1756,177,1523
1714,76,172,1595,1835,1681,229,1275,1823,187,1708,1525,1576,838,116,182,1494
1832,790,1555,975,1722,1831,1674,1772,633,316,1836,1568,1727,781,1534,469,1813
1555,1431,137,353,1521,1497,1757,1394,1571,1638,1782,1382,183,1820,1595,1198,323
257,1690,326,1810,1814,1762,111,1531,1548,189,1674,1489,1734,1370,1731,1855,308
167,1645,74,1748,1553,993,178,1480,1384,159,81,140,934,1548,534,1604,1809
1778,1002,1605,1581,242,1524,1596,1711,1894,1763,1743,878,849,238,1720,1567,1809
1084,1659,1590,1850,1662,1749,97,1905,98,1637,1073,1833,1540,1654,1733,1477,1839
1829,579,793,1741,1970,984,82,1162,574,1751,1963,281,1786,1835,81,1674,1542
1604,1534,322,1566,194,1929,1701,1693,1746,1540,1478,1644,1505,1396,1343,1682,57
110,1511,1587,1873,1763,1747,158,1372,1630,1298,1519,1326,1512,1841,1573,302,1635
1783,1615,1901,1660,1528,1831,1778,1076,1691,1776,74,1718,146,1665,1657,1855,1500
1386,1922,98,1948,1677,235,1928,1591,1597,1614,46,1569,1319,1628,92,1551,324
1736,312,1846,348,250,242,1672,1855,128,1516,1706,1118,1621,1483,1709,192,306
1814,1662,36,1728,171,1721,1561,1660,549,1523,1633,1762,1576,1826,1496,1669,1777
799,1106,1100,640,250,1839,1907,1564,1603,1698,1574,1503,1624,1971,1725,1833,110
1849,1710,1955,1776,1515,1852,1905,305,1643,1620,1046,1654,1498,1830,1484,134,1563
260,1782,1524,1758,1645,173,1520,158,1494,1772,1319,1062,1829,195,1764,106,1516
1895,209,196,1494,1480,1517,1073,792,1584,284,1857,1548,176,1475,1617,1497,199
1950,1795,98,131,409,146,1945,1929,1584,290,1773,1364,173,1615,1531,586,1951
1125,1799,1380,325,1846,323,1649,1149,701,1807,1867,1830,1667,268,1823,301,415
1965,119,1647,1644,1477,1494,176,1782,1972,1913,1590,1806,288,1371,1530,204,1814
1295,1510,1706,1539,657,1551,141,1833,1751,1850,1753,1943,1421,1907,1494,301,1769
1519,1545,1774,1768,1786,1550,1719,554,181,130,384,528,1123,1571,1555,1354,1800
1562,38,1617,1593,37,1656,1642,1765,1574,1779,127,1362,1880,118,1763,1062,1677
304,1376,1782,1520,1734,1792,1828,1640,1791,1748,1693,1053,1072,185,1764,1627,1758
575,1777,1842,1491,106,1610,992,1619,1493,1835,1784,305,1753,243,1683,1513,1529
309,1779,1829,1340,261,729,1351,1503,1616,1556,1718,1522,1710,1638,210,1620,234
290,1741,1680,561,1592,1720,1512,1489,169,1819,1636,1714,1598,1850,1558,1833,1786
764,1214,303,1752,1530,141,1740,1635,1503,1819,1649,1684,1820,1791,114,1757,836
1685,1587,1480,1544,1479,1605,1730,1595,1799,1812,1702,1683,1697,1586,1763,4,1809
1772,1596,1658,1571,1530,1650,1744,1620,1589,1574,721,800,318,1905,1544,199,1619
1827,320,949,1680,1484,124,1640,1671,1781,1593,903,387,101,1949,1698,1755,119
1550,1610,192,1508,1928,1828,199,550,1481,504,1670,217,1382,1095,92,320,1785
1845,1749,1666,1515,1942,1531,1627,1509,1380,1972,1520,20,1635,1153,1851,1705,1715
1733,518,1715,797,552,701,1798,50,1687,1332,1859,1872,1493,1779,1392,160,42
1645,1762,1550,1819,1745,1850,1695,1747,1596,1561,317,1974,96,666,872,1960,259
1804,1798,197,1603,1354,1687,1574,1819,1601,1678,1504,89,465,1631,1000,165,1161
1099,518,1477,1691,1950,1802,24,661,237,862,1653,1810,46,1365,1702,1515,79
1825,1383,1684,1585,1617,1912,1749,1540,393,1626,88,1269,1775,1661,1844,285,1791
1787,1535,1705,1850,1763,877,1014,165,1184,391,1606,151,1511,1566,294,1378,1723
570,1467,1625,1493,1846,1770,1495,1701,252,326,1498,1534,1411,1515,1697,1843,1508
1716,264,1766,1601,1715,1531,131,259,1478,154,1852,1742,60,1751,210,208,397
1627,62,1224,123,1653,1395,1664,77,1755,1818,193,1541,1518,1619,1530,1906,196
1771,1683,1904,392,1558,1652,703,1392,1718,1411,1780,1550,1840,1661,1537,1505,1828
544,844,1771,1726,1814,228,1663,1638,176,1780,1651,1733,1574,186,64,1650,122
219,1699,1853,1943,1732,170,1392,1947,1977,1785,1311,1515,1566,1748,16,312,1599
1784,307,1558,1679,253,1721,401,840,113,208,1906,1543,1502,1117,1787,1176,1680
1803,955,1530,1773,217,1493,1514,1113,552,1719,1250,1780,1816,1554,1896,1830,1791
1094,1682,1673,1392,1527,1760,735,558,232,1576,1655,1653,1612,423,1721,1613,1215
1848,1172,1391,1326,1681,1645,305,1960,1840,1527,311,481,60,286,709,1776,1488
1070,1845,1534,216,1855,1664,1652,1905,268,1579,1055,1062,1647,1592,1645,1724,1848
1671,1649,1906,1521,1721,223,1944,1660,1663,94,1613,1811,973,1732,1129,1344,1710
1499,1578,1838,1822,61,1615,1557,313,1849,1614,43,372,1518,677,1789,1712,260
1807,1020,1706,250,1907,1829,192,1002,74,1718,1611,496,1930,1601,1487,1137,242
1536,1622,1850,366,1732,1781,1605,316,1354,141,1751,333,982,1642,1518,1760,140
314,1671,1836,1518,1610,466,1683,789,1070,90,325,1804,1587,1527,1702,1834,260
701,101,1387,1492,1536,1735,1753,1509,1354,1822,292,133,793,1763,1956,61,696
1727,131,1798,1652,138,1823,972,1771,1622,1816,1523,1524,976,436,1703,199,1838
1517,251,66,271,1840,1493,1595,589,1612,1815,1774,1807,1896,1548,1588,1828,1809
1849,1634,1394,1897,1497,1731,1509,1493,1678,1601,1525,250,1827,1692,179,1756,1448
1030,285,1654,1812,1707,1660,1827,1583,1311,1823,1811,1562,1653,626,1852,1641,1531
252,1137,1482,1733,1902,14,160,1534,274,667,1558,724,1593,990,1499,155,1542
1799,1187,1547,872,1922,87,259,132,1543,1609,1251,1729,161,734,510,992,1635
1687,1631,1506,1857,1723,223,1535,934,1611,1545,143,238,1784,1748,303,241,1774
1796,1511,1332,543,1744,1654,1546,680,1831,1704,1390,1663,1787,1948,1824,1595,1695
1793,1624,1892,1714,1292,498,199,153,1583,1681,118,1836,1841,159,1070,1807,1778
1395,1659,1684,236,1719,1584,1582,1676,1731,1825,1638,1554,162,1643,1705,1523,92
143,265,1685,1751,277,1624,1692,1925,1593,95,1608,92,1810,190,1505,285,1723
518,1687,1544,1720,1611,1190,1708,1578,34,1666,1172,1102,1798,1543,1553,89,1695
758,1807,1524,1857,160,1723,1256,310,314,1765,1826,607,1510,1557,1617,1476,1822
1679,1937,1682,1685,271,1907,1855,130,191,1837,1646,305,1542,1833,242,132,1970
105,1821,1522,1734,229,220,1897,243,1765,1967,1615,1957,1686,202,1503,599,133
1589,1082,328,181,1735,501,1855,22,117,1520,1534,1836,112,1802,1669,384,1521
1482,89,1529,1731,1770,1342,1502,224,1700,1632,114,1652,1644,1717,1646,996,1610
1261,1960,1502,1696,1811,1946,1118,1805,1615,131,165,1557,1529,817,1710,452,1694
149,1707,214,1643,1844,1627,1615,1562,162,308,1559,1893,198,1476,1507,75,1762
1782,1774,1533,1630,1372,1559,1912,1610,815,1315,1688,231,1526,1618,281,535,192
1905,921,1223,1651,1788,1685,1380,180,216,1574,439,1585,1199,1793,1850,1622,1632
1723,1881,1369,1242,1475,1697,1639,1793,966,161,1308,993,1693,1489,199,1709,201
1599,1786,1495,249,1928,999,1672,156,1774,1593,1267,1610,1747,1669,1512,780,1255
1501,1595,1821,184,1902,1681,1312,1776,1552,1729,14,1703,144,1987,1700,1541,257
216,1270,1956,1516,1590,1645,1837,1612,1840,1906,1764,1717,1661,1749,1829,1657,1767
258,299,1279,1715,441,1627,1705,1197,269,1641,1701,1852,986,304,1790,262,149
1822,1710,326,1902,355,1781,1577,148,1687,1058,1274,37,154,1488,1523,208,1662
1506,107,1701,1712,1666,1555,1738,1592,264,1642,1184,1540,1939,1677,1762,667,212
260,1775,245,1509,1724,1758,791,1111,1772,1851,1686,1547,1615,1629,1880,1554,1834
1547,1528,1851,244,1559,1872,1961,1583,496,1321,1519,1259,1793,429,652,1506,122
1630,1713,320,1496,1747,1726,1812,1906,1632,1552,1653,802,1839,326,1725,1359,1848
287,1924,1745,1664,1518,1718,1832,870,1695,1002,134,177,1379,1906,1814,169,990
1525,1688,1733,1605,1615,250,1503,1661,1527,286,1662,1599,1104,1639,1608,1492,1641
98,1801,1520,1531,1069,717,178,1961,1635,1498,538,1944,93,286,1734,927,89
1712,146,1627,805,1682,867,107,1860,648,1019,1533,1975,213,1737,1844,137,1746
1766,1763,1600,1576,1760,1795,1809,1688,1831,1703,1702,198,1807,1607,1383,1770,1881
1966,260,1695,1958,84,1738,278,1822,137,1703,993,1192,732,1791,1760,1477,253
723,1789,1844,1751,1794,1772,1517,1745,283,1636,341,1501,160,1021,208,312,1510
367,1597,783,1701,1518,1777,129,1913,1642,268,241,1387,289,1521,1950,1552,602
1506,1617,1478,1799,1850,1510,421,1825,1557,797,1660,223,1797,1481,1908,108,1552
1696,165,300,1732,1497,193,1630,1765,1253,796,1608,1683,1531,1651,1905,1496,714
837,1500,141,1576,1820,288,1826,1547,1631,1727,1512,1704,1395,1489,1961,1594,1837
1414,1498,619,1821,1705,470,1815,179,1480,1816,1775,1676,1951,1531,325,1503,1796
1502,1781,182,1622,1740,1496,1670,1782,185,1801,1737,1944,1806,1847,1598,1866,179
1679,1782,1381,1853,1528,1584,1618,1669,127,1755,1804,328,1768,1706,1816,1655,1070
1510,1734,304,1707,1557,733,1637,1716,1777,1843,1395,190,1589,1627,1545,320,151
1854,1850,1818,1790,1621,1641,587,315,1793,1537,221,1231,137,1568,1786,1802,1599
276,369,266,1975,271,1491,165,480,1811,1640,1905,198,1482,1243,1502,1782,1650
1690,392,1644,228,1693,723,1677,1500,1845,279,1561,1141,1004,218,1586,230,1582
1597,545,1853,1626,1675,1763,192,1049,1529,1913,1655,1480,1871,1724,372,1635,478
1741,105,1627,1594,1584,1447,1788,1493,142,449,1117,1961,1760,1311,1840,510,821
1193,69,1909,268,1767,116,276,1675,1745,301,1723,1681,1494,1913,275,1683,1645
1794,1741,1544,147,94,1590,1823,1816,1775,1053,1515,282,1580,84,1892,172,211
1801,1768,1760,1656,1605,1594,1633,1611,255,1835,1832,1144,1638,1652,1680,1944,1592
1898,1478,1362,1452,1499,1616,1715,1855,1601,1211,1551,1669,1639,1738,1974,1254,1483
133,1723,169,319,1491,1657,1680,1561,1588,1842,1814,1529,234,894,500,1509,1393
1827,1793,1509,1498,240,1387,526,1811,1739,137,1475,1660,716,39,1833,1616,1743
91,1547,1761,1501,1030,1563,1689,118,1932,1759,1312,1591,184,190,1638,126,325
1545,500,1534,206,1836,1814,1480,1731,1537,1515,1809,1563,1661,713,1821,1608,1835
200,334,436,1728,557,1573,1861,1643,1590,1524,1513,1543,264,1781,228,1722,1801
1833,784,1257,1528,593,1105,1733,296,1624,1908,1835,1534,444,1677,1605,1758,155
1598,1478,1580,305,1496,1909,268,1530,143,1449,1781,1702,1942,1831,623,180,121
1499,1051,1669,1803,1671,1498,1478,204,150,140,152,447,1643,265,1558,1618,1505
129,216,1378,1961,763,552,236,1089,1489,1597,1603,1948,1544,1524,1519,281,1611
1106,1836,1578,1947,749,652,1201,98,1845,1500,251,1569,1495,1851,1539,1776,1497
1767,1969,1760,1746,50,1815,1747,1741,803,199,51,105,191,1740,1451,1600,1743
1905,1596,1388,236,266,1544,1515,1486,1833,1543,1030,121,1854,1819,1665,1528,814
1574,587,1492,97,781,1476,1556,1815,1693,313,1741,67,1631,1964,1581,1701,1913
1639,1906,169,1697,1696,1504,1922,842,1808,1769,878,1668,1854,1718,782,1772,1768
141,1269,1819,1171,221,785,1553,1773,1939,1538,180,1892,1688,1834,1596,1594,1616
1819,1196,1705,1622,1634,14,1837,1379,1637,1665,1745,1554,1734,1722,1498,1969,1696
1847,1127,1789,1852,1778,1848,629,1381,1772,1580,1816,1805,1531,51,210,157,1780
1797,1922,1522,1582,1648,182,145,1906,1469,1477,1713,86,847,1107,1964,1239,618
1694,889,1759,1534,1787,1693,1560,1741,1526,1684,178,544,1641,1708,1681,1542,1731
1698,1703,124,209,1828,1597,128,1535,308,1664,112,1706,1857,1099,1670,250,624
1519,1616,1893,1924,1656,1906,1625,1684,138,1829,1850,1855,1940,1067,1621,1842,1480
1756,1624,176,1545,1787,1739,324,1670,199,1531,1969,1771,1848,619,1507,1760,1750
1909,113,1940,1483,1784,175,1527,1691,134,691,1763,1237,1850,1748,1708,1806,1735
1509,1580,5,1803,263,1647,1746,1755,1689,1814,1722,445,1786,1855,113,1643,1941
1512,131,1079,1717,1613,158,1477,92,169,1774,1644,1630,1605,1857,1853,1566,1627
1378,1585,1857,289,1540,193,1954,287,1654,1480,197,1745,1379,1529,1478,1824,1562
383,1694,809,1624,1851,137,1520,1772,1911,1910,1391,1745,1557,1548,1747,249,14
1793,1612,1501,1394,276,1689,1636,1770,1807,80,206,1643,1909,1783,1758,184,1459
1816,1749,1665,459,1829,1840,1765,255,143,1384,273,1519,1580,1813,1828,1740,1827
1763,814,1594,1940,1593,1698,1783,65,1635,222,1707,1912,1685,564,1742,1701,119
1679,1383,677,1553,377,101,159,900,1592,92,1830,1701,84,203,961,1597,1832
1571,1476,1666,1639,94,1763,223,81,1545,1579,1519,803,1729,334,1716,1566,1613
1703,1586,1508,272,1754,1748,302,270,1600,910,1507,1909,163,1725,197,1708,275
1494,1526,57,1508,1961,1529,1746,1546,1647,1739,1476,1909,1501,1775,459,1565,1850
1386,158,1559,1153,1648,1504,1847,1523,1693,1623,1732,1701,1833,312,1828,1553,1658
285,165,1305,1845,163,1585,1387,1507,1599,129,1489,1720,794,1789,1696,1551,1072
1396,325,1823,319,277,1702,1764,1772,1814,1953,1381,1179,124,1484,1527,1845,1394
1845,1760,1894,1719,1762,628,97,1639,1805,1840,1260,1806,1551,610,1149,1842,1492
1392,1977,1503,261,1475,207,94,1648,1488,289,1668,119,188,1773,1391,128,253
1805,1841,258,1486,1687,434,1795,1662,1613,1825,1372,1641,1797,142,1483,1906,153
1642,1826,1533,1712,1834,1657,1697,1806,1776,201,1734,1802,1569,1975,1554,1767,464
1391,192,379,25,1824,1733,1792,717,1829,303,281,1595,1770,1790,641,1523,1684
585,1523,1132,883,1385,1746,1320,1678,249,1668,1850,1481,1542,1672,564,139,1599
212,1721,1722,1620,1820,1632,1767,1566,186,1649,1482,134,1541,1655,1656,1682,1624
151,302,517,1649,1698,1833,13,245,1829,1641,1899,1668,1912,1470,1686,317,258
167,1479,1536,1789,273,697,678,1846,1507,1546,434,1669,1686,231,1491,1069,1823
1835,1070,1372,1588,1621,649,98,261,1665,622,1604,1379,1739,1109,108,679,1507
1777,1761,1604,136,1679,1807,722,1377,1491,1602,1814,1955,1669,1513,1490,1503,1655
1790,1777,1690,1046,1811,1576,133,1562,1894,1663,1380,573,1645,311,1514,1632,41
1675,997,1648,1763,223,1561,1952,1800,1930,1598,1849,1818,196,1567,1511,1571,1925
215,281,1555,197,1850,1606,1071,1531,1529,1641,193,1383,144,574,1755,1855,1701
6,230,1215,1812,843,1482,1560,84,1797,1754,1735,1716,1586,1570,1906,1476,1435
1381,192,1199,1573,395,641,1754,1952,1513,1616,1707,1830,1785,247,1972,1692,119
317,1646,999,1779,1656,1841,733,337,1731,1519,1563,1070,1692,313,1632,192,1912
1826,149,1486,1611,1606,42,1040,1808,344,1117,1780,973,1143,1824,109,691,274
1971,305,1830,376,313,304,1591,1957,302,257,147,1906,1974,163,1963,595,146
231,1660,1907,1795,944,1364,1751,326,1813,1553,1575,47,1615,129,1695,1353,1512
1909,1801,1846,1782,1618,1486,42,1771,1682,293,1692,1840,1092,1594,1806,1573,1774
1678,1233,80,683,1747,1799,1662,1395,1846,1541,432,87,1510,1048,1808,226,1661
1486,1841,99,874,1646,633,322,1729,165,1499,1577,89,1554,296,1779,1452,1576
1682,1527,844,486,66,319,1832,148,1833,1802,1239,1532,1714,1768,1480,1747,701
1650,1578,704,1680,270,1953,895,260,1800,474,160,207,1780,1756,95,321,1667
1614,1650,1818,1072,1788,460,1537,310,22,306,95,1956,824,1911,1498,263,1717
1687,1667,1825,1783,1395,1749,1809,1392,1681,1686,26,117,203,1394,1072,1765,1906
316,1607,1526,129,893,698,1802,1835,624,164,1859,1589,1952,669,781,1763,1682
1494,369,1503,1693,800,1512,697,208,565,1625,1616,1490,149,1652,1582,1535,1715
1843,1704,190,1749,1702,1769,1508,1660,1747,951,900,103,1978,316,1715,1819,120
789,489,1598,1605,1912,271,1569,1568,1481,1752,1841,1719,1310,1977,1743,1811,1163
1775,273,122,1526,252,1139,1486,553,1605,284,1535,1480,1855,132,1002,1711,1804
1495,1530,357,184,134,133,1543,1677,1798,1516,1692,1555,1383,1635,1574,1816,1561
1709,1188,1268,1842,313,1741,1801,1776,1844,1838,1937,1523,1759,1954,1730,1689,1687
194,1950,1679,1744,1475,1830,200,1938,282,1676,1748,1621,1690,176,1733,1776,481
114,1626,1721,1846,1073,1523,1655,1539,1673,1204,1392,314,1642,1395,1607,74,1731
1757,152,1382,1585,235,1503,1682,768,1709,1814,135,830,92,165,156,1731,1582
1763,281,1546,1499,1823,1661,1568,116,1355,1942,1655,1720,793,1537,81,1826,55
254,1815,1753,1513,489,1654,1694,1501,1524,1600,1505,745,1562,1572,1906,1497,1531
1613,1851,88,1622,1057,1775,1913,1928,111,1754,986,1478,1732,1553,324,1578,95
323,794,1792,1569,1777,1495,1978,314,1743,1660,219,1761,1354,1684,1674,1616,264
1657,227,161,891,1650,1744,1893,300,1722,1523,1394,1778,1717,124,1824,1700,78
1621,1651,456,932,227,1191,1669,1814,1604,123,1524,1544,1765,1842,1749,1832,318
1544,1599,133,1851,1627,253,953,1912,1033,519,1776,1973,1822,1577,1549,1094,1711
68,1616,1628,1105,1646,303,1561,1353,399,227,1653,1622,1721,82,1520,1268,1772
1180,883,1843,84,1680,1816,1796,1578,1719,324,1612,1815,1511,1294,1211,70,1856
1488,1341,1781,849,1584,319,1606,1656,1817,124,1658,1599,971,256,1601,1560,1769
1874,1899,1312,219,1842,1768,1735,1368,767,1538,1815,1945,202,1596,1822,1750,1643
1619,207,1492,1654,296,1589,307,1838,1817,1571,1779,1651,1425,193,1813,1673,1899
482,1356,691,1487,1930,1768,154,1592,1584,90,256,1946,83,526,1578,990,172
1655,1480,1819,1562,76,121,969,1573,1199,526,1734,1820,1539,1599,1749,1566,92
1365,1839,1977,94,160,1759,1154,147,1912,318,1626,1705,1849,1071,564,201,1590
285,295,554,788,1784,1560,177,157,1908,1724,1649,1582,1485,135,1969,1670,1704
1684,225,1710,294,1810,1850,1846,1392,102,1716,230,123,87,1618,1527,1849,1809
1822,1803,302,1141,1515,565,1250,293,16,237,298,1631,1774,1537,1844,1676,1732
1625,1708,323,1607,1681,990,83,558,223,121,1752,1540,1746,1816,1910,1549,1685
1792,1789,1605,133,1788,1850,1372,25,287,1842,1927,1228,103,1537,96,1204,1659
1704,1808,1634,1480,1676,1652,262,1483,358,1754,1825,1829,283,1693,1331,169,1580
1479,613,1176,1668,1679,1612,1378,1558,1537,227,1667,1345,1494,1572,1510,305,792
1694,95,1765,1618,1778,285,1791,1200,1479,1826,1555,1537,982,1523,401,1071,891
1705,1563,1608,196,1855,1950,728,801,1564,1697,284,1545,1651,1770,1743,1834,1815
1619,1697,102,1487,1601,1764,1574,1158,1768,1665,1746,1681,251,214,1684,190,1836
168,121,1810,285,1933,1805,1486,1624,1921,996,1824,1573,1746,1475,1136,1816,1905
1699,1571,1668,1070,1754,1557,191,1726,1650,236,750,1504,1477,1795,234,1515,1600
1608,1503,1834,660,1611,1479,1636,1060,226,1533,1857,1612,329,196,312,1536,1855
997,1800,1477,1930,1533,1710,1947,1496,1984,283,1628,19,571,246,1674,1189,442
1670,1660,801,1838,1573,1662,101,1809,252,1503,798,852,1687,1563,1814,167,1515
88,1480,1987,287,1849,1771,1003,1529,1822,1660,1596,1712,122,298,273,1392,502
1709,1375,1682,90,87,1635,705,214,1490,1817,1624,1616,121,1700,1825,59,1484
518,1642,1677,214,1698,1708,207,1906,1855,489,1841,1535,700,1170,1599,1516,1719
1521,1787,344,1548,717,1645,495,1000,1083,1850,604,1759,1512,1912,1531,1672,1622
1691,1686,179,133,1818,600,1032,802,164,1764,376,387,1485,1641,1557,1339,832
1607,1487,300,142,1735,251,162,1778,1825,256,1609,244,1673,1808,748,1501,302
1742,1829,1851,440,1550,200,1585,1843,1754,1481,1514,1815,1770,81,1795,1539,1838
1758,1888,1811,1488,1571,1652,1698,314,1777,737,1716,1256,1984,1117,190,1593,274
1738,1729,1741,1280,1567,212,1800,1614,1845,1795,344,1612,1840,1602,1899,1491,1355
1569,1179,987,1966,1765,1544,1657,1784,1568,220,1622,1574,1828,314,1642,369,1850
119,502,1845,1965,237,1564,1795,271,1639,1682,860,1488,1487,225,582,205,1070
1749,1055,1754,1702,1744,196,563,1760,705,1664,1371,1494,335,212,1574,1631,1850
1523,1540,920,1650,1504,1685,171,1691,250,1719,1639,1503,1638,1735,181,1910,1853
392,1381,1646,1780,227,1118,180,648,1476,1323,1527,526,1578,1602,1556,1673,247
1538,1541,1576,1857,1669,94,1812,204,241,1754,1394,188,1834,1845,1568,1807,1913
1510,1765,197,124,718,645,1818,717,1794,1519,1298,255,125,14,1505,1635,1911
238,1772,1507,162,1854,248,547,1494,1878,1612,1830,91,1713,1515,232,1709,1969
1654,1591,1079,449,1550,1563,176,299,1755,1310,1391,64,1528,1579,1070,154,1593
1527,1483,1521,1773,198,1533,1884,1579,1535,97,1362,1815,1536,1493,389,1616,1503
1705,1643,166,717,400,1669,1489,1611,1719,1846,1657,1796,216,1653,1376,893,1624
836,1564,1818,1880,34,1682,428,1757,64,1669,1742,1810,1641,1907,799,1594,1942
1807,188,1416,1742,44,1765,1881,1633,1789,1643,583,703,1524,1722,242,1683,1496
1763,529,1842,1874,1821,552,89,297,1492,1818,1974,556,1795,47,277,1064,1736
288,1831,1802,950,1487,1705,1798,112,210,805,1701,1522,1844,1699,1692,1913,1544
1713,1723,787,339,695,1829,1765,1733,196,1659,222,1972,1912,1710,1483,1625,1677
1552,667,28,1736,564,1663,1696,1786,1705,1561,1910,1396,1670,1830,1905,1309,307
1487,1673,945,1591,1636,1486,1538,1338,1860,1974,1073,246,327,80,1497,1556,1602
119,156,1557,1319,90,1544,1479,1523,1541,318,361,165,232,84,1680,916,1763
1769,1394,1797,1187,285,1605,1596,1282,341,1009,1826,296,333,187,314,242,828
293,297,1651,450,735,1789,102,1764,197,1507,154,1547,1478,1774,1525,895,1855
1500,272,1823,1753,871,212,1627,289,1705,216,373,1072,1801,1707,83,1763,1790
1620,1734,1906,1689,261,1523,1567,1534,158,368,1480,1832,46,812,1737,1950,1559
1527,586,1485,1575,1521,281,1603,1538,1513,1598,1288,214,1746,126,1709,326,74
944,44,1265,1701,1578,191,1676,225,1506,1501,1361,351,1504,1770,1673,1808,1644
1678,1541,1682,1392,1739,1584,1373,1684,1741,1500,775,1097,80,1850,278,1736,1845
324,1586,1582,1609,1678,1691,1623,323,1922,624,1480,166,1706,1479,1807,1475,1824
1729,149,1934,1665,1383,111,128,110,242,597,1556,1312,1668,849,1579,1706,1730
213,472,103,121,1845,1679,1801,1536,1553,1527,1300,1731,1378,1710,750,1764,1496
1479,1035,1760,119,1619,1620,1795,1646,1648,1511,1755,280,1740,210,154,271,1805
641,1570,1952,1555,693,751,1596,1610,1693,1828,496,1789,1757,1787,1516,1969,1385
1578,136,1911,319,1575,1190,1687,1589,116,1233,1562,725,1913,1509,64,1804,702
225,789,1857,1493,1851,293,235,1745,19,1054,1936,1635,1583,1674,1813,1365,832
1123,1541,626,1711,1672,1771,1796,1757,1787,1825,1544,1835,1652,201,1907,1388,784
1737,1509,1681,1736,596,1698,1190,1498,317,108,1750,115,1671,1629,1769,1562,1546
1571,1633,548,1737,1678,1761,146,934,84,1849,1747,1806,1680,1797,1657,1674,271
346,1775,1561,1737,37,1736,193,1099,1598,1519,1548,1575,1506,47,1499,1832,235
1905,1629,1801,1821,1211,868,1744,1639,1559,1459,1570,111,1692,1595,1611,129,1541
239,1849,1190,44,180,1795,1933,323,1664,1592,205,1757,372,1619,1543,1764,1830
1777,1696,988,1768,81,1663,486,1619,1482,1486,1765,1188,1980,1857,1829,1636,1366
1747,1814,1639,1702,1822,183,259,1799,1704,286,1189,1618,891,1722,1824,1753,243
1922,1556,1907,1769,292,1602,516,1697,320,1700,1615,216,1699,866,1855,1647,1497
1799,1825,217,404,1525,1817,1730,685,152,1847,96,1384,111,1477,1515,230,1848
1009,1619,241,1521,1492,1913,1942,205,1729,1394,1362,1752,1553,1168,1481,1829,949
161,126,106,1957,1762,1848,313,101,1520,321,1829,1720,258,834,1557,1671,1783
1612,1836,1814,1819,1760,1596,1623,1820,1549,297,1683,237,910,1538,160,1633,1561
1540,1946,255,1566,1486,1689,1777,1911,294,1978,1638,1835,1796,1064,86,1789,1534
160,121,601,1485,1691,1912,1652,389,1552,1810,1515,1512,1030,1894,1540,1562,368
700,1734,1754,1391,1142,1823,1707,198,1663,145,1614,1340,1800,1669,963,1746,312
1825,1626,1599,1769,1565,815,1704,251,1679,1767,1564,1854,282,1543,1911,1853,1496
98,1501,1790,1359,1734,1854,1629,267,1813,1242,1845,1775,1809,1676,1482,1742,1552
1560,1633,1632,1660,1852,1578,1946,1830,1195,1776,1670,227,294,1509,1237,1585,1684
1812,193,327,1532,1922,210,128,1739,188,1566,1829,1853,1968,579,1797,540,1839
294,1822,208,1578,1525,828,283,201,1820,1622,1390,1785,1498,312,274,1754,1658
1603,1073,334,1747,1555,1854,1786,28,399,111,1628,195,1943,1575,1763,1484,1117
263,1954,1659,295,300,1762,1708,1692,1338,1740,211,1661,1806,1599,1551,1512,1842
246,368,1926,1741,199,1491,1365,1560,1846,1671,1677,964,1661,953,328,1852,1689
1832,1476,1531,1483,266,1389,632,1544,1703,1716,996,781,1961,1528,1585,1740,1674
824,607,206,1907,45,1511,1905,1685,1797,1478,208,1549,1416,273,1798,1956,1591
215,1695,208,1585,1391,1637,1716,1739,1579,1810,1750,1281,149,1558,94,1603,1425
1695,1783,1571,1606,158,215,1779,446,1792,1630,1518,847,221,1748,1664,1642,328
1724,1517,672,1669,1489,1675,1522,1881,1794,1070,1529,1816,186,1535,1804,1666,1667
276,187,46,1837,1631,1706,1806,1513,1478,1845,1911,1685,984,1937,1527,1536,1759
1771,1927,1892,1604,1640,798,990,1897,1737,1689,1953,117,1783,1364,1857,1896,264
1619,1695,1689,1665,508,256,1627,62,188,1571,1694,1761,1737,697,359,1664,1322
1523,241,1662,1236,702,1784,1825,698,1777,1793,1509,1699,1553,1978,1623,1757,1689
957,1771,1689,547,1855,197,107,1894,1506,1716,1638,1664,1752,1507,1562,108,161
1539,1624,1528,306,1622,1361,1780,1380,933,1494,1739,1718,821,1144,1378,1480,264
1003,1659,115,1811,1910,1699,1507,683,1678,1679,1895,1499,1532,1845,1758,1907,1952
1825,250,1516,1491,1641,1698,204,283,682,1316,644,1572,461,1720,1809,1739,1529
1641,1109,190,1848,1635,1808,1825,28,247,1861,1491,160,1791,254,1535,1537,179
723,1556,221,220,1752,1779,1912,85,720,1703,1946,1906,1739,1844,1520,592,1674
1581,314,1079,1892,1501,1540,1632,261,1773,1703,228,187,1778,1847,1660,1508,1795
377,1579,192,1799,1562,1647,1475,1601,219,1519,1713,1711,375,1679,1389,408,1577
1118,1788,599,1073,1704,170,257,103,735,1644,1516,1685,1951,969,1642,1522,1604
112,227,1499,1504,1488,1527,277,1573,1236,267,1813,1652,144,85,1715,315,1541
1663,1911,441,1614,1608,1730,1708,357,250,1580,1592,147,1556,1760,1682,1040,1664
1512,161,1646,1354,1666,1701,1532,1819,81,1541,530,1468,1732,1797,1290,1910,1589
1772,1583,1823,702,1801,1646,1514,1527,1845,1781,1818,1512,1508,892,1808,1526,1556
648,1078,307,1595,399,1345,1906,1375,204,1528,1754,1777,1481,43,185,1791,1647
1683,1795,1497,1842,1624,112,1682,1744,1899,1386,234,1822,151,295,1837,992,1757
1730,1514,1668,1728,1626,1564,237,1569,1850,1082,1816,1941,1740,1556,1396,1796,1577
1803,254,306,1832,181,1746,242,1942,1895,1836,602,1396,786,1801,127,1712,1823
263,1686,1799,1514,934,89,1759,1776,1498,155,1215,1627,1703,1716,380,1553,816
1555,1972,1608,1773,1657,92,1567,1771,98,1765,1885,89,1690,1742,1778,1828,187
1310,1765,6,1824,1100,1576,195,1722,1508,649,1645,1732,108,1809,1772,1790,1729
620,1944,1825,1776,1492,1699,1390,1983,1605,1677,1878,231,1792,889,298,319,1779
481,196,1501,123,1942,560,1505,1566,1595,1527,1071,224,1823,1081,326,1618,1582
1790,1565,944,135,1669,881,1591,1499,292,1483,1521,1739,1780,1819,1324,322,289
1911,1762,1823,1951,1061,1609,41,1708,204,80,1847,1829,131,1488,101,1856,1845
1292,1579,1482,1631,93,1690,146,1483,1814,1944,1584,1806,118,1837,1641,760,282
206,789,85,1695,158,1716,1851,1781,1626,123,243,1618,1509,1526,1072,1629,138
1780,1727,1484,1744,524,1807,1735,1490,1272,1799,362,794,1550,1026,672,1616,216
1798,135,1544,1801,1619,152,660,1578,1681,1623,1471,1601,96,24,828,1807,131
323,1103,1813,1500,238,331,1846,167,1803,1682,1584,196,1623,1831,1675,219,1828
1894,1589,750,199,1812,1751,1525,1963,1721,141,1501,1507,1847,1722,1815,166,1663
1068,1736,1712,1624,1848,1561,174,1669,1907,1611,1769,1504,1767,1765,1244,1664,1524
1543,1907,1935,1853,1501,1393,458,1627,1801,138,1526,209,1389,1913,986,1931,810
1597,1516,1557,1594,1662,1510,533,1909,528,1830,173,1809,1775,1746,1729,1812,1385
257,1663,133,1747,1615,1807,1820,182,1855,1380,1549,1737,1792,1804,1543,1811,1484
1711,1696,92,1378,1742,1744,400,1330,178,280,180,394,624,1581,1961,1810,292
1532,1523,207,114,339,863,1665,183,131,1741,1624,1728,734,1795,1619,1387,1830
1612,1577,1833,692,1546,1752,120,147,1481,1795,299,1536,1772,1912,320,1542,1786
1476,1790,1853,326,1502,1818,1849,1821,1614,1557,1583,1679,1505,1759,1642,765,280
1754,1847,1609,1745,1849,298,1963,1480,1199,1825,1855,245,1857,1839,1741,1070,1517
1746,74,1484,1728,128,132,1602,1790,1748,207,1576,1575,1613,1623,1800,1026,1906
1485,1609,1620,127,294,178,1766,233,1777,1982,1526,1569,1564,1983,997,493,152
1846,1761,1672,801,1516,1365,1810,653,1703,319,210,1380,992,258,1787,1845,231
1489,1488,1516,1514,1848,1394,1910,1179,902,1548,1796,1567,1661,304,1694,1969,262
1502,1563,1715,1641,1424,1672,895,233,1523,277,1335,1753,1542,1697,1738,1567,1557
1952,1821,1851,1697,1562,1604,189,1485,1922,225,1572,268,78,1651,1857,1678,1711
717,1843,802,1816,1893,1218,506,1849,251,1502,1738,1567,1846,1582,243,1712,1812
1642,1737,1786,1834,1696,210,116,1857,1760,1883,189,195,292,151,1507,1742,453
240,271,1823,259,1785,1550,1718,164,1486,846,318,1479,1778,1745,1835,1764,298
1514,1548,1745,1426,1523,1911,564,1558,269,1646,196,199,1497,1575,254,1803,1486
1513,80,304,1647,74,1326,1916,1947,1536,1227,1664,1739,735,1781,1519,289,314
1718,1220,1291,1552,58,807,226,1841,1644,1743,254,264,663,1780,1818,1816,1912
1496,1071,137,1547,1791,15,1965,275,1573,1829,1708,1539,1817,1749,1527,1649,1665
1741,253,1544,295,302,1737,277,1578,1854,1743,1727,1989,1684,472,1766,1699,365
1567,172,278,1699,1515,1505,1584,1683,1553,1490,1877,1518,1774,267,116,1572,1830
301,547,1534,173,1084,217,1930,1670,1585,1496,814,1657,1846,1976,477,978,1578
1509,1848,1218,1780,1773,170,1634,1077,83,1493,1837,1501,1259,697,1498,1853,150
1892,372,147,220,1662,293,178,1689,1321,1513,1773,149,1666,1688,19,1830,1819
1907,1856,641,1669,673,138,1639,1768,1672,1962,1561,283,1658,1573,1485,1646,1648
1684,1619,1510,1525,152,410,1072,1655,321,1725,1808,1912,1322,1277,1056,1629,1838
1688,1640,1551,1606,1896,1714,297,197,320,185,1756,1570,812,1497,981,1545,1803
1574,195,194,1793,1943,890,1644,1827,311,1431,1500,1780,1634,1626,508,208,1478
835,1851,1756,1732,243,1605,1734,1488,410,1957,1746,734,1829,1687,1500,1196,1489
1814,677,820,248,1836,1614,291,1620,1782,1784,309,1532,199,1755,1536,1641,1618
1614,1479,1765,1911,1645,1631,801,1740,42,1637,1845,194,1495,132,573,1669,1685
1733,1700,529,1850,1610,1678,1684,1799,215,1796,1485,992,1585,1677,1559,1534,1520
1754,255,1382,49,1523,195,24,1658,1761,1567,1680,1594,1485,1907,1319,1646,145
259,1493,1897,1696,626,566,847,1793,1492,1073,315,150,278,1797,453,1646,846
1630,1719,1624,187,1580,1565,1724,151,125,1613,1691,1396,1494,273,91,1749,1648
1675,1537,1378,126,1773,1252,98,1722,620,1839,1833,807,1655,1628,316,1580,1714
1070,121,1708,943,1655,1204,1483,326,1642,1783,1499,1776,98,1553,704,1568,1832
1831,708,1826,1818,1312,1910,1296,1268,1585,292,655,1735,1632,1604,1638,1772,1839
1969,1762,1952,1565,1740,1442,1629,1778,1601,1752,1790,1930,345,1797,1538,193,1829
1641,227,1783,1558,902,587,1585,22,275,1566,1746,324,117,193,711,1070,1421
1951,1682,1940,1534,1368,1835,1695,1509,1531,113,86,1540,154,433,1669,327,1288
1091,399,1524,1568,1816,1682,1826,231,1844,1693,1602,1173,230,250,1492,1499,1603
1759,1489,1622,115,599,1896,1651,1733,479,314,1501,1471,1579,1790,1774,1253,1006
1615,325,1826,1970,1908,1909,1824,511,223,1759,1493,588,1815,1503,1708,1492,319
253,1101,1644,1556,1829,1547,1850,181,110,169,1942,202,1815,1483,1690,883,1620
1764,1808,1720,1888,1566,1485,1731,1162,1948,1795,1673,1750,323,1681,1480,1560,1835
1569,1834,1387,1649,1799,1547,226,116,1608,1363,1626,1767,1724,136,1641,1781,1797
1550,1476,1498,1722,1759,1333,1494,1767,1908,151,1860,100,1745,1770,214,1680,1588
1835,1678,1869,172,1580,1035,1765,1665,200,1770,1503,165,376,588,1401,1710,559
1797,1667,309,1817,830,1511,1815,1959,1379,214,645,1624,1750,1383,1332,1893,1592
195,705,1490,1676,1101,156,1977,1479,1618,1810,1567,718,1905,1727,319,1741,1539
1626,1791,1831,1818,1566,1506,1575,1943,1714,1384,1795,1666,1799,118,1837,1371,804
1797,192,1826,792,1791,275,1094,1746,990,1633,522,1855,1800,1667,832,267,1520
1660,234,1768,1840,288,1624,1320,686,300,256,1699,1819,1758,71,1519,1658,305
230,106,1773,1746,1480,1603,1593,874,1707,1771,1848,1370,132,151,172,1791,1694
1438,325,550,1337,584,314,1583,1265,1486,781,1761,1814,1549,1496,1560,1911,1559
596,275,1389,169,1765,1511,1548,1527,242,1519,235,1906,94,1748,106,126,1685
1744,133,577,1607,1534,1678,1640,1668,834,185,199,1806,90,1797,1906,1515,1743
1952,988,1782,297,136,108,1602,1756,1850,1681,313,171,641,1781,1947,1857,1718
137,1604,123,1752,1821,1318,1790,1520,1526,1658,1751,1702,1755,1715,1508,1804,90
1769,1940,1737,1695,187,1553,1811,378,449,1746,1484,1638,323,628,157,1685,789
1553,280,695,1636,1845,1623,1169,492,1771,1634,1826,1820,1601,637,1832,1946,518
983,1850,1500,1715,1014,1787,1557,892,76,1529,1366,128,153,1912,1617,1785,1519
588,1930,298,1794,80,1378,1827,1515,932,1656,1862,1580,1808,1845,26,1906,1502
1521,111,1691,1943,794,1687,1494,1601,316,581,996,1952,1912,1711,1624,1558,302
455,1632,1070,1486,1578,280,1508,1332,1510,1857,1589,1336,1109,1253,1224,1549,143
1696,1513,1808,1976,1587,564,1514,611,1946,1617,1503,1531,1676,215,1686,627,1025
1691,1305,1621,1592,139,1662,826,53,1640,169,1366,626,298,1764,1481,1538,1710
1698,532,1589,1072,1732,1388,1561,118,1584,505,1707,1623,1989,1000,235,1470,73
163,1513,1817,696,1545,232,1631,285,1854,102,1055,1477,1690,1811,680,1961,1657
230,1612,3,1731,1572,1654,1905,20,1552,1491,260,298,1551,123,1674,1099,220
1718,1646,1536,1734,1777,1000,160,198,287,276,118,570,1754,1674,1716,383,659
1761,1660,892,278,1611,183,1539,1714,1776,1627,1496,1697,1535,1966,670,157,1519
74,1833,1500,1513,1959,1599,1654,139,1797,1584,1740,1715,1840,1663,1376,898,1664
1679,1487,1737,228,1580,1076,1620,132,1505,1793,645,838,523,1503,1663,186,1175
1518,206,1521,1492,1812,1864,321,313,216,122,129,1396,194,138,317,203,155
1795,321,1770,1401,761,1658,1567,1747,1745,268,1659,1511,1687,1530,1367,136,1502
1772,1809,1646,177,234,239,1717,1528,1605,1762,1677,86,394,1523,1706,217,165
486,110,1561,1502,157,274,1720,1812,680,1941,1661,798,1545,125,1824,1624,823
1547,1692,1626,271,1513,1541,160,124,711,1434,212,1817,245,1623,1987,219,1688
