1822,1796,1673,1643,1483,1608,1606,1545,138,1913,1783
969,160,1569,1644,1733,261,129,197,1726,1792,1791
1612,374,1720,445,1620,568,1026,1535,1877,273,1831
1659,1818,1807,106,213,1594,1509,1473,1391,1790,117
1601,116,1647,1518,322,117,1501,597,1623,1264,329
1896,1552,1753,328,1911,1538,1725,1880,1638,1830,1556
1801,1435,1482,1716,1590,1690,1628,1564,1589,1840,1825
138,320,1670,1516,1792,1708,1503,1908,704,1665,212
1486,233,1659,1530,291,1481,1562,1646,1532,1343,1690
1492,1739,1483,1860,731,1895,1825,944,1541,1688,1815
115,1905,323,1489,1834,1613,120,153,1639,1768,1634
926,759,1949,1594,265,1486,1729,1814,1699,1627,1891
253,1842,587,1624,486,1543,1693,1805,1803,302,1516
1519,1812,1707,1654,1862,1768,1606,303,542,494,128
1692,1314,1376,1840,789,246,1658,1525,1524,242,1549
1590,1911,1563,26,1802,1623,1678,1681,1720,1675,1582
1674,1721,762,162,1484,1855,1649,1551,188,1705,1637
1584,26,1959,1712,1746,321,1917,1475,115,1809,100
1540,1562,1643,168,1542,1513,157,1665,1379,1770,1516
120,1682,1792,1625,1800,1905,1672,1492,1906,1524,1143
1809,1686,1796,1615,1381,99,1738,1627,1707,1531,1590
1602,1618,97,397,1555,1392,15,1712,1793,1512,470
304,1768,1780,1624,1378,747,1227,1683,1840,1680,1705
1732,1975,1495,1821,1842,1798,1596,1162,1731,1540,1407
96,1738,1561,1579,1538,1625,1696,990,1678,97,1031
1799,1765,137,1551,1912,153,1575,296,1624,1809,443
1616,118,1628,1641,807,1693,1505,998,24,1561,1582
1597,1561,1526,127,663,61,1626,90,1646,1531,603
1625,328,1852,1575,1691,58,1475,1566,1804,1511,1833
1083,1624,1366,192,1768,240,1852,1820,1487,1808,1519
1497,1659,1854,139,293,822,200,1604,1800,1832,259
1664,1779,1612,1655,219,1498,1573,313,1633,1516,1777
313,1641,148,1387,1787,1154,1812,1942,1843,257,1795
1291,1719,1922,136,1607,1779,81,1619,1671,1510,1428
1682,1494,691,1028,1738,1705,1475,1634,1390,840,1783
1598,1937,1820,237,1578,1542,1538,1814,1831,920,312
1668,1545,1769,1811,1606,1483,1587,28,122,1782,14
190,1073,1655,1498,1702,120,786,1425,144,1645,1777
100,1627,1704,1628,1895,1781,1366,1826,724,1491,85
1725,316,1483,212,1546,1745,257,1847,713,1957,1759
1680,127,790,1236,106,1723,1715,1379,232,328,1648
1856,785,1570,1846,1845,1972,1211,1767,1781,343,1519
1759,96,212,173,1776,386,91,1562,1574,1765,1628
1780,1515,1947,1584,1559,190,189,1663,1706,1801,1642
1605,1480,254,1587,1526,1616,156,1198,1948,1951,1808
1615,1378,1735,825,1684,1847,1738,1580,252,1388,179
1633,1653,768,1734,258,1702,1542,181,1599,295,16
219,1690,461,1735,128,1945,1550,1717,1923,1664,166
1303,1774,317,1760,1732,1798,1726,130,1475,982,152
1624,1778,99,1593,1483,1031,1729,1535,1627,1515,1804
1505,1715,1770,1667,1741,1582,239,1806,1482,1854,1692
319,1801,1677,1558,1752,1905,1685,279,1730,1838,267
164,1623,1080,1512,1729,1531,283,1762,1714,241,96
1794,800,1555,1106,1094,1594,1946,1600,1561,1588,1960
325,1703,1907,1847,1549,248,1912,302,1486,703,1726
1555,1708,1034,378,1651,1577,1354,1119,1477,449,1807
1489,313,1738,1731,1520,1713,1664,1790,1542,145,297
1534,1162,1644,1570,1375,1542,1725,1388,1575,1762,1865
1940,1729,1732,1480,1850,1795,1595,1687,369,532,1941
1521,1772,41,301,1830,1694,1101,763,1598,1757,108
1607,1849,1783,1705,1535,731,1071,1727,1559,1596,1711
680,1811,1645,692,1396,137,1760,1013,1797,1861,202
1524,1047,1306,1907,1596,15,1956,1699,1603,1665,942
172,1553,1583,732,1401,1799,1750,652,1822,277,194
1731,1718,1482,1659,1768,145,1739,1954,1493,273,182
131,1548,1724,847,1643,1095,1540,1338,1910,1728,203
1634,723,1643,1673,1980,1753,336,1625,200,1717,1515
145,321,1274,239,1724,1869,1557,1854,209,1584,1494
1849,1766,1475,323,1932,1603,1723,302,1686,1814,1485
1856,1717,257,1827,1561,1508,1690,1312,1730,1697,1657
60,1744,1804,1478,1551,1602,1677,192,1701,1358,1581
874,1617,1939,1835,1519,552,1634,1546,1639,1815,174
1804,1683,1527,1395,1828,1474,1850,1745,595,1940,1636
249,1847,1583,1320,1817,1095,1492,306,1900,1330,1688
1782,901,163,230,97,1600,1972,1771,270,1064,1847
325,1682,1522,205,174,1534,215,1757,1643,1930,1905
495,1946,1778,1697,1531,1567,1712,1797,519,1503,1746
1804,307,264,1542,1749,1835,233,1700,1778,1747,987
1833,1616,1737,190,42,1670,1684,1338,1799,1514,1907
1542,1637,124,1492,1140,1662,298,1808,1655,148,472
1813,1678,1718,289,1627,128,1714,1556,1500,183,1489
1736,1745,1911,429,205,1578,1718,1567,1808,1771,48
1731,1514,1949,1838,1524,1575,1547,98,1365,797,1744
145,1796,1566,1548,1701,1944,206,1612,1537,165,1750
1604,1644,246,879,1557,178,1380,539,1769,1684,1808
1895,1686,1724,1848,1558,1811,1713,281,1515,1847,1731
1501,1799,151,1520,1179,1773,311,1739,1798,117,1717
1716,800,1857,1739,1498,1512,1599,776,84,291,1652
1027,1594,1856,1729,1814,1073,875,245,1560,1860,1689
73,1795,1538,1794,1970,1381,484,1787,1906,1713,1672
39,1581,1555,1762,1324,1527,1530,1697,191,1573,1819
680,1852,148,196,1568,1856,1574,1513,462,1949,94
141,1886,304,204,827,1371,211,1827,1394,1775,218
1585,1396,1757,1619,1647,1569,1697,1970,1775,1723,1770
1378,1581,1496,1834,1626,128,185,1603,1563,115,834
1630,1827,1698,1524,1573,1841,946,1756,1592,1578,1838
1756,1733,1115,776,697,1476,1852,886,1831,78,1846
129,1655,1980,1811,1268,1948,1844,1684,1485,591,1481
1765,1828,1476,1833,1529,1749,1231,447,1526,1550,203
1819,1796,118,1476,124,624,1793,219,1522,1911,1831
497,1704,1652,1490,1739,215,256,1015,1523,1656,1394
1809,1071,1494,95,1766,1490,1510,1484,1599,325,235
1519,1720,1625,1314,1802,1973,1509,1785,325,1494,383
1798,244,262,1715,235,1580,1501,1645,1388,1720,1912
81,1542,1670,1545,1808,1784,1513,242,1881,1672,208
799,688,1383,1653,1856,1761,1816,308,1655,128,1396
1844,1810,1655,256,349,1480,1628,281,1502,144,1517
1819,1759,1710,1670,251,1570,259,1262,1612,1648,221
1755,1602,1660,1556,4,1530,1820,94,263,644,1497
1237,1544,1785,1762,1639,1489,1941,1543,993,1947,1894
1851,1559,1715,182,1989,855,633,1975,1748,255,1045
1614,1581,1592,1710,1661,1613,1709,1677,1493,500,1375
476,1817,1549,1492,1590,1837,1623,1818,1598,425,1737
1905,449,166,1961,1553,1631,123,1948,1570,1574,1546
128,162,1837,1710,621,1712,143,1766,1606,1705,257
289,1592,207,1596,517,1970,1860,1910,187,1320,1831
1860,282,1718,1538,1402,1516,291,219,1582,1566,1268
1770,1807,1907,490,150,722,1282,1673,275,1756,856
249,1534,222,1539,1656,1930,1565,839,489,974,1840
1822,1520,214,1708,1940,1071,1029,1614,510,1266,1628
1711,1370,281,1554,1256,1507,1869,1518,1597,987,36
186,305,1799,1541,1574,1985,1844,1754,1895,1603,1729
1544,1516,99,133,68,1580,1805,1646,277,1850,1710
405,1589,1763,1594,1680,986,1754,1769,178,165,1514
231,747,320,1595,1610,1661,1373,1763,1731,211,1678
1514,1581,1734,1839,1510,1707,1924,1575,1662,1483,283
704,1714,191,1857,187,624,1659,1588,312,1883,218
596,28,1763,174,1479,1700,1584,1906,460,200,1677
1769,987,1480,932,1527,1852,1596,1856,463,1734,1865
1783,1824,1665,1486,1560,314,1830,1711,998,273,1700
1085,1394,1798,286,1659,1682,103,259,1695,1537,1834
1631,325,1747,797,160,1787,122,1509,1540,233,1907
1543,1528,699,1620,1307,1600,1856,1622,279,1534,1644
971,268,887,232,1599,1786,453,189,198,1373,1587
183,1557,1689,1792,1511,317,261,1483,945,1539,314
1941,1610,280,1846,1369,1821,1819,1825,1554,1696,1533
89,1036,1672,1735,1595,1564,777,307,1483,1714,1894
1572,222,1584,1575,218,1941,176,1543,1847,1548,1839
103,1697,1385,1754,98,311,1763,1764,43,310,1827
451,1658,380,116,1783,1610,1849,1704,1674,1542,1249
1814,1586,631,1551,1534,1203,1854,1485,1667,1779,1570
1838,266,319,1783,1834,186,1822,1659,1771,269,1786
1529,818,624,1070,1771,1778,1732,97,1527,1950,1709
1703,1789,1633,1792,1477,218,122,429,1817,177,1499
1968,1503,797,1636,1656,1754,537,26,1655,413,1749
1486,226,1906,1595,1768,1846,1731,1706,1896,1611,127
1478,1064,1564,1646,1479,1780,140,1794,93,1608,1852
238,1743,452,35,86,1803,1810,80,160,1729,1627
1799,286,1263,902,103,1712,674,1711,1522,1772,422
1396,784,1122,1527,1603,1506,649,1779,178,105,167
1642,234,1264,1736,1688,134,1793,1630,1582,1552,138
1672,867,1841,84,1955,1689,1744,1630,1789,1518,206
1607,1900,1761,997,1275,1650,1581,1767,1719,1713,1835
782,259,1904,1503,186,1826,1064,764,1685,526,1256
276,545,1538,1907,1682,1557,1071,152,1593,1303,1570
1630,1978,1176,276,968,1818,279,1569,1947,1782,1664
1780,1747,1812,109,1909,220,1911,1482,37,187,113
1826,1631,1661,1730,1715,1816,1637,232,1764,1874,1611
1704,450,1735,1847,1483,1599,499,1433,1758,1949,1668
1621,1754,1905,1612,1630,1559,1644,302,1674,968,1836
1672,1756,1481,60,204,1930,1835,1758,1550,1496,1683
1665,1780,1940,94,59,1912,796,248,1754,1796,1722
1482,1661,1500,1517,230,1941,1785,491,228,1485,1635
1701,1543,1939,1568,229,1787,1664,282,93,1565,582
1657,1071,230,1839,1576,1783,1573,1951,1687,997,1813
1601,799,1069,71,315,1676,1488,1090,187,232,255
1644,313,1604,1579,1798,209,1758,1776,1686,115,997
1692,54,890,1671,1987,1476,1496,1881,1534,1085,1628
89,1756,1598,1731,1633,327,1826,1520,1661,1085,386
256,1539,1556,161,1479,115,1666,1186,57,1391,1847
1578,1512,1627,442,1702,1932,1799,1492,1757,1785,74
801,110,191,1606,762,649,1846,1727,1475,1644,1650
1909,122,1947,1035,1518,1812,1755,1751,1300,1818,1381
1707,1611,1897,1793,304,1320,1574,1644,1760,272,206
1485,1490,288,1373,1580,1701,1072,1536,1644,1779,1639
609,195,1839,182,1695,1660,74,119,300,1678,256
1605,1801,275,1772,1710,1749,1838,1542,1713,1477,1803
1649,426,448,1838,86,783,1640,1279,433,1755,1007
1785,125,185,1683,1643,1487,1660,1564,239,1831,667
1502,1882,1699,1484,14,1639,1514,1837,1730,1762,1690
1677,1757,1941,1548,1479,1894,1487,1543,1833,1538,507
1818,1595,292,1577,1955,1505,1837,728,1376,1138,81
1671,1512,114,252,72,1937,11,1515,1752,628,238
1609,1480,784,1946,345,1756,1000,968,1444,1534,1828
1392,309,1456,288,90,1195,1479,1561,1725,988,308
1809,1640,1387,1946,1641,1508,1003,1768,1201,1608,416
1223,1495,1706,438,1626,1575,710,1358,1852,1755,302
843,1590,1909,1750,1620,518,503,1839,1732,1840,1612
1714,1741,1944,234,1657,156,1587,175,1709,140,1499
1499,790,1813,554,1938,1757,1690,1850,1368,895,1536
1734,1808,1722,1477,1768,1744,13,1729,1537,1795,1738
83,301,1713,1817,1772,1737,230,658,160,162,1526
1716,1566,1423,1505,1840,1851,147,1826,1519,1387,1850
1627,1493,1904,117,1789,129,1529,1799,1805,229,1911
1524,248,1306,1707,1529,96,1679,1663,1480,226,1775
1852,1639,210,1850,1468,1560,1557,1752,1513,707,1561
1776,1511,1626,1976,1610,1370,1617,300,1638,558,1793
1724,1894,1773,1939,235,1612,1848,1383,1771,1608,1844
16,1632,286,1215,1725,1838,1259,69,1839,383,100
999,1698,1738,1826,1615,1800,1968,1832,603,1471,1844
807,298,1739,1507,1805,1214,425,1847,864,1738,1723
484,1673,18,1549,1491,1774,1493,1687,188,1527,157
267,186,265,1681,211,281,1619,83,1568,285,922
161,1563,1773,1723,1523,1641,1665,1730,1558,1771,1225
1480,262,1649,290,1518,670,78,1846,1929,724,1590
1631,14,1268,1369,1755,1602,1351,448,1605,1968,1279
1185,321,1593,1942,717,1913,1685,1760,603,1799,1730
1345,1499,1746,81,1079,1619,1910,1652,1839,386,1945
1836,1487,1385,254,1805,1764,986,1602,1546,1856,1520
1837,1578,188,1907,1566,1261,259,701,1828,1913,539
1571,1603,1653,1839,278,1815,1956,135,1495,178,1848
8,1606,1692,1590,1591,819,1793,78,1680,227,151
546,1769,99,1783,1788,467,1823,1826,209,1604,1669
1785,1730,1829,1568,1549,1780,1706,254,1787,626,816
1523,1677,1792,1911,1344,1742,148,302,236,268,1511
1823,1660,932,1574,1565,1797,1614,1616,1526,132,1393
156,1056,1703,1605,126,312,980,1968,1776,908,1697
1726,147,1632,1552,1654,1692,1634,1890,149,214,1619
270,1520,1532,1249,1479,1318,1714,1365,195,1255,1585
1605,755,1172,272,1784,1839,1566,1547,1735,1624,1639
161,1820,639,1694,1774,1644,1958,214,1789,982,888
175,317,1786,1485,1641,1665,1542,1660,1549,1749,1718
1342,198,232,1674,1724,1492,131,1798,1633,1745,1764
1467,1414,1527,1579,251,282,1536,209,1002,1856,1735
1711,1964,1495,1548,1863,1502,1699,206,1744,1846,1533
1542,874,1497,1844,1691,1768,1513,1971,1855,1585,1529
1036,278,157,317,92,835,1518,282,109,1620,1095
279,89,1515,1974,1378,1662,1750,1757,190,1696,93
120,1692,518,1604,1807,1106,1493,865,1772,1563,195
328,1877,267,308,1679,1784,1697,843,1855,1735,1506
1521,1640,1654,1197,961,263,1807,1675,1842,844,1540
1855,1389,216,1744,104,1546,929,1690,450,1611,835
1889,1780,1532,1745,207,487,166,1833,844,1787,1554
366,328,1141,1515,1821,110,1496,1892,1712,218,1602
268,1686,1681,1396,1754,137,1894,1852,932,1714,1371
202,1617,1478,1616,363,1804,224,1562,1645,686,889
252,1748,107,1645,1516,177,1913,1093,1663,1282,1676
1679,796,1777,320,1650,1668,1685,1488,1480,1681,1540
1815,1191,1733,307,1383,1600,1501,1552,143,316,561
1727,279,1803,1811,631,1643,1487,1617,1680,1771,153
1365,478,1755,181,853,1860,1760,219,1532,278,142
1507,1846,1670,236,1648,1746,93,1717,1550,1789,1700
80,1588,1747,1708,1608,147,1679,216,1927,1691,1032
1070,1690,812,1848,1680,1596,1140,1542,1597,189,1951
1611,731,1598,1832,1577,1722,115,180,1949,1471,1772
1476,470,1826,1547,1386,1828,1626,258,1617,1806,119
1847,357,1846,1630,1491,1665,1738,117,1850,1734,1642
172,228,1093,1667,193,235,44,1615,1640,1835,1575
1678,194,1908,1907,1846,322,1216,967,1715,1738,1367
1684,1945,1650,84,1754,1826,993,1639,1503,1758,1978
991,154,247,1688,1164,641,268,1793,1698,167,1373
1913,237,1737,1704,1742,1822,145,712,1478,1758,78
1728,177,1908,1490,1483,81,1631,1811,1497,1779,1807
1490,1857,1534,1811,1822,1582,1489,1622,1779,1499,1795
1782,202,1504,200,285,1840,1807,1632,1497,263,1665
797,1621,215,214,1618,1568,1538,1783,1826,1498,1666
162,1518,1180,1562,206,1077,1612,1499,1070,1380,1969
137,121,127,1489,1650,1659,508,318,1461,134,1880
560,1589,1860,1498,1497,1595,1484,1654,1084,1675,1673
1749,1827,1644,622,1815,302,344,1732,1685,1921,1831
1508,1846,26,295,1718,1490,1636,1482,1849,1635,1801
1723,1691,1717,680,1741,1510,1630,1550,1012,1476,323
1676,200,1549,467,132,1975,1851,1666,1596,217,1517
1484,1970,1784,1562,1582,1594,1721,1573,1040,1785,1665
1539,1738,1840,1646,85,1781,1711,1562,1771,1566,1610
1972,1692,1073,1581,1639,1775,602,322,317,1109,1579
321,1699,1610,134,1783,1505,1605,44,1737,1569,1913
1523,1497,1510,806,189,1959,1786,1708,1839,1373,125
1640,1535,1908,1783,519,1511,64,1773,1826,577,1710
1771,1706,1838,1808,1748,103,712,86,158,118,1560
1684,1634,355,301,1743,173,1781,1856,114,1853,1560
1544,1703,1685,1689,1554,1803,1774,1577,1567,1860,1841
1671,689,1677,1759,1704,1908,1033,1550,1340,156,1174
1975,1464,1601,257,1973,625,1778,220,1528,699,969
1511,1561,1711,219,749,1510,1224,1848,88,84,1516
129,1657,1560,1679,1565,1723,717,1522,1655,281,1622
1670,1669,1476,1760,1758,1954,1066,1498,1915,1771,1144
1748,1153,1491,1850,1754,1760,159,257,396,235,1813
1671,1813,1618,1786,1490,1907,1496,1655,146,1534,1961
1754,1825,1913,1561,1798,1706,1922,1646,1685,1836,243
1487,1854,1622,1776,1805,1773,1555,1847,1815,1964,1635
1893,1932,1925,1650,282,1767,1644,1833,238,1637,205
1696,1616,1558,1017,1443,1866,1615,879,1589,312,1493
844,918,1556,1502,1824,218,1179,936,1628,1569,1836
1373,1570,1858,1848,1718,1269,451,120,1838,965,1514
1720,1658,104,720,1480,105,1071,174,1736,1409,1481
1744,110,206,1817,1517,1988,1626,1630,1662,1552,114
594,1795,1523,1478,725,328,1793,1664,228,38,1489
1750,1913,1753,1785,1708,481,1503,1617,1788,822,819
1565,1591,201,1634,1606,1820,1468,1754,514,1672,1483
669,254,1782,149,1607,1655,1665,1910,1913,1644,1544
1974,1552,231,1663,1070,1910,1381,1739,1648,1811,1688
1504,171,1395,1214,1679,1523,1829,632,1818,1501,1559
269,274,184,1478,1776,1849,821,1735,1786,1648,1856
1510,1559,1791,1647,1482,625,280,1342,226,225,1956
169,1703,1713,1036,1752,91,250,1791,600,1906,1922
1594,364,1849,1804,1153,1639,1854,1347,1365,1499,1681
296,1767,1590,1543,1546,1559,1657,1495,1596,1817,1749
313,1589,1635,1236,1827,1217,273,1825,1751,558,1680
1493,162,1972,1725,1638,1819,1737,1105,32,1906,1651
1395,1745,1597,1798,1851,1569,1840,1604,1522,1566,1748
1545,1521,1712,286,1684,1730,1623,1577,241,1830,159
27,1489,1614,801,119,1487,1690,1259,892,1677,1033
1918,1365,929,1616,318,1645,1767,145,1596,399,1650
1751,625,1823,1588,1810,1794,1487,647,1899,1680,76
324,1855,198,1751,807,98,1658,1776,1139,1835,163
1653,993,1106,798,1907,111,1762,1663,1640,1359,1832
152,1608,1592,159,623,1504,1628,1677,196,1769,1853
1856,1661,1590,893,1755,1566,550,1768,1508,1800,1895
1372,1518,1393,1770,1649,459,171,1501,1639,1691,1531
311,1501,1783,1946,1797,1921,1479,1626,1522,1653,1778
1567,1499,814,1712,1748,1656,1576,1912,1783,1616,1851
1488,1643,1585,1491,1424,1716,1660,1907,1768,1415,1633
1602,1486,1268,614,1561,1801,409,1593,576,1749,1626
1621,1853,486,1107,1493,305,1090,1838,1655,1692,1369
1683,300,1561,1696,279,931,1692,832,226,219,1670
1665,1812,1601,251,1299,1690,270,1625,140,1597,1651
1837,1504,1799,1519,222,1510,1627,1784,56,932,224
771,142,1614,767,530,314,170,116,1192,1604,1912
1577,1776,1744,321,787,1522,1530,1633,1645,661,1821
1496,1658,1822,1524,1481,1755,1772,1854,1716,1698,633
758,107,237,1705,1958,1943,1541,1849,619,163,1905
1544,1956,1678,305,1174,1745,317,1552,1490,178,1528
180,1680,546,1770,1970,1647,1705,774,1672,1585,1747
620,77,1785,790,313,1392,866,180,1601,1731,1523
1680,328,1615,1180,1836,1906,1767,791,1975,1830,1947
281,1685,1476,162,1433,691,1627,1615,1831,1748,167
1503,792,1839,1551,1723,1543,1540,1391,1704,1516,1371
1507,679,78,1008,1617,1867,1578,1684,1631,1744,286
1838,1691,1741,1781,28,1631,1734,1640,665,248,1513
117,1755,1813,1598,1649,1662,1592,871,1753,1508,636
1530,1595,100,103,1521,1729,1790,1811,1560,1686,1512
1809,1667,1905,1745,289,1614,1657,1648,1616,1798,1492
1841,1897,1678,1781,1802,1771,1778,1700,1476,380,1822
1786,186,1659,421,1603,1599,1804,320,243,1485,1778
216,1701,981,1554,1833,1899,1557,1502,280,1714,1749
1619,1491,1789,660,1532,854,1571,205,126,1594,1633
1653,546,1773,1958,1577,177,1543,1031,349,1664,1532
254,1080,1617,1475,1501,305,1073,1697,1732,1882,614
1576,1626,1101,1728,1528,721,1614,1714,1905,110,1615
244,1705,753,1793,1835,577,1476,1575,61,1576,329
163,1543,1780,1579,1461,703,1550,1822,185,1548,1519
1774,1685,935,1797,1496,1501,1595,1517,1524,1675,1813
1831,1393,863,1574,1501,1924,1697,985,1260,1829,171
1587,1801,1958,1641,1933,1734,306,274,1908,1609,1623
98,1191,324,1605,1781,1813,1336,1614,992,157,316
1663,223,1776,1689,1552,649,69,1803,1706,1574,27
298,1580,1890,1599,1702,155,228,1843,1855,1810,1886
1532,268,1672,1501,1816,43,1502,11,1699,902,1884
1371,1847,161,1729,1535,1740,422,1793,676,375,1694
1580,1595,1688,1554,1486,1725,1681,1636,442,240,1512
500,1731,1910,1714,1785,1793,176,1097,1490,704,1851
1972,622,1815,1098,1840,1587,254,1851,241,190,1820
1483,1657,407,110,1905,78,1717,175,73,126,311
1746,374,248,111,1704,1895,73,1776,1731,1596,1712
1747,1847,1827,1850,991,1831,1391,994,1387,139,1623
315,1527,1769,82,1949,1379,1550,1762,1560,194,1523
907,1578,1494,1969,1776,174,1394,1502,1735,1841,235
1911,726,1596,1786,1787,999,165,1732,1,1618,408
327,1751,1709,1304,1180,1637,1626,1937,1777,1509,259
182,298,1519,1646,1639,170,175,166,1552,1935,1771
1391,1829,1826,239,1212,1052,957,1856,1803,1491,1518
1698,1086,199,1476,1575,1611,1372,1503,1538,1488,1910
1794,1496,1325,1671,1312,1504,1374,109,1695,1775,1850
1577,1809,267,1771,1515,1575,1541,1592,1702,1478,1805
289,1723,1516,1724,189,2,182,473,1795,1825,1665
1511,321,227,1752,853,295,1162,179,196,132,1615
875,227,1815,1721,1688,44,1712,1836,1746,752,1827
990,187,1517,103,1747,1498,1550,1826,145,1666,1544
1649,1821,89,1831,993,1908,1515,1950,1610,1657,1506
212,1729,189,1688,1892,1771,1754,191,220,690,1679
1807,1708,51,1687,1635,1550,1030,1689,1567,1755,1536
1643,1513,1831,373,1480,1013,1646,88,1808,265,728
1764,1789,1694,1542,1754,1344,1695,1491,1268,1662,223
1556,134,1587,1712,205,1907,1613,1381,1672,64,1968
1695,176,1530,1714,296,1944,1913,1637,1744,15,159
1757,1796,939,1553,187,20,146,258,1533,1579,1836
1841,1532,1718,320,1767,64,1529,266,1589,1689,993
1944,146,1526,1567,1752,1581,1636,1661,1762,328,1688
91,1656,1365,1508,1798,1951,1941,1635,1944,1688,1622
273,1691,1489,1571,660,134,1539,1684,1761,1592,1738
230,1768,1480,765,1506,1643,337,295,263,278,265
1682,1712,1503,264,1847,459,1821,1820,1506,245,1546
1100,701,1764,117,1533,1484,1807,1479,202,1549,1622
1531,1804,356,29,320,1894,1973,1640,243,1860,1541
714,1864,1485,1849,864,1683,84,1793,28,1019,1796
1589,1794,106,1744,1603,313,81,1706,1700,1547,304
1911,1685,1384,53,879,1798,622,1887,149,1768,1391
230,110,1564,678,1038,155,1851,1108,280,1525,198
1574,109,606,1630,1614,1083,1681,1977,1796,1894,1810
183,1791,1847,1704,1895,1849,1602,1623,1833,1741,873
103,1951,752,1541,1626,1477,1700,1718,160,1777,1786
1564,1794,1643,1483,548,1516,1759,1578,1723,1562,1677
1823,760,1551,1626,117,1576,753,1968,140,112,1430
1754,1348,1578,184,1788,1614,592,1539,1592,1649,1501
1750,327,593,1846,407,1922,1856,101,1568,1693,1599
249,1718,1700,207,1487,121,1480,1767,1748,287,1861
278,1388,1824,147,1630,139,793,1390,42,864,104
689,1654,98,685,286,218,1505,147,1648,141,1533
637,107,1827,454,400,1554,1829,516,1789,124,1120
1960,181,1620,1514,1580,1594,1690,1857,1832,805,209
1520,1851,1374,1513,1495,1583,1611,1637,1945,1492,1658
100,1750,1831,891,1691,458,1818,290,1823,1502,1533
160,1784,1804,1858,1419,1071,1679,1588,1648,317,1837
1707,1613,1844,1700,761,1524,135,325,1070,289,190
1642,584,198,189,293,1559,199,1542,53,237,382
1771,277,1544,1410,1529,917,1820,612,220,1590,1735
1686,680,1798,1168,324,181,1592,1712,1812,1663,1688
1599,202,1800,1654,1612,1487,1611,1804,212,1891,1765
1507,933,1547,804,1704,1579,298,1913,207,1610,1481
1802,271,1588,1821,1814,1589,1687,1818,1684,1152,642
1782,766,116,185,557,1536,1776,1934,1848,285,1621
1851,1396,166,1510,1503,1640,1748,323,237,1587,1762
198,1676,1830,1511,980,1835,1853,1219,737,1613,1971
1099,1985,845,1755,660,1595,1542,120,1305,411,1484
1591,1695,328,1615,1102,1548,1508,326,649,944,566
1732,1832,1516,293,1701,231,1681,1264,110,1585,1004
1483,1715,1755,1689,1579,1489,1939,1803,1611,1392,1534
1510,89,1786,1646,116,1563,678,1734,1642,121,1910
1615,168,24,1071,1671,1477,1480,1765,1922,90,1572
945,295,141,516,1751,1475,1518,1735,1287,1662,1119
1596,1628,1506,1564,1619,678,1696,1702,1684,1868,1130
1893,1518,1749,1729,1503,497,1794,1677,1854,1760,110
1684,1808,319,1759,1220,1559,1842,1497,1510,1567,1476
209,1756,1681,1395,1538,1889,1830,15,1749,1957,1527
1968,1675,1707,1525,1848,1837,1481,1787,1673,227,915
319,268,1671,1960,83,1550,1494,1027,936,1647,1396
494,1857,1260,1694,1554,1706,548,1746,1625,267,582
104,1612,366,1761,939,1546,289,1548,1515,1695,872
510,208,1562,632,1789,1745,200,1537,1550,1492,1543
1526,662,1685,1833,1619,1373,250,1677,1960,1781,1839
1854,1036,255,1611,112,119,281,252,1801,1841,1624
1731,1721,168,1569,328,1479,1382,1668,1513,1552,306
1596,1813,1855,225,1502,1647,1749,1768,1732,1573,1538
1121,1070,198,1748,1676,1695,1381,1525,1503,1602,874
1829,156,1686,1762,1909,1785,1722,1721,1835,1591,1526
1822,1768,1572,1829,1491,1832,199,1725,1771,1731,1735
1803,1368,1653,1862,1947,1773,1028,1695,1635,1801,705
1502,1491,1815,716,155,1908,176,1816,1704,1899,316
1569,1449,1551,123,1555,1488,1780,1942,1093,1101,1573
939,1618,1662,1699,1684,1746,1499,1657,102,505,1779
81,1664,1194,1623,1562,1550,215,998,1734,1753,1872
973,1626,398,1510,1490,119,1767,150,1562,1778,1542
214,1668,1600,104,1907,1847,113,491,251,1336,194
1605,1669,1360,375,1452,667,1674,590,1572,204,1953
1463,1823,1963,1682,481,843,1728,1204,126,232,1763
1815,1771,1926,122,1785,1635,1742,1494,1587,1696,1673
1683,1095,1823,1836,1752,1649,1930,1700,144,1621,1642
1507,1878,1656,1686,1972,1094,312,1684,1770,1823,1632
1555,1875,1906,1703,253,1526,8,401,84,748,1477
1526,1559,1613,1637,1648,1664,893,1654,1761,1822,1857
1762,367,1287,156,1391,1062,1644,1643,1646,1637,100
1648,1784,1154,1593,1881,1673,1538,1524,1088,887,1235
1772,1616,1571,152,1685,615,1531,1658,1657,359,1514
136,317,262,1885,1651,1569,1764,1668,119,1738,1759
1546,87,807,1731,1518,1822,198,1641,1716,280,1896
232,204,1723,1496,24,1592,1521,1640,917,1842,1637
1802,1,838,642,153,1704,1728,1820,1727,1685,202
1970,1631,1529,1968,1750,1759,740,725,1907,185,1575
1689,1913,1307,327,1507,187,1773,875,811,326,1551
1368,1939,131,1050,1780,303,213,1620,1566,997,102
1614,1663,180,1562,1618,1498,91,1523,1612,1624,1007
20,1493,1568,1394,1786,144,1849,1767,1503,1660,1562
252,1618,1717,1686,1522,1810,1764,1751,1836,1513,1796
1908,196,1512,1772,1510,1376,1850,315,1729,537,1631
1520,1725,1844,1648,375,1623,968,1839,1937,1486,209
1625,1756,1792,1627,324,1511,1672,1634,1835,789,1534
329,668,1804,1674,1649,1812,1778,1954,1537,1569,1666
1694,1527,80,327,129,1759,1744,1676,194,100,1486
1599,1597,1664,254,1505,826,1517,1770,1635,211,127
1847,1840,198,241,1817,1945,1611,1737,1499,1261,122
1386,307,1610,265,592,1520,1532,1638,1597,148,1522
1803,1521,1534,1791,1671,734,1518,1935,1488,512,1906
1588,1596,1523,1525,1619,1953,142,327,1767,1475,1740
66,182,95,1496,1798,1657,1725,1846,1792,1714,1709
1493,1794,187,1636,1315,1801,1645,1777,274,1660,1653
1780,1605,101,285,1668,1785,1717,986,1499,1626,1816
1815,1526,1495,1728,1316,1768,1843,1583,1767,1811,1516
1191,1592,91,1502,1497,165,312,1554,307,1057,1804
383,1683,1659,1819,1546,1005,1563,1682,1619,1477,1568
1365,1486,1262,917,981,467,273,1490,1595,1496,268
1222,1651,1726,1860,1483,1676,1795,1473,1850,1375,1677
332,1725,1553,1396,1606,1794,1777,1617,187,1483,259
607,1709,303,1745,510,1525,1391,1819,169,1584,1705
1783,1537,192,1643,663,1679,155,1372,1747,1289,886
1817,1785,1608,157,310,160,1691,1491,1847,1583,1383
215,1618,1714,1575,690,1802,1717,1747,512,1551,260
417,1540,1879,1561,109,829,1798,1742,99,278,1434
1884,1522,237,1743,376,1378,1526,1475,197,1653,1550
1841,1644,1711,968,129,1796,1941,1810,1974,1719,254
1637,580,129,1758,1740,280,1777,1607,1524,1778,1949
1666,1619,1759,1957,1775,363,175,1596,1064,1567,1519
234,1543,1013,125,1687,449,1321,229,1717,1750,371
1109,139,1958,44,587,1365,1751,1722,904,1704,1213
1846,69,1903,140,1883,290,1599,949,1607,1487,1763
1503,1512,1754,199,316,1929,1803,1632,1502,1541,1552
1753,1487,1628,1316,321,1709,1590,1606,1736,1521,244
144,1827,1972,127,1607,1835,1910,1437,328,1639,281
1820,1801,1835,1798,186,932,1568,1235,124,1609,129
1772,1773,1623,1827,1909,211,46,1706,343,1555,1817
193,1513,1377,1828,1777,1668,93,1658,1581,1723,1594
1850,1764,1541,1825,753,1496,1711,245,1732,1683,1098
1870,1354,1738,1750,1656,619,1754,1813,1476,313,1791
375,1827,217,1813,1526,1520,1630,1806,1923,1495,1561
1688,1549,1813,1605,163,1846,1538,197,1778,1713,1652
673,1594,1545,753,1391,1751,1684,175,1802,1785,1473
1702,269,1484,1482,992,190,1074,1588,1837,1586,83
101,1604,472,98,275,113,161,1757,219,1701,1478
1119,1847,111,327,1776,1485,1191,1962,1799,1710,1735
1561,1560,1771,1793,1721,1360,714,1797,1569,1266,1478
1757,1620,1770,838,165,970,1854,1078,1755,1488,1824
1609,1629,1547,1758,187,1738,1603,1845,729,1809,1637
1567,1078,1810,1582,1687,1663,166,1518,1699,1647,293
1684,1263,1508,1547,1683,1651,1815,1818,1824,98,1629
919,1551,1412,1945,1696,1916,324,168,296,1506,1638
278,1844,1731,1963,329,1633,1677,245,1535,57,603
1496,267,1713,969,287,1475,1617,211,1773,1810,1802
1485,783,1535,1773,1905,133,1835,1593,1706,1661,1327
1714,1533,1586,319,158,146,278,1006,323,705,382
1790,139,274,932,1909,1650,1959,273,1734,246,249
1799,1310,747,197,1750,1822,1645,1686,1632,79,1617
90,1645,1697,1640,1572,942,1786,1843,1552,1816,187
1628,1760,1637,237,305,1642,1814,1832,1576,1596,1624
744,931,1548,1662,1515,1673,1615,1697,1566,1538,1638
1803,1512,1843,1634,1748,1703,83,1754,1958,1689,1705
1524,1505,1630,1771,1704,1578,1807,328,1748,1521,1719
440,1654,1693,1323,1752,1506,1782,1525,1699,218,1557
1619,1688,463,491,1911,1657,1627,1654,1602,1795,1490
681,782,1543,1906,1784,313,1478,1659,751,325,1711
1576,1806,993,1480,1511,1505,138,1609,249,93,1843
1834,1911,1789,927,293,1730,1970,1621,1838,1897,246
189,188,1737,1816,1820,1856,255,1713,220,1173,1641
1731,1728,211,1754,318,1832,80,1620,240,1821,1512
1169,1907,101,87,1611,217,1821,1599,1776,1714,1542
1795,1773,1905,934,1716,1829,705,1226,1968,1522,1492
144,1820,91,1734,732,1619,1849,1937,1663,1798,1385
1775,537,1797,1782,1636,1784,1172,135,1499,1612,466
1825,1592,1489,92,168,1802,1680,190,1589,209,188
1600,1846,1498,1657,1384,1488,1580,745,1721,1781,1852
1073,592,1779,1224,1774,1191,110,1508,1349,1574,1126
1546,1690,375,265,1514,1290,1672,1725,1119,717,1844
1477,874,1804,75,1657,1684,1567,116,81,1821,1794
1561,945,80,1852,1739,126,1710,296,1586,1824,1732
1712,1908,231,1857,969,121,333,1977,1893,1773,1744
1736,1647,1737,1777,1681,1651,156,236,1483,1850,1502
593,1719,1794,144,317,119,1369,1784,835,1699,1734
216,1276,1480,1707,1577,1149,1724,135,1767,1845,1489
1887,1670,1648,1026,1688,1906,1685,1627,1497,145,198
1550,780,1617,1912,902,1586,1574,1808,947,1593,1733
1818,1911,1587,493,1446,1823,198,1478,1235,327,898
1511,192,1738,1827,1777,1828,1671,1479,1829,1612,213
1752,1638,1762,1501,954,1394,1489,1407,1524,1604,225
1610,1695,792,1765,1828,1791,112,1527,594,1491,1970
1860,334,1765,1593,1758,1894,1678,720,1829,700,1590
1368,1717,1785,1915,1482,901,1676,1616,649,272,1605
1558,1737,1635,1754,930,1716,666,1630,1690,1598,1556
1540,1441,517,1593,1157,1968,1708,1860,280,1723,1824
1654,1849,1955,230,1417,761,705,1775,1036,1512,309
287,336,1502,1855,144,1856,1546,1749,641,1909,286
1668,1762,692,1634,1720,3,1754,1896,245,1521,209
317,115,1615,220,225,1513,1753,1845,246,280,1645
1852,1527,1456,131,1815,1759,1959,289,1501,179,1179
1677,1575,78,56,1909,428,1806,1508,1888,1506,1759
1971,1779,1701,768,1793,28,1480,1974,1806,1082,1532
1833,1681,1705,60,1591,1788,1550,92,552,1824,1667
1558,1700,213,1775,1706,1573,1750,1665,680,1579,1840
1597,1692,1365,1710,1513,36,409,119,1676,1883,1561
1739,1532,306,1391,1813,80,1778,1605,1787,607,295
1259,1574,1791,1394,1735,1198,1637,141,1709,1757,1686
294,1754,1662,1585,280,1652,1260,1802,1704,1565,83
1764,1514,1604,1699,1385,1850,1028,309,1844,592,1602
1332,1365,1520,1587,1578,1113,1624,1837,1847,1735,1622
847,1909,1520,1752,1661,1687,329,1391,1390,1844,198
145,1786,1606,1475,1832,281,1823,1804,1384,138,265
1807,1590,995,1544,1072,1591,88,1908,1694,294,1560
126,1644,1659,1596,1562,290,220,633,1162,637,583
1708,704,373,1778,1620,1680,1737,1842,203,247,1843
1562,1191,932,1780,1672,1575,1851,175,1691,1519,1958
1141,44,1767,1479,311,1581,176,1775,214,1648,1536
1797,176,1484,215,1564,1610,175,1726,1666,1557,1931
103,1837,416,1628,239,1719,1602,1566,1773,271,1270
1619,911,1776,1544,1800,1616,1501,1570,1690,121,991
1708,1850,264,1726,1640,1790,1656,1754,310,1384,832
1667,1788,1641,1678,1103,1638,90,1907,578,1714,1617
1735,1343,1577,1484,824,209,1600,168,1693,1525,28
1389,1780,1255,151,1566,1603,1705,1764,1484,1755,1491
1702,1268,1652,123,144,1536,245,1267,1155,1222,1099
1762,1629,1653,982,1876,1756,1949,241,1494,1965,1837
1614,1605,865,266,1506,341,1597,1613,1652,1477,758
16,1617,1070,1847,123,994,1269,1751,1851,1911,695
1148,1494,1724,178,1475,277,1552,1674,1591,1638,1602
1665,1910,328,1487,1710,255,784,1974,1747,1807,1692
117,239,431,1336,1666,700,1967,176,194,234,542
1720,1852,1536,1942,1592,111,237,1484,1631,204,1696
168,1845,101,1823,1804,1589,1526,1954,310,1396,563
705,1070,1384,1013,1170,491,1079,1586,1786,1729,1702
1226,1843,1542,1587,1568,1595,631,1709,188,1666,1395
1618,967,1603,1818,1705,1828,1647,1838,1832,1748,1837
1342,1824,223,1805,1562,252,1711,804,1270,1787,1764
1499,1703,151,293,188,1365,692,1799,1579,1585,1205
160,1137,1538,1628,1806,1680,1615,1805,1524,1643,1668
536,1763,1647,1828,247,1642,1512,717,1540,107,1680
1784,179,1624,1910,1760,1274,562,241,1557,1746,130
1794,1121,526,1860,1607,230,926,1353,569,278,1518
1631,1507,1429,259,1480,1477,1831,328,1788,1612,1560
1880,1726,197,1598,1621,1779,1479,1496,1635,1870,1368
1480,229,261,1958,72,1833,567,1578,1852,561,1662
190,1777,295,326,1960,781,79,1775,1598,1911,286
1786,316,1135,258,1268,326,465,1806,1779,1744,987
191,548,1714,843,1724,231,242,1815,992,1137,1603
124,1540,1530,182,86,186,1576,728,1825,329,569
1563,1788,255,1770,168,1531,1652,1507,1590,1857,1636
1546,579,1771,1711,157,554,1792,1473,1837,1860,89
1711,1631,1757,1813,141,1575,1771,1773,138,260,1685
1070,276,1553,1843,1824,1392,1731,238,1633,147,52
1628,172,1660,1705,1494,696,1668,273,1693,1039,1791
197,1800,1609,1515,1566,1508,1815,19,1597,1802,264
1519,1553,161,16,136,684,1669,121,1602,138,1615
1694,261,1572,1810,757,1782,1652,1579,150,287,1714
1944,1641,656,40,1905,639,1123,1839,1292,1726,1686
1498,1501,1789,1681,1683,1728,640,446,1542,1622,203
1558,1456,1374,1387,1695,1502,1805,1756,1596,1479,1843
1567,1872,227,693,1787,147,1735,1666,1785,1641,402
1945,1652,1700,238,1602,318,1597,1592,283,325,1644
1767,339,1494,340,1540,399,1628,1387,1539,1784,4
1625,1817,1667,1479,1908,205,783,1653,141,1551,1747
1625,166,258,1579,1529,1731,1849,796,1773,1652,1504
198,257,687,1217,1773,1770,1628,1895,1640,1911,1856
1846,1567,1768,1565,122,1692,1701,1782,1928,1720,1597
133,1188,1615,1494,273,87,1531,1816,294,275,1857
1631,1493,1035,1852,411,1580,1826,204,1710,307,1698
1815,42,28,1945,1584,1495,217,1750,1786,214,169
1631,1627,1794,1665,1517,1508,1538,1094,1526,888,1835
1762,847,1980,124,1975,1708,1037,396,287,1754,98
1792,1845,1513,1676,204,1887,285,1532,234,161,1560
1677,1548,1344,48,1620,1661,1392,1737,1559,1561,1786
37,1509,1715,1524,284,1795,640,1498,1588,133,1492
1777,1823,968,1804,84,1546,1395,113,1516,1695,1526
1783,249,28,147,1656,307,1895,1475,894,1663,167
105,849,559,1740,1821,127,1819,1715,1971,1825,658
1871,1747,1097,1692,1775,1616,215,1797,1394,1635,202
1506,1838,1636,1463,1656,823,1719,1570,1571,1484,1801
1741,1489,1086,1606,1909,972,242,294,1870,1231,1495
307,1560,1547,1651,383,1657,303,1795,347,1389,1772
181,1781,1318,297,121,1628,1774,326,1518,1050,1612
1751,1669,1600,1772,197,228,1570,1729,1674,178,1676
1733,152,1777,1565,1909,1667,14,1819,242,1373,1529
1788,87,1856,1825,1812,1536,240,244,1683,1486,1709
1852,1494,1826,1815,1850,582,1842,1591,1750,1527,1692
282,393,991,1866,1614,1825,1819,1847,1488,1643,1542
1719,177,58,1844,1588,1809,1571,1778,1816,207,1848
1905,1773,1489,162,1705,90,1595,1818,1663,1070,268
1559,1676,1683,1658,119,1699,317,161,233,74,1855
704,944,1536,1106,1828,1699,1589,288,1817,1905,847
1653,263,1644,1620,1595,1763,129,214,1495,1330,1573
1712,1608,1601,1494,110,1482,723,1571,1779,1734,1838
1598,1557,1829,1561,1493,236,1116,1788,1897,1648,1698
1596,1652,97,1812,53,1745,835,1942,1526,1380,133
1820,1611,167,1044,1606,173,1771,171,1630,1484,1683
639,1937,789,133,614,131,341,1696,1631,264,1561
1817,394,201,1595,1569,1762,1570,1913,1823,1616,1530
1486,1475,28,508,818,1662,1890,1647,1912,1537,1534
1634,1508,230,178,1938,978,1724,1631,1365,121,1484
314,1733,1704,1614,1812,293,651,1853,1850,1534,1959
1771,1729,323,1628,123,135,1837,1544,1803,1374,1746
142,1720,1797,84,1632,1587,1559,1668,1833,236,1620
558,1610,1677,324,312,1487,286,145,1596,95,1736
1645,121,705,1171,1348,1939,1663,582,1755,195,1553
1827,619,289,582,84,1739,1665,1676,1535,1789,1504
1378,277,284,1480,1628,1560,1839,1626,1725,1749,325
1612,512,675,49,1857,1616,1494,292,1798,475,1539
1817,1684,783,1352,1197,1734,1509,870,461,1625,1782
1172,14,1502,310,1593,521,1790,1757,1629,1675,695
1529,1483,990,785,1146,133,296,312,1980,1559,1577
80,1254,1546,802,543,1900,1955,1716,1636,251,180
1852,1644,1472,1757,925,1604,117,1662,1804,224,297
1645,1490,1368,1740,1838,1481,1845,1678,1855,1591,1655
1783,113,201,664,1737,1748,1617,1852,111,1719,1620
1663,1509,160,1477,1550,1607,489,199,1622,159,228
1387,1945,395,627,1776,136,1952,1322,875,1817,1514
1587,1500,1365,202,1620,1069,1848,1233,1596,1849,1523
329,1890,34,1617,143,1725,297,1524,1640,1655,1566
1790,1631,1600,1729,196,259,1968,176,1610,1907,640
1512,744,1391,1027,1722,1611,1697,223,1691,1738,1503
683,123,124,1834,1542,1970,1492,1588,1696,1591,1654
1731,1627,776,582,1908,627,192,120,743,1506,1572
236,1801,1676,1837,1629,578,1808,576,1525,1609,1679
1729,1855,1782,1690,1602,1544,1583,1541,796,1581,1595
1950,1525,155,1701,328,1894,1485,1846,696,1545,1811
1696,162,1483,1584,25,1850,1486,1974,1682,1815,1818
62,259,1950,166,235,1522,1523,1701,1639,292,939
522,1508,704,223,1541,1609,968,1895,179,1236,1836
1641,1781,1838,34,1717,1763,1657,1836,1387,1558,1572
1717,1683,1985,1507,1791,1839,1705,222,309,1855,1547
1729,318,1852,126,63,1661,1973,788,299,1846,1767
1968,1269,220,1652,1069,1528,1190,1646,103,1839,115
1614,1556,1758,1517,203,940,1515,1482,1833,1912,1673
1039,1652,1853,1147,1787,1720,162,1741,1660,216,128
298,446,107,1605,1698,1784,289,1539,1595,1211,129
1759,203,776,179,1389,1830,1803,1667,1557,287,1601
1526,1940,217,1512,1652,1554,1813,317,1968,1876,1809
184,1377,1698,1774,1753,1524,25,1663,291,1754,1596
1527,1554,1700,145,1818,657,1509,1716,1767,649,1803
1528,1805,728,1125,1812,1803,844,1723,1551,1663,1910
718,1827,362,272,1854,1615,297,1806,1593,1477,1857
1596,480,80,1605,1691,1505,1554,1378,1755,1669,1509
1332,310,1626,1603,990,614,1714,1469,1677,1621,1683
1845,1534,1669,1750,1777,1521,1946,1742,325,295,1856
1197,1501,1857,1793,1498,1825,1652,298,263,168,208
1698,131,1734,1735,1563,136,1763,104,1594,1747,1855
1727,1721,1732,222,144,1164,1618,1636,162,1609,1839
225,1714,80,933,1668,1824,250,1700,461,259,209
254,1816,292,1705,579,1819,1565,319,1753,620,1761
1785,1216,1744,1554,1565,40,1617,987,1819,1529,1685
1656,28,1724,1556,1805,1630,1581,91,1800,1640,1491
100,1584,1894,253,125,1908,1483,1490,553,1533,139
1632,285,183,291,1581,1855,1774,1521,1483,249,1785
1909,1499,1742,273,1669,1500,1681,1722,1285,199,1739
96,1637,408,1836,1491,555,1525,199,1622,1587,1674
1739,576,1716,109,1799,1677,1674,115,1564,233,1625
1727,93,1699,1323,1745,1895,1910,1608,1703,1666,1635
1908,112,1690,494,1651,1901,103,1025,1513,1750,1944
296,1498,89,1644,1646,702,148,1686,1710,1551,1767
1314,527,1854,920,1704,1837,1798,1510,438,312,1743
1526,297,1590,696,1638,1342,999,1619,15,245,1319
1741,1686,226,1950,285,1726,1477,1944,1424,1754,1492
1754,1828,114,1170,310,1685,358,176,175,1597,1737
1547,1618,203,1580,1939,206,479,1616,236,1652,333
1916,906,1602,1593,753,1678,274,1540,1070,1163,1479
867,1274,151,1825,706,404,1165,1949,15,587,1767
173,306,223,1924,215,204,1656,1679,1773,58,1803
1776,1746,717,1819,1485,1772,202,995,271,1554,1637
1556,264,360,1622,1479,1366,205,1593,1710,289,187
1019,176,279,1693,1631,1667,1615,1520,1584,1780,1663
1829,1503,260,78,51,1551,701,1661,234,1713,1775
1841,1548,1536,1826,1822,1647,1910,193,1731,1506,1772
1588,1614,890,1598,1825,1590,1507,1840,1812,1683,1759
1585,1805,163,113,1282,1840,1765,1695,1642,1637,375
1517,1648,1797,1210,248,1675,712,1625,1365,1912,282
1673,1930,295,1805,1579,222,213,1729,1565,1343,1668
1318,1408,1682,90,1922,1776,1365,208,1783,1557,308
1748,1816,1674,1629,121,1522,1365,1752,1601,1243,98
518,1817,1847,1775,1905,1669,1555,183,103,1972,1764
1969,1563,1495,1574,793,1396,1726,1714,111,1769,1520
1849,1850,1839,184,1759,1716,1572,1495,1899,276,1588
1376,1634,1911,1504,1750,969,1693,1679,1219,1909,1378
80,1550,1830,1295,263,1579,215,985,1231,1666,1848
289,273,1652,1800,80,127,88,634,1756,255,1673
82,641,1646,504,165,1806,1360,1682,1830,190,1035
1602,1715,1000,1819,886,1483,950,1372,1760,1709,239
893,1511,293,1484,1966,195,461,1379,1733,1659,1625
193,1572,1763,1541,1836,1774,1912,227,1065,174,1555
565,1743,183,1717,1745,1517,899,1595,284,195,1106
1756,169,1510,247,1882,1526,1516,1277,1748,816,1705
1551,1834,197,1644,1029,309,1577,1663,1491,224,1763
1763,197,1783,1648,311,705,1645,1734,1752,283,1665
116,1506,1392,237,513,1769,1513,7,1706,1779,132
1506,1485,182,1529,1644,99,1739,1710,1523,1751,1556
1767,1625,838,1844,203,1523,65,1804,103,935,1950
97,696,1187,155,1733,407,1519,1546,1732,1849,1673
1681,1813,934,387,1754,1720,1541,1731,1680,1482,1896
1751,175,1943,69,1768,1526,1853,1849,1528,1493,655
1857,1351,1551,1850,1690,823,1557,1843,1642,1439,1214
1644,1479,969,1674,1121,1676,1688,1968,587,278,1573
114,542,1095,1769,142,1857,1711,1679,1605,1560,1591
1698,1700,1628,170,1842,99,1593,1534,1819,1736,932
164,1622,1514,1030,1507,114,551,1688,1516,649,1806
1627,943,979,1570,448,579,509,1646,1514,1378,213
1818,1779,1523,1625,1855,1644,410,1741,1665,1663,353
1837,141,1685,310,1848,282,1670,1495,1721,1972,1561
1500,1849,1532,1557,197,1654,300,1483,945,641,1550
1178,164,1394,166,743,1567,312,1732,198,1592,445
1852,1908,1705,1642,1482,635,276,172,163,1849,1857
1007,1908,1815,14,789,1647,1777,1625,1509,1841,350
1956,1555,1540,680,69,1819,436,968,1665,1671,40
1913,969,117,1839,1785,1576,1620,553,1948,1488,1749
1743,149,1802,1900,1551,111,1558,1762,132,1814,1722
74,1764,311,1828,619,1700,1706,518,1684,1832,1612
1619,1601,1754,158,1609,179,1811,1778,545,1644,173
225,1475,882,1360,697,1619,1647,1488,1497,1940,1430
311,1641,1946,1731,102,313,309,1697,1967,1616,1576
1738,183,288,1832,1554,1514,1724,404,1486,1813,91
513,1529,73,1907,1503,1771,1088,1654,1087,1528,967
167,1329,325,237,1669,1563,1020,218,1571,1385,94
1531,194,1764,1804,1735,1714,1582,312,1543,1527,1097
1630,1840,1520,161,1109,212,94,1948,1700,1069,1846
1571,302,1797,1541,1762,1721,1523,1699,1760,1626,1764
1546,1727,1596,1071,1736,74,1459,305,1555,1569,1605
1590,556,1508,1671,1486,221,590,1792,1789,1827,1323
1656,383,1653,1588,169,1527,1617,1630,1749,1790,218
1516,1810,289,1815,1831,1744,1607,1977,1780,1520,1601
824,1738,1842,1617,1778,1491,1634,1124,1786,1854,188
1780,322,237,1677,1681,242,378,1537,1581,1971,440
1494,1757,1851,887,1541,1500,1290,1975,1783,113,1800
145,1022,317,1839,82,717,1379,1715,1482,1363,1506
1738,1839,1576,1533,1849,1951,327,317,97,17,1705
1913,1695,1833,1973,128,247,1850,1669,1547,109,1690
1545,1932,277,82,143,1788,1922,1549,1707,1820,1804
1705,1490,1553,1686,1565,1655,319,1726,1921,1750,28
1773,296,1828,176,1616,136,1910,111,1950,1488,1609
516,1512,1375,674,1688,1694,1638,1860,1622,1956,293
1246,1706,1970,116,1730,238,1124,286,1545,1288,1586
1537,1790,1628,1911,1768,1675,1813,1754,1615,1678,31
558,1043,1495,1840,1530,277,1759,1594,1563,1709,324
1519,198,1841,1794,1636,1637,1383,603,1849,1586,1661
1922,1823,272,1715,1683,231,1798,1829,1814,1677,1794
1762,142,1616,1849,223,634,1494,1114,1705,1576,1603
1650,312,1584,961,1580,1526,617,226,1666,1719,1555
1703,1215,1543,1818,28,243,1871,1727,296,1477,1791
839,1658,1665,158,1572,1712,1675,1569,1751,1077,1556
1585,1564,1605,1575,1518,1975,192,1751,389,106,1626
1392,136,1490,1551,145,109,51,210,605,1817,1651
1833,1742,1486,1791,958,1709,91,160,212,1574,1498
230,1744,1745,1785,84,1675,262,1836,1192,196,222
1479,1684,1538,1710,1841,177,1503,313,1910,1667,1581
1541,1688,1381,1815,1722,284,142,1813,1662,1844,1812
151,1769,1194,1728,1644,1551,241,1581,1558,1521,1751
1652,1511,1540,1800,164,614,1720,227,1694,205,1035
1813,1623,1589,89,1771,1556,741,1736,1366,249,294
1699,92,1715,1694,1013,1941,1721,1742,1481,1974,1262
1908,1694,1742,1287,1492,1929,1502,1484,1661,317,1551
1886,449,1576,1827,1749,1613,1907,1678,1804,191,1972
1621,1593,1568,1946,1856,1780,1698,1775,1523,482,574
316,1662,136,1760,92,1498,1822,1689,1912,1679,1597
565,1775,877,246,179,161,1754,1795,1678,1913,1774
1670,1536,1954,1777,1496,202,1640,260,1738,1935,303
1798,1498,1675,1392,1866,1091,1394,957,1594,1383,1810
1645,1172,142,1503,1810,373,1262,130,1674,1913,1724
1753,1791,1754,933,1613,1571,1645,169,1497,1740,1635
1689,1548,216,1501,1912,1619,1536,1811,1702,1635,25
1615,1730,1549,1543,265,1511,1714,319,500,1550,1763
88,1617,1790,1843,1477,1097,298,1149,1849,1599,1694
97,1145,1787,1770,1785,1607,1516,1513,1819,1866,1848
283,1818,1709,244,217,1556,83,1913,1754,286,108
1627,1614,184,1664,588,1521,1489,1547,1754,1794,1989
1390,658,1527,1909,1379,703,1773,852,1690,1821,1797
842,1761,1806,1751,1486,1709,1507,1547,1850,1645,1366
689,1490,1502,219,280,1515,1653,763,1512,1537,1672
1070,649,1027,164,1514,1503,1732,1073,1599,1675,996
1642,1603,920,1572,1848,1636,177,186,1521,1951,1909
1733,1812,91,345,871,1326,1833,1567,1869,1968,204
269,1512,1798,1617,1708,1633,1912,1782,1828,1570,1695
342,1799,424,1956,1922,1501,1383,74,1748,1519,1682
1530,141,1610,1607,1174,168,1485,1479,1492,186,1807
1817,1881,1953,1775,1495,1639,1666,1479,989,258,1829
1798,106,1555,1795,1804,1759,1379,240,137,1790,1515
107,1660,1569,1678,1583,1764,1677,1793,628,183,1581
228,257,1070,1842,437,1374,1984,277,1516,86,163
508,1699,1767,1910,468,1839,259,1618,1513,7,114
1602,82,195,1572,255,276,61,1380,1699,139,1682
1561,685,1593,1625,1211,1367,1819,1491,1711,170,1855
254,1645,1756,1736,1621,1685,1247,1599,1801,247,1783
1846,1608,1616,1712,1780,932,1909,261,1643,1296,1631
1585,1975,1627,1601,1771,649,1569,154,164,1894,1838
892,1661,1548,1911,1627,1743,1667,1804,166,249,1124
245,1603,1799,261,1741,1671,1527,82,714,316,259
1587,1502,1711,147,1722,1666,1949,1596,1819,1682,207
1516,1860,1626,473,1614,433,224,80,246,1705,1514
1511,1607,1856,264,1681,1612,1496,1720,1824,481,1606
182,1900,1623,1836,1647,1646,693,1657,1383,221,1539
1876,313,1658,94,1672,1514,1596,189,1635,1661,1833
342,1847,1820,680,202,1775,1534,260,1409,1663,1413
1118,1773,1783,1509,1197,1556,290,546,56,1644,198
1515,1565,1764,1739,1586,1948,1552,286,1556,210,1750
94,1499,1907,1690,1736,91,1746,131,1941,1668,1948
1385,1692,1832,1541,1512,231,1505,1703,288,1796,1961
1684,1771,207,1676,1394,1618,1488,1783,269,1573,1667
1502,1478,1672,1816,1384,886,1574,1849,1660,1477,1790
1605,1942,292,1551,1774,90,347,1572,1636,442,259
1172,63,1824,905,1979,295,1604,1538,1922,1547,264
1937,1678,1670,1641,1244,1659,1745,822,1273,1803,1910
1833,1784,1793,1819,1748,1914,1850,1967,1842,1627,66
1486,1512,1814,108,183,1830,1857,1705,1211,1748,1711
1320,109,1962,1497,1767,1556,515,1303,83,1476,1628
1572,1725,1608,1747,295,1727,1791,1909,1701,1744,282
1803,1556,264,1504,603,1705,1385,1725,1614,1229,408
1723,933,1550,1627,1622,1574,1535,1498,90,268,1533
1699,1555,1652,1575,375,1160,442,1071,1809,625,212
215,1918,305,157,88,263,1594,1648,1711,1807,247
247,1851,10,1610,1640,468,1841,1641,1959,1781,1744
173,1763,170,980,1811,1618,1491,1784,1507,883,224
1354,1813,1554,1631,527,1535,1707,1913,250,191,339
1951,121,315,1841,1782,98,224,1711,1772,1510,1569
199,1959,1297,185,1811,1024,317,72,1728,1491,148
1856,147,1757,1592,220,41,1554,139,103,1731,242
1517,1751,1686,616,1687,1573,1911,1738,1496,1850,1845
1807,1498,1836,1783,1381,1816,1767,303,661,1200,180
1726,1674,1527,1652,1829,1752,1533,1383,207,1872,183
1806,255,80,311,480,1799,1645,1834,1767,151,196
267,1419,1690,94,1494,1679,1723,1711,1722,1755,1953
1970,170,1688,608,1576,1715,1753,1846,1690,1741,1526
1911,1666,1896,7,1971,117,1557,289,605,1577,1744
395,1508,1770,1819,1829,1627,1640,1635,288,1848,944
1899,717,1910,1617,1691,1965,569,1928,1935,1104,48
864,174,1761,1695,1707,1815,323,1643,1521,1565,1693
222,1630,1773,294,1691,1383,1667,411,1717,1862,1905
95,224,1856,1523,108,1777,1930,1611,1786,1713,932
1511,83,1182,1836,1971,1499,170,1266,1510,1515,1970
640,1746,1519,1768,488,1477,1835,1379,1802,219,1720
1551,15,794,1238,1479,323,1711,1668,1831,1513,1734
735,1270,171,115,137,1812,1757,1910,98,1516,332
293,1701,1585,1679,103,1740,200,274,4,1754,1515
1578,1850,1619,677,73,1496,1677,1894,933,1607,1676
1710,1477,307,1768,1620,996,1650,1486,1614,1757,1807
155,238,1839,182,1503,1579,1912,1558,1518,1795,1616
1704,1837,1890,1231,1162,867,1594,95,1679,83,134
1727,207,1823,168,1468,42,262,92,1484,16,1599
1786,1203,1906,1795,129,1501,1846,1913,112,1804,290
1381,1569,1751,1587,1688,1114,1713,1801,1725,1077,239
1594,1716,126,562,1832,508,1623,1529,1503,1244,233
1384,87,180,134,1838,1234,1502,1784,1553,139,211
1699,56,127,1600,1754,1742,486,1394,1575,149,205
1660,934,1599,1696,1583,1503,1324,1643,946,252,1720
1569,1069,1592,1502,1749,1897,1704,200,1833,1568,1735
158,1592,1574,272,1493,1788,434,1831,1377,952,602
1612,1639,1722,1758,1479,1759,1268,1036,1829,1561,1710
1503,1733,1393,1672,1832,1784,69,1518,848,1846,1624
109,294,1088,1105,1566,1513,1834,1788,1794,268,1929
1258,1733,1585,1611,1752,305,1833,1743,1720,1684,1527
1757,1616,1495,214,1727,235,1711,1624,141,1840,1693
164,207,1750,1828,226,1351,218,190,1756,1610,1234
1707,241,975,149,1712,1732,165,188,525,1095,1618
1974,1186,1536,1697,1678,79,633,94,1543,1794,1478
1479,1829,1714,1780,1597,1678,1665,1912,1734,97,1815
1797,1760,1657,497,1970,1573,1685,324,1695,1608,1765
1849,90,202,614,113,1829,103,1684,1685,1763,1532
415,318,1687,1693,1512,140,1034,336,1869,1669,1084
1785,1718,1556,188,1798,1570,1548,1595,1762,1607,1814
176,153,1682,1599,1937,1950,1819,1661,181,255,1649
1655,1608,983,1071,1497,175,1607,1685,1729,1735,1258
1929,80,1655,1802,1713,1527,1845,1600,1481,1716,1060
261,1660,795,185,1940,694,1365,590,93,1381,1495
1536,1737,1792,1576,1544,191,41,269,1690,1499,649
1748,1493,1838,1823,1922,115,1674,1857,1151,1567,229
1721,1845,108,1518,1787,1521,1594,1557,1961,1562,1646
1618,1521,1567,1760,1734,1503,1660,1906,1723,1573,1678
301,204,1259,1849,1607,1768,237,1824,1486,1728,1655
264,1536,1569,1543,1550,1758,1581,306,1850,1853,1734
651,479,1800,225,1714,271,1838,1727,700,245,1096
1922,1661,306,1650,1851,1477,1504,1802,1517,307,1566
1689,1838,208,254,186,1478,1607,563,1702,297,1818
1269,1619,481,1500,1848,1538,1706,1523,1647,236,1907
1564,271,315,1787,1704,46,717,1802,1752,882,258
1624,1595,1480,1767,1679,1755,1542,1829,1632,1811,1185
1646,1765,1818,1782,1565,667,1743,125,73,1377,1784
227,1671,1372,1563,1772,256,209,1835,162,1366,1821
1487,1655,1701,1926,173,312,1777,1683,1681,1752,201
1873,1761,1738,1042,319,19,1320,1667,1609,216,243
123,1257,1668,1690,226,1004,996,153,180,155,1597
1674,674,1892,1775,160,1612,1543,1814,334,1170,1683
1275,1610,1822,1475,105,1838,657,1638,116,167,1274
1679,1814,1564,1846,1749,259,1811,1387,1623,1569,1600
1487,1765,1640,1768,147,1848,1730,120,825,1538,1571
1626,1654,1786,1119,1778,1517,1566,1263,1850,1762,159
1908,1564,884,1843,129,1514,1770,302,1905,220,1547
1489,1814,1567,1682,1724,1574,1893,1675,1519,1896,1162
264,215,1584,660,1754,1690,1739,1666,1513,1668,1814
1531,288,1562,325,1700,140,1542,1622,721,1734,1763
1730,156,794,1606,1773,1579,1716,84,221,206,383
1785,278,189,126,1796,1757,1563,1706,1614,182,1797
1568,267,1849,1580,169,1839,1582,273,50,1479,1716
1687,553,277,1561,128,1794,447,55,879,626,165
1845,119,1759,1575,1261,1778,1905,796,659,1769,1943
1536,1720,437,1733,1770,826,58,1833,1590,1821,402
165,149,1673,1536,1777,1719,1520,1878,255,1851,1837
1498,404,1525,1767,1711,1505,1481,700,1667,1659,1719
1681,1608,203,470,1384,294,1788,1704,1623,318,1573
1617,125,46,748,315,1825,1809,1604,1687,1560,1498
1856,1628,162,96,285,123,1685,1809,1545,1395,1320
1544,1616,1629,1761,1561,1757,322,1636,258,1762,1514
276,1007,1728,1826,269,1735,1773,1031,1912,1661,1646
1748,1699,1653,1719,1630,1852,1487,1718,137,1759,1708
1973,1677,666,1602,1841,1813,1597,1669,1687,1586,156
1679,1354,139,127,170,1627,1893,190,1672,173,1747
1685,1946,1499,1542,1822,1533,1320,1636,1688,1611,1939
1434,1599,362,163,1941,1230,1671,1667,1669,302,1788
1645,1698,1245,189,1831,141,1642,175,874,1908,121
614,1953,1778,1691,1968,119,103,1507,1498,1367,305
1635,789,1776,1665,1572,1835,860,1528,271,1614,1783
1603,1771,1526,1692,1799,1651,1630,1655,390,1787,1741
1788,267,1609,1501,1852,58,186,1810,881,799,1802
1711,1604,1561,469,1728,1585,649,1661,1594,734,1580
1339,26,1650,1648,1595,1912,1574,1481,76,1678,1942
162,697,1750,1644,1646,131,1579,1864,1728,1497,1819
238,1614,1510,626,166,1323,119,1762,1598,1792,141
1748,1601,1778,1612,1847,1650,318,1928,1702,1716,1626
110,237,1535,105,1441,1354,1733,1703,657,1950,1629
1848,635,119,537,1005,95,192,1752,567,1649,1696
1850,1586,803,1703,1669,1656,518,1763,275,1645,1783
199,171,1234,1611,1902,1743,93,1698,413,1644,1549
1837,123,1846,1682,1518,1606,1972,1771,1514,1684,1505
1492,1674,172,1384,1779,1537,1064,95,285,182,1850
1529,1852,1776,264,1622,1809,1687,1758,1641,1240,285
323,1839,160,229,1684,1664,1574,1671,1587,1589,1538
1567,1790,1715,744,1909,1666,1714,1625,235,1742,240
173,150,313,1509,1498,1609,1708,1521,585,1798,1293
319,1826,1638,1647,263,1660,1497,1563,987,28,1797
1841,990,1741,1628,282,1509,1746,145,1573,1807,1754
1699,1581,1486,1500,1800,1797,1554,1569,1681,1785,1521
1620,1313,880,1428,259,1853,752,1591,1677,1369,202
