1626,102,1553,1456,684,1495,310,146,80,1785,1909,66
115,1673,1684,1831,148,1269,1578,584,1850,1553,1640,1653
1621,1981,1663,1577,209,136,1665,1505,1660,1951,1634,1484
1067,1333,1910,1531,1650,315,1659,1568,1742,1825,1567,1844
1597,1748,1542,1663,1626,1178,246,1754,1318,1025,1690,1777
1672,1353,1778,1293,1836,1489,1537,300,1736,1037,1674,1805
209,1735,1695,1860,138,1713,202,1845,1822,1830,106,1609
1538,1667,1714,1823,1825,1599,1689,1912,1626,1507,1957,1775
281,1579,1551,190,1765,895,287,28,700,249,1696,244
1826,1035,1672,1617,1554,1822,191,280,1173,1529,1854,734
118,1335,295,128,1811,1089,1911,1913,292,1717,1851,59
1602,1934,1718,1773,874,88,1778,1637,1744,1622,1006,124
318,1714,1798,14,180,175,1776,1696,1802,216,1514,1634
1677,1535,1519,1496,49,1576,1502,1549,1696,1584,1815,1559
863,188,1394,234,1709,1684,1674,1579,1569,1673,450,1761
1651,442,1751,1657,1523,1792,136,1413,1262,1739,1600,222
828,1653,1546,1658,700,1702,168,1964,1830,1485,127,1703
1730,112,1920,1063,1713,82,1704,1688,126,1915,1630,1586
1665,1172,85,1736,1548,199,1541,1685,1725,1547,1608,1520
1561,205,1683,1842,1060,1815,1567,1733,1809,1590,265,390
455,310,624,1653,1687,106,1221,232,1480,242,1830,1672
1478,1848,1662,1781,1753,1796,1786,1685,1571,1560,1612,1534
1769,1618,1727,1574,1579,1950,292,1051,1741,504,322,1781
1847,1671,1159,281,262,1856,313,1109,136,95,1520,1818
1718,1754,165,1689,1701,1781,236,1591,1800,1808,1852,1855
1510,1586,1702,1528,1477,1552,1487,238,1335,46,1508,1746
1751,664,1386,1532,640,1657,1761,1818,1678,1647,1497,1406
1736,238,1566,784,1724,1699,1063,735,1845,1577,1950,265
1378,1746,1668,1813,1675,220,800,1485,1635,1131,1350,1776
1500,105,1000,1803,1727,1909,1678,1704,1528,170,239,1551
1583,1802,1532,1678,969,976,1507,632,1475,1073,1734,1790
1231,286,1346,1802,1638,1534,1526,1574,1532,15,1831,1323
327,1575,1779,1490,1788,1984,224,1706,1515,1811,515,1966
11,1642,1820,1555,1739,1500,1910,1543,1613,1815,1482,1630
1813,294,1647,1571,1514,1715,1503,262,1659,236,470,1788
1835,1597,1483,1345,1645,1528,1778,1674,1519,1730,1366,1671
1588,275,1553,307,427,645,1655,1738,1775,1641,1645,1754
1750,1787,1103,1099,1569,1729,1810,1678,124,227,147,1761
1583,1751,1576,1156,1566,1949,1866,1685,1827,1498,1842,1987
214,1725,1853,1671,183,1656,1571,1835,1568,1807,1880,1649
1822,1782,107,1893,1839,1737,1693,791,455,110,552,206
1663,1789,1907,1545,1034,712,1575,1593,1502,1579,1498,1532
1552,1672,1852,1705,1760,1846,261,1976,143,1583,561,1543
1602,1493,280,1693,1502,1770,790,1741,143,1983,1609,1568
1956,1510,1693,871,1699,1807,1831,1483,1650,23,1845,296
1609,168,250,1552,1507,278,1957,1635,212,540,1638,1516
1537,671,1907,1853,1556,136,1941,151,1664,1371,1617,1727
1740,1806,1823,1505,1837,1480,1813,1818,408,1792,1713,1581
1764,1502,1718,1956,1556,1833,1857,1809,1835,82,1572,1755
1619,1569,86,1576,1689,1669,215,1779,1535,1913,1069,1970
1945,1792,1592,1832,1544,265,1686,1500,1907,1724,1625,1810
1693,1509,1749,322,1635,1506,1583,1746,103,1552,1759,1601
1638,1522,1709,1490,1629,1908,1533,1714,1606,1500,1550,389
1871,1544,1515,1780,1566,96,354,1591,133,1895,1846,1071
1727,1755,1500,261,1829,1784,1640,1855,1557,1607,1681,1736
1674,1522,1579,1291,1521,162,1636,1750,150,1571,102,1686
101,1537,1607,1616,1655,187,1848,1713,1656,294,904,1738
1365,136,1783,292,1723,805,1762,1117,206,1475,1580,334
193,1661,1173,1817,35,39,1734,1544,316,1486,767,968
1550,1690,1618,1689,1708,487,1780,1578,275,988,1480,1500
986,1601,1836,1563,1710,131,1819,1804,1811,1715,1501,1750
166,675,1804,1536,873,1606,1572,1316,1757,115,1144,1626
1762,105,1540,1794,1945,1820,151,1596,1569,181,1543,1833
1509,213,1850,289,1736,206,1662,28,1071,1722,1613,1787
1855,1390,158,299,1525,1638,1572,1763,1801,1786,1740,1492
1517,833,1765,1383,1741,1524,1898,1240,399,631,1973,1011
1674,1848,567,1536,1561,1617,702,1698,891,1845,439,1543
1383,177,1628,816,1850,1570,1312,1685,1626,1732,1475,1552
307,228,1632,40,562,1691,1723,1797,1558,199,1945,1524
1512,1595,320,1622,1648,1771,1501,1597,1588,1494,1768,495
1823,1786,1772,1676,1753,154,1519,1573,1480,1814,1535,1788
1576,1830,1580,1556,1723,228,1841,190,1613,222,1596,1826
1622,231,1720,1509,1603,1016,1516,230,1846,1606,709,1491
1675,1482,1392,1780,1383,1543,1253,1832,1509,1710,1811,1484
1669,1744,1654,1639,1754,1383,792,1552,123,1375,1707,1385
1713,1347,95,82,1813,703,1390,1343,273,1704,1634,180
1484,1871,1670,1544,1494,1653,1648,1802,1941,1563,511,1754
1822,1268,272,230,1498,1564,1825,292,1573,106,1793,255
1536,1756,1630,1224,225,1721,93,246,1482,213,1376,1487
1149,1711,1970,1812,719,1673,1958,481,199,1112,569,1162
1663,1560,1659,1775,322,223,627,1584,1786,1569,1931,1035
1567,1506,1662,741,275,555,1526,173,1838,1657,1478,1686
1500,1477,1799,1825,568,622,95,1626,184,262,1857,966
1669,1574,168,1581,1571,1808,1552,556,1806,1848,1563,1645
1751,290,1763,1772,1245,1509,1761,1697,1847,1627,1500,164
267,1505,275,1699,94,287,89,1742,1681,1379,1533,124
178,1516,1320,611,1969,1892,1475,328,1340,1211,1102,1775
320,250,1373,1535,1807,1488,619,1905,1537,1190,1715,1371
1644,1790,1765,1683,1597,1484,998,198,795,1620,308,530
1720,889,1825,144,1114,1847,1488,1497,146,1796,1591,1629
1843,1764,1308,1943,1823,770,1521,1351,1269,1699,1812,1636
1823,1785,1824,544,441,1664,1975,1958,1615,1699,1797,1592
1917,116,1802,1736,1695,134,1793,592,1497,372,1535,1385
521,227,1850,1572,1237,1687,1789,1599,1660,1775,1480,1561
1723,1263,1823,1910,1849,604,780,1744,1763,1532,629,1906
1681,1506,1673,257,1553,1296,1817,1579,1676,172,3,986
1821,1733,170,1975,157,1741,1668,1682,1982,1730,1713,1383
796,324,1268,218,254,1896,1395,1676,1779,1709,1694,1591
1639,1370,1622,1696,1542,1512,1543,1974,1779,1598,349,1538
1639,1491,247,1767,1686,1597,1560,1779,1839,1551,325,1760
1809,314,1744,1551,1508,1795,1908,1918,1725,667,255,88
705,1488,1571,164,1014,1481,145,283,1490,1824,1789,1538
1585,1561,355,1810,1529,1247,1635,1964,94,1788,1751,1485
1696,1697,1494,1525,119,1723,1593,1906,1773,270,1736,1753
262,1846,1740,1528,886,176,1448,1752,1648,1652,1815,1661
1723,1708,1645,287,1954,193,1378,1779,1731,1725,1591,1694
1519,1579,1770,274,285,786,1619,55,1234,259,73,115
203,1729,1493,1611,1618,1711,90,1740,1795,1596,1561,1663
1631,787,1662,1756,1930,245,90,1637,757,1505,1591,1760
1693,1659,126,1805,1753,896,257,88,1714,1685,1549,1823
1841,1559,1764,275,1519,98,1666,110,1624,1673,1819,830
1551,1603,1756,1598,1922,622,1925,312,1332,1750,596,824
1561,1659,283,1329,198,1578,1733,1841,1661,1587,1850,1491
1855,639,274,199,1576,1070,181,104,1594,16,1620,1851
1624,1683,1725,1595,187,1628,1636,1019,1743,1784,277,1841
27,1378,1481,422,1804,44,1721,700,1694,170,178,148
1666,1913,102,1566,1635,1797,1735,321,457,91,262,613
1607,143,1830,1516,323,1986,377,152,1847,1748,895,191
1822,992,286,759,278,1649,1854,1354,1492,1701,1738,1547
1678,1662,1551,1803,1523,1644,669,267,1784,211,1787,1546
1244,705,136,1652,1641,169,1602,1670,1646,1537,1826,1954
1661,1547,1558,1797,1700,1296,1594,98,1544,160,1659,1518
1676,1523,717,1835,1621,14,1559,1495,1906,1488,1646,1663
120,311,1912,1662,505,1542,1983,865,1840,1639,1703,1564
1906,175,118,1709,1546,1666,214,1587,836,1834,1566,1518
1586,262,705,1547,1475,1599,1372,1553,1630,1606,222,1907
168,1601,1609,313,417,137,1538,1633,1579,1764,1622,1562
853,85,1729,249,1950,1532,1589,1380,1806,1833,1761,1514
1856,240,1485,675,1492,1171,1390,125,218,1826,1571,1828
1837,1172,259,1767,1540,1320,99,1807,1552,1530,1819,1946
789,1700,1819,1514,1643,1383,1677,625,1689,1720,1907,1730
1763,988,1679,1741,1365,1541,1489,220,89,172,1804,518
1551,1762,1475,1725,318,1693,1908,1684,1704,1639,1776,1271
1958,1598,1495,1908,1689,1954,1480,769,1818,1600,1762,1542
1779,1907,1688,1636,1792,932,1785,1591,209,545,1697,1595
674,1796,1548,1045,1670,1553,1601,1804,1725,257,1776,1613
1739,1807,1745,1601,1590,1549,1760,587,1606,85,252,605
1745,1051,1594,1660,1385,1857,1646,1558,1562,1493,225,1592
1574,1577,1662,1632,1750,1776,1058,1063,1585,1640,1099,227
1721,1767,900,1537,1912,733,1490,1687,94,1556,328,1508
1531,621,1119,1631,1811,828,1797,1501,1650,1657,429,1648
1574,1852,92,1738,1569,1782,279,1792,1750,248,195,1830
1817,139,1668,1694,90,399,1784,1517,1601,1927,1544,1616
455,1776,1625,113,1897,1973,1837,270,1730,1061,1502,266
281,933,1681,1496,1514,78,172,1763,1511,1470,1705,1856
296,990,1971,1857,1536,112,1717,1827,596,1632,200,294
1228,1543,988,1784,297,1517,1764,1978,1327,1844,1745,1735
142,534,932,1416,1025,890,197,1686,156,1734,1517,1483
1746,1699,1769,1373,1071,1718,180,1653,1613,244,1569,783
1905,26,1815,1764,548,1739,745,131,1630,201,1590,19
1596,195,1782,1809,1485,210,719,1701,1554,1721,1860,1709
721,1645,272,126,1730,1688,549,1571,1677,249,1784,932
1848,1611,146,500,104,167,1364,193,1587,655,1735,1752
1558,1767,1748,1182,207,274,1844,1953,791,1696,1704,1569
1912,1613,1520,951,1521,1924,136,1779,1583,287,1730,1527
1653,1817,1526,288,149,1728,1716,236,1825,1896,1908,241
1627,1503,1768,1547,1810,177,227,1636,1669,1487,205,1827
322,449,123,1072,1791,287,1525,1856,1618,1042,1560,1288
1810,1857,1505,836,903,1822,1656,1599,1849,1730,121,452
1773,1532,1800,631,1598,1693,1844,1643,1845,1906,1836,1527
1246,920,111,235,1650,1972,1697,11,1729,1490,1903,157
1807,1496,203,1707,1486,1663,617,1714,1370,1690,1603,1713
1684,578,1659,293,1817,1797,312,1749,1651,1641,1783,1529
1573,1856,1705,1604,1561,1805,1842,1793,1786,1535,1852,1444
1722,1386,1649,1813,1739,1841,305,1669,1751,466,1765,1688
1590,1752,1742,1521,1505,1498,1698,1544,100,1660,1530,1874
495,169,1695,1020,1767,1579,129,1670,1629,430,401,1676
264,1657,1754,1675,98,1491,242,1504,101,1586,268,1544
1618,1823,252,1579,789,1676,121,1797,1800,1767,149,1089
1633,263,1647,1527,1759,1922,492,1857,1722,1019,1795,1600
839,1659,160,1030,1744,1655,1571,1670,1560,751,1710,1542
1913,157,205,1479,1773,1562,170,1884,1650,1752,1689,121
1197,1639,441,1627,134,88,671,1759,1549,1363,1652,1955
1699,1395,657,1729,259,986,1705,1269,1536,1707,1049,1576
1573,1475,1905,1734,1751,1807,247,1520,1769,1853,1586,1606
1666,156,1696,1804,1688,255,1647,1587,1911,1484,1755,323
1849,1851,1727,635,1519,1696,1323,1483,1183,1682,1558,1507
1709,1758,1706,1677,1761,1714,1556,1943,1939,609,1577,1698
326,1802,1733,1224,1542,1892,1535,1809,558,1666,1660,1482
304,1797,106,1643,1851,1588,1954,1834,196,128,381,1810
1752,1113,169,1651,1730,1500,1717,256,1392,1830,1835,1880
300,1721,1481,1824,1088,1396,1555,249,1654,37,1667,313
80,220,1549,1701,1174,1616,95,1911,1808,1055,1754,304
1675,1598,1601,1118,1726,1862,1573,247,1514,1838,428,1489
161,1772,1657,1971,719,164,1526,1125,1829,172,1832,1933
1534,1682,1906,1788,1756,178,1760,96,1689,1827,433,1596
1029,563,276,1806,232,1489,290,1685,1793,1812,116,1700
193,1476,249,1535,1633,1483,1551,184,1827,47,1742,1071
1316,1662,1672,1813,1875,1615,228,1895,1704,1684,1779,1820
1908,1700,175,1670,1911,1383,1810,1376,1776,1672,1486,1747
992,1539,1768,1602,1344,1705,1569,1643,1715,1833,1704,179
1649,1624,1581,585,705,1664,581,1779,1804,1586,1371,1756
362,1821,278,1339,1632,1769,1701,798,1650,1799,1717,1365
846,324,805,1589,1830,1218,1396,231,472,1478,1783,1493
1556,1715,1905,44,1540,193,225,63,445,1779,1505,1119
1480,232,188,1948,1546,1692,1514,173,89,1752,1830,306
1826,211,1697,275,182,1792,1781,1490,1802,172,1717,190
107,1686,1794,1604,149,1368,1526,1597,752,1639,649,1754
1807,1560,187,1563,1732,742,1946,1942,1582,1651,993,1772
175,1836,1787,1648,1790,1620,21,317,1732,1544,1762,1788
430,1702,1566,120,153,1380,1589,294,1220,1509,1100,98
193,1606,1562,1680,1813,1338,97,1381,1749,1380,321,1823
1643,69,155,329,1982,209,232,1683,1976,1716,969,1707
1677,119,274,1489,1514,1376,1625,1487,1780,1608,1521,1104
649,1533,168,229,1714,1694,1373,81,1531,1964,460,1853
1576,1568,1492,1566,1784,1669,155,172,1923,1649,1497,64
948,1916,1631,1545,1536,1817,1548,249,274,241,1222,387
1836,1272,257,145,1362,1585,1843,1979,1801,131,805,1839
1182,1720,1634,231,1822,298,1568,1262,1706,1650,1629,1834
1388,150,1934,1695,1603,159,1781,784,1655,291,1502,1808
1694,314,1674,1394,1572,694,1681,1554,76,1892,136,1159
1782,1277,1799,1479,148,1583,1665,195,1520,1827,133,1560
1854,1817,150,1592,164,263,1657,1526,96,1859,1664,1611
324,233,1628,1900,415,1845,1754,1643,130,1514,1786,1499
130,504,313,205,1801,1703,234,1685,328,166,1588,1749
700,1519,1490,1676,1069,1043,857,1745,1508,1482,1707,1637
1714,291,1520,706,1541,1686,1628,1837,1544,1795,1803,179
1591,1677,1646,1964,1525,1564,1846,1817,518,1501,1649,1490
326,1647,694,245,754,1274,1388,432,1636,1375,199,1718
1737,1754,1487,1573,541,1778,1927,226,1758,112,1605,1541
1768,1686,1798,623,188,1486,717,1391,1810,1551,1748,1503
1520,1691,252,235,1719,1503,1733,796,293,292,1918,1894
1656,1476,1093,1526,271,112,1678,1490,1055,1683,129,1922
1723,1539,316,1528,1567,1826,304,1312,1677,1824,212,1595
1533,377,1542,1630,306,89,320,171,1948,1311,1816,1671
929,1479,1754,1658,1607,1853,1505,1503,1813,1624,1615,1544
512,1763,1570,170,299,1779,1574,211,1580,322,1727,1545
1479,260,1746,1543,1511,1591,1507,1838,1632,852,1672,1580
483,1883,288,1625,1551,1531,1252,89,1971,140,819,1832
90,79,74,1349,1911,494,821,1673,1549,1961,1072,1701
1064,1824,1477,199,1394,1382,1849,1232,1562,1555,1655,1498
1948,113,1848,1378,1384,1674,1748,1511,1808,880,506,1785
644,246,1737,177,1911,500,1668,96,1665,732,188,1550
1507,399,1650,1709,1837,123,1404,1696,1775,1740,131,1784
1525,1687,1689,174,633,1659,1839,1375,1823,1545,278,1736
1653,1739,1502,211,1910,1487,1830,1576,1540,1526,1720,1745
1826,1594,1680,150,1230,1756,1830,1574,1158,1631,1852,202
1665,1695,1534,1596,326,1722,1698,386,1958,65,1741,1678
1550,1295,114,409,1632,1530,1844,158,1771,1566,1515,215
1784,689,1864,1596,1808,1529,1679,1855,115,1510,346,1617
1697,197,1509,1748,1589,1761,1845,1637,1689,1849,1777,1770
1618,1520,262,210,1219,1749,280,1612,1506,1770,1491,87
1730,1734,1296,1611,1557,787,1756,1761,1807,1814,1849,1818
161,1550,138,1339,190,172,270,1735,1678,561,1829,1648
100,741,1402,1483,1527,1576,1618,1484,1599,1651,1650,1839
1613,1298,1491,1509,1459,291,1702,1529,1333,1707,185,1660
805,1507,1505,1232,548,561,1613,1793,332,1504,1628,704
1841,1555,1736,1939,1975,136,1643,300,214,1815,28,262
431,1479,1569,1907,334,993,1531,1688,1053,1477,138,112
1526,1604,1949,1834,154,1964,1493,869,1837,1102,374,193
1644,1761,1544,194,1860,890,1565,1651,1612,1378,1512,1545
1354,1584,1759,144,1535,1484,1619,1506,1753,437,1548,1785
140,1696,1743,163,1500,1530,1827,1554,1689,1611,1557,1501
95,1657,1855,1536,284,1644,1634,304,1539,61,1623,1534
142,1689,1714,1842,215,414,964,1794,586,1124,1717,513
1839,1909,727,1152,1823,1720,81,1841,1070,184,347,1837
490,1614,549,1657,1629,1807,1619,1637,1940,130,1831,1719
1668,324,1947,1733,233,1728,1697,871,1774,131,1763,59
966,1752,10,979,291,49,1772,249,1575,1702,1582,276
1035,1821,1838,79,1703,1609,1828,1969,152,1702,1792,295
1543,1786,96,875,1594,1765,1649,1754,1506,1488,1480,89
1761,1867,1252,1558,1857,207,1762,393,1551,1612,1606,1524
1747,88,1712,219,1071,1856,1477,91,1523,1587,1752,1737
577,979,1504,1594,1737,1796,1652,1383,459,1896,1580,218
1610,1694,239,193,1476,1780,1692,314,1785,107,1722,731
1608,626,640,1785,1832,1394,1905,207,1644,99,1566,118
1946,1804,1626,1783,120,251,1906,41,475,1601,1952,1508
640,314,1842,758,25,1604,1648,1183,1388,231,230,1580
1326,112,1911,1783,1944,1912,1106,1512,1907,632,1424,1816
1580,1813,300,1882,325,1496,1753,1670,165,1567,1509,1603
298,1578,1673,1571,1859,1538,1326,62,1907,360,545,643
283,1556,96,1402,1466,88,1896,1610,1758,1477,1538,1397
1813,1857,1551,1483,1545,1561,158,1570,798,93,842,1604
1812,1554,1847,1641,1660,1874,1930,1804,1725,1611,1753,24
1777,1624,1781,507,87,1582,1675,1599,125,1871,176,1844
904,259,185,1527,1765,1665,1088,1546,1952,1910,1709,1704
1813,193,1669,466,1599,1715,1840,238,1582,1488,1820,1642
1749,1356,1555,1506,649,1724,1771,1569,1705,1945,1147,1899
1277,1032,1516,1668,261,1860,1671,671,1847,1844,163,832
139,945,1976,1776,737,1840,1520,1527,1656,1689,1975,1496
1948,316,1137,1585,288,1590,1827,1493,788,1552,11,1721
1170,1843,315,1847,1899,1818,1315,461,198,1621,1739,1893
598,753,1824,1655,1070,1201,1625,1624,1796,1671,1508,1882
1844,1329,1765,234,1744,1506,84,312,991,1667,1104,1565
1761,1776,1279,1746,1715,155,1370,1804,1272,1570,1692,1842
1672,107,1157,641,77,1643,1573,1640,1628,1555,368,1476
1918,266,260,1552,278,1322,1269,1659,201,115,1670,1521
1047,1715,1473,887,131,932,1832,234,1795,210,1908,222
1638,224,1574,656,1608,1686,1755,1681,1342,1391,969,1757
86,233,1656,1559,874,1687,305,39,1833,1483,291,1823
231,256,1482,1644,1857,1907,1901,1837,237,1718,132,131
1610,1685,1671,1376,204,1832,555,1489,1484,1583,1913,1954
1922,1699,1635,1978,1781,1644,1545,1547,1581,411,1543,1438
1905,1656,1840,1562,1874,415,198,1817,1813,1919,1368,1701
209,1747,1736,1799,1800,1519,1572,1763,1832,1647,1603,861
1640,320,1487,1799,1941,484,1760,1701,1820,1907,198,1905
1379,1948,1953,1776,1847,1707,289,1798,1429,1949,1947,1792
1646,1834,1725,1836,1774,1767,1484,360,1681,1589,1159,1831
1614,1790,1765,224,1609,1857,1069,1545,1495,1615,287,879
264,1489,1628,1973,797,1319,1794,130,1552,1841,1709,1725
1525,1803,1633,1505,1396,1541,1910,1835,1695,1194,1753,1485
1301,70,1515,1813,1581,1803,1682,1723,187,1706,117,1213
339,1395,142,325,1666,497,1911,1758,1398,244,1839,1680
229,1490,1602,302,1927,1792,1768,1812,892,1642,735,1660
1683,1982,1653,1773,1821,1696,1678,1837,65,1489,260,1816
110,1565,1226,1758,1772,1315,1694,197,216,20,1504,1805
1746,83,1826,1896,1855,1114,87,1625,1789,1743,1243,1728
516,1269,300,1749,1220,1816,1475,1830,1679,1958,1969,1712
1686,320,596,1543,1333,1838,1636,632,1616,1909,1593,1662
1628,1820,1524,1225,1613,204,787,1680,276,94,1525,1700
309,1827,1887,381,1736,1646,1623,1695,135,227,1580,1532
1819,326,1394,1683,1582,255,1563,883,1616,1910,1548,587
1531,1137,1942,1562,1948,1705,1649,1268,1616,1658,1774,1793
1709,1494,1719,515,1827,1812,1907,1762,386,1700,1482,1958
147,1752,1557,1709,1779,1669,1516,125,1810,1548,1512,246
1611,133,1292,1539,241,147,1100,1824,442,1700,1545,1563
1838,1832,1626,1701,292,1480,1517,1907,1631,1965,1630,1803
258,175,1829,250,173,1064,1740,1284,1835,226,1727,1523
1744,269,1696,1852,232,1849,1686,310,19,534,155,1039
1537,146,1943,1896,11,998,1629,518,318,1893,1691,1478
1752,1500,1623,1607,1839,1684,1504,1583,311,224,1671,1814
16,1607,1498,872,1621,1970,275,1662,1479,1824,1692,1946
1550,450,1802,1525,1973,232,1236,1824,1762,1630,938,1815
1379,1765,212,1586,1625,1536,1718,1854,1678,1817,1796,189
723,129,1089,176,1715,1555,222,1571,1608,321,1768,1902
1547,1388,1968,1834,1786,1685,1502,1599,1765,1838,1507,1063
1605,1972,1672,1531,410,1215,1747,1686,1857,1853,1741,1782
299,1825,267,1688,1571,1515,1553,1628,1619,148,1601,1357
232,1782,157,1807,213,1701,976,1623,1609,1857,218,1828
1782,1691,213,1649,1741,1602,1553,308,1540,728,1707,617
784,1393,1778,1758,1661,1959,157,1669,328,1799,1765,1495
1825,1777,1611,1708,1983,1758,1955,1618,1832,1767,125,208
1070,1654,1091,1815,1653,1537,1558,1889,1580,1662,1948,1647
88,1480,245,932,1596,1553,711,367,1682,176,1573,1765
1588,1653,1623,1542,1776,246,266,1575,1715,1498,1385,1570
1540,252,1379,301,1800,179,1643,1689,1627,1623,1058,1968
1899,781,976,301,169,1586,1489,1765,1774,1818,1524,1644
1441,1842,1606,1373,171,246,1479,1495,1764,1158,1827,1613
1510,1930,1669,1554,1684,497,1706,1910,283,959,1764,1830
424,1708,1833,1649,1767,178,1907,262,304,1552,115,1772
85,1586,1651,1688,178,179,1566,288,1656,406,1480,1842
176,1501,1525,1531,83,1376,224,1850,1704,592,158,945
1483,786,1720,1631,1702,289,1824,1586,1516,164,88,160
1386,1818,1905,269,158,1528,1513,1641,1552,1619,1785,1574
739,1616,1860,1822,119,789,1707,1742,200,1479,196,152
542,1103,1380,1525,1518,1508,1485,156,1477,1174,1734,1745
1907,1817,1667,108,1486,282,1738,1768,1637,1711,187,42
135,1592,1675,779,227,1552,1686,1740,555,232,1954,31
1596,1585,280,1606,1500,855,897,1634,233,1820,1749,1747
1789,1552,1716,1614,184,1910,1495,320,1729,1819,1854,1763
766,1629,1505,1664,1493,97,1722,1734,1665,1838,1581,1562
242,1676,136,1588,1493,1779,458,1143,1659,705,1700,1803
1629,1699,1505,1511,129,639,1612,90,1803,282,247,88
1497,17,1890,1661,1818,1380,1762,1792,1907,1597,1623,261
932,1728,281,1677,1536,1767,54,1625,209,1611,1783,1314
1539,1633,1514,985,1540,1374,1477,162,1742,1632,1603,1774
1708,1790,1542,1668,1666,1605,1908,969,1522,1779,1499,1298
1734,1827,1642,67,1510,1508,1754,99,200,1663,1627,1673
1475,1022,144,1939,1670,1707,1834,1483,1000,1926,1699,1574
269,1756,1554,1917,580,147,1589,1567,391,1822,1708,1657
304,1683,1023,1176,1541,1510,1827,1597,326,160,251,131
505,112,1545,1855,1590,1732,484,1641,199,514,1704,1810
193,1734,623,1837,1330,1789,1666,1532,1786,872,244,1759
1485,1292,958,1796,237,114,78,1551,1770,153,217,1818
1826,1552,1231,1837,69,573,1827,1481,981,1732,1755,85
1620,1582,1818,985,1667,311,1831,1738,704,1769,1484,1626
1846,223,265,1669,321,170,838,1800,484,288,215,1760
1817,1685,1625,124,1507,1662,1368,1850,188,1330,1836,1633
1505,649,1008,1947,1942,1700,1543,1475,100,1894,831,1780
1757,372,1530,187,1752,1496,1701,1815,1774,450,84,495
1776,238,166,1566,1675,1575,1837,1488,1585,598,1662,1628
132,1361,1958,113,1599,205,160,225,1739,1712,1069,1706
1637,1621,74,1480,1855,1722,115,206,1643,922,1520,1570
1704,1627,1882,658,1606,1765,1583,1917,1808,459,353,1603
1553,184,1375,275,1605,1754,1657,1496,1887,1619,1741,137
1625,1546,115,1485,1320,1559,100,1636,425,1734,1394,1959
1495,478,1630,1708,1835,275,163,1608,259,1648,1509,303
325,1578,716,186,1975,1783,312,269,1395,1857,195,1846
1913,1803,686,1694,1739,394,1782,1532,1524,1663,1698,186
1764,1602,1481,1666,1416,1266,1537,1000,1575,1761,1959,1560
1536,1491,1645,230,1500,1811,1679,1603,1622,1654,1851,1563
1527,1078,1512,1385,1956,1925,1640,1764,1790,84,14,1803
313,1618,306,821,242,1905,1536,923,485,1383,282,153
1592,81,1649,390,1953,1602,737,1659,1650,1792,241,1652
1492,117,1637,1756,208,1682,1860,357,1815,178,1836,1856
1813,1589,925,1827,679,1514,1581,1930,1559,1674,1540,1678
1525,1579,100,1489,260,1970,1599,1572,1650,1571,1913,1822
1701,1576,1626,1857,1651,306,302,1735,1353,1532,1792,202
1927,1395,1617,1837,310,176,1945,1575,1795,532,316,1631
258,1546,1732,1618,1768,1818,291,1778,1376,1702,1789,1664
592,1692,1683,1579,1717,223,1778,158,1701,1746,115,1770
1754,1941,104,195,1801,1655,1723,120,1594,1609,1552,316
805,1762,1555,1747,1617,1839,427,1722,87,412,1834,223
18,1732,1716,1795,1847,619,1551,1725,1772,1594,1708,1656
1527,1518,1765,1963,1604,1718,1700,1619,1500,1794,138,1602
103,1357,1711,1526,109,1948,1512,288,1731,1071,1941,1592
167,1849,1650,1776,1830,1703,1570,1800,1605,997,1615,1281
1390,103,969,1791,1492,140,1504,1669,1679,81,1812,701
1492,1601,1602,1503,1213,1594,1648,1389,1911,1870,1828,153
1720,1729,1227,1540,1837,106,1646,1713,1518,1668,1922,1722
1742,461,106,1751,1813,1494,1788,1680,1588,1762,1682,1491
1517,783,1543,1394,1641,1564,66,1796,1487,1214,1810,1654
1572,1658,1527,1798,702,1475,1930,187,262,243,1776,1223
1727,1171,1541,198,1847,1680,1851,168,1576,103,310,1584
1793,1096,1522,1817,1831,1752,680,1811,1850,1635,1905,1544
1174,1956,1655,1489,619,1648,428,1788,1827,1383,1701,1860
1799,1501,1784,1481,1677,13,641,1813,735,1493,1558,1564
1655,1531,95,1508,1843,1771,1314,1610,1721,50,433,1488
1501,1679,1769,1710,258,1763,1580,1790,1687,1690,1399,1559
836,1702,1066,1695,793,1696,291,1838,1481,1849,1574,1957
823,1856,231,1746,989,1690,1508,1704,1629,1536,152,1802
1785,1370,1738,1806,61,1913,1521,396,1689,1761,827,1083
1675,1756,1649,1905,1811,1564,1000,184,1494,422,1672,1956
1504,1490,1491,1822,1599,1711,197,1495,1498,1485,85,1499
1697,112,1622,1730,1489,1701,1834,1268,1754,201,106,1691
208,1655,1641,1786,143,1730,1689,1725,323,1556,1511,1622
1783,1687,1682,1639,19,1837,1627,1295,1016,1894,301,102
1559,155,1667,992,861,1912,1968,1842,1813,1657,1844,1541
1824,1661,1846,1608,1707,1367,1856,97,114,1513,1611,1526
1952,1580,143,1778,1562,317,1070,1732,1756,141,1767,1549
1710,1840,218,1721,1389,155,1767,1945,284,805,224,1508
70,1757,1651,1798,1114,1740,1509,131,1275,1493,275,1824
548,1697,1813,1707,1392,1652,1108,205,383,577,1425,1101
1937,1782,1899,1591,1923,1798,1728,1582,1479,1589,1530,1887
1537,1800,1690,1634,1954,1695,1620,1590,1010,1673,1501,1572
1583,1682,1617,1554,1383,1842,1549,1070,322,912,1629,1700
1570,1640,1587,154,229,1523,1951,1850,1894,1667,750,1869
1727,297,1697,1500,1752,1808,1765,1664,1591,305,1511,1482
208,246,94,1537,1834,1543,1812,1366,1765,1676,171,1828
1761,1892,114,1162,1848,1729,1795,1678,1821,1703,1563,1663
1829,1773,286,1838,1605,1976,108,1587,1826,288,1686,1825
1634,1729,721,1540,1527,1523,1911,1678,271,1833,767,312
1503,312,1856,1778,1682,1698,1772,1795,37,1592,1211,126
109,1040,1759,207,1593,1792,1765,1750,275,124,1716,93
1660,1678,1551,1649,1662,690,1656,1732,1805,1912,187,1533
1801,1684,1933,1490,1645,1596,1574,1504,484,1548,239,1685
1763,1093,1571,1072,1828,1627,129,1833,1494,1478,1539,1489
328,742,226,1956,1693,253,1854,1592,1501,1849,1644,1682
1652,1823,1582,326,234,1770,1731,365,1680,1706,1656,1828
55,1478,932,1584,1761,1519,1716,1323,105,1524,1829,788
1690,1791,1678,1668,1756,1675,319,1721,474,122,1363,1912
1595,93,267,1546,195,1803,1014,244,1840,575,1897,1701
65,1456,1396,226,1449,1612,1706,1651,548,1594,1781,294
1554,1659,1396,1749,1578,1552,325,1941,1870,1558,1750,1504
1590,1161,616,1527,1639,1561,1665,1555,1689,1685,1727,1718
1811,1780,1544,1484,264,1488,1616,755,259,1773,1663,1184
1529,1035,198,968,357,1828,1496,1659,1741,781,1507,1502
1772,1614,1792,1702,1588,193,1325,623,1945,1071,1695,1563
1843,596,425,1838,1488,3,1939,1848,1732,284,1472,1634
1628,1835,279,1396,196,1698,556,922,1791,1837,1483,1895
1835,1487,1489,1535,1424,169,1613,229,1693,920,1594,1974
271,231,1525,1594,1822,1843,1397,1578,277,1626,1803,177
1667,956,123,157,131,705,118,704,604,1647,1377,1543
1623,235,144,1774,344,774,165,1822,196,1848,1787,1382
244,1637,1724,1006,1684,1669,1073,1535,1531,1838,1527,310
365,156,1763,1842,1696,1792,1770,1655,1470,1443,1395,1856
62,1800,1953,1612,866,1640,1536,1797,553,203,104,1481
1612,1724,1720,1840,1847,1619,245,1757,996,1479,197,306
1502,1595,1533,1383,1380,1660,1178,218,1426,1795,1814,207
997,1767,1692,281,1497,1739,1724,299,1682,242,206,1745
235,1706,1613,1734,1974,1508,212,1644,1657,1607,1493,1362
1573,329,1806,1396,1565,371,1910,1805,1670,1608,376,1814
639,1585,1835,164,1536,1039,1643,1577,1601,1483,130,1708
1660,282,1593,1854,1535,1848,1791,842,1842,1539,114,1148
279,1507,1508,1642,1484,1066,1770,326,313,45,224,848
785,1675,1841,1506,1575,1187,1617,1500,771,1476,1974,1751
1640,894,1471,1661,1706,1822,325,1034,1855,84,1615,433
1496,1956,1552,299,645,1977,1589,518,1633,1621,1391,1103
1794,1630,1499,1569,1501,1666,195,1806,1852,147,1798,1487
1626,158,1575,1615,1852,1698,1495,1394,677,1090,1532,1788
133,278,1725,672,1625,139,1835,1656,735,1585,1826,1509
1669,356,1556,1841,1969,1790,1775,1512,110,280,1616,1907
1788,1786,278,1609,88,1833,1559,1096,1508,123,1554,1620
1608,1766,1907,1757,278,1525,1617,1497,1679,160,1871,1774
1379,313,1636,188,780,1191,1713,1705,435,79,317,225
1858,1718,631,1726,28,1681,1672,1819,104,188,1813,112
1480,1545,1796,1316,1627,167,1676,186,1504,312,234,1615
262,89,1552,1521,328,1526,1794,211,1065,1688,1721,1719
1594,218,266,1606,1667,1762,1766,1913,1699,1063,174,1550
1508,741,1565,227,164,265,1586,1584,182,1917,1368,1694
1073,175,1656,1496,1479,64,1804,1520,1668,1627,1571,245
1959,155,1739,1532,826,285,1645,1704,1484,1833,640,1770
1330,78,104,181,197,808,1509,1742,640,1734,1907,139
1520,222,1776,285,1641,1763,1721,91,1385,1729,1839,215
1555,1684,1681,1502,132,1804,141,1862,1522,325,1581,466
1615,184,1604,1734,1757,180,560,163,1699,1002,1622,1833
1490,1485,1395,1787,1770,1829,1616,1340,1385,1188,1510,1647
1551,1546,796,1485,1707,988,259,1478,233,1793,302,1487
255,1496,1794,1854,1821,1630,1662,1703,1773,1486,1817,1311
317,1829,1710,1616,1946,1718,1592,1816,1641,1353,1909,1690
1753,107,1747,1695,1684,1850,1594,124,1626,1562,1889,1542
117,123,1918,1572,1794,127,136,1912,1851,92,1501,1838
1526,1707,309,1801,563,1733,141,1636,1383,1394,1683,1855
1393,1691,299,1689,1743,203,112,1687,1839,1570,1675,890
1937,1654,1612,1072,139,307,1960,498,1606,191,1723,599
1549,544,233,1894,1535,281,1621,1392,1499,1849,1498,278
211,1527,1823,1585,1526,1797,881,141,83,1655,163,1523
805,1381,1519,1548,566,229,196,742,100,696,134,1231
1697,699,1810,1711,1488,160,1939,1481,1940,1672,1554,1953
1489,101,1071,1816,941,398,1668,1500,1653,184,368,1810
1640,1512,1795,1765,1916,1741,1917,1957,1695,1709,725,334
1699,1478,1527,255,1750,1850,146,1574,22,108,1248,1874
1540,1582,242,485,1838,1586,49,1822,237,1754,1549,1750
1533,1534,1389,1227,1720,1630,184,1707,794,1907,1756,1573
1704,160,183,1356,1545,185,1730,556,143,1790,1170,152
1543,293,1159,1071,497,437,1708,108,1531,890,1688,1705
1721,1629,520,981,1674,1627,1700,1009,1637,1378,1644,1375
248,1829,755,316,501,1721,788,1523,170,1308,1495,1545
1857,1854,832,1674,862,1673,1373,1821,272,1810,1479,190
1912,1163,198,1567,1767,1004,1797,1830,1808,1670,1680,1645
1756,234,1514,1660,259,1712,960,1490,1721,175,1542,1775
185,1107,1757,1740,1502,296,28,1674,1673,319,309,1690
1606,1804,1913,165,256,1697,281,1595,1780,1666,1685,1596
248,1770,1485,1728,519,1567,1736,1617,1698,1659,1751,308
1768,1694,1299,1832,1689,1488,1850,192,1614,1955,1829,248
1523,1603,285,1826,1853,1354,155,1781,1791,1528,1583,1779
253,172,1921,1721,1795,257,1543,411,1803,1710,1072,1247
1712,1526,85,1785,1857,1117,1734,1680,1702,150,1754,1791
677,322,198,1282,1514,154,1576,1565,1387,1628,473,1483
1832,275,169,1756,16,150,1812,1488,1722,345,1741,1736
1702,1522,1380,1560,1802,1754,1526,1980,81,1820,199,1713
283,1801,1689,1840,1475,1746,173,1515,1562,1817,1672,1545
248,1481,1760,1611,1823,892,624,1710,1681,1973,1830,68
177,1608,283,1572,1476,1830,1825,1704,1552,321,1689,1696
1391,1306,163,950,314,1752,1784,481,1841,1765,1328,1664
109,1710,1731,1521,75,1495,339,1774,573,1514,1647,1719
1938,1606,786,1036,1654,203,1575,1702,1337,1480,1443,1754
1626,1948,1798,1162,1371,856,1784,891,1973,245,1597,1070
1828,1893,1669,1565,1187,1544,1853,1817,1625,1541,1591,1812
1523,287,1059,1597,1951,843,943,1827,1517,1809,85,1779
183,1510,1827,1538,319,1777,1202,1589,1766,1913,288,1590
982,1704,967,1687,1606,789,1563,1725,260,1906,1731,1588
434,1952,324,1737,1579,1799,1685,1658,750,1849,1052,1816
1881,1629,1908,256,1667,1642,309,177,1857,1679,1862,1671
1779,158,792,1487,1483,222,323,1850,1554,1518,298,732
1686,210,1820,1508,1495,133,719,205,1751,182,1605,1874
320,1660,553,1645,1834,986,1556,1828,1756,1734,1643,577
259,439,1792,232,1860,1721,1590,1754,308,51,1505,1551
1717,1572,155,1090,1475,132,1512,1644,1821,183,1577,269
319,1599,1741,1790,133,305,1661,186,151,1631,140,700
27,76,1778,203,165,1831,1072,1816,1251,1561,1922,1860
1520,1738,1713,1628,1515,1511,1818,1820,1902,1534,349,1647
1727,1818,872,319,1365,1691,101,638,1622,1560,126,1264
1113,138,1640,1827,1829,1308,102,1808,278,1763,1501,1622
253,1954,1699,251,1687,24,213,1896,1730,1812,1493,97
138,1945,86,1654,1645,1798,1612,144,1754,1560,270,180
269,1714,1588,247,1689,475,72,1814,1592,1482,179,1618
1046,399,1559,1548,1174,1787,1730,326,660,1582,1782,1717
1658,941,558,1763,1683,1675,1589,1532,1539,1753,1889,1262
1543,1894,246,218,44,1493,1695,1530,1680,1930,260,1547
1665,143,275,603,1567,1950,244,1568,448,1681,1905,1540
1644,1489,1477,1480,1174,594,1728,493,1815,1547,1826,223
271,1647,1242,1894,1612,1964,1594,1528,244,1626,1838,1849
1643,1474,1719,1943,1922,1899,1828,1209,1497,1853,1848,1955
1584,1783,1673,633,201,1773,1586,307,539,1618,1594,1956
649,1595,208,245,1624,244,311,325,1509,80,1805,696
1817,1768,1959,78,1545,1486,325,187,1772,1669,1476,1747
1069,1563,1672,1690,1825,1503,1971,1661,1508,954,1561,104
1562,1477,1590,1640,608,1656,263,199,1630,1857,1612,209
1846,1376,830,1853,357,2,1845,1754,1844,1582,1664,1564
1136,1850,886,1088,1654,1801,957,1374,1640,1611,260,1646
1556,274,1573,114,1635,177,1479,108,1699,670,1732,1484
1953,1798,1777,1114,1759,1501,1597,1815,1836,1482,140,298
74,1504,16,1604,1908,1547,1254,1945,1476,1180,1518,1640
1764,1084,273,1696,1647,259,1587,1565,255,1717,1906,1686
1419,104,1790,1373,1338,153,1566,1556,1747,170,255,1492
1584,196,1631,617,1896,1730,152,1837,1494,1525,1269,1838
359,716,1555,1590,986,1573,80,1111,1672,1587,1258,309
1653,1850,1831,250,314,1593,1619,1575,1569,1816,1894,1953
1523,1691,1670,1959,3,1781,205,1842,885,1749,1585,1294
238,1758,1679,1733,1514,1688,1762,1526,1831,1095,1678,1804
114,1376,998,1495,1833,1791,1948,1429,1779,943,1395,374
1616,270,97,1394,130,147,1000,15,1631,906,1906,1717
546,705,1505,1837,1653,1856,1762,1816,1733,195,1551,1719
1757,151,329,1024,1772,92,1638,1687,1630,753,1564,450
130,1746,1551,1410,281,1791,192,1799,1676,1814,1798,1771
258,1532,1213,1643,171,1259,85,164,1516,1625,143,193
1947,87,1598,1622,1723,1615,1510,1656,1540,1535,1522,1839
1480,152,212,1684,1635,1711,295,1561,292,1980,1579,1957
1909,252,110,1586,199,1749,1851,1700,1552,1478,1829,1604
207,1770,1919,1847,1598,1679,1791,1910,1387,1838,1925,1498
1662,1605,211,1500,1731,274,24,1526,1801,1240,920,1837
1809,162,500,1828,1669,1600,1875,1841,108,1648,324,1556
858,555,1699,1084,1523,4,134,281,1622,1567,1207,301
1837,1721,1061,1691,1668,1294,1531,224,1656,801,1360,1746
1971,224,1584,334,111,1715,1594,1383,165,842,1800,1070
1776,669,1642,1669,674,1523,1524,185,1038,296,479,568
162,922,103,251,297,1569,1639,1565,94,232,1665,1604
119,621,1658,1490,1704,1599,1805,244,1611,1843,1778,1715
368,1517,1531,593,1807,1590,917,1505,1740,1650,1139,242
1365,1920,1612,1757,1530,1692,281,469,217,423,1070,304
150,97,1560,1850,1518,1279,1151,1546,1735,1648,1661,586
1910,1765,1729,1824,1786,1560,493,680,190,862,1654,1502
91,1685,1626,424,1379,786,1654,128,214,1807,262,237
1732,1564,744,703,1849,1670,1586,830,230,1502,1070,1231
1650,1620,290,1527,138,1621,1569,303,1498,1334,1675,703
1601,850,1377,1551,291,1672,260,261,1836,730,1769,1481
1635,1828,1846,1531,353,1365,153,1000,1778,1612,1772,1752
1396,1720,1875,1807,1697,1647,1374,1703,1798,1070,417,105
246,115,99,1835,933,1483,1490,1508,1671,1662,1843,323
89,122,1911,1481,1525,933,1792,284,1516,740,1704,1854
1956,1897,1852,115,1485,1379,616,1669,1818,1563,277,281
69,567,1722,138,329,943,553,1487,1839,1771,1643,1549
1847,748,1936,979,1838,1190,112,1763,1664,443,193,1394
1824,1950,1834,1926,1539,1489,1712,1634,1843,211,1332,1745
1790,220,536,1689,1168,1794,1497,1324,1514,1806,1557,1215
93,1492,1187,1551,1717,1501,800,1160,1839,1841,1718,1619
1754,1776,1552,1598,1492,1710,1730,1837,1549,131,1817,1888
1656,1582,1851,199,1815,178,1892,1748,1786,1619,704,1646
113,99,238,1544,1817,1394,1851,277,1737,531,1687,198
1605,999,1079,1817,1525,120,1787,1524,1753,1627,1513,1972
1547,296,1486,1749,1839,144,1966,1579,1598,1588,119,1492
1562,1828,1487,746,1773,1756,1956,96,1631,132,1808,1779
1671,340,111,1548,1754,567,1852,1694,1740,255,1795,236
1582,1615,1767,278,409,1624,1754,1494,1771,1559,1610,1650
1500,1628,1853,1075,318,1568,1640,149,1243,470,1751,878
147,1556,98,1913,1659,1268,514,1438,1542,1484,1757,1313
860,1396,1658,1744,1536,1941,313,1529,1792,118,126,1504
679,189,156,1485,1168,120,411,1632,1722,1610,1629,1606
124,721,1974,1378,385,986,194,1071,1851,1762,609,155
1685,1642,1647,295,1671,1528,1510,129,1085,115,1818,1911
1585,510,1696,1514,1285,1535,902,313,1588,1770,188,1590
366,809,1090,1078,205,1710,1845,1476,1768,1975,713,782
1727,1316,518,1465,1833,1732,43,780,1741,1750,78,1527
1674,174,152,1601,1688,1036,1668,1671,1559,279,1540,1662
118,1677,1719,1559,1506,1723,696,1764,1540,1504,1780,323
298,1646,1383,791,1768,623,1623,1493,117,1788,1370,1624
1609,1651,98,1655,143,122,214,1729,990,1662,151,237
1820,1556,954,1568,1087,1753,179,1648,1542,1602,1481,1647
1952,1759,1833,1495,1002,1490,1819,65,1804,192,1597,1625
1487,1579,1831,1475,1644,1604,240,146,291,1618,973,294
1791,1216,140,1567,689,1382,1879,135,1614,1743,1584,1658
1726,1727,1500,1701,1619,211,853,242,1653,1639,1650,1589
525,1727,586,1663,1368,1530,1534,1762,1956,1608,1690,1096
469,1572,1777,217,1543,1589,1673,1792,1363,1631,125,1637
1846,1841,1379,567,1547,1655,1842,180,1562,1121,1893,150
1561,1619,1621,1047,1060,1645,287,1730,1574,1832,1844,1149
1659,133,1606,139,1368,1893,127,266,1683,1723,1637,98
836,230,663,1168,1888,1073,1071,283,488,1497,1821,1318
1843,158,934,1475,1899,1768,214,1491,1176,1592,633,1733
1922,460,1763,1563,1743,681,208,1647,1510,1619,1579,1731
1519,1119,1949,1930,1839,1534,1447,76,1632,1799,892,1059
1627,1614,1845,1913,1542,1637,1708,528,1741,1676,1597,1102
1721,89,1629,1811,1715,1827,1705,1501,1783,67,1522,1655
184,1711,880,1585,1682,1907,1477,194,1369,1515,1580,1849
1553,35,1960,1549,1383,808,1521,1674,1577,1381,1816,28
287,246,1697,146,723,192,732,1765,1632,1073,1497,1070
1780,1906,1606,1721,1744,1390,298,1841,117,1032,1809,1598
1560,297,1781,205,1954,1591,95,929,1592,1023,1670,1668
1560,1073,1740,1838,1801,1836,210,1908,1746,123,1511,735
1588,1744,1493,94,1593,1520,1849,1742,1981,1827,153,1681
1488,1500,561,1539,1529,1750,1678,1705,752,1630,482,1702
171,1824,1623,1754,1683,1637,1859,104,1899,1492,1690,1790
1870,1497,1852,1498,234,1556,1985,1510,191,1965,1857,1738
180,1647,486,488,1382,247,762,163,1906,1805,1533,1104
781,92,1518,74,1747,246,1367,245,504,1791,1789,1815
1583,1828,240,1643,1580,1389,677,1760,1605,1470,1762,112
1725,1395,1608,229,1601,1684,1666,815,1835,1564,1393,1642
1594,991,1623,1705,1530,137,1635,812,97,50,1569,1919
1548,1493,1718,1615,1683,1722,1809,1563,1825,1053,1626,589
1368,1564,161,1752,1395,1792,127,1591,1240,1782,1840,1550
322,1855,256,327,194,1183,1811,1534,1583,1906,1815,1313
449,1645,715,1911,1739,192,1835,1677,201,1595,68,136
1857,1825,682,1677,1639,1674,1480,1506,1612,1658,666,1830
1383,141,1124,1544,633,1706,1762,1674,1523,1712,1365,1743
1572,215,1786,23,1747,1812,65,160,638,1796,1149,1681
129,1555,1842,1548,989,1387,284,1373,717,1684,118,1238
203,1831,1597,1804,1734,222,1671,225,1686,1894,194,284
1106,225,1853,1352,1759,311,1837,1586,1581,1618,171,26
1546,1909,283,1826,600,914,1522,1768,307,254,1512,1552
1754,1612,1752,1491,1679,1505,1685,1639,1368,356,1486,214
189,1961,1567,1896,1664,227,251,1785,274,1294,1763,1779
1698,323,630,1395,1705,649,1594,14,1836,398,124,1945
1837,1353,170,1734,243,892,1621,307,1225,225,1722,1727
187,83,1849,1501,1953,1726,860,162,184,1828,1843,166
1556,1802,705,1553,1674,874,1842,1764,211,1511,1685,1604
1622,1532,1375,1587,1736,319,1823,1568,1801,1750,1758,955
1678,1829,1782,1568,1510,267,1704,1656,1650,1601,738,1676
1109,1547,1586,1688,785,345,1971,1755,1737,1734,1478,1542
1507,1912,1628,1651,312,1495,1622,1804,1802,1640,1575,98
1661,1912,174,258,1747,1544,722,236,1846,1798,1742,1856
1724,186,1634,143,1849,1913,1567,165,1843,1000,780,1973
1638,1799,1642,1512,87,251,1845,1500,1743,1605,1760,269
1539,608,1581,1683,1367,101,1540,1529,1596,1821,1492,1739
1496,263,1704,1491,212,1555,1562,1252,1843,1782,1539,1568
1801,137,555,1772,1541,1560,1507,1551,1525,1548,7,934
749,656,1844,1799,1697,1846,203,1531,169,1712,1732,1777
1628,1816,1771,1517,1686,364,1651,1970,151,1487,109,1942
1845,1770,1604,1479,1759,1049,1548,1188,1965,538,247,1503
628,1911,133,1905,206,1560,118,1820,1667,1776,137,87
190,1670,1576,1608,1918,583,1620,1713,1740,1522,1843,1639
1692,1821,1609,1836,218,102,1818,1896,1798,1162,1734,1963
1750,1845,266,236,1083,1567,1783,1967,1644,795,156,1507
406,1593,165,1776,1643,1518,1800,1547,291,1564,298,196
1841,1848,1849,1910,1512,218,1487,1613,298,991,1539,307
1516,832,160,1279,308,1618,267,210,1637,1776,1827,1819
1714,34,1643,1589,1815,209,429,1949,649,1638,1509,655
1237,1639,1508,1601,1678,1383,1702,1810,1510,326,1595,62
304,1810,110,1581,1659,1663,268,1644,1530,230,801,1848
1625,324,1849,1613,1710,456,1961,1548,1769,1905,1794,1754
299,123,312,646,1770,1667,1818,1751,327,1775,210,1070
1629,1609,130,238,260,1821,1539,217,1487,1650,1070,256
1480,1712,1481,208,1652,212,1729,1053,1670,258,82,1776
1595,1620,1848,1847,1759,1796,120,1623,1658,1664,206,1829
114,365,1950,265,129,1087,996,1333,1143,1580,1721,1712
1516,1548,521,1640,1886,831,1761,1718,323,1508,1906,1493
1772,1529,1591,93,1840,1667,1796,1688,1370,1759,1856,1394
1724,1837,1758,1744,1961,257,1708,1654,1165,1495,1695,211
1659,191,1482,1687,1499,1529,1827,305,1678,1713,1601,1655
1365,1735,1756,1674,406,302,1691,613,288,1906,1615,1725
1783,1653,1726,309,1799,249,1823,1683,1522,204,1678,1777
1536,1566,1807,248,1748,1759,1768,1552,1543,1637,272,1806
701,232,1502,182,1191,1024,1568,227,860,1516,1819,1591
1971,669,823,1797,1576,1279,1736,1710,1830,1498,1536,1708
1828,760,1823,234,1754,1653,1765,205,1753,964,1529,1554
1837,1772,322,701,1530,943,146,1561,1581,1842,1489,242
135,141,1800,1582,1884,1125,1701,1594,188,1778,1524,486
281,237,1100,161,24,178,1475,1811,688,1538,1751,242
1548,1555,1805,960,1576,1624,127,934,1810,1650,158,1561
1556,1705,117,50,154,1545,1653,1929,1908,1394,1734,299
1965,1908,282,1792,1716,327,1853,1005,1960,1950,1819,1313
1757,1779,1696,1505,276,1387,1892,145,1625,1806,1792,1679
1246,1845,1984,1504,1702,1762,1763,1374,304,1752,1596,1677
1703,1550,1520,1668,1968,1963,1634,1797,1558,932,1838,1484
157,1482,475,149,1371,1798,211,295,1477,1688,1497,318
1209,1373,1811,1715,1537,464,1764,156,86,261,1728,1793
1532,587,1778,1665,160,1564,1837,122,932,1612,1602,1902
1975,1650,1608,1602,1842,1483,1476,1723,1377,1805,1645,1621
1846,1686,761,854,1817,1737,1799,1527,1706,1123,1752,213
1695,1502,1639,269,1028,1810,1597,1510,158,1622,1564,1676
1487,1244,1497,211,1754,111,1533,153,112,298,1971,1743
1052,783,292,1697,1750,1841,1143,1604,1972,407,299,1946
1729,226,1907,1072,1537,257,1573,704,1911,1681,1816,172
223,1773,1783,1574,912,1623,1701,1814,1637,1547,1809,1692
1590,110,1602,1784,1836,1785,1496,107,1658,1189,1700,1680
1911,1342,251,1695,1589,1821,323,782,1951,122,1496,1583
1724,1740,1908,1753,146,1682,1528,1174,674,1847,1558,1577
1737,1743,1684,1698,1784,708,1675,1391,191,131,1492,1579
178,1122,52,115,108,1119,1646,1619,1728,1668,1819,1373
1785,239,1840,1561,184,1604,1894,1568,244,1533,1535,224
279,1537,1827,1648,161,1495,1574,1591,219,1249,1729,1641
1394,1577,1751,1559,385,1809,1478,1496,1771,1735,1747,1953
1596,252,1798,1806,1930,541,1579,1522,917,329,1931,1725
1806,1538,1608,261,1153,1631,690,1745,1813,1663,3,119
1818,80,1783,181,1746,1491,1738,1621,1532,603,1713,1680
1810,1508,209,1696,673,1558,1578,1586,764,1946,1723,221
1860,1601,1785,1608,1517,1379,1762,1734,1295,1637,1698,1162
1831,137,1788,1827,1637,1772,1649,260,1664,277,1836,1588
1758,41,1833,1752,1757,609,1727,306,1626,1742,1779,1785
1659,1603,1956,1472,234,1686,1742,1773,784,1482,987,1813
1366,1488,209,1913,1562,1778,1824,1848,1739,1909,175,1628
1731,1838,1742,164,281,1850,1100,1037,1773,1732,815,1222
1680,1560,339,411,1532,1565,1610,1527,1506,1906,969,88
1757,1597,1811,1716,1643,1906,1130,1769,1981,1504,1690,1603
1525,210,1541,1641,1945,295,542,1693,1841,317,223,1645
1598,992,1483,1982,1613,1519,1847,1725,1546,1631,1827,1745
1593,1673,1475,115,1704,225,1543,1748,1688,1613,145,1494
1644,1378,1395,87,1489,1783,35,199,1569,1799,1512,1383
1215,1529,286,1484,1647,1659,1477,1562,432,1656,1611,758
1583,1519,1628,1691,1724,1848,1728,1712,1505,1619,224,1951
1542,1853,1897,1021,1805,1754,1549,1617,1768,1338,1385,1761
178,323,327,1817,59,1732,1176,1735,1723,1743,1598,1595
1773,1844,1486,198,231,326,1507,1680,1956,1714,208,1669
1781,236,1686,1650,231,1678,1754,1145,903,1100,121,1532
1520,1577,1770,1854,1977,1613,98,1512,1801,157,286,494
1512,1961,1509,1674,278,1070,1486,1801,1507,28,1379,1780
1650,282,1852,1541,1780,1258,1640,1760,1686,237,1483,1811
1516,514,1822,1856,1732,399,178,975,353,367,1601,1676
1854,964,1595,1841,1717,277,156,1848,280,1508,1704,1590
100,1624,169,1647,28,218,192,1677,1596,1614,1593,1505
1604,1930,1590,1502,1633,1718,969,1805,1844,1323,1569,112
314,1679,281,200,828,1519,1715,1735,1687,1008,1792,1391
1702,1669,156,1497,420,1521,1664,1475,1321,1803,1396,1564
220,328,1816,126,19,1433,424,803,1551,329,1745,635
1553,1632,280,1823,1146,1850,1571,122,1608,1723,701,1704
1504,1655,350,1686,1615,1523,98,1071,1742,1675,1578,1178
259,314,1940,205,1481,1526,1740,1622,1728,1476,1660,1762
1828,1632,267,1774,918,1548,1633,1191,253,1304,199,1677
1733,86,1645,1544,1522,140,1909,157,1802,1771,245,307
1162,1714,1523,1536,199,682,1577,1785,1821,315,312,1645
795,1764,1501,1671,1523,1547,1913,1612,1561,1739,1473,1801
139,1857,1575,1508,1701,1801,1906,1382,588,1623,576,1780
1787,1519,270,323,1593,1345,1676,1004,1557,1685,1567,1746
300,227,97,1353,444,1391,1548,1745,1772,297,1673,1554
1642,132,1738,1831,114,1625,1688,1689,324,1894,106,1752
187,1706,1479,108,1655,1566,1674,1070,1484,1506,1754,1929
1254,235,1636,1563,1908,1695,1536,85,1848,1757,1681,1949
1663,1779,1744,325,232,1711,1721,422,80,1815,1553,1689
1495,1734,351,1860,171,596,125,1506,1680,709,1488,1570
1626,1678,1607,1810,159,1502,177,698,392,1066,15,1700
1616,1696,1608,1798,1853,1501,1750,1389,1466,1736,1805,1385
1741,1629,849,834,1786,1805,1454,115,1475,1940,1687,168
1621,1691,1646,1665,218,871,221,1805,775,1572,1856,14
104,1547,1891,1083,1611,577,1482,482,1825,1656,1372,1582
1671,1974,1835,1542,266,1519,172,1346,1561,13,168,855
674,1537,1509,316,1590,1579,1674,1709,1762,1785,1784,1644
1711,157,206,1696,1942,1741,1694,1714,1635,1586,1774,86
1639,1849,1725,1487,1521,577,1383,1919,236,1388,1361,632
1771,1580,1802,834,162,70,802,1542,261,1747,1094,1586
1604,1614,1602,1532,1564,1768,249,1667,182,1517,1813,1684
1600,1636,37,1653,133,1765,358,1613,1772,131,1813,1551
1831,1628,173,25,1793,1835,234,1493,717,1515,1587,198
1835,126,109,1813,1547,1694,1641,1757,1541,1097,123,1838
849,1644,1753,1731,1946,1385,135,1642,1723,1070,1489,1776
191,87,1731,178,271,195,1371,1689,1610,1748,1778,1578
1713,1481,210,1663,313,1518,1654,1974,1088,1849,253,286
1073,1854,1908,1719,1113,251,1773,638,284,1661,1692,1851
1614,146,1790,402,311,1683,277,1851,1685,1504,1515,1774
1652,1501,1357,1677,369,1061,1584,325,1803,5,1776,322
1721,1567,126,1622,1582,1585,321,1654,1975,1220,1572,513
549,1536,1723,1603,1729,1374,1550,838,1831,222,1785,1654
295,298,1812,1570,1395,1561,160,258,1913,1716,1764,1752
1236,1720,1033,1782,1686,1795,880,1747,1602,1831,1634,1527
1709,1680,1616,1496,1556,279,1650,1575,1978,214,1851,1485
1070,1980,1528,1721,1672,1970,1559,128,1848,1550,1636,180
1556,1665,129,215,1732,1602,1696,1364,218,1601,450,1233
243,1566,1791,1679,1810,152,1507,1591,1498,1681,1573,1665
880,1663,160,413,1231,1579,1638,533,219,1725,1582,1733
1823,1512,1913,1735,1561,179,1636,895,1802,206,1570,1974
1702,154,1535,1766,1803,567,687,1673,1650,1603,1804,1823
251,1661,1676,1855,1826,338,1776,1647,1721,1908,44,1678
133,191,119,1795,585,1623,1852,1713,1545,1847,220,1368
1473,1754,1379,1664,243,1699,1842,101,1539,1810,1525,1819
1814,1686,1745,415,1784,1544,187,1390,142,723,1521,1571
289,1488,1491,1509,1766,1556,1749,1986,142,1512,1549,1856
1371,1614,566,1503,1492,1678,1957,233,1694,1702,187,153
1782,1619,1903,1961,200,1779,1586,1850,1829,1837,1100,1621
1649,807,1729,1529,217,348,594,1581,797,276,1635,1572
1839,1517,996,229,985,1475,1675,246,1714,135,1380,1507
1776,1809,94,1934,1968,1162,619,1571,1836,1817,1913,147
1768,1488,1782,911,255,1638,1285,281,308,1068,1546,1495
1889,1717,1588,1743,1831,1742,1814,1376,1627,896,266,1575
1759,1528,1772,286,1741,1547,1817,1756,1629,1119,1558,1662
1848,1667,1690,1641,56,1645,1634,1559,253,1717,1732,1636
259,1846,1908,1354,1744,1772,1856,124,939,1757,1644,1496
1956,252,178,1952,96,1494,618,279,1552,1694,132,1491
1747,1383,1774,1655,1832,1851,1559,1587,986,129,1247,1576
302,1722,1963,1513,1807,1817,1564,11,301,1476,1516,1069
87,1541,90,94,1492,275,1550,1690,1584,647,1178,274
1839,191,260,1802,1520,1601,1734,1576,1688,1522,1530,1627
707,1673,1852,596,686,1696,310,704,1715,304,1851,1530
285,1950,147,1702,1567,1781,986,317,215,1821,1739,1791
1553,1552,1775,1542,1013,1561,1583,1696,1758,1947,1516,1397
1848,1640,1872,87,1685,1637,1972,168,101,1724,1607,1065
1103,1694,1843,314,1495,1738,1609,1597,1798,1614,1821,1937
1601,129,1559,1837,378,1692,465,1562,19,1657,1336,1512
1986,1954,1626,1635,1754,1751,1946,1606,1687,1645,1851,1627
538,171,1473,1515,1817,1594,1768,1045,1790,1492,1755,173
1575,328,1508,1941,1537,1951,1776,181,217,357,1318,1714
1572,1700,1795,1321,910,1135,1627,1362,1554,329,1390,156
1679,1824,165,1970,316,215,843,1684,328,1724,1242,1569
1579,1549,1569,1525,221,1681,1740,1941,105,1753,1796,988
1501,1720,1846,240,1719,1707,932,1591,1895,316,1648,1502
1710,185,1509,1731,1975,513,270,128,1476,280,1583,1601
1640,1501,1681,1942,723,1792,1738,174,1534,260,1832,1927
1705,1724,723,1534,1383,1775,372,1669,694,1579,1650,1563
127,1495,1692,1644,1290,1773,1723,167,1535,1668,215,45
1541,1641,1716,1282,1709,1378,943,893,1679,1824,937,1505
1973,328,1775,1593,922,60,1536,1586,1816,6,1503,1645
228,1843,1830,1517,1663,1601,1739,1488,1751,1598,1655,7
1486,83,1830,1860,1960,1247,1824,1666,1484,1752,1777,1677
1628,1101,150,1548,1540,200,1790,1652,1675,1770,1724,201
1835,1801,1757,104,208,1819,1623,312,141,1553,1502,1587
1713,1551,1765,1658,1734,1693,1660,1657,1857,1561,1384,81
1673,1807,1383,1519,1388,1684,1680,1703,51,1153,1735,492
239,1517,1319,1565,1837,1849,1827,1682,1954,1780,1761,241
1980,842,1921,1723,187,1895,1700,1508,1673,1810,1069,73
1481,211,1825,1411,1756,259,238,1509,1862,1752,310,1331
1787,196,1523,1231,1639,105,188,68,725,1605,1754,1587
1647,1697,115,1691,1635,1726,1072,1766,1860,1574,967,1601
1486,1558,1175,257,243,1650,1491,1715,1756,190,1034,1538
1632,1795,1674,1940,220,1394,1826,1553,1648,116,1495,1518
301,1759,981,1699,869,1559,988,1538,1738,904,1943,1662
1806,1668,785,1514,1513,1589,1595,267,1581,1675,1950,1542
1703,1639,1810,1572,1568,1582,1535,1351,170,1448,1586,187
129,1569,1516,920,884,1359,1607,1782,1733,1559,1642,1484
1671,968,1860,280,1767,1785,1591,796,1713,1835,1045,1566
1676,1532,1524,183,816,1551,88,1516,146,1214,150,1674
317,1098,105,1462,217,1860,1526,1541,1633,1707,197,1676
326,1805,1588,1550,251,1478,814,1856,1616,1620,1810,1507
88,1663,40,1833,1509,1516,1652,1679,290,671,259,1531
1711,1810,1909,1508,1673,1608,1971,1746,1944,177,97,91
1799,1559,297,317,1810,1774,1499,1517,518,1638,147,1854
1724,1788,1794,1853,1709,1330,1831,158,1787,1675,1618,1678
1608,1715,1523,1654,1747,275,333,1822,1681,288,133,1610
84,1656,1604,1814,1944,218,48,1483,24,1733,1564,1393
1588,1073,1775,485,1508,1659,1689,1748,1786,1803,1795,1683
281,299,1692,1780,1578,1964,1604,251,166,1754,1742,1552
1660,1707,1865,1834,1641,122,1629,270,1666,1908,618,14
1736,1801,1855,1517,1800,1593,219,1503,713,1513,1862,1720
1527,1825,1484,225,200,1640,207,1695,1854,1688,169,1833
1557,1692,1582,1731,1413,1092,1654,337,232,1954,1842,1501
1821,1204,1613,317,847,1846,1850,1621,1542,1960,1498,1493
822,1618,451,1487,1569,139,1542,1777,1767,307,1545,1905
280,1784,984,735,1327,1535,217,1507,1663,1562,1613,1707
292,1648,1576,240,1587,1710,97,1743,1627,879,1113,1518
1507,1557,604,1957,191,1614,154,1540,1367,1789,1020,1684
74,1622,313,1837,241,1677,1598,155,1620,1746,752,214
175,1582,1828,982,1827,1654,1896,1011,1027,1821,1494,1730
1706,143,1825,1714,1710,1826,1778,1853,1782,1649,1947,1365
1563,1836,1114,1670,1692,1661,1922,1493,1277,1659,865,1550
631,187,1370,1822,1584,1639,1956,1330,1657,168,96,258
1546,59,1633,799,1534,1703,375,1654,1626,1673,950,1779
1500,225,81,993,660,1837,1487,1834,1772,1841,1905,1479
1523,1753,171,159,255,1812,1776,1784,902,1633,1781,1761
877,1561,1634,1687,1603,1574,1353,180,158,1469,1784,1759
610,1916,1725,1740,1784,282,1912,1651,1759,1913,1509,1878
1545,1734,1554,1516,15,591,1808,1645,1924,724,991,282
1502,663,148,1793,1544,1639,1365,1050,1846,1896,1477,1947
1754,117,1808,1695,1506,1568,122,1535,1764,268,1631,1766
213,704,1371,149,159,1562,261,1578,1699,1801,684,1834
321,1935,388,301,1720,310,1565,1515,1063,1771,1817,1855
137,1805,1350,1768,1536,1654,1583,1447,1500,1539,1911,1815
253,83,1576,640,1554,704,1551,1731,213,1856,1692,1685
1555,308,1545,1849,159,1601,1498,568,1778,193,1742,1785
1773,1520,1761,1849,198,206,128,1613,1973,1726,261,1908
1720,1540,73,1633,927,1543,1684,1534,1803,1067,1526,1736
642,1289,1558,1831,1523,1909,87,1807,1592,1628,801,1610
1521,79,1582,804,649,987,1760,1752,1733,1676,124,1666
192,416,1491,1850,206,1597,164,230,1674,1538,277,1717
1456,1951,279,170,1674,1804,1670,256,1809,1570,1555,1653
1649,316,1590,1353,1921,1552,1639,1485,1708,1360,1971,756
1616,649,628,137,1581,1764,314,796,1554,1525,116,1587
1618,1346,1684,1584,85,586,273,1649,804,1804,1653,161
1521,1499,1833,1482,1752,1763,1721,305,1700,1475,1822,96
1516,1602,1662,1367,164,1553,1497,1783,1788,1845,1594,1744
419,279,1797,1695,1716,1822,1755,1274,1743,699,1680,199
328,1070,137,163,1611,1579,1692,1795,394,259,473,1829
266,1764,325,437,100,1699,1697,1312,399,1015,1784,1689
707,250,1968,1504,277,1490,326,1811,1620,1743,197,1892
1070,752,1631,1622,312,1671,1408,1511,1860,183,259,869
1836,1894,1787,1608,320,1561,1484,1891,207,1502,65,1777
1488,188,1498,1622,1678,1847,169,1959,329,1637,1830,909
1216,1743,1574,1930,247,1674,328,197,934,306,1838,1855
562,1323,1518,1542,1773,1616,317,1774,1579,1840,1452,1072
326,1549,1821,183,490,1392,1660,146,1580,1485,1971,777
1731,182,399,1485,1587,98,1790,1803,1797,1558,1578,1840
1684,1826,1657,116,45,1521,1564,1679,123,1691,1833,1522
137,1601,1741,1845,1383,1812,70,1330,1689,1596,175,704
301,236,1687,1782,1549,1713,143,854,255,116,241,163
225,1700,1529,1629,1711,1491,1698,1637,1525,635,1772,1976
1722,1796,1839,1799,220,1675,1366,303,213,990,1049,200
1621,184,681,163,156,1525,1772,133,207,1492,1847,234
233,1489,1522,1476,1843,1716,1495,1854,1579,1560,1785,325
316,1804,1508,1940,1180,1538,1818,1582,311,969,1679,1671
1667,1481,1762,1827,1769,702,1491,1230,230,270,1704,1689
1754,1583,130,1053,1725,1246,630,119,1807,716,200,466
1715,310,1636,1767,1585,1614,518,1592,139,1645,1954,1840
1954,1838,1590,1515,1704,717,808,191,286,132,1692,228
1547,1686,1679,1605,1694,1963,165,1550,1573,1237,288,316
1583,319,158,1741,304,291,317,1680,118,1549,701,1710
93,659,312,222,1663,1808,1521,298,197,1390,1794,948
786,1839,1756,1776,1533,1930,1522,1832,1519,1487,1658,1653
1004,302,1847,1482,1842,1184,1514,1582,270,1729,1851,1494
1500,1561,1587,522,49,1120,1760,1686,1789,1913,1782,1549
1853,1604,136,838,1561,1781,1826,319,1584,1724,1638,1714
1495,1040,251,1373,1583,1822,226,1932,639,302,1697,873
1540,1566,380,1684,1643,1907,47,1799,1622,44,1608,228
1393,1657,1735,1822,1750,1644,1332,1493,312,1788,1555,1494
1652,1720,1269,1911,1524,1758,296,1670,1623,343,1843,231
1785,1730,1530,1722,1793,308,1770,1795,1768,1848,315,1817
1554,1595,1562,1746,304,1733,1731,433,1170,1503,1498,119
120,1770,1584,289,1498,16,1745,1594,1767,1854,1118,74
1795,1920,1586,1580,175,1851,322,1699,1677,1801,1571,722
1542,320,1945,1787,1802,1855,1942,1494,1818,1053,1157,1845
1117,948,1324,1565,1845,1769,242,264,1546,1779,636,1548
1719,1583,1802,1795,260,1152,267,1683,190,282,608,1774
108,1737,1586,1931,1707,1962,1747,1610,1098,1535,145,1846
1724,1480,1597,1844,1840,184,207,1804,1965,1621,1506,1833
116,1725,1905,1475,275,1381,1507,585,1744,1790,968,1634
1846,1823,1524,1831,1689,107,147,1379,1613,662,1146,687
283,1654,1507,1842,1849,149,120,1391,1746,272,254,1720
1636,1599,1789,1538,1850,1950,1089,1900,76,1579,186,1585
1072,1510,1539,1903,1490,1826,1441,1811,1837,1497,1504,1896
95,1777,171,1713,1683,1833,1660,1583,1988,1767,1807,198
1824,1821,1579,1804,1795,1611,1654,1701,1250,379,157,756
1808,1768,1589,1174,1799,1614,177,228,1609,1555,1484,1678
1596,828,1648,1583,1643,1704,1541,42,675,225,1737,1957
1769,1730,1526,213,1833,1622,1613,1806,1515,1851,1699,369
269,1838,1783,292,139,1849,1842,306,13,61,111,168
222,1807,1503,366,1146,121,223,1823,300,1818,188,1769
1701,1695,168,88,1685,1829,1592,830,1971,1509,1972,282
1628,1478,320,1778,1554,1838,1521,1809,1788,1658,1631,1519
1844,1508,78,1486,1799,746,1708,1632,1088,1727,1572,1767
118,1519,1729,247,1566,1738,115,1793,1678,1824,1894,322
1565,1641,1578,1627,1711,1736,1832,1559,1697,1365,1213,1577
457,717,1735,1636,1718,1500,219,1755,1581,201,1507,293
1724,1802,1476,133,1701,998,1366,1679,1510,1381,80,807
1487,322,904,1702,955,1565,329,1795,1707,1905,1972,1580
1499,1387,1607,1774,1512,1825,320,198,1814,1527,134,93
1535,1665,1847,1690,803,1582,1318,1556,1841,436,1522,169
1150,1693,131,1508,1848,101,1674,197,211,156,1672,378
1593,128,1514,1644,1769,1478,264,164,1653,1667,1542,1809
1598,90,233,129,178,1631,1784,1529,1475,1622,273,314
1564,292,1625,114,274,1095,156,1580,1709,1818,1700,1846
131,1560,1768,1736,1748,74,1554,128,1542,216,1877,1505
1747,1632,382,1487,60,54,1614,1629,1635,1802,1648,220
1823,1528,138,1767,1485,1626,1721,1660,119,1337,1733,1649
1761,67,1639,85,867,132,1607,1704,1772,1159,1664,1589
1683,180,179,83,1922,1660,1749,1824,803,41,919,196
