1520,1512,1616,1712,1734,1564,1814,1705,1619,1826,542,167,1374,1775,1743,1939
211,1666,237,1852,106,1968,1504,1649,1689,247,1783,1623,1700,1723,296,1856
1659,1745,593,1676,214,1932,1724,1592,1720,1642,1843,1679,1368,187,1805,1911
1771,1772,1601,701,599,1743,1775,1705,1799,1854,148,1983,1610,555,1780,62
1626,1692,1653,1776,1849,95,1515,1490,1819,1575,1641,1617,283,97,1700,1639
118,146,123,1605,1692,1119,1502,1488,1683,1823,1483,1507,1479,480,1910,131
1536,478,151,1853,1270,631,90,1975,215,1702,1688,85,969,1689,1743,1555
270,1698,1673,1628,1833,1919,1652,1488,1683,1968,1838,1273,1686,1835,1804,129
1582,1722,1500,970,1854,1496,1975,1071,1486,218,1806,1719,1675,1882,1475,822
239,1602,1787,1634,1820,1669,1532,1836,1596,1519,1534,1805,1947,318,1717,1811
864,1539,1777,647,1835,894,317,1676,1509,1699,1832,658,1913,298,1809,1781
1152,1672,730,241,1713,181,383,1785,1682,1516,1775,295,406,106,1599,28
1622,1597,279,1512,1819,1663,1850,1828,154,1974,1526,260,1803,901,1392,1390
58,1684,1659,189,1651,377,1376,1815,1832,1729,1500,1762,1701,1728,83,1621
171,189,1483,1586,1533,620,1796,289,140,1656,1509,1618,1826,1501,1551,1810
1711,1699,763,969,735,943,295,701,1667,1658,220,55,1490,1780,495,1584
1828,283,271,1598,1593,1483,1907,313,1652,969,21,1845,218,1492,707,1678
1662,237,81,1650,1775,1840,102,327,1848,1635,1810,1800,115,1486,1729,1117
1556,1586,1538,1500,1846,1937,1565,491,1618,134,171,1390,1857,1649,1633,1820
1501,1613,1724,1913,1696,191,1819,1652,139,1702,1710,292,1471,584,310,1499
1966,186,322,1661,1483,1578,1789,1604,145,1588,1752,93,1587,1448,1909,300
1484,1566,1754,1719,1703,744,1731,111,164,1568,822,1485,103,1073,1821,1653
1811,1588,596,1777,1642,1973,63,1541,1622,1579,406,1392,1664,1483,1599,300
879,1750,1572,1628,187,1379,1726,440,1637,1528,1688,723,1790,1143,1753,149
1594,1600,986,1907,842,1627,1670,1551,1574,1641,319,284,991,569,1496,12
1836,1938,1517,1780,104,1629,1849,260,1641,1937,1666,273,296,1415,1476,1690
1648,1554,113,1637,1849,1790,1884,1714,1571,185,1808,703,159,1981,1838,1574
1594,248,321,781,461,1378,1706,1682,1495,1585,1510,1763,122,1907,1838,1543
1851,1569,1566,1788,1853,1805,1960,1764,1797,1677,1700,1688,1807,142,1480,1839
1845,1972,1971,1586,1571,1700,629,1410,1074,870,212,1673,1183,223,1508,206
109,1395,1710,328,159,1910,1837,1347,1739,119,1869,1856,746,203,582,1829
1823,1492,1540,1577,1853,1532,1549,1850,796,1538,1821,271,787,1780,1692,1655
1527,1492,1510,1757,1499,1603,1856,1853,1678,1752,1972,1768,1547,1616,696,242
1601,1361,1708,174,1845,1835,1566,42,1758,1725,1390,1180,717,1913,1633,64
1756,214,84,1656,228,1905,1517,1539,1677,82,1698,1186,1781,1767,1749,1702
1812,1910,1719,218,1787,1761,1745,559,1969,1835,160,264,1959,1583,1758,1627
1823,1586,1685,1767,1513,546,1770,1627,1791,1778,1511,1966,211,1524,1845,224
1776,1707,1701,1833,1851,1713,184,130,1769,1724,1605,1549,202,1906,1753,1584
1833,744,223,1826,1845,286,931,1830,1787,1518,1735,1368,1519,100,139,158
1590,1592,1715,1610,1622,454,113,220,1724,840,1847,1730,1635,1744,1552,1784
1634,486,1739,310,1559,1753,1525,1560,518,1652,92,1883,547,1513,1533,1774
323,160,217,174,1950,137,1830,1748,290,1236,1349,1753,76,399,1700,1838
1509,1854,263,89,1539,1834,1725,220,322,205,1679,1909,1505,165,198,1526
1634,1735,1693,1682,1832,1638,1637,257,896,1370,1721,224,1487,182,329,1768
1479,1751,183,1757,1818,1395,290,1783,1491,147,1681,1912,1794,1590,1773,1188
1618,328,1749,211,1641,1780,266,1441,1585,1783,1615,110,858,4,1501,1682
1833,1555,1076,1907,100,1815,1503,1515,717,1911,35,1972,1787,1947,1638,497
1644,1694,527,1581,1665,276,1365,181,245,1537,1751,1070,1653,1922,1719,1518
1736,1850,1673,1569,1712,214,1562,1739,178,1553,136,1642,755,1767,1839,582
233,1820,1606,242,1752,1742,1789,110,1548,1837,181,1818,1686,1353,257,1758
594,1737,1338,1582,1383,1675,1677,1605,1672,90,692,1768,1376,1606,1537,337
1839,99,801,1650,1669,1652,1035,1757,1395,1837,1582,1530,677,1786,1638,1495
968,1641,775,1786,1766,1939,143,217,1678,1486,982,1980,1700,1942,1722,1542
324,1625,1715,95,261,1644,1910,1100,311,527,114,1158,188,1134,496,1779
266,157,1958,864,1671,1611,96,1564,59,1717,1594,28,1677,1580,356,1817
54,1625,1491,134,1621,1739,92,1710,1500,1757,1515,1231,1849,1970,1532,1521
322,1653,75,1636,1035,433,970,1495,1563,1380,130,1652,1737,638,1524,1738
158,1795,1502,1496,207,1395,1908,1523,1670,184,726,123,1604,1585,42,1590
1754,1642,1763,1537,1486,1728,176,1071,1562,247,251,1850,1844,1685,1344,1521
1711,1835,273,144,1970,241,1773,1603,231,768,135,54,1768,1620,1610,1730
1732,796,1844,1625,1672,1800,85,745,1644,317,251,83,623,368,1660,1833
18,1828,1631,1590,137,1707,1640,1584,1666,326,944,1348,1735,1521,255,1297
1696,1582,1663,77,188,1530,1489,1722,220,235,1908,653,1965,994,1972,261
1738,1867,1810,1529,1830,1585,299,1838,1492,1662,1687,1509,192,1602,1584,1721
1059,110,858,1110,428,1716,1540,1565,1659,1686,1592,1394,1072,164,128,1640
1527,1619,1778,1591,1585,545,1612,1581,223,1696,135,149,1705,112,1649,1629
1724,1743,1488,1658,1778,1833,734,1566,160,1752,1719,1827,1913,1577,1592,1500
1412,1966,1781,1494,1668,1871,783,125,1860,92,1702,963,121,1391,1680,1069
513,1543,1906,1742,1770,1644,1581,418,1688,1562,1798,1828,1551,218,1736,182
1558,682,1830,1555,1806,1679,1578,1482,1727,1801,1847,1790,260,113,1669,1201
1404,1009,1699,493,181,1569,1071,1110,1654,451,1515,1781,462,1522,189,1618
1887,74,16,1702,1735,327,1551,1593,1829,1138,1679,1174,172,1317,1661,1522
1509,1475,1404,1830,1600,241,1533,1558,1852,1804,1614,329,1624,258,1524,1575
88,1550,1722,1603,1629,132,111,544,1591,1893,1844,1610,73,1523,1749,218
167,1945,591,1305,1832,1591,1485,1506,1070,1579,1906,1578,1758,1891,248,1557
1652,1571,1084,1670,785,1573,1856,1741,1798,654,1538,1824,1503,1664,1594,1853
497,1637,1812,1698,281,1763,1617,1967,1318,1658,1619,1846,202,1824,1544,1507
1763,199,980,130,1961,1476,1829,74,1593,177,27,1383,1109,150,336,1652
1592,477,94,1529,100,1395,83,274,1625,151,1979,1675,304,95,1773,281
1031,1269,1611,1534,1354,252,1954,1794,1454,855,1737,803,253,1612,1687,1509
1807,1638,1837,1572,1956,176,1616,552,1823,1191,1852,1717,533,1790,188,1712
1802,1609,1622,1681,1593,150,1478,1704,323,1699,1550,15,327,106,1614,1615
1528,233,1630,1695,1653,1666,1494,821,232,179,1803,1484,1506,1604,1628,162
1790,1593,1383,1821,1585,1961,1558,204,1486,1657,153,1847,1677,77,355,1833
1475,1682,608,1837,83,27,1481,129,1735,1849,1840,1834,1826,240,696,1719
1665,1781,1699,1575,1478,1477,1750,1534,1483,1544,1887,39,806,187,1661,1732
1810,1779,1845,1303,1840,1629,1592,211,1714,1591,1654,281,1602,404,137,1733
636,153,242,246,1761,1500,328,1765,1771,1487,1695,274,313,1598,1786,1383
1690,1544,1750,102,835,1940,593,1816,1634,1655,1480,1727,1735,477,1395,549
1820,1752,476,1730,981,1626,101,310,1197,284,272,932,1842,1952,1612,761
1971,641,1538,1824,1701,113,1774,536,1724,1779,1542,1907,1674,1796,1780,1725
222,1824,461,134,122,1613,576,166,287,78,1823,981,142,1752,1818,306
1527,1741,134,57,1373,1945,159,1623,1519,1630,252,1503,1823,1745,1617,43
16,200,1775,1394,1738,1911,1905,1754,307,1496,1369,1498,1609,1727,1743,247
1792,1539,1973,748,1655,1843,274,1860,1818,1825,1501,1381,934,1827,270,1844
1180,1692,673,1502,1665,1893,848,186,1833,1912,1579,949,1783,1536,1708,1744
1240,467,1699,1553,822,1609,1583,1375,1606,1544,1953,1368,1576,1072,1838,108
1705,1793,521,465,1657,1383,154,693,1716,281,1614,1682,302,1702,1558,1617
1493,1661,276,319,934,182,193,993,302,1773,1830,221,1498,1085,294,1532
1784,180,1477,1072,1941,1702,1971,1722,1954,1778,1525,1502,1709,763,1075,1936
74,1630,1505,1844,1680,1794,1535,193,1815,1490,1645,1796,1757,214,1116,1485
235,1254,279,229,1613,325,1519,286,1288,1294,1507,1627,328,1560,1070,1806
205,181,1685,1755,1784,1753,1495,1851,1675,258,549,1913,1527,804,304,1794
270,1850,1542,1732,1754,1605,1804,1678,1493,1673,1540,1698,1895,1625,466,1589
317,1616,728,1756,1814,1495,77,807,1609,1845,1707,302,1712,582,953,290
312,1479,1952,1636,177,1112,1501,1834,1807,1681,1679,179,1396,1044,1943,1042
180,1486,1540,1758,1856,1177,1574,117,121,1734,1692,1930,700,323,150,273
1971,396,992,1552,1620,1680,1607,96,193,1726,1597,258,649,1784,320,1351
1540,1731,1569,1785,1766,37,1395,486,1758,1101,1565,1772,1384,1594,108,1488
1566,1907,275,145,1707,1832,1507,1644,1379,1445,321,1665,622,1651,1723,223
1817,1579,1850,196,998,1518,1125,1708,1501,1692,1575,93,1651,1786,1304,1722
199,1839,1658,590,1637,1518,82,1727,1705,328,88,1645,1540,1796,700,175
587,318,1635,1092,257,1097,28,1485,1752,878,175,1749,201,1739,316,149
1676,325,1580,1528,1670,1669,310,839,1609,800,1711,1856,303,220,1547,1101
1781,1554,1497,1492,1380,1910,1804,1532,125,705,1498,196,1562,1323,1737,1275
1950,1594,1499,1655,1941,282,1768,1853,1496,1576,1800,1277,687,1821,1667,1479
312,1825,1656,1246,1500,128,1240,691,184,481,1521,1640,1774,509,1762,987
1771,1500,1747,1738,187,1268,1703,87,1954,1486,284,1573,1849,1681,1963,452
1910,537,792,1177,1698,640,117,1642,1532,1972,321,1162,1660,1547,246,536
1522,1493,649,1669,1853,259,141,1396,1684,1780,1573,1562,1639,251,1724,1617
1816,1535,61,1725,1567,1537,127,311,1913,1552,1218,1498,273,1214,1702,708
1539,283,1665,1582,1475,1682,1511,1492,1771,1610,626,1580,1491,1669,1536,219
54,1640,787,1479,1866,273,1906,1556,198,1660,250,1365,701,1736,1512,1692
1159,1754,242,1626,226,1310,1394,1250,1652,197,1783,1852,1775,99,72,719
1815,116,1725,1777,1108,657,650,1365,1556,76,1498,174,1763,196,1378,1354
1581,1793,1696,1829,364,815,1615,1677,870,737,173,1622,1779,1907,1769,1547
1485,1768,1320,1675,162,1955,1589,360,295,1748,1791,194,1612,1774,1547,321
1600,1846,1508,1630,1937,1267,1768,1560,1911,1669,1761,186,1579,1641,1639,1676
1323,1827,1703,1550,502,1533,1721,1677,1496,238,1513,1667,1728,1731,327,1658
1947,643,1913,1696,129,284,1606,1763,605,1632,1543,1721,1664,1565,308,705
1253,1592,1628,1661,1896,1582,1588,1400,1814,701,1700,1383,449,1501,1540,1517
1650,1772,191,1372,1912,91,297,112,102,1725,339,1795,1844,1647,1908,1484
306,1625,1180,1653,1588,184,200,847,1436,1375,142,93,162,1609,1475,1761
1947,1656,327,1676,1603,1743,1553,1649,1510,1464,1693,1496,1788,1675,1826,191
1693,212,808,1701,1716,194,1912,1665,1840,310,1791,1511,640,1851,1620,211
1779,1893,1515,1850,1274,1754,207,1960,1242,1767,210,33,226,1639,1509,1844
1588,1795,1613,1845,185,130,1623,1720,1878,1648,518,1704,1773,395,1581,1941
230,254,1908,1621,1553,1531,1569,819,1828,1646,1793,233,1827,197,1645,1549
1608,1689,501,1532,1674,1491,1835,1908,1382,1730,1527,1564,1726,467,1621,144
1808,281,119,1504,1736,1479,349,1768,1770,1443,145,1134,1368,1775,1394,699
1946,210,1780,1801,117,1752,93,213,1657,1466,1726,1511,1592,191,1369,1968
1873,110,1815,258,97,1505,389,111,75,1617,1778,168,1951,101,499,128
276,154,1336,317,1799,1801,1484,132,1671,1828,488,429,1771,1050,1520,1327
1519,1745,1980,1622,96,676,1538,1677,1845,1561,1729,1532,1559,182,114,173
1844,1651,1498,298,1702,1693,1725,1542,1831,1813,1892,1624,1790,329,168,1484
1739,212,1597,1940,1525,236,86,264,1854,1688,1569,198,304,1672,329,1287
1696,1833,1627,1715,1835,1576,1788,1826,1571,321,196,1598,1512,1759,1697,182
1905,1628,83,126,1497,1792,1495,178,138,1899,730,1780,1763,1585,1544,1677
1812,1941,1537,274,1833,1690,1728,1756,1792,1475,1664,1909,1868,1677,1691,1971
95,1775,1905,122,1606,1530,1777,176,91,14,688,184,1776,703,103,1749
993,1807,1046,1599,92,1761,1602,1727,226,1600,228,564,1560,60,1729,1515
1632,1817,1932,297,1736,1508,1563,1478,141,1812,1807,1829,1770,249,78,223
1849,1476,1570,1101,1392,1785,1944,1913,1601,466,1551,1957,1523,1690,1506,1764
1615,1636,1493,1595,1708,1754,1630,1711,1663,1787,1910,179,1609,101,1831,1515
299,1794,192,1849,472,1662,1524,1762,631,140,1909,1585,538,1573,1754,1554
1592,1703,1590,1612,1095,97,1963,699,1482,1641,1567,1968,210,246,143,1581
1936,1725,1268,1072,1560,465,1788,1564,1672,1750,1610,1715,661,1792,1644,1581
1685,1655,316,1693,1768,1558,1675,89,1892,1592,1637,1798,1494,168,1708,194
1394,757,426,1521,309,1922,846,1717,1593,1780,1812,220,1913,1778,217,237
1373,244,1855,1877,254,1780,1647,245,1486,1670,1913,326,1602,1845,1685,329
1522,1636,1521,46,1644,182,1908,208,240,1732,1659,1947,1667,212,1730,290
1650,1514,1814,1822,1672,1622,127,1620,1252,1480,1070,1433,1081,1772,703,1783
1099,1447,279,1659,1916,12,1684,1720,1189,327,98,1581,1825,1838,1922,1080
670,1896,1534,798,246,1031,1375,1590,1563,1647,1609,16,213,1686,1730,1754
119,1906,96,1293,1482,122,1497,1813,418,1647,1501,1685,1649,1833,1118,1612
280,562,1500,1844,1587,444,56,1743,1809,1629,1909,1609,262,322,1071,438
802,1390,1620,1625,1772,1503,1854,1823,281,1740,1804,1773,295,1737,1793,1668
1739,619,1715,1815,1706,1797,513,1800,240,714,1563,1938,1506,1550,1731,1489
1679,1634,1559,1732,1611,1727,1564,1524,1209,1813,1549,1795,1754,1705,1840,1778
1638,319,309,1812,1668,1359,1525,1941,1599,1937,1499,1707,1850,1490,1740,1510
1525,1615,1670,1502,1827,1750,1748,1826,280,1487,992,1781,1593,1534,1793,1799
1665,1604,129,1835,1523,1529,1822,132,1620,1512,1610,1747,232,1784,240,1909
168,1822,1726,1571,1479,1530,1849,251,1591,1638,192,1657,1745,240,1959,1922
1535,1611,1638,151,1801,1489,532,82,1972,1907,1747,325,301,1532,1494,1700
1370,1617,1510,1720,200,130,1612,231,1584,1051,1108,1624,1693,1388,1628,1629
1853,1314,1663,1668,1069,1773,60,1685,1766,1836,533,1534,1557,552,1385,1498
223,1779,1853,319,1505,159,1677,1782,1780,1538,1569,1550,1200,1365,1537,186
1763,1010,836,1480,1680,1727,104,1736,1381,122,1673,1390,1677,1524,1957,1652
827,1612,1689,1518,1771,168,1839,1528,1823,271,1624,236,172,1480,1664,1913
165,1621,1473,1092,112,1770,92,262,1790,1486,1670,234,1761,1481,69,1764
8,1543,1677,986,1600,1688,1800,797,1907,1552,1972,1799,106,1945,1794,1905
1529,296,1625,1728,1708,785,319,374,92,331,1683,1385,1808,1740,1525,119
1670,1681,1506,1483,523,50,1075,1836,1752,1913,1255,1672,186,169,434,87
1599,1532,1565,1507,980,274,1662,101,156,1754,1471,1584,1856,1525,1484,88
1327,1516,372,304,1543,157,179,1745,1739,1856,323,1579,162,83,700,1494
112,1744,158,1722,1552,221,327,1754,1646,1773,235,687,1608,1658,634,101
1801,1718,1755,192,543,577,784,264,1953,251,1631,1794,1585,1844,1494,1832
1945,1728,1652,1563,1576,1547,108,1729,704,200,1710,1754,1698,1458,1509,1857
316,1905,1582,1626,1968,1725,1589,1781,1836,616,144,1571,1824,1748,1365,1541
1605,152,1583,1636,1614,1774,328,1009,130,209,1684,1913,1763,88,563,1534
1762,248,1262,1550,91,1729,1882,89,1633,1678,1737,13,312,1971,1663,1396
1682,1720,1798,1591,1507,950,1312,13,396,88,15,91,1642,1530,1692,1817
1481,207,293,1510,273,205,265,1733,1373,1685,1647,1478,272,126,1504,1257
531,1687,1657,729,636,136,1836,1910,1508,1340,1713,1973,183,1717,1719,1744
19,1674,1554,1699,138,816,99,1652,1838,250,1581,526,275,266,782,1834
1670,1492,1495,1058,723,1738,1141,592,1825,1751,135,1832,329,1705,680,1385
1668,1617,484,1826,1539,1592,1956,1238,1593,117,1483,1522,1839,699,1527,306
1975,1547,1840,1554,1750,1692,1752,1477,533,195,1802,237,360,142,1671,1745
1484,1671,1930,1653,716,1488,1689,773,114,1739,1855,93,169,1487,1587,1637
1688,1601,302,175,1403,188,1837,1828,1818,558,1557,1553,225,1969,217,1493
1854,1711,1494,1853,1676,1557,708,1191,1818,1626,1604,1634,1734,53,1699,1952
1798,1497,1522,289,1800,1570,1643,1728,816,1654,300,1664,1633,1365,1640,1475
1794,1533,326,1844,1739,1718,1684,1568,1928,1823,112,1484,88,1261,1829,277
1953,1619,1314,748,1649,281,1808,223,1613,1636,1962,518,115,1729,74,1714
1885,1816,1751,1642,1907,1759,1092,1788,1516,1171,122,1557,1560,1678,1750,1545
1811,1839,1827,1717,228,1512,575,115,305,1713,1617,1824,1695,1535,1768,458
332,649,1501,1395,106,1552,1951,1788,555,1387,1716,1567,1739,1531,1797,1664
1838,325,1183,1515,1637,1597,1557,143,152,1716,1626,214,1568,1742,1853,215
1585,1844,168,1580,1836,1490,1594,1771,1567,1109,1696,261,1550,1481,1612,1576
1689,1365,148,1717,1647,1518,234,1000,1687,170,1490,1783,1663,1720,1754,122
200,1800,1836,1742,1792,1747,1620,216,699,1287,1813,1664,499,1905,1460,144
1975,1599,1895,1584,1785,1757,1530,631,168,1177,92,63,1634,197,1543,15
129,1645,1946,1960,1735,1066,1612,1513,1506,1750,1442,1475,1912,1502,1503,1832
114,542,224,1268,1821,1805,177,1733,708,898,1741,1727,196,1626,518,1075
1716,1751,1922,1719,1910,1846,1781,1666,840,1775,580,317,1758,1496,1015,793
623,1848,1820,268,1630,231,1685,1695,1209,992,209,1070,1605,1524,1729,448
1736,218,1545,1376,1690,1785,1675,170,369,238,46,1544,1555,1657,1641,1519
161,204,1709,1104,1785,1731,1824,1840,1479,303,1647,256,195,1050,1579,1821
1601,188,245,1486,1514,1498,1854,300,1505,1770,1603,1354,98,1643,1639,1745
1648,1956,1394,324,1839,171,1511,1518,1798,257,563,88,197,1849,1570,279
1797,154,1899,328,1654,1765,1593,1161,1911,1939,123,1716,836,1754,1745,1595
1749,1546,1492,1950,1554,1556,1790,1706,1588,1724,1736,1624,1770,1391,1679,1569
1548,568,1665,294,1960,1822,1184,106,1651,1798,1696,1718,596,1482,1897,1612
1560,243,870,696,1801,1536,1856,219,258,226,296,1623,876,1538,1513,290
1177,257,1484,1855,1538,1304,1022,1068,288,1494,1724,304,1598,28,1587,1787
1851,1738,1623,1591,1501,1381,1772,1608,113,1746,1551,1595,1620,314,1499,705
1665,1382,1634,1635,1591,99,1597,81,1576,1664,177,123,1646,1804,93,1715
1489,1595,1590,1819,552,1749,1148,1907,143,1756,1838,1761,1676,1491,479,1689
1841,1545,195,1484,956,1866,433,1481,702,1601,1801,1476,135,1519,1906,1756
1578,1638,1642,1492,216,1662,961,121,1776,1571,833,298,85,1968,1639,785
1784,1536,28,1619,1644,1779,1498,1778,1491,114,1844,212,1490,1545,1556,1090
481,1771,1831,1705,1557,1591,1394,1511,304,1760,1679,44,1485,1724,1582,1736
1822,1754,1811,700,218,74,637,136,1661,1784,393,1716,1684,1623,156,189
422,1222,1524,1581,268,1666,1871,1894,1913,1720,1629,300,1756,1519,1698,1776
855,1770,1922,518,247,1521,1516,177,1524,1792,1573,175,104,1476,1704,1855
1395,1810,1394,1711,1218,489,189,232,1388,1844,1497,1834,1718,1479,1784,1544
870,1661,1913,1375,1550,1736,1895,888,1505,1583,1660,1607,1846,1377,98,1748
1608,1798,1653,1823,1517,45,1316,1552,83,1589,1843,1957,1815,1570,1853,286
1510,206,1547,1587,1785,1807,1575,1838,1775,1572,1836,300,1813,1841,90,701
110,687,1767,1579,1746,1707,1245,1563,1729,1491,214,802,261,1784,1396,1544
1596,1605,1489,1680,251,1657,139,1839,1746,1912,1826,1916,1551,1812,1663,1538
1685,1765,1492,1747,260,623,1700,85,1912,1971,1814,510,1653,547,1818,1907
125,194,1728,1860,1733,186,1742,97,252,1883,1833,1411,1612,1814,700,1492
239,1815,1816,271,1513,86,1828,1662,1575,1691,1746,1718,1755,1624,418,80
1194,1531,1665,1681,94,1491,213,1813,1664,102,1584,1475,1448,205,1656,1296
1488,1849,1657,131,1186,318,1673,46,1818,1676,1187,1793,1690,1145,1682,1848
671,1700,1948,1691,135,1855,380,1664,1724,1153,143,1491,1844,1842,1909,1640
1497,1905,1803,1671,198,136,156,1792,1330,779,1731,205,754,1734,1668,1650
1820,300,692,1514,1665,188,1646,541,1375,1509,863,1534,1945,1607,1507,1637
108,249,471,1689,1784,1503,1559,1577,54,1073,1860,1810,1549,183,933,1740
1744,784,259,1604,1911,1614,1973,1906,1835,399,1659,1505,300,1780,1679,1070
298,1568,995,1665,1515,1849,313,1734,1801,1513,174,1718,564,1005,179,1907
1765,1514,1760,1510,550,1261,399,1786,1822,1475,1500,1970,50,1490,1541,1846
1646,1336,1489,1544,322,21,532,1572,89,1372,289,166,1763,176,1828,117
1478,230,1650,596,16,70,1819,1487,1827,1578,1850,1353,1823,48,1842,867
243,1521,1910,303,1231,1609,323,163,1974,293,1549,1810,1486,1523,981,1665
130,1741,321,1391,1814,1846,1598,1899,1756,1654,1542,1532,1320,129,1691,1692
324,1582,1910,1756,1536,1538,1561,182,449,1790,1789,95,1743,1559,264,88
1912,1621,1926,1860,150,625,1086,1683,1665,140,1827,1556,1551,1485,141,300
343,1484,308,1806,1780,578,1954,1643,1724,1525,558,1693,937,1751,1657,1957
1797,982,1829,1525,1000,1218,272,356,1548,1858,726,296,1653,1617,1063,1679
1802,1543,1971,14,94,1497,1736,280,263,651,1658,1673,1535,1530,1495,1544
1692,1479,1895,61,1625,93,1498,1302,1411,1712,1837,105,1643,1844,1855,1133
1563,519,1714,1659,1376,1774,901,66,1851,1584,132,46,1596,1819,1751,126
1683,182,1748,1479,250,1526,1563,869,1722,1592,640,1725,1750,793,1905,1712
1838,1660,1951,1132,1548,1574,222,1149,1819,1787,1012,1757,1510,1782,522,1760
1492,1484,707,1558,348,447,1014,1703,1852,1626,1733,1075,791,1936,1393,445
1641,1754,168,1765,1921,1488,1665,1908,1848,514,356,143,1609,1489,1658,1577
1709,1527,1521,1668,964,280,1851,1601,1630,198,778,1484,1813,1764,1742,1930
1808,824,1966,1529,1658,1517,1646,1823,1841,1600,1732,1843,294,994,223,1666
1819,1446,668,1494,1077,1481,1630,210,253,1492,1607,1475,1759,1602,183,1571
1490,1749,1531,1913,1857,1769,1743,1629,89,82,1488,44,1607,8,1909,1656
213,1486,1503,1494,1766,182,1609,1829,324,1691,1469,646,1758,1679,206,424
1817,1621,1586,1712,654,1849,134,1262,1623,1726,1911,1482,162,324,1840,1602
348,1119,305,1799,1719,1848,321,1721,1850,1807,1730,1573,94,1852,1618,1684
1734,1034,1817,1519,1787,1323,1605,546,1716,1776,1680,240,1797,1668,1541,1779
1606,1620,1696,1826,1843,513,1617,1486,1484,206,1860,1809,1485,1701,1777,1790
1665,1851,455,1090,1549,93,1636,463,1827,113,1774,280,1690,1544,1772,859
1547,107,1721,185,1739,1960,55,449,117,1723,1654,1383,1487,1840,165,1856
220,1611,141,159,1672,1711,932,1690,1551,516,1601,1497,1729,1501,1826,1792
1620,220,1641,253,309,186,1581,1894,1622,865,277,1073,315,276,1788,1551
1784,1167,1825,720,1801,1719,277,1913,1674,270,1799,182,1779,1621,1907,1752
1592,1581,1931,1824,1961,288,1780,1703,1508,1275,1715,158,1786,1547,1602,1676
142,1630,1504,81,1722,1475,1625,1440,1389,943,1845,537,1370,1660,468,1644
1270,1974,1755,1680,1591,130,105,1547,1905,1054,1830,1847,1480,1492,1838,252
160,1740,127,193,1640,1482,210,1521,1596,1830,1839,276,1394,1698,1677,1592
197,943,1048,1786,186,1527,1606,265,200,1953,1717,1503,1571,1909,1839,98
1503,537,1826,1621,207,165,716,1647,164,1617,258,1375,1638,1775,1369,1867
1761,1902,1664,1842,1583,1539,1818,1821,1558,159,1788,1760,1698,109,1610,1658
1537,1912,1540,220,1805,139,1696,1857,221,588,392,1668,1595,107,191,267
224,1836,1536,1580,1492,145,254,1837,1826,1685,1365,1732,1488,1661,366,1528
204,1238,1843,1812,1788,213,1784,1681,1688,1579,164,1554,98,1776,1752,1940
1554,1637,1871,720,230,303,1930,1714,1769,1810,148,1512,1798,1712,1180,521
1790,1495,699,1615,509,1796,1841,1663,1804,1583,1386,602,1661,1196,1641,115
342,178,1537,1590,1806,306,1508,1662,1548,1768,1689,80,1630,376,1551,894
162,1770,245,1805,1374,701,139,595,518,1759,1391,1680,1518,1567,1716,1599
1944,1775,675,1078,1624,189,659,142,872,1671,1829,1577,238,1695,891,1602
1800,1708,1742,1909,1746,1687,581,182,1635,171,1489,1768,194,1831,1869,709
1555,466,1523,1769,1836,483,1668,1494,1500,1498,1606,209,1717,351,1664,199
1716,222,1174,1829,897,1819,1767,1815,1656,649,1650,1755,1740,120,1680,1244
1678,1487,302,166,1669,267,372,1867,651,1545,1817,1532,1599,183,1615,99
1700,283,167,1508,1094,1566,1599,1656,244,1819,1841,1587,1742,1659,1637,1499
250,76,1526,1855,1765,164,1661,1801,1452,1253,1637,1673,1545,1898,1783,1494
1835,1617,311,820,1645,1669,1555,1823,1715,215,164,1776,1533,1327,1840,253
1700,1606,1661,1760,1581,78,1520,1525,1394,1907,1752,1497,1578,1731,1732,274
1600,1627,1736,1604,619,1740,1560,1584,1587,1553,1692,1811,1527,882,1900,994
1851,1840,1721,1402,123,198,1759,1707,294,1671,1918,1599,268,1988,1684,228
1554,1475,1646,1773,1846,100,371,1491,1907,1691,1616,1608,1597,310,132,1668
127,1751,1823,1953,25,211,1911,1606,1617,1638,1622,146,1634,1800,704,204
1651,321,1850,1074,1677,1640,1665,1538,126,1652,1555,1786,13,1619,1840,1369
1492,1575,1673,1922,1686,84,1539,1671,1661,1964,1975,1697,1651,1500,1807,1488
1844,1555,1268,1672,1530,1568,187,1340,1620,311,1795,1724,27,1989,1098,1709
1627,793,1717,1552,74,1526,1277,301,564,885,1568,1633,294,1589,197,1681
1569,309,567,89,192,184,1700,254,1103,180,1519,1392,1567,1495,1204,544
1676,1754,100,443,1605,599,1953,1392,1643,987,113,1509,1731,1916,1482,1287
1675,1734,1380,1810,1639,1935,304,324,1485,1743,1575,969,1250,86,771,1948
1517,1488,1764,157,1531,1489,1565,1371,1658,1716,1625,1500,793,1559,205,1628
1606,320,1850,631,1594,1727,1721,71,1763,1810,1834,224,273,1657,126,1754
629,26,1838,1386,1587,1774,1775,1854,1878,1679,1827,1604,1547,116,1698,1738
320,1577,1548,279,286,1593,167,1834,1610,1912,1651,1685,1614,783,1617,1479
1525,992,658,1948,1235,349,1792,1770,1663,263,1590,1665,1696,1726,293,1648
1906,1117,238,141,500,234,322,319,1895,151,1607,341,1734,1696,982,1833
1585,957,1725,1105,1414,602,1668,1760,643,1617,131,1682,782,1306,1516,1583
1373,1507,1818,576,288,1947,1682,250,1550,1481,1771,197,518,1486,1653,130
1549,298,83,1599,1665,257,247,1647,105,1396,1774,1908,1823,1162,1894,1770
319,1797,144,1689,225,1809,1765,1617,1532,1360,1538,1740,300,1661,1174,1497
1549,1764,177,1724,1753,315,627,1643,1475,1586,1780,1667,1630,411,288,364
1705,1632,708,1449,243,527,98,180,84,1222,1739,1814,1849,1491,1619,1553
1489,78,1590,308,1602,1791,1642,288,1659,797,1789,1843,1652,1728,1853,511
1570,186,1361,1594,1792,117,1209,842,131,1860,1656,1693,187,15,82,1807
1430,1831,1504,1762,314,1613,1768,1723,1254,320,1520,1856,1800,1698,1702,1744
1739,1762,497,1743,1689,1718,256,973,1500,1849,1666,349,1792,152,233,270
275,1615,1459,1682,1365,1711,1799,563,1813,163,1854,1796,1235,1529,1719,156
1205,547,1593,1776,1135,1568,119,1696,1027,991,117,1806,556,633,1585,1748
1566,1593,307,555,1515,1970,701,1845,126,1513,1679,1489,114,1485,211,1587
1700,1582,1203,318,103,1527,1909,715,790,1849,179,255,1619,1854,1719,1024
1514,276,208,1912,1548,963,536,1905,1646,575,1884,1512,329,133,1849,1797
1712,1825,1953,1661,1804,1491,1534,1663,943,1591,1682,240,1728,1261,1726,1790
1727,1698,982,1799,774,1847,1807,1280,1680,1040,207,1681,1783,596,1334,1791
1335,292,1620,183,862,1613,168,1717,1607,1501,190,1669,53,286,1570,1383
1372,1565,1771,1476,1583,1554,93,1492,1767,68,1781,1488,1486,1625,99,1586
1687,1778,249,1852,1801,1576,99,1070,1564,1696,1802,1851,1515,1652,240,1675
1624,1974,1815,1533,1518,230,1387,525,1330,1637,1825,1639,1512,1508,1851,1758
1724,1685,100,1722,920,1534,600,1937,591,1594,324,212,1580,1600,1392,1816
1718,1796,1506,1686,1391,1717,1695,1798,1655,216,1738,1851,931,1612,1799,1847
934,1768,1703,65,1591,1694,297,1773,1804,1664,1639,829,346,147,1186,268
382,1823,1482,226,1282,1284,1628,1499,283,1481,1716,1806,1719,1579,1515,1494
1759,1503,1761,1738,1792,1149,176,118,260,74,360,1646,1479,1617,1812,253
1499,1896,1595,1685,123,1768,99,1561,1628,102,1524,596,1501,1657,1642,185
1742,1593,500,299,1909,1850,369,1517,1835,1481,1645,1591,11,157,1756,1506
52,1702,1591,618,1658,1495,173,1875,1570,1610,508,1730,1508,1704,1699,1510
1599,256,1658,840,1625,1953,1740,1907,1807,1316,1664,1520,643,1549,1670,1838
1615,1850,1807,1482,849,92,214,340,95,1956,1657,298,1688,270,1959,1894
1628,1719,1779,1569,1612,1723,259,1716,1550,1596,730,1538,1684,371,1588,1565
1046,1557,89,1824,447,1748,1508,1810,1532,212,50,236,1543,262,1505,323
870,571,1895,1324,1593,96,1366,1744,1849,1511,837,130,1845,236,1676,23
1833,295,238,426,1806,1542,1567,1588,1359,1770,1676,1785,1601,1596,1605,1804
1896,1658,1544,207,767,661,1594,1374,1667,1055,1553,1788,182,1951,91,795
1713,1557,88,844,231,1606,1580,1486,862,1740,1651,1635,1656,709,1190,1895
1773,1719,1735,1714,1819,1532,1717,1827,302,1268,1566,1780,1507,1581,1769,623
1513,1558,1537,1500,559,619,165,1169,1248,1369,1922,1827,1323,1378,485,1865
1840,16,1754,1268,993,1492,1638,1515,1948,1738,1580,1540,1092,1851,1525,1544
1790,1605,1739,1966,1718,1905,83,1712,1907,1383,1674,1494,1824,257,1650,1702
1912,1714,1790,1620,1814,1635,1749,1781,1534,1527,221,807,1699,1550,1580,175
1637,1071,1698,1661,1696,1795,1685,792,73,1555,1912,325,1324,1037,1668,1621
1034,1760,1905,1826,1574,1735,1647,1778,1712,1489,206,1922,1937,1534,1660,1520
1550,190,1088,1633,1023,1835,1572,1560,1688,724,138,1621,1762,1075,1567,1692
1765,196,1661,1806,1739,1673,1753,311,1535,1812,1678,1828,1784,1958,1656,243
1843,1623,1582,1684,1716,848,1392,1849,48,640,1709,1791,1615,1777,80,807
1818,1845,1781,1646,1507,700,1674,719,1504,1526,1535,1666,52,1338,1613,1780
1952,1736,1492,1840,158,132,1754,1750,1847,1761,1488,193,1906,1512,87,890
758,1616,288,1704,1615,919,1781,1491,1128,1773,1845,1513,1476,715,1570,1298
1653,1602,1902,1808,26,1942,1811,1835,1832,1850,669,210,1446,351,226,186
140,1687,1781,1631,1762,1843,1753,17,1798,172,1712,143,122,1813,173,1362
1682,1602,1545,1728,1687,1557,324,855,1835,72,175,1714,1831,1239,1726,1388
1598,212,254,816,1818,1162,1695,1740,113,1568,988,1739,215,699,182,1802
798,82,668,1534,996,163,1683,1670,345,1684,1775,827,1586,1778,1470,1379
1697,1746,306,1815,1793,649,1653,1519,15,1386,1510,1911,1895,1894,1870,1794
1846,290,510,415,1360,232,1511,1552,1797,1840,1508,1569,1084,1580,1691,1490
1754,223,1718,1364,1588,1907,128,1679,1320,1513,1560,1734,1505,1563,1816,1922
1747,1577,1804,1097,1818,1545,1706,1619,319,113,286,1455,1759,1795,1506,1772
1368,1630,1782,1681,1603,1845,218,1746,1787,1744,316,1496,1590,704,1034,1849
1625,1529,1371,1597,945,1698,1683,1477,1659,282,1765,1589,1787,1662,1505,1574
1864,314,1680,191,1510,1671,1605,1602,218,1614,1542,1498,1912,1749,1851,1758
270,1690,1599,1683,318,1550,1516,1789,181,1547,253,1721,655,1815,1776,1640
49,1818,1739,592,1758,100,1776,314,1629,1495,1784,138,1799,147,1936,1476
1685,1385,1781,129,1706,1892,1539,1600,1531,1378,1953,1833,1760,245,1924,1558
1530,322,104,1534,1500,1814,1505,408,1495,1594,1852,1502,117,1658,1573,1688
464,1548,737,1556,1653,1489,174,1372,1576,1562,1907,1481,186,94,681,1943
1955,1843,1748,241,66,1835,1522,1476,142,1494,1598,83,1745,1338,1798,1819
82,1850,151,702,1242,631,1483,28,430,1608,726,124,1948,832,1191,1908
1670,1698,325,1737,1790,1623,209,323,1683,1816,1532,1713,1671,488,399,1767
1124,232,1388,1792,1588,581,167,1697,1520,1771,1660,1211,1745,1393,17,1569
1567,1501,510,1622,1685,1664,1776,1777,1843,1632,1380,222,1543,1269,1807,1381
237,1602,554,662,1858,1922,1562,1613,1954,1515,1840,178,318,1803,1789,1795
159,215,334,135,1561,1496,713,1843,994,1744,265,1731,472,634,1611,1447
1701,972,995,1552,1950,1486,1661,1690,146,1641,1862,1819,1571,1831,1835,220
1757,1643,1505,1718,1960,1231,536,16,1832,196,1631,1504,250,1595,1662,1693
1004,327,1573,258,1953,1773,676,1826,1619,1742,252,1601,623,1597,288,1714
686,1610,1629,298,1573,1715,1670,1231,128,997,420,1565,1767,439,1299,1768
364,375,274,1906,829,1639,1884,113,1070,1775,1501,635,1809,1839,1854,1383
1157,1755,1631,1507,1782,1644,998,1845,1786,1152,128,473,1649,1510,443,186
269,945,1674,609,48,1548,134,1688,1731,1614,1498,83,1387,1714,837,1655
1743,1485,986,1707,1747,1482,1600,1561,1602,1594,932,1829,1703,1639,1506,1748
765,1639,1387,298,1587,1654,1609,1908,1672,1632,565,1099,1664,1841,1512,1801
1828,1592,1628,1637,203,1642,1222,1695,221,1503,1971,1761,742,290,1811,1594
1816,162,1850,173,1631,1698,90,157,1727,1729,1782,1756,1804,1822,1815,91
1494,1491,1801,545,1836,1067,96,1696,1652,1595,1782,1775,183,1725,186,841
1648,142,1817,1799,1798,1668,1615,1823,297,1623,1609,1768,1778,1690,1946,280
1538,1517,781,762,1833,1763,1828,191,1684,1813,305,1485,1699,1894,1782,1748
1624,1927,107,1769,302,980,1848,1708,15,1819,1827,1530,1772,1532,1723,198
1385,1699,1659,107,1588,1679,1763,1645,1654,1395,1502,246,1392,1687,1727,1651
1720,1561,1741,1003,1989,1599,1782,1800,1495,1947,1564,825,1856,806,1764,1846
292,1487,1721,1478,1950,128,1251,28,227,13,197,1751,1632,316,1710,1815
259,1717,1346,81,1612,466,1797,1705,453,497,108,1498,197,1153,653,229
1891,1905,1535,1545,1944,1578,1569,1267,1816,1845,1853,1603,1491,1740,191,1509
1738,175,1805,1298,1588,1556,1632,96,1748,1808,1706,69,1479,1676,1548,1750
1556,1523,230,245,165,969,321,1756,158,1596,992,1701,797,943,1822,304
1411,646,166,1524,1655,1664,1742,1640,1653,1727,1794,684,1827,1479,1667,1630
578,1774,1893,1770,596,1642,1651,1647,1556,1604,1740,1853,70,1569,212,87
1496,1522,494,1782,275,248,583,1364,1548,1541,458,547,181,1575,1570,203
1549,1885,1060,1657,285,1751,1668,481,1649,1896,1850,1105,1730,1736,1881,1491
290,1521,1696,1603,544,1828,204,316,1968,1555,1520,1547,222,1808,1116,260
1894,1520,71,185,1807,1554,1548,344,374,1750,1775,1760,1812,1806,1376,1577
1059,1554,1824,649,1851,1515,1750,1783,1583,269,261,78,1856,1742,1034,139
1728,184,1036,1678,1929,969,1802,1755,1652,1729,1732,834,1586,354,205,136
1695,1837,116,1739,1536,1669,1671,1959,1967,1609,1564,1630,1748,1680,1641,513
1495,1735,1631,1798,1544,1368,205,1510,1490,623,266,1673,1476,1774,1207,294
1641,1687,1605,1616,1856,1035,257,1629,1717,1542,1810,931,1731,551,192,308
1475,1846,84,859,1722,1469,121,273,468,1070,1394,1824,117,703,1870,1527
88,1807,539,991,1763,1787,1680,1614,346,220,1826,1488,1811,1495,1088,1509
243,1853,261,130,1738,258,1543,275,1477,110,1654,1394,1845,1720,1598,1483
326,1789,1574,1120,1281,90,1638,1654,1767,1640,1630,796,1769,1711,1606,1662
1795,101,1719,1590,106,99,107,819,1698,1169,1646,1489,1092,1821,239,280
1848,1816,96,1507,840,1562,1760,1794,1951,1636,1382,1256,197,1726,1527,1379
1394,1511,1808,1545,1609,1574,98,1704,1728,1850,1621,110,1601,1722,1647,1881
988,149,1565,1548,1776,1350,161,949,320,1621,1682,1696,1632,1597,1772,571
1740,321,1736,1635,1476,1631,1657,1797,323,1232,333,258,1762,1908,1685,1939
1633,1763,1587,1708,1471,80,145,1854,1627,427,159,1584,1498,363,1596,99
1559,1855,172,1794,1795,1806,1526,1522,1748,1620,112,1964,279,107,1538,1494
1492,1495,1496,1803,181,1857,205,1606,1728,1542,1660,823,1186,1730,1594,1653
294,1485,1748,28,1728,1269,268,1818,1753,1075,588,127,1802,1501,1681,605
69,1729,1966,1786,1774,780,134,165,1807,1652,1407,328,161,1748,1580,1683
125,1606,1518,1759,1709,1573,1821,78,1498,1825,565,273,1379,1504,1549,1590
1640,388,1761,296,1753,1791,1625,315,1579,1623,245,149,249,1531,1569,1751
1635,1508,1491,1521,235,1887,1524,1532,1520,1728,1486,618,311,1494,1820,1394
1745,1639,1850,1638,1519,1719,1757,1579,1628,1799,292,250,274,629,15,1220
1665,1715,1495,205,230,1543,1524,111,156,700,866,1480,1539,1771,1850,537
191,1111,1682,1788,1701,1751,110,1642,264,206,1599,1123,598,1852,1628,1071
107,1735,196,1844,1785,1640,1797,1691,1950,705,1531,1753,1681,320,163,182
1790,128,1693,1351,1497,292,1793,1818,1841,1761,1512,1614,153,1108,1395,81
1957,260,312,210,1679,1574,1650,1822,1568,1809,1813,201,301,1825,1889,891
1729,130,1527,75,1504,1521,1697,443,210,102,1815,1968,1330,1589,1627,230
134,1751,1475,1713,410,1592,169,1521,1371,1124,1769,301,1007,641,1379,1304
1754,1561,1889,1709,247,1641,839,1624,165,1724,1541,90,1636,304,1521,205
1507,293,166,1782,268,367,1824,1948,533,1973,1053,1120,1680,271,1776,1684
1511,106,1252,1583,1836,1819,360,1781,213,1799,1729,1810,288,1077,783,1604
1812,1675,1673,1822,1484,103,1119,1560,1795,1797,1615,1590,410,326,98,1819
1476,1649,209,1851,1493,901,1347,586,1435,1496,1625,669,1844,1378,1850,1622
1618,280,880,1384,1751,1609,143,291,1922,1519,1591,1522,1788,1680,1653,1786
1519,1588,1481,249,1501,1194,1610,1941,1709,1388,1684,1776,1650,1710,1488,1690
1658,1575,241,279,1625,1753,1824,125,1602,1733,1648,1663,1418,1570,1557,1125
1396,1787,142,176,1801,81,1516,1569,1777,358,138,117,1833,1521,1589,1535
1090,1396,1800,1908,1627,1063,1857,795,305,1817,1586,256,1619,1663,324,1671
1821,874,1711,1550,1376,1847,1969,1385,283,1627,1506,900,1394,1369,1984,1618
1186,754,1689,476,1690,1760,1709,1804,1608,1704,132,136,1633,1625,1835,1245
1946,1542,1671,1777,1602,1819,1366,717,1586,1588,763,1716,609,1606,300,1961
1889,1850,1810,1516,1496,313,1579,1513,1574,1908,1680,1392,53,1503,1734,1658
1501,1658,1698,1608,1913,1845,1643,1532,1980,1817,1606,1942,1758,869,1535,1086
1733,1696,1700,1657,1671,1628,1479,344,1489,236,286,1673,1530,1819,1841,1005
1657,530,1505,1544,110,1676,1626,216,1583,1496,1780,1483,1275,1662,1692,1504
133,1691,1561,795,1088,1535,1912,193,1834,1925,220,1324,255,1824,1712,1657
1805,1035,1261,1801,293,818,1794,1647,1590,1485,1749,1555,670,193,1573,1668
1771,1682,1489,1855,1781,1163,258,101,1523,424,1616,1550,1695,899,1384,1493
1609,1634,1491,1579,128,270,1806,1796,1823,992,1611,1737,1654,1581,1375,1765
789,1499,735,253,270,1514,1773,1678,302,1838,1537,177,183,1607,1795,1849
157,1827,1587,1778,1388,939,1901,1824,1534,1853,1755,1484,294,1572,1724,1478
282,207,1760,1930,138,1675,1572,1850,180,1712,1586,1783,638,1683,1023,199
1503,1831,189,1529,316,1647,1619,1711,1638,160,1796,1558,325,1562,1650,1486
817,1923,1623,120,679,1684,1391,638,1909,1543,287,112,1656,1595,239,1542
1278,239,1716,287,28,1794,1617,1841,1897,1660,576,175,1621,1663,185,1174
1840,226,1658,1675,83,587,518,158,321,1795,1738,1544,1674,1381,163,1677
1494,1835,1792,312,1748,1838,1733,1866,1880,1526,864,1854,1486,1522,1629,925
1515,1397,1097,1607,1526,1641,1854,1834,78,705,1843,1600,1631,1619,1751,1847
1668,1704,1761,1853,1505,1803,141,1565,1502,91,1832,234,318,1794,1653,1895
1621,1834,1832,1783,1551,129,266,1687,1697,1526,969,1518,1569,1650,1793,1753
1742,1854,272,329,686,1778,282,1910,1591,1724,1647,1847,1708,1843,954,1725
1726,1615,1365,231,559,1646,976,1773,186,1754,1692,1475,118,1712,110,1576
1853,1073,1838,1512,1500,509,1000,1970,1605,1820,1503,1116,1731,1651,1756,1706
293,1746,1116,166,1830,1728,1702,699,180,1549,1927,1594,1522,1637,852,1684
326,306,1557,1756,1499,888,1844,139,1680,1811,1606,86,1908,1472,1792,289
1679,1502,220,1833,1554,1354,1524,1790,92,1511,243,310,158,1059,1703,1772
105,1850,215,1988,1755,1566,1315,142,1605,943,1681,1804,1657,26,1767,506
563,1508,205,225,1651,1496,1484,1824,1753,1639,433,1850,1393,602,1477,346
1649,1523,263,1633,1497,1908,1531,1425,1820,1799,1847,1526,259,1594,1627,1691
250,1214,119,1911,1767,1725,1612,1761,1240,891,1638,114,1715,1695,1578,146
1673,1706,1720,83,142,194,969,1760,1853,286,1943,1859,1728,984,1512,1597
193,1528,1553,1852,1562,1834,1546,1945,1752,323,1574,1912,1673,1686,613,1502
1519,155,1941,197,324,1523,487,301,1813,108,255,1777,1648,1598,80,1773
228,1844,1626,354,13,179,1493,216,305,1742,1521,704,1483,1849,1109,323
1744,1750,593,1684,226,1494,185,1648,1778,318,1854,1829,103,1826,1599,313
761,1610,1800,94,1380,289,1601,1760,1604,1685,1786,1848,1545,1518,1728,236
1821,1784,295,1543,1832,1629,1973,1499,134,29,1770,1518,1610,1630,1908,1475
1548,307,1582,704,697,1688,1616,246,1865,251,1601,1789,1491,1872,94,207
1716,1838,1673,1740,1912,1376,1619,185,259,1703,510,1725,209,163,1724,596
1811,114,1353,1787,232,1681,1785,1660,1906,1730,1726,92,1556,1604,305,1568
6,1520,1719,281,585,1533,316,232,1727,1714,183,1776,280,1766,1524,1701
87,1606,994,1548,1500,1481,1637,239,54,1630,325,1529,1708,278,1489,177
1602,1836,255,1522,1673,1975,1560,1299,191,1628,1643,1582,1662,501,1788,1677
1856,1537,721,1674,1592,1541,126,1536,796,176,1658,1524,1962,1740,1821,1799
1809,1482,257,1792,1214,1417,323,1575,103,1606,205,232,501,1733,1640,1289
1230,354,1493,1848,182,1682,1647,1782,1725,11,1722,173,1856,313,1063,251
1311,1476,1618,1577,1638,1029,1617,1820,650,1685,1856,1652,1978,1489,1558,1664
1498,898,170,1218,1612,1937,1388,1555,112,1695,1512,1801,1872,1814,1808,164
1845,1742,329,1315,1584,1704,489,1526,1790,109,151,1588,1758,1818,1782,1762
1791,1716,1486,253,1727,1760,239,645,1534,221,1549,1767,1638,1696,1726,1616
323,114,132,1778,1822,1819,727,1706,243,476,1810,1577,1763,1508,1760,197
897,109,1972,1576,1685,1058,1748,1794,1491,1536,1692,1831,1789,1383,1489,1588
1827,1069,1776,1376,199,1603,1907,1365,279,1804,1645,781,1781,1597,311,1073
192,1830,1960,1547,1674,218,1536,1644,1162,230,1665,1912,1908,1567,1576,1642
243,1368,168,1850,114,270,1858,1573,1853,156,1674,292,958,1745,1181,1803
248,1956,1830,417,1792,1841,173,1570,1383,1912,1650,1745,1833,241,1978,1713
1740,1505,1545,1848,1284,1663,1745,1535,292,123,1571,61,1668,1616,1907,1635
1183,845,1585,1510,1802,696,1374,1378,118,288,1733,1565,1455,1316,1837,284
1837,1724,175,1645,1070,1635,1844,1557,1698,1776,992,1491,218,1191,1492,1852
1800,531,1736,1786,1837,1478,1722,1806,206,1536,1793,1763,994,1735,1642,1537
1816,1757,1606,1583,1849,1383,1567,1804,1669,1489,1648,1516,1507,80,1646,1941
1532,1597,302,1643,1610,177,326,1109,1004,1502,277,1826,207,1754,1447,1829
1522,124,1804,1654,67,84,1798,1730,987,1753,1749,164,1694,1641,208,1484
254,1260,1854,1789,443,193,988,1556,282,51,1568,1496,860,1683,1606,1508
1917,1668,1759,1845,1697,1627,549,1500,144,1392,1913,1664,304,1546,1580,1958
986,1387,1806,865,1793,242,1791,1719,74,1384,1813,1810,1960,1854,1033,204
1640,1236,1500,1781,1675,242,504,1570,1768,1035,1906,418,387,1870,1700,573
1491,26,1026,1534,1340,1573,1481,650,1547,1167,1699,223,1527,118,1610,321
155,1849,1818,1554,979,119,283,1495,146,1589,1644,214,1912,1636,320,1542
1658,1682,1622,203,1733,631,1856,106,1717,1547,1753,1718,198,1373,232,1553
1851,874,1273,1856,254,1685,110,1514,1714,1391,299,472,1415,1825,233,405
1247,1497,1500,1518,1948,1580,144,1586,1830,1379,1558,1804,1397,1854,88,1610
1811,1679,1575,1803,1573,283,223,246,1824,319,1918,1740,1770,1649,1765,1196
1812,1816,1826,250,1512,1694,1913,1282,805,1768,1782,1907,256,10,1081,305
307,54,1710,1509,1713,1578,1743,829,1490,1382,1477,1616,1487,705,1750,1552
1548,980,856,1727,1844,1378,51,1655,212,301,98,1893,1477,554,1788,1828
1714,1583,1566,1523,298,1786,1541,1496,1611,1956,1644,1823,1535,1726,1810,153
991,1675,1853,1064,1651,1732,1774,214,1821,140,287,1953,1523,1748,1594,1495
1618,1756,1589,1387,38,259,1770,893,47,218,1694,1562,1488,795,117,1654
1589,1657,1539,105,176,1347,293,1744,1637,1774,786,382,1839,1553,1477,250
1475,320,132,200,259,1717,1684,165,845,1695,1615,1910,196,1801,1747,1722
260,284,1544,1785,1676,1619,1591,208,1821,263,202,224,1579,1794,1751,1723
1819,1714,1486,190,1949,1824,1662,1650,1917,1690,81,1335,158,1500,651,1668
1592,1781,1913,479,179,1382,1694,266,193,187,1607,1558,1675,1543,1507,1545
1672,270,1742,1717,1850,1567,303,1945,1637,1491,1899,1838,308,1495,1178,170
1635,1382,1815,1722,1494,1604,689,302,1657,1137,219,1373,1565,966,1189,1791
924,1627,178,1541,805,1490,1631,1393,1506,1852,1304,587,1695,1708,1718,1702
1273,1590,1707,348,363,166,1849,100,1607,1813,1521,1746,1682,1663,1761,853
1524,1385,1912,1497,161,489,1652,38,1694,1659,1622,1535,1239,451,299,582
1484,198,84,1964,1571,1945,1758,1680,1672,1620,518,1662,504,1664,278,1121
1538,1531,1481,1859,1546,509,245,230,228,967,1852,1373,1680,1781,1529,440
1702,1641,1796,1857,1607,782,1525,1484,323,1676,821,261,1539,1251,1794,1546
1484,1899,1671,1498,1642,468,1514,1595,1620,1625,1372,1909,1777,1523,247,1624
1737,206,109,1840,1830,1692,1649,271,1644,1950,518,1498,658,1481,1803,1778
181,120,372,1782,1500,1702,1531,216,1684,1814,1729,1536,1386,1584,119,93
1810,192,1845,1566,1887,258,1295,1942,1686,1602,246,1500,283,700,1658,1777
1624,1652,256,1678,1503,1744,1496,1833,1607,110,1669,1733,1645,222,1826,1313
1938,1559,1607,1626,1414,220,196,1849,1863,1850,178,1599,919,1521,286,269
1798,1509,1680,1723,1672,1696,314,1191,1654,1323,1517,1763,1635,1652,1582,1794
1682,1510,789,1629,1837,1155,119,1910,263,1727,1072,1830,1475,1673,149,802
1763,1780,1492,1768,1660,214,1617,1379,1668,1740,1727,1852,1509,138,777,1830
1561,1500,1575,1695,1594,1534,1937,234,1770,1747,993,839,994,15,1498,1773
1529,1366,992,1837,1627,1523,111,1505,797,1882,1841,1713,1668,1624,1849,1699
194,149,1891,1905,1777,1591,474,1717,202,1102,1702,691,1097,1071,1598,1590
186,1748,1945,1788,1554,1502,1762,1853,1725,929,1494,1732,1712,1839,1825,1503
1825,1868,932,121,1562,1630,237,1513,1564,1659,1909,1528,1493,1846,1501,1616
89,274,194,26,785,767,1651,1521,1952,1580,59,1635,1726,988,223,1694
1690,1677,1573,202,1707,1498,1657,1760,1763,320,1700,103,1708,66,283,227
1646,1480,899,497,1549,1905,603,1729,1583,1548,28,1711,1519,1956,1113,1878
1598,224,1493,306,1683,1573,1715,1530,107,1834,1906,1840,540,1939,166,1652
1086,1368,1530,1687,1577,476,281,1534,1652,1833,1631,1733,1550,53,1798,1477
1530,1119,1568,1639,238,80,1615,142,1810,1715,1726,1626,1481,1721,1683,1821
1665,1657,282,1482,83,1798,1742,1670,1576,101,1681,1814,1831,1390,1848,1527
1743,1512,235,1682,1621,1832,1508,704,1930,1755,602,1746,75,1813,1752,280
1692,1822,1565,1795,1490,1336,1635,1909,1756,173,1811,1839,1734,1732,490,110
1610,1475,1685,1773,1061,1809,881,1319,1702,1366,1744,1484,16,1855,1697,1621
1795,1503,1767,615,1570,1801,1481,194,1818,1574,1558,695,1686,1580,1482,1156
1638,298,1699,1809,227,1905,1753,183,1539,1035,1618,1673,1490,238,1482,1346
1758,148,211,170,1668,155,497,1529,1741,1583,1917,172,1569,1608,567,1542
75,1498,1759,1098,1678,1365,71,1746,1488,1652,218,1609,1769,216,1219,1573
1477,1497,1776,1640,1632,1697,203,1648,1906,238,184,1527,1621,35,185,1480
1682,1778,1593,1680,1669,1535,1851,1612,1686,1627,1771,1803,1926,1856,1635,1861
1684,1696,1922,1516,547,1717,1046,1517,139,1642,1774,1641,1757,1603,252,104
1756,1650,1664,1754,1636,1832,225,1907,1714,1486,1574,1536,1576,221,1592,1807
1807,1544,1728,1477,649,497,57,1639,218,1853,527,1743,1557,1832,1775,185
1236,1808,1137,838,1652,1754,1533,1740,1479,1619,1539,1702,1582,1687,1503,1834
1850,1185,1799,1638,1635,137,1640,1531,1776,1736,1641,1842,1386,208,1747,1563
321,324,1643,1717,1826,1653,1642,1912,170,1548,1741,5,1648,1116,118,1836
1785,1756,1798,94,1754,141,1509,173,1817,1741,1551,1704,1642,1487,96,211
1526,100,1497,1639,147,1623,1617,145,1833,1596,1636,1828,280,287,1589,1610
1943,197,1668,1632,1744,1564,1948,1831,1601,1604,1787,1378,74,1760,1721,783
92,1344,1758,109,1511,1754,1557,1963,1960,619,1792,1128,95,473,1607,1545
1176,1117,1913,1558,1621,282,1656,1824,1711,1596,1513,1805,64,1517,1908,1668
1547,1939,976,700,80,1639,1618,1101,6,329,1548,1545,1524,999,160,1070
746,1624,1069,1572,1594,724,1960,1636,761,1675,1320,1784,1008,1749,207,1591
160,1479,1752,1564,1071,1766,226,1838,1639,430,1793,1749,1891,1662,329,1544
329,224,1383,1765,317,1746,1525,1677,1482,217,1818,1535,1347,242,1972,1313
250,1793,1559,558,183,1735,842,1673,1739,1241,1614,1395,1678,1732,111,1687
567,1950,1070,104,1893,1747,654,1822,702,1582,1579,1657,1824,211,1505,1647
498,1664,1549,214,306,1417,1959,1527,69,1179,123,1630,1545,1498,50,186
1720,1746,1722,237,943,210,1821,1749,851,1656,1796,1606,1511,867,1603,1525
1574,1831,1594,1727,868,1620,1657,1738,291,791,1653,1566,1644,1694,787,1847
141,1641,1680,1804,1537,1772,521,1744,1589,1545,1677,1726,1819,1191,944,1711
190,1911,1501,1712,1906,1971,370,1952,1378,1612,1737,1555,146,1485,1568,308
942,954,1954,1678,430,1640,701,1973,1823,1975,271,1680,1513,1670,1741,1744
1535,1686,822,1538,1549,1831,1790,178,106,292,197,1691,1779,220,1617,1814
1912,1598,1711,1784,1643,1671,1906,1495,135,1756,1373,1744,1960,1734,1894,1888
1203,203,1552,1816,126,1388,1684,954,1837,99,1856,1549,257,1206,262,1689
1618,572,1567,188,1795,1606,1776,1702,1515,318,1850,1761,24,717,1509,1541
1310,1605,1802,617,1712,611,1585,212,1587,83,122,1796,1693,1581,112,1770
1728,1773,1775,642,1691,1593,1729,1745,1496,1831,1827,163,1716,1724,1477,1505
1643,1828,1749,1482,981,1788,1506,939,186,1072,1913,1905,289,1509,1269,1548
1623,879,1741,982,1791,1195,1810,461,74,326,1722,1593,1747,1756,1680,1674
1779,319,1894,1696,247,97,147,1883,1911,1852,1149,613,1591,802,237,1800
1483,1566,26,69,1598,1937,1649,413,1531,1609,837,298,1664,790,1778,1809
1629,1688,289,1714,1604,1675,1687,1753,207,1045,799,1767,1630,1510,1610,1480
1869,284,1030,222,1826,230,700,1714,1906,1704,1311,275,1542,1814,1366,1498
1441,1832,1602,1954,1759,1830,80,488,1611,1557,1598,135,1607,1824,148,1641
1487,1949,215,1847,85,1700,98,263,765,491,1813,1701,157,122,286,1793
1851,1020,1831,1634,1839,1636,1539,1669,1951,939,633,830,448,1640,452,815
291,1707,1395,184,1651,1695,285,1658,1320,416,201,1328,203,248,853,1786
171,82,1651,1692,1664,1670,1713,1730,374,1737,1912,748,1073,97,1062,1775
412,1653,1690,1692,1832,138,270,678,1544,573,1850,1699,1612,816,274,1613
301,1720,1689,207,279,1958,61,267,1489,1964,646,947,1769,1764,1707,1605
1538,1818,256,1772,1633,1847,1686,1035,1537,1718,286,212,1237,216,188,1597
325,1550,1507,1573,211,1625,1894,226,1476,1832,1905,1768,1826,1558,668,1560
1677,1685,1476,1621,1625,1755,411,1770,1855,1808,1522,1807,1722,1634,1111,325
1706,544,1719,1553,317,229,1478,1555,1824,1804,101,1375,387,1642,1711,1713
1776,1073,1702,1527,172,1733,1760,1756,1630,301,1523,1535,1368,1821,632,843
1527,26,1893,1640,1845,1802,1909,1850,1554,1786,1616,1764,1556,252,1752,1487
1711,1497,1639,1775,135,237,488,274,1537,1740,848,1719,900,1596,1678,1660
1451,1564,1378,691,1705,719,1694,1336,1500,1530,1787,1244,221,1483,139,1305
1533,180,1493,458,278,1507,1544,1379,1375,1631,1943,584,287,1376,1531,88
1669,1477,1545,183,1497,493,1521,1312,1597,1742,1674,1952,1555,1672,1563,302
1613,1071,1611,94,1700,1561,1747,1814,1493,251,1315,1378,1497,1616,112,1799
1752,347,1759,1596,723,88,185,1365,219,1712,1786,1044,1736,1842,1677,1815
1697,1746,1796,1660,202,1623,1830,183,1547,288,1569,226,1259,1698,1781,1522
670,1532,1764,309,1824,1848,1678,1683,256,1554,1778,1533,1625,1548,1639,1706
1852,577,270,94,1563,1905,1649,1585,837,1658,1651,133,1687,1631,1385,1755
1840,1034,1826,1852,1744,1817,186,644,1392,1698,209,123,1780,1913,1795,244
1755,1501,1607,132,1675,1602,170,466,1827,1804,1689,1789,1666,1592,1741,1574
1574,1506,1692,1234,1616,224,858,1772,1554,1754,281,1836,1685,1552,536,1510
1628,269,313,519,1176,118,1550,1831,1601,1752,1727,210,1718,1797,85,1796
1787,518,1785,1829,1475,1818,1791,1539,138,1821,1366,1664,213,1650,1121,1531
1670,1237,1712,1516,1780,1582,1548,1642,1494,1800,1502,226,1870,1477,1481,286
1499,136,1471,1672,1638,1237,306,1735,1728,1849,292,1805,1538,649,1535,623
1849,1568,1677,1796,836,1944,90,1708,1724,171,322,1695,1765,585,1674,297
1706,163,1674,1399,1769,1537,1513,1311,1483,1613,850,1603,1761,1530,1365,1787
1760,278,1475,1499,1593,578,1614,208,1697,1529,1750,41,1686,1536,182,1482
1690,1732,1947,1717,206,26,1634,1812,1255,1644,286,1013,1294,1735,1677,1553
1724,1681,98,321,1643,1603,121,1703,1660,1635,220,1071,1670,951,383,206
1629,1478,233,322,1037,1734,187,1579,1672,1919,260,1906,1574,13,1751,1752
1905,1562,1552,1747,1891,305,1517,1393,182,78,1580,1554,1609,1928,1910,980
1207,992,132,78,1663,1985,1661,252,1851,1071,1741,1636,308,1848,116,1599
1754,1770,1767,211,1724,235,1849,205,1792,1721,1707,1652,1611,281,1890,700
1746,1846,143,1622,1606,1502,1277,1269,1663,1610,1667,1459,1522,185,1394,1550
1486,1533,1638,1541,187,1377,1754,1845,1809,1710,188,1597,1806,1602,1852,1860
1605,1519,1913,1800,941,1303,1699,1709,1824,1581,1889,1548,232,124,261,1246
1415,26,1911,202,1527,1656,1571,1709,181,1582,226,1964,1886,1245,1791,197
1828,1714,1521,1595,299,1634,1819,1656,800,784,1658,205,1842,1788,1783,1774
281,1568,532,1579,295,1630,1680,1679,1617,1822,153,1533,1549,1478,1819,1615
322,1828,1776,1746,203,1733,1053,86,236,198,1949,1743,1815,1608,103,1729
1672,1778,1849,312,1507,1854,165,1496,1709,561,1580,1822,1502,684,1802,26
132,328,1772,932,1754,128,1817,1507,1790,1527,1895,688,195,1859,1646,1906
134,1350,1521,1626,1612,310,1789,1667,1513,1481,1557,361,1572,284,245,1957
266,1766,506,545,292,902,107,1537,1519,1897,1677,1968,1606,1645,1488,141
1637,722,1591,1482,1710,1529,1703,1630,277,1779,1712,1796,325,1671,174,1612
324,176,195,80,1479,1815,1807,1839,1599,1837,510,399,184,1638,146,1662
274,998,1614,103,1690,1618,720,1857,1763,276,1583,848,1498,1269,291,121
1672,1811,207,1584,1831,1800,1814,1569,153,1483,1912,1574,937,1638,1595,1894
200,1780,1659,1521,1842,1779,1508,87,1686,1700,58,1640,269,1673,198,126
1660,1679,1780,1765,1540,1558,1493,1613,1546,212,1494,1214,1722,1508,1778,1603
1547,1751,1695,1690,1530,133,649,166,1829,1854,289,1750,1015,1692,1711,757
1801,195,1780,1659,219,1629,1610,1946,1603,1656,1844,1504,74,1628,1857,1726
1542,1518,1480,1293,1491,1137,228,968,1500,1614,1020,1534,1554,1823,509,1561
1720,1800,1819,1554,1695,1960,1557,1754,954,1896,1480,1391,1632,124,1958,574
1374,214,1871,1785,1728,128,1657,1092,224,1832,691,625,1507,1510,160,1819
1113,1968,1534,86,1555,1530,253,1786,1701,1585,1672,1765,1580,1392,1943,1569
1514,1836,1741,1567,803,375,1735,1669,1502,288,1575,1743,1805,1520,90,130
229,1396,1624,1537,1858,987,1735,1510,1070,167,1511,394,312,179,1666,1489
1729,1174,1446,1712,321,1809,1699,1655,1615,253,1638,1542,1772,1533,1630,1710
1601,121,1892,1613,259,1532,1570,626,1597,1730,1568,1789,1662,1564,1606,1508
1590,1778,1639,1767,1091,739,1715,1773,1731,497,1948,591,1637,308,270,1617
1796,1844,1822,1771,899,1692,1912,1744,1843,1498,1483,1823,1774,1647,570,1837
1552,184,1581,518,94,1828,1620,1796,1604,1800,190,1790,1640,1980,1639,1834
1764,1525,1027,1493,1406,1756,1737,1716,1678,893,1665,21,226,1645,1846,1609
1959,1659,1802,78,1757,1646,1097,1553,1569,321,269,1789,1592,232,1696,1721
1688,1622,1601,1008,1033,1975,1702,1787,1521,1613,129,166,1623,1681,1654,1689
1622,833,1480,1491,1690,1790,110,1657,1852,1798,1493,646,1823,518,937,1589
1223,111,153,1712,1754,1845,138,1560,1789,1742,1803,1896,1547,1338,1740,1767
256,1728,185,1827,1675,1638,1840,1685,1070,226,165,945,1592,272,1835,1487
885,1683,1520,155,1832,1631,1899,1706,1799,1690,251,1477,1484,317,1590,275
1485,1570,1545,1562,1913,518,170,569,1695,1699,1634,200,1517,1618,1672,317
189,1797,1839,1913,1464,78,228,209,1853,1739,1972,251,1357,4,1829,1609
1761,1727,111,602,325,406,596,433,1751,1627,1629,1511,1830,1867,552,1512
1912,1809,1811,1671,553,1546,1488,1538,1118,94,1962,1840,758,113,1849,1486
1905,1393,1198,1909,103,1728,1770,1800,1817,1544,1321,213,1947,304,1799,1661
253,1562,1489,1830,108,1601,423,379,1047,321,66,1816,1810,1714,586,1536
1699,1069,1839,304,1615,1693,1750,722,1938,1836,1529,1193,153,1830,956,1740
161,1070,1614,1161,97,1020,1842,1556,1484,1627,1129,154,1790,372,1963,1857
932,1476,1581,172,1035,1741,1630,24,1632,1797,1252,1765,1682,272,1564,552
994,28,1557,1551,1593,1792,290,1601,195,1717,1553,1383,1700,223,1539,173
1909,1652,1711,1683,307,1562,1795,1561,942,1805,1582,213,1526,183,1596,245
161,1497,1621,164,1677,1839,211,1371,1600,1905,1827,1805,1961,1967,317,322
1491,1489,1649,1540,1508,1702,1608,1858,1684,1781,1326,28,266,1762,1726,1602
272,1498,1556,1686,989,180,1838,1802,1837,208,1794,1854,1698,1576,1821,1506
180,1776,701,1373,179,1633,308,1514,224,247,1640,1529,1582,272,222,1507
1622,208,1832,1476,1685,1742,1781,1774,1787,1560,238,1699,1970,1927,1726,1754
1659,210,171,425,1805,1725,1676,1491,1737,1564,1516,62,1565,237,1909,327
1557,1568,1683,1563,753,1572,864,104,1969,184,157,1621,1535,1503,1487,1588
1312,533,1479,1497,1693,1519,1641,667,328,1485,1809,1567,1745,694,1603,1829
1742,1830,307,20,1606,1628,1745,127,1332,1649,991,1952,1417,207,1262,1860
155,1883,78,1756,1579,1732,1890,1612,889,1706,1813,1496,20,1941,1676,1588
1340,1549,1916,1684,1562,1627,1815,1596,120,207,1574,1708,1475,1724,756,1913
1615,1837,1771,1602,1765,1812,1844,1809,1909,1623,1499,1969,1283,298,108,1855
563,1741,1650,231,157,1373,1651,1643,162,282,85,1494,1715,1788,1578,238
1774,1733,1735,1490,1688,1045,1645,1754,1558,862,1555,328,206,1638,1496,1518
189,1779,1912,1784,1757,1176,1602,1854,1768,1908,1835,1639,1573,1813,1603,567
1729,1681,178,1969,1564,1590,1893,1740,1854,1742,1511,1937,1502,1571,434,209
1567,1748,1763,274,289,1737,785,1662,1518,1696,1838,1547,1646,1745,1740,673
1452,1488,1855,1790,1952,120,1647,1536,1655,539,1532,1061,133,1649,1708,281
1542,1495,1824,1479,105,1609,1675,1509,1198,157,1047,1767,262,782,1805,1505
101,1738,1551,1833,1369,1476,1532,1699,1732,1954,153,1957,1578,1585,141,1792
168,1937,1828,1675,1798,1703,1838,1496,1840,1639,1716,1709,1658,1823,1078,1593
1620,1679,1516,134,1518,198,1527,552,1656,1521,1891,1708,1814,297,788,1960
1519,1791,1053,1574,1689,1830,1743,111,1520,313,1697,1706,126,308,1918,902
132,1489,280,1698,1231,1782,1762,1519,1588,106,1958,1761,145,218,1612,1675
1511,1097,1534,1811,1582,1965,1342,42,1647,1489,1552,1882,1590,1972,1685,1754
1506,148,180,1033,1603,1717,1512,1749,1829,244,167,946,1824,1566,1698,1738
1710,1801,90,258,1780,207,785,1721,985,1676,257,1886,312,1835,1566,160
1845,14,1859,306,1821,1838,799,1656,1802,1488,1678,1743,691,58,1704,856
1707,1772,996,1115,289,1521,1584,304,1784,1640,325,1783,1670,1801,157,1402
1969,215,1824,279,1722,1695,305,24,107,1957,1075,1593,228,1902,1577,1908
1563,84,1545,1827,375,1898,474,1574,633,1642,1800,1228,1823,290,1819,1945
1518,289,1970,277,1692,556,108,202,1601,1556,105,1365,1810,1722,1482,1512
1805,1772,1977,1498,185,798,1760,106,1792,737,1682,1835,1545,1842,1269,1789
1674,327,1540,1501,1520,1696,1823,127,1130,1909,154,1954,282,975,798,1452
1616,1810,1748,1606,1910,1722,223,1386,83,1203,1658,1701,1502,246,586,1884
131,1588,440,1803,1622,1533,193,803,1749,1605,1635,1499,1984,494,179,1831
1806,1819,1853,1553,1568,811,1281,1539,114,1752,1668,1692,293,1389,562,1662
1681,1952,1569,186,246,1765,1514,1815,821,1509,1711,1740,1582,1631,1396,1625
1829,1639,133,1519,1735,1356,1355,1511,1759,1571,270,1835,1918,1764,1484,1713
1557,1842,134,167,231,1823,1379,1663,1596,233,1584,1507,1647,1789,1277,243
1628,1803,218,1787,1922,1957,1498,940,653,1809,1694,55,1836,1778,1670,1839
1540,1803,781,847,1774,1716,1485,1681,1573,1518,1523,171,1514,1805,351,1769
1755,1906,1447,1676,1494,1714,1498,672,1722,1355,204,114,1837,1581,1596,1575
1653,1478,256,1715,1801,1822,1680,1652,1512,1500,1963,620,53,1590,1828,882
185,1799,1769,106,1731,788,1500,307,1763,1775,1467,1519,1907,199,1748,1847
1631,393,1557,1495,112,1661,1484,1797,165,1710,182,1793,1786,1696,1149,1842
1506,1699,1343,294,515,127,1911,1840,1515,1671,28,1287,1646,1799,1098,1623
1678,1746,1659,1504,1827,1555,1753,1819,1619,1843,521,1535,1658,188,1509,1743
1793,1661,1536,1283,1725,1119,127,261,1757,1477,1593,1545,1978,1751,321,1781
1669,124,104,1779,1771,1709,1511,1549,109,1767,735,1662,1838,78,611,98
203,1530,1789,1485,1828,1586,276,1162,113,294,1890,1613,1696,90,152,1492
1545,1051,1528,1636,1608,402,1672,209,1815,416,1678,1610,1495,1568,1692,1743
255,1706,207,1475,1960,1639,649,1702,1274,1675,1291,178,109,1717,1656,1663
1177,156,1564,1638,1506,1803,1780,1645,1748,1636,147,274,1739,1779,83,1879
1547,1070,1796,793,1612,1960,1848,283,1842,1804,188,1891,1959,102,1841,1517
1601,1484,1952,1520,1755,1963,1729,181,1492,1818,1683,1678,1602,1625,1689,1832
1576,1742,1665,1684,1857,65,1658,1727,1782,252,1237,1587,1795,1706,1794,1959
1488,1483,1952,394,136,1622,146,1611,1748,112,1027,397,1776,1526,1849,1657
1723,207,1745,1495,1896,1554,1771,1742,1487,1591,91,1849,1365,1772,1750,1494
1387,1606,1913,520,1599,1665,346,1940,1476,394,1809,1584,1670,1921,519,866
1765,271,987,705,694,1854,1496,1587,1834,255,1644,1852,1868,249,324,254
283,1643,1800,1521,1613,506,1386,1490,1765,1909,1809,54,154,1796,1695,1674
242,188,1730,1384,1739,1715,1913,1908,1554,1198,417,713,1794,1550,1742,1531
1832,1534,1690,1527,610,235,303,651,298,1844,1857,137,1850,212,128,1480
178,1638,1668,1608,1720,1524,1562,714,777,157,1849,1490,1074,540,1812,251
15,1344,1582,1504,782,1951,56,1475,140,1811,175,1534,1498,1489,148,135
1612,1025,1721,1680,1050,1905,1938,1780,112,1530,1818,1738,1374,16,1972,1844
1534,95,1494,1737,1850,1333,1515,85,83,579,188,109,1708,1656,1771,1505
1537,1821,1716,1817,117,1478,1675,1738,274,1654,1580,139,1558,1052,1841,1542
823,1682,1592,1773,1767,1530,1627,1808,1495,714,1764,324,53,1732,1090,1633
1842,1695,1900,1850,1828,1594,1758,1600,1813,1752,1896,1703,1823,1911,55,803
155,1841,1871,1846,1747,1620,275,1522,1500,318,1704,1268,63,1296,1711,735
1753,1823,181,1857,453,1085,122,1769,263,1587,1853,1494,1570,1834,1663,1781
1725,1884,1617,94,1753,1714,150,241,1774,1572,259,1481,224,1797,1742,1903
109,1584,1512,81,1638,866,1394,1815,1580,1800,934,1539,1789,1172,1826,1764
1627,234,217,1479,967,1772,1662,992,342,1670,134,270,1599,161,1762,1709
1044,902,150,474,1724,1662,1913,1827,155,422,1099,1722,1896,311,1579,481
1756,241,99,605,1792,146,643,1728,149,1836,1636,1594,95,677,1819,1663
1817,1849,717,1533,259,1790,1525,1788,793,446,505,1580,1776,1745,1488,1844
1639,1551,1755,936,1373,297,1521,957,1485,524,719,1877,1807,1819,42,1823
1736,825,45,1482,1513,1701,1480,282,1498,1812,1611,216,286,189,1689,1549
1572,1511,1770,1490,1847,1793,1683,1107,1823,1030,1218,934,89,1514,26,997
1614,192,1699,1544,109,1678,1295,294,1657,788,1829,1369,1691,1643,1649,1395
1606,1724,208,1660,1584,1562,793,1506,74,193,1803,1373,1951,134,1817,1826
1677,840,1736,498,1672,1376,1749,883,1495,1716,152,1494,1563,1721,1747,1653
1631,1703,1740,1568,1268,1754,199,251,1000,1770,90,1757,998,1479,1581,1905
1534,1803,1804,1626,1589,1071,1969,1912,319,1691,1806,1254,1955,1708,1735,1571
247,257,1500,1723,1771,157,1854,1852,86,1595,1847,804,1060,1739,1592,1378
1319,1655,1607,184,1777,1706,1564,1719,94,1739,1654,132,313,1633,1485,1824
1786,1390,1499,1720,1674,89,236,252,1560,1716,1854,1657,1696,875,1751,1842
1503,378,1953,1492,1832,1597,1488,1742,204,1826,315,1841,223,1760,1679,153
1788,105,1492,1782,235,1733,706,1703,459,1527,1797,1338,188,1600,1786,1004
1665,1927,1610,1565,1561,1534,792,1763,1617,1825,1567,798,1827,543,1446,1091
1795,1778,1767,1813,233,1836,1650,1666,1758,1913,155,1527,1513,1603,1696,1682
472,242,1843,1331,1560,1396,1538,1540,1582,1770,1799,791,1793,1974,936,1847
1606,1675,933,399,1623,187,1387,1534,1707,1627,1626,1373,733,1537,735,1541
1668,1649,1778,1957,1571,909,409,123,1820,212,1580,507,1750,1807,1849,1839
1766,1818,1687,1646,1954,248,1817,191,1486,1593,256,271,1481,1888,1520,815
1641,110,394,1620,1712,728,1568,780,1526,146,987,230,612,314,1919,1907
1754,1849,1683,1756,1540,1482,1616,1513,1581,1368,1736,1771,249,160,1752,1591
1567,1784,700,1856,1575,1605,1709,781,1546,1763,1705,1112,591,1907,1818,108
702,1639,1729,1682,1565,1081,1718,200,1715,269,1638,1681,1829,635,1853,1487
1784,365,96,1838,1625,1731,1642,1386,1748,1801,1370,1502,1645,1726,1970,1686
609,432,1644,1816,199,142,118,1768,119,177,1851,1620,984,1504,312,1335
28,1673,1624,1796,1534,1691,1939,711,1366,1697,1693,1553,1690,1826,1792,1850
1972,1661,268,276,705,92,1814,1687,838,1598,1636,1800,1670,1692,1755,1161
1696,1854,1174,275,1559,110,305,1857,1691,1792,1812,3,1747,546,1373,233
1342,202,1512,1628,194,1589,230,399,1949,229,286,1768,319,1538,783,1783
1389,819,157,1523,1482,1830,1580,1639,1854,596,1513,1758,1739,109,1608,1447
221,188,1834,247,1616,1497,1617,1504,1777,1687,1855,700,1225,908,1817,1546
258,150,228,1566,1611,158,1739,221,275,139,1839,1527,1524,1726,1813,1705
1707,271,177,1837,1657,114,1697,1638,830,1629,1660,1955,1778,927,1542,1632
1529,1833,1669,1858,995,1351,78,1853,1394,943,159,1760,1476,1545,1702,1745
315,260,1705,1378,1855,1669,1074,1683,1624,1789,1120,1762,1845,1557,1837,1712
1748,1644,4,1954,1506,1797,1684,1774,1701,1855,106,1690,1511,209,1686,1939
1793,1726,1716,437,1581,1754,113,124,1975,1747,693,1821,1734,1745,1837,824
1785,1486,1627,282,1394,292,1780,281,1640,280,1738,242,596,198,1584,405
1379,1664,1646,1688,67,141,1774,1841,1388,1643,1750,1912,1570,1835,1943,1772
1754,1761,1581,1607,1910,565,1502,227,1844,1660,1968,1550,1512,1639,913,429
54,1733,399,1477,1503,1534,137,1793,1809,576,1620,1369,1850,1821,124,1828
1906,1703,272,624,1627,1674,1712,1547,1745,212,190,156,702,1618,1615,1608
1748,1829,1518,1557,1580,237,224,1775,1645,1802,399,1513,1621,1839,1808,617
1497,1239,1719,1237,447,1593,986,198,1716,1483,211,1711,904,246,982,1587
1709,254,1580,1711,1069,1987,1646,1764,1724,1394,849,1586,1809,243,251,1717
1779,1796,1527,1524,1610,77,274,61,1384,197,1774,1704,1912,1048,1594,134
198,167,1396,1850,1576,163,1731,1759,1544,1598,156,914,1809,1756,1305,1718
1613,89,1479,96,1495,316,1954,253,4,400,230,1701,1515,110,1848,93
278,1579,1575,896,1603,1709,1748,1643,1502,1745,1746,902,1741,1086,197,1722
1742,1842,1824,1047,1682,1542,463,488,1487,1528,109,477,222,1755,1496,1685
1761,1697,82,1297,1500,1703,1834,324,1654,284,129,1815,740,1664,1709,1657
1591,1649,1659,129,327,1674,311,1286,264,1711,1730,1752,182,1702,1567,1732
1591,1552,1277,1727,1986,244,808,925,1934,61,1739,302,1678,1687,1525,142
1593,1586,1527,1666,87,107,162,1673,635,1698,717,1682,1813,1050,893,1710
285,239,290,1387,1391,1650,1758,304,83,1852,1353,1269,1722,1552,1390,219
321,1080,1365,1603,1653,1634,1833,1682,1300,1942,1584,1272,1414,69,1799,1696
200,1707,1573,102,1722,232,1570,1735,1856,323,1612,1235,447,1768,177,312
1526,1837,1749,1815,260,1807,1650,1857,1616,1678,199,1637,1770,346,1719,1460
148,1523,1686,1842,1385,1872,175,111,1851,1502,533,1841,1550,1496,1907,1708
1508,1768,248,142,1722,1735,1660,1856,1558,1818,1591,1559,1487,1511,1678,156
1100,1846,379,825,1588,135,1813,764,619,1659,890,1495,1663,1502,1466,151
267,1874,1610,1848,1972,290,228,125,114,56,284,106,1680,997,1608,1793
287,1485,1768,1703,1562,1521,228,1730,1360,130,1782,132,307,1791,1574,1722
241,1845,156,1552,1705,1568,1597,327,1818,119,976,1530,324,1905,317,1715
234,1558,1826,91,1574,1837,1907,1846,1742,1922,1687,1752,1396,1815,1572,1942
1714,1837,1807,1131,1784,1835,1712,110,1778,1841,1531,1559,1793,1539,105,1595
1640,162,1559,522,1973,142,792,991,1823,847,47,1853,53,1749,1572,1811
1395,1506,5,1762,1969,1773,1819,288,1311,1856,1635,457,1817,220,1599,1510
1810,1481,1627,1395,153,104,298,100,1698,94,184,1681,1485,1636,1714,1479
1566,1611,1837,1502,164,1733,1569,1519,1612,1760,244,291,251,1664,192,163
1259,1691,1756,1830,1573,1476,564,1533,1529,1818,1606,984,1381,898,1551,1490
1798,1476,1478,1747,1602,1799,131,1847,312,1607,1785,93,182,1853,1615,92
1647,1849,1646,99,1764,1755,1212,100,1628,1544,1650,1387,1391,1560,981,137
1804,1746,1779,1566,1228,12,1613,1614,211,198,206,283,236,1597,190,193
1680,1708,172,1717,1968,1835,1763,1341,1544,1681,1733,1671,1848,1818,109,1772
1339,1624,108,1500,1175,78,275,1532,1652,1647,1942,1720,860,278,1803,1790
1763,237,1605,1851,1853,1560,1394,671,1119,1382,429,163,1638,1654,678,160
1668,1788,1532,1553,1913,1365,1593,1473,1563,790,247,1797,1696,1799,1494,1550
1792,1374,1640,1913,127,227,1642,1773,887,269,249,110,1612,1394,1671,967
1839,1658,1650,1784,499,1666,1377,199,1773,1612,1640,1826,1185,103,1373,991
803,1727,1782,1831,1325,202,1844,1646,285,57,1609,1685,1814,121,865,110
884,327,1857,287,1604,1781,1601,1670,1671,207,1648,1792,1581,1698,1058,1520
1847,1239,876,1660,277,1747,1946,1529,108,1710,1644,1802,1845,1626,1649,1575
1776,1366,1566,281,78,1950,1628,1736,1753,1801,1824,1654,1555,1843,402,253
897,87,246,1032,310,1887,1786,276,1186,194,1584,1696,1353,327,128,1694
1394,1839,1590,1941,264,1850,1695,1408,977,1086,1296,323,812,1598,1641,1559
1588,1854,1271,1771,1703,1227,1500,1673,1555,1788,1773,1837,1653,1804,587,1679
1380,1440,1547,1494,1491,1495,596,1771,1530,1842,1781,1711,1300,1567,1486,1833
83,1844,1376,86,390,1841,1601,1549,1752,626,223,1492,84,157,1594,1669
1523,840,224,285,1843,277,969,1489,536,1695,1511,1567,469,1786,1769,996
1671,271,1545,198,1691,143,1744,1693,1835,1552,948,1521,1642,1488,1907,1573
177,225,1481,1694,325,1756,217,391,1073,318,1373,15,1714,1142,1701,1670
189,1608,837,1737,1686,1479,1609,1658,92,281,1533,1580,197,1663,1649,1954
127,1789,1650,707,1846,566,611,1225,1526,1443,1674,1802,1633,1907,1835,1553
145,1497,72,1801,1703,1331,1939,329,96,1926,1815,1571,1832,961,271,1538
1739,238,132,1600,1552,1672,1790,1778,1599,1545,1695,666,302,334,1493,1686
1832,1819,1646,702,972,1811,1478,1849,310,1689,196,1660,1640,329,1587,1764
1250,1752,1550,1906,1552,1231,1757,1787,1563,677,1786,180,1601,1895,106,79
1640,1627,288,1608,1685,1677,1908,1713,1628,734,790,1987,1806,1715,1337,1319
1848,270,1522,1697,1284,1892,255,1838,1591,1543,286,1648,1722,1377,1911,1718
1511,667,1793,133,1945,170,1922,1519,1360,1477,1491,500,1650,1567,1586,1747
1591,1709,1824,1627,461,1847,1849,1393,649,1630,314,1593,1069,1856,1748,1534
1585,1679,1732,1753,1653,1514,1657,1598,1739,1699,1684,314,213,1656,1516,988
1762,1636,1507,306,241,1501,1823,1530,1559,1123,1827,1717,1660,98,1620,1922
1518,1547,254,1706,581,790,1656,1803,820,648,1668,1669,1969,1509,370,256
1496,1183,280,83,1840,1973,1817,1560,1746,1502,1707,1211,1639,827,1951,1808
193,259,936,273,812,141,11,302,200,1812,1709,1763,1367,1910,1693,1645
1177,1715,87,1688,900,1792,224,274,1515,1736,710,1481,280,1826,1070,295
1509,1612,1799,1478,1813,1750,198,328,86,717,66,821,1731,291,423,1678
844,1673,1378,1775,1634,1706,28,281,1730,1485,875,1605,1670,1905,714,1626
1686,3,103,1666,1553,1196,1649,1908,1593,1476,1969,1733,83,1481,1642,1848
1630,564,1785,1754,1794,1710,1483,1745,1893,1852,1714,1539,1686,1506,237,1671
1523,1155,1705,1830,296,1484,106,1774,302,1733,1178,226,1725,393,1727,283
1623,1767,1543,1477,1581,158,310,1558,81,1676,771,1556,1530,1614,1722,1213
107,1723,1543,275,266,1860,1606,1730,681,672,193,269,1503,987,1499,252
160,1490,1631,1856,1744,565,1590,183,355,1503,1913,784,699,1608,1740,1850
1808,1751,677,1697,219,1564,277,155,853,407,1724,991,510,233,1892,1746
1732,1493,1547,1846,1337,1911,1778,299,286,164,218,1845,1806,352,260,1843
1820,1756,264,649,1501,1742,1629,294,1777,1582,1486,1765,1949,1677,1797,1548
791,1509,312,1840,533,1388,1834,1796,1543,65,1594,1761,184,1549,1233,1292
165,28,1588,998,518,1806,1800,987,1725,1646,1816,1722,1682,1528,1070,1580
1526,1509,212,1535,1817,74,115,1580,1702,1706,1847,1674,298,1430,1854,1577
259,95,1496,1680,1787,1769,851,1717,1763,113,152,1676,1739,914,1913,243
1850,1820,1669,874,244,452,294,1654,78,1593,282,125,1832,1766,1809,559
1508,1685,1609,1945,1368,153,1777,173,1554,1718,202,1533,364,581,1584,641
1601,237,717,1793,1480,1697,1293,1484,981,1742,1788,1490,251,165,256,194
1572,1860,1753,399,1802,1801,1577,1491,1612,695,1715,1972,183,1584,767,1819
1519,1861,1645,1704,1055,1650,323,215,277,1605,1688,1490,129,1550,1595,1538
1830,1968,621,701,1794,157,1811,1231,1660,195,1807,495,274,1706,1721,1838
274,1847,1731,820,211,1836,1125,1824,1656,1550,1913,1664,1366,173,1509,152
209,1667,925,1592,1571,1496,1523,1759,1652,1777,110,158,1203,1913,1837,1654
821,1818,1721,479,1848,1698,1682,1855,318,1477,977,498,547,241,278,1790
1596,1274,49,316,1746,1499,328,1907,1288,1334,1802,1605,1565,1912,1764,1866
1603,1619,1730,163,1721,1817,1525,1942,198,1611,1698,1857,964,1598,1823,1548
1477,700,1746,671,271,1833,1601,323,1759,766,116,1612,1545,284,1526,1489
1639,1366,1106,1490,155,78,1689,1506,1641,1896,189,1745,1521,1645,1839,1302
1649,1528,1836,1684,1273,1671,1685,1828,1683,1848,1724,1645,179,50,1803,144
1703,1918,1850,1806,1046,1478,1974,1701,89,308,1822,1476,216,1379,1481,1549
1644,243,64,1576,183,1799,1669,1507,1764,1592,1963,1492,1542,1640,1381,125
302,1508,1543,1550,67,1671,14,1713,1517,1780,1808,109,1631,92,217,1849
635,1586,1581,1855,267,1668,247,1491,508,1765,1482,257,1550,1253,357,1704
1794,233,1844,185,1392,156,182,1669,717,254,1382,1823,1727,1501,114,1848
1833,1374,1713,1562,1775,1606,1876,1953,246,291,1559,1827,70,263,1516,319
846,1590,1658,431,110,270,1385,1561,125,536,1852,1568,100,1641,286,1682
242,1745,1907,1516,1639,1189,1598,789,700,1153,1672,268,1633,1761,1739,1839
1764,229,943,182,1654,1597,1686,1552,1514,1365,635,1696,1736,1799,1481,146
1553,1618,1742,1512,1476,1826,1786,1739,1877,231,1642,1495,1613,614,1128,1274
1736,1595,1495,306,1611,1696,1128,1638,1543,1479,1593,820,1589,1940,82,1623
1366,184,133,1705,235,407,1832,1486,483,1829,1562,1495,1134,1622,168,1908
1518,1644,1809,1595,317,1529,1831,1735,242,1776,1526,1838,1725,1639,1591,113
1637,289,247,1555,1694,515,1538,1740,187,982,1515,1684,1587,1488,1651,1723
1513,259,1617,107,1491,1704,1496,1521,1941,1404,1548,285,233,1620,1689,861
1644,146,1476,1566,1616,1694,1722,808,597,1599,1687,1532,290,1529,1636,270
1906,1708,1542,1776,1558,176,1848,1805,1555,247,249,1693,1909,1614,1775,139
1940,1847,1495,1757,123,1485,153,244,1825,1695,1627,184,1780,1539,1772,147
612,1667,1621,1552,321,1647,1871,193,1967,235,384,1376,1912,1286,1072,428
15,399,244,84,1520,1604,161,1375,269,1638,1573,1482,1825,240,1663,1559
1851,278,1650,1679,705,1734,1599,1762,1371,1621,738,1546,1264,1776,1597,1818
1613,1972,448,1695,90,888,1676,1574,260,1587,1749,1854,1840,1906,1713,262
1025,1172,1833,1693,1772,1071,1444,184,581,165,1528,1758,1912,105,1843,1722
288,1575,1737,1952,198,1745,312,1564,1517,235,1961,1848,315,1539,126,1688
1618,85,99,62,1764,1910,600,1974,309,783,124,1520,1637,1559,260,1615
102,1638,258,1237,1954,681,1518,1503,1765,1565,1646,172,1825,756,167,1586
1839,109,1918,1571,1727,954,272,1654,1034,1593,194,1821,1742,1802,1588,1498
626,280,1849,313,1555,145,1549,1568,1791,417,314,1556,224,1586,1854,1815
1523,264,1513,309,1486,1269,213,704,1609,701,1852,1071,1776,1830,1929,1770
1255,1809,1523,28,1647,1968,1528,1479,1509,1556,1742,1810,1864,1850,298,1896
1616,1507,1584,1617,1160,1545,1956,303,804,893,1564,1542,222,1479,753,1751
1940,1560,1581,1538,104,1856,271,1592,1699,1477,1713,1583,1355,1830,1485,176
193,1831,224,1516,190,173,1664,1554,1758,824,241,1562,1496,1547,1910,1691
1806,1632,215,1585,232,1762,1722,1244,147,1973,307,1825,1848,1677,1772,1842
199,1885,1345,1479,1656,1665,171,1132,1848,1478,1686,1853,1679,516,1623,185
1640,1897,1702,1244,1886,273,151,161,135,1581,50,1712,1485,1744,794,773
1230,1596,1657,321,1798,1750,1577,74,1648,1565,1955,1685,1852,1715,1493,1615
1749,71,1794,1694,1588,1657,835,132,225,1147,1857,1616,1557,821,1586,1843
1793,466,1589,199,490,1496,877,1516,315,1695,268,1612,1243,1725,1407,1860
1684,1836,282,1789,716,1786,1909,1564,1379,1893,1846,1738,724,186,135,197
98,1396,1770,577,1729,1758,1653,1810,259,1740,1509,1618,81,1940,1028,221
1599,1603,1730,1775,1513,131,13,1644,1849,1485,1744,1737,207,1562,1840,24
1500,133,1484,739,1283,354,263,1888,1564,1794,989,1554,1800,171,209,851
1683,1508,1788,1829,1631,1504,1840,294,176,1769,1542,969,1678,1623,1645,112
1677,1378,1647,1553,1832,221,232,1666,1366,1609,1972,1657,1785,1501,265,1766
306,1676,1545,1736,1576,1697,1483,1840,1623,1548,1726,1589,1738,1721,1533,1758
1512,1912,1745,1696,1808,932,324,1849,1579,1827,1683,73,1214,1747,118,185
290,1823,1657,827,1670,1767,1825,812,605,1911,1726,1583,1685,1683,1588,1848
1224,585,1608,1504,1005,97,1800,1559,191,301,1816,795,1753,1508,99,1892
1827,1842,1495,1478,207,137,680,1767,1769,298,232,843,1683,96,1540,1636
199,1705,984,1477,490,1483,1692,1825,1550,132,276,552,201,190,1649,1712
1675,761,1747,1664,142,119,1539,1598,1545,154,1854,1581,357,1517,1754,1855
162,1699,533,260,214,1760,1682,1832,1633,1576,1684,1485,1800,1792,1855,1446
87,1778,1737,1515,708,986,1503,1748,1604,506,77,1162,1469,1441,1814,587
1664,549,1322,1541,1528,1655,1793,1490,748,1576,1521,1670,1942,1596,1864,1601
1893,1394,639,148,1739,218,279,228,254,1479,1519,103,1535,1793,654,1513
1480,1783,1479,1791,41,1616,1703,1657,1638,846,1653,1729,1670,1547,1566,1896
1755,295,1810,323,1598,1641,1814,1646,165,1827,1544,1391,1887,1521,1597,1855
382,1604,244,1647,1392,1631,113,1499,234,108,1962,1742,1602,1554,980,1920
1570,1733,319,1484,372,1485,1625,1519,301,510,262,1574,162,1109,1687,1573
1797,233,1761,1600,302,1015,1509,1907,1628,1619,1710,1840,187,851,1824,1582
904,1768,1557,611,1487,1667,1671,1853,272,110,1478,1781,1889,153,1656,93
1816,1912,1973,311,334,711,228,1832,1476,1767,19,1645,251,1820,1769,1802
1599,1516,1375,1833,248,1698,649,1559,1608,969,1654,1744,1563,416,1539,1691
1481,1747,1621,317,1566,1545,1897,1670,1561,1162,1572,1694,1771,133,1573,859
1975,1823,1776,74,1735,1725,1906,1505,1492,1119,567,1629,568,1494,1512,1727
174,1771,993,1379,1821,1844,1488,15,1652,1575,152,1287,1480,429,1526,1910
140,1764,1325,772,1696,1718,1744,1799,1671,1778,1640,1654,1945,1831,579,1395
1497,121,1680,1465,299,1606,1525,1204,481,1534,1823,1668,1613,855,276,168
1536,1707,237,1834,1668,1171,1745,1905,1667,1522,291,1571,1738,1562,193,302
1820,1714,1715,1649,88,1672,1720,1376,1807,1666,132,1505,1779,1571,1777,1658
1512,1013,1533,1827,1779,293,1740,1649,1622,940,541,1537,305,1544,1534,1385
1640,1758,1852,254,217,1769,1912,1669,1829,1189,1570,1687,1775,299,1558,1478
1949,1719,1644,263,1539,1746,321,1728,1909,1910,1667,1841,1826,1073,1871,597
141,271,1937,1914,216,1490,717,774,163,82,863,1635,1110,117,1789,1603
