1790,881,1690,1746,1828,1788,1818,1893,1813,1602
1796,1527,1842,1712,1654,280,40,1682,1761,1444
125,1493,151,1717,1771,1492,182,790,94,1542
1557,1578,323,1804,1767,1948,1610,1395,1650,1818
723,1269,313,1648,1809,1391,151,157,1579,1581
1846,262,82,1716,1986,1604,1379,1855,1515,1812
1515,1804,308,1814,1818,1824,1636,285,1072,505
1893,1512,1785,1031,1704,310,1277,1850,1513,1616
1659,1369,504,1646,1779,1833,1907,1457,1673,284
1805,89,1817,1594,1880,1785,1686,63,1825,1485
1714,1751,1825,602,1781,1661,1673,1578,1710,1672
322,1585,1603,1844,1201,1137,1162,119,301,309
1613,631,312,1643,1680,1698,107,1661,969,1508
207,1684,1383,1365,1729,215,1554,1854,1738,1831
1508,1701,973,1760,1544,1491,299,101,1890,1761
1717,1702,1555,1347,1509,1548,1651,1694,248,178
1544,1347,212,1738,730,1683,1735,221,1554,117
1805,1219,1070,244,949,1575,1526,1911,1623,1501
148,1810,113,1731,1515,1700,1773,1760,1553,1580
1762,1617,469,1549,246,1477,1931,1833,1909,1565
705,153,1920,997,980,1942,657,1582,588,1642
1803,973,1791,188,161,38,89,1937,320,1805
1162,1721,1306,1675,1644,254,96,1597,262,764
260,1566,1521,1634,804,15,1720,1629,1855,1555
1953,1537,1605,1911,1845,1703,300,1534,1616,1753
1512,605,1569,1827,276,1855,1072,1577,998,634
1682,243,1813,1839,241,1544,994,1687,85,1586
143,480,1673,1590,532,1492,1646,961,1680,1545
1850,1516,1780,709,1610,1565,1727,1495,1825,1773
1729,1563,661,1794,1554,1570,1585,1480,169,1854
91,241,1417,1020,1075,1906,1860,1907,1557,1530
99,961,1374,307,1648,1781,1529,1981,1793,1825
1618,1810,1612,1510,1692,258,1801,1609,1754,420
1576,1818,213,170,1846,1247,260,1502,1755,1860
1486,1702,1481,1682,1565,1755,1793,1557,1213,267
1849,1616,1640,146,1689,1605,1857,1975,1750,932
969,1802,1509,181,1627,1596,227,231,106,1158
1794,1502,1570,1841,1278,1595,1365,1650,173,1659
1748,413,280,1695,1555,1682,1640,210,1665,1696
1642,143,968,1477,164,1857,94,78,1690,141
993,1866,1568,1673,1618,1532,519,1516,1530,1850
1393,1671,1637,1179,256,1588,1595,1959,9,1973
1778,174,1338,1717,1780,1897,1590,1631,269,1576
1663,11,1652,1713,1775,1894,1706,1809,1741,1685
1566,298,1763,1770,226,228,1734,1753,1410,1489
1205,1341,75,295,1091,1746,1533,1899,1766,50
1816,312,1729,1600,1770,994,125,692,1579,1716
1911,762,1617,1627,211,163,307,1826,1640,1797
174,700,1487,1771,1785,1557,1613,1772,1549,1506
1851,1268,1808,1895,1657,1486,1736,1820,1504,1623
1972,1642,1703,1721,153,131,1478,1599,525,1669
1527,116,1778,1969,1855,1384,1491,1579,1747,1677
34,1563,1810,1773,1726,1593,292,1505,1602,1895
250,172,278,106,102,275,1566,1612,141,1517
1852,1179,1846,1654,1704,1485,604,1516,1804,1577
1487,1535,1529,104,789,1564,1659,1754,1797,1632
443,140,273,215,249,1778,850,1486,1311,1927
13,88,1817,1840,1638,1534,512,263,1792,1765
1725,1672,1647,257,904,1625,1777,1614,1838,1731
1205,1738,1579,1600,1768,1574,146,1564,1605,1480
1908,1795,1584,1579,329,1582,1691,1060,166,1793
1703,1542,1605,307,1490,304,115,846,1633,1855
1781,1123,1835,1371,1913,999,1672,1791,171,1088
1655,1386,1825,325,1850,1641,1586,1813,1541,1595
1625,466,1643,240,1795,1726,1682,1535,1610,878
1906,1387,1744,1584,294,206,1676,1114,1705,1929
1805,1810,1680,790,1123,1786,170,1674,1847,94
1491,1793,1930,304,997,603,1528,1919,1383,229
1669,1907,1827,847,1717,1787,147,15,1574,1635
1854,135,80,26,221,312,1601,110,1844,1498
1688,949,1565,138,1566,1563,1708,214,1584,1828
327,717,1399,1574,1776,122,1642,1849,1550,90
1735,1516,1203,1614,1490,1911,475,181,1289,132
1782,762,1704,1968,312,670,1565,1501,1268,1570
1597,1517,1545,130,158,206,1673,299,304,1946
308,1681,1856,180,1791,1575,1609,1485,243,1834
89,1585,1592,301,1485,1634,1833,180,159,1578
1635,1720,212,1526,1739,1376,1753,1582,215,1819
393,1529,1631,1614,1689,1846,1516,1895,1803,1748
1295,1580,1509,1714,1731,1533,1567,1388,1501,1772
1584,1579,1687,1946,1592,1652,1724,1647,1640,141
1749,1636,412,1639,1834,1836,705,1231,1148,116
871,1737,1536,1532,1842,378,1574,1675,298,1047
1526,711,1642,1899,1714,1561,1636,320,738,192
1610,104,1969,1619,1762,1816,80,1633,1391,318
1829,1608,1808,172,1692,924,1966,1652,188,1606
1783,1695,1117,1838,1646,1610,1683,1860,1585,129
224,1072,1533,1956,1557,514,1942,1615,1507,1831
245,1537,1398,255,1801,1658,257,112,1883,1571
1794,1944,1478,1727,276,1515,185,157,1580,1712
491,1507,1821,119,1644,1580,1477,1851,1490,1262
1724,264,674,259,1961,1738,1728,1521,1796,1723
1576,1645,885,1713,1395,99,1843,1706,996,1587
1568,1728,171,67,727,911,1565,1770,1739,155
1812,1772,111,1682,282,1501,1955,1833,852,1959
1553,1533,1793,1792,1710,1520,1505,1802,180,1574
515,1595,1716,1778,826,372,24,644,1481,166
1822,1814,1632,1391,1268,1542,1754,285,1764,1740
1760,1606,1729,1275,1830,560,283,898,1698,1378
203,1674,1703,129,1675,274,1778,187,16,697
1834,1612,1775,1817,1536,689,203,1951,1798,440
1723,289,1581,633,260,1709,104,1842,1819,1557
1382,616,1620,1451,100,1668,291,652,90,1611
1921,1577,1061,1698,1764,1291,1781,1745,981,1692
315,326,1669,98,311,1592,1973,1435,1866,1733
92,981,1599,1716,1937,1484,1761,1635,1714,1763
1761,1833,1680,1906,1245,126,118,1397,1757,1598
1818,1562,1596,541,1696,1265,1316,283,1495,1494
262,1727,170,1890,1824,284,204,286,1759,1851
291,539,1603,99,1231,267,1771,1555,1604,119
83,1839,1899,1793,1685,1298,1789,1446,1714,1383
1262,1549,210,1635,197,1789,239,1548,1825,1506
1648,150,1698,97,1604,1659,443,1506,1745,1726
665,1507,1069,1538,137,1854,211,1783,1477,1535
1620,1489,1539,1211,1769,1799,1872,1822,1652,296
1738,1536,1484,1772,210,1789,1521,1780,1646,1312
1382,1762,1563,1494,1799,1836,315,1721,1476,134
268,1513,1645,1770,430,1649,1476,1812,1486,1817
1579,306,225,1621,1786,1943,1641,1817,1895,1803
1729,1776,1394,1070,787,1701,1835,126,631,282
1734,1740,239,1911,1735,1679,283,1640,1822,231
1948,1867,1626,1773,1575,1790,23,1388,188,112
649,1772,1746,1509,1641,1572,1481,228,1513,1656
1490,1902,1516,1485,1695,1251,1676,1587,1653,1951
1783,1653,1746,1696,1658,1734,1811,1678,833,1748
1620,109,717,1777,1850,1555,1588,1577,309,1837
1729,1584,1613,1546,1745,1587,1674,105,1677,574
294,1739,1851,1744,1671,1720,1642,905,1771,1800
630,1634,1652,1542,1359,1499,239,1667,518,1582
1725,1590,1663,1708,313,1805,518,1393,1513,160
1858,1667,491,1551,1526,1780,1909,1841,117,1446
1732,567,1651,122,1716,694,1073,1769,1975,110
1701,1695,1711,1810,401,1640,1709,1745,1780,1726
1567,1764,1380,234,1849,1962,1806,1512,1577,1776
1600,1506,1819,1655,180,80,625,1499,168,1746
299,417,130,1537,1777,293,1481,1483,1554,1545
129,1505,1800,171,1697,256,1484,1540,168,1712
1704,1577,1707,1524,132,1852,1609,1841,1806,1697
1810,1551,1709,1837,1968,1162,243,1755,1956,228
1162,103,1521,811,1633,1483,1572,1846,324,1168
497,790,288,781,1739,1672,1811,1661,1536,176
1606,239,1225,272,1545,1605,1747,1831,1666,684
1640,515,1628,1908,544,812,1660,233,1391,1175
211,1684,1770,1631,1802,1644,1629,57,1610,1738
1908,1806,1467,198,1646,1721,136,1977,1699,1516
170,1818,471,1661,1949,1758,1789,192,1772,290
1575,85,1534,1206,268,1692,586,1645,1767,327
1478,164,1547,1671,1621,1502,1762,1646,1518,1909
1788,1479,1563,1502,231,1559,103,126,1681,1383
207,1535,25,1834,1699,1378,619,1762,1792,1575
1895,234,1733,130,1728,1373,1619,1836,277,1961
1581,150,1494,1434,277,1740,471,1767,1669,1699
138,1591,1905,308,1177,1385,157,1444,1744,1713
558,1811,1615,1554,1487,1316,1576,1671,1723,655
44,1594,1726,86,89,1702,245,1536,1570,1390
1757,318,1655,1581,1532,1740,1647,620,1595,1795
90,1770,1815,1689,1562,1749,1678,933,193,1560
1737,1537,1659,98,1369,299,1839,1485,1661,1774
1964,1701,1785,1801,1687,1770,1583,1675,1514,1508
1808,1855,209,1526,1830,399,1544,246,1792,1852
1923,1596,1570,733,1070,1615,778,805,1759,1354
100,1763,990,374,104,699,1906,1594,1740,120
1734,770,353,1739,1688,163,1555,1754,1503,1510
1796,1622,1550,231,1559,1631,163,1781,1690,1701
1656,1500,1519,98,1556,205,1545,70,1971,1903
1647,1714,890,1517,1673,1621,1675,165,1843,247
80,996,1582,364,1907,770,1512,1686,237,1678
230,1804,227,1603,310,315,1786,970,1631,1570
1969,1828,1570,1835,121,220,1751,1723,122,1516
1687,976,1503,1789,1672,581,1984,1498,1577,1708
1595,1730,992,21,82,166,1475,50,1584,1683
1680,1480,1585,312,1603,1810,198,1482,230,1806
1493,1830,1843,281,1742,173,1664,1686,197,655
311,1602,1560,1972,1502,1575,1519,1830,1501,163
1753,1392,164,1824,1778,1776,1851,1895,1719,197
274,1806,1001,1927,1475,1946,1712,1538,1831,282
1610,1619,202,1368,1759,1822,1628,1739,1540,1672
321,121,1896,1816,1559,1767,1168,1584,329,634
469,1073,1702,1878,206,1544,1493,1910,1941,1396
323,1562,1902,1125,269,1582,1981,631,416,1638
1603,1658,1813,1507,1629,1682,1580,1725,1611,1573
1633,356,221,136,1553,1525,1622,1383,1644,1652
1601,1629,1478,1590,1512,1564,1507,1848,1837,1949
1503,1656,1834,168,162,1182,213,1547,1704,1621
97,1817,1895,195,1982,518,120,312,1857,1764
128,1828,1547,1939,535,1625,1543,717,1835,155
107,96,1611,1817,1811,326,1656,1584,1487,87
1676,1511,1802,1768,1533,1769,1603,253,1719,1889
1505,1823,1524,64,813,1615,1564,1751,1506,1096
1568,1763,114,1491,1486,1950,1579,1521,1630,1600
250,1619,1519,163,1593,1696,95,1844,1650,1592
1538,1645,1765,1769,165,226,175,342,215,1243
124,1139,1509,1830,1743,1627,1070,1500,1759,1502
1969,1735,1654,1769,1561,1538,452,1792,1697,1848
1565,1591,1531,1754,1544,1262,1717,207,238,1951
20,1722,537,1829,415,668,1809,1802,1645,1961
1832,993,1907,1817,290,1765,1409,1614,39,1705
1380,231,1689,682,167,1629,611,1768,1392,322
311,1030,430,1566,1508,1381,236,1107,1477,1536
1546,1162,1528,1631,1959,321,1019,1747,1476,1715
1782,123,1801,860,1338,1713,1295,1857,1800,1029
1714,162,1563,89,653,1611,253,1784,1097,1547
1726,1739,310,133,674,1552,1657,84,1768,1930
1197,364,1982,1511,1315,1512,1956,1726,1648,296
1696,1505,1614,1670,1684,1756,1675,1939,231,1760
1503,649,1735,1641,1570,1927,1731,1603,1948,1689
173,158,1534,1565,1686,1631,1606,208,1215,1714
512,230,1671,1841,1729,1753,1691,896,226,1576
1604,115,1557,1662,858,1744,114,1785,1707,356
115,173,1848,1547,1628,386,1482,1856,258,1722
162,1368,1552,1621,1660,1132,287,220,1512,1792
1749,1739,1594,1476,160,1752,231,1850,1704,1580
1912,1501,175,1813,1589,1551,1675,520,700,1909
92,1508,1783,1736,1395,1680,312,239,1676,1579
1848,1975,1832,95,1588,1530,1831,1495,1544,1824
1808,1508,1786,647,287,1647,1120,1585,187,258
1857,1758,1514,134,1667,1527,165,963,1849,1524
1399,1786,1585,1562,1502,992,279,1796,329,828
184,1665,1599,25,1518,1737,1611,1753,243,1677
1702,1912,132,1500,239,618,1591,788,93,1396
1651,717,214,1833,1693,1207,1760,1856,1669,1119
1664,1815,1794,117,1609,161,1071,234,1741,176
181,1650,1644,1222,1582,716,1385,183,1600,1796
1757,948,1697,323,1568,993,1626,1711,1961,1222
1517,626,1560,1565,1907,1374,1549,299,1852,1788
185,184,847,1636,192,1657,1588,950,1718,1552
283,1623,1688,1666,1365,1546,240,1801,1299,1696
1959,1936,1634,1564,1546,1679,1807,149,633,1775
1678,146,1581,1691,386,1598,1561,1088,1713,1704
1611,1425,1758,1811,308,1805,162,1681,1580,1650
223,1649,1038,98,1618,1975,1493,391,1691,1924
1671,1486,1737,1640,1587,1523,1710,494,1791,140
1832,1383,1837,1734,910,904,1582,1339,1827,207
177,1801,197,1291,1838,1852,1839,1895,1859,166
1679,1354,104,1335,1228,1554,306,1692,1609,1690
933,1563,1605,1946,1974,1620,1715,323,1917,922
1674,1616,1687,1538,214,141,1530,1909,328,481
1687,1576,1628,1690,1825,208,285,1698,1691,1539
1818,241,565,1104,852,1763,1366,1960,1124,233
1542,1660,1682,558,1825,221,1777,165,1502,1850
1635,256,1783,1713,1057,418,261,1763,806,1894
239,611,1747,1379,1646,1231,78,1611,234,340
1685,1562,261,1598,177,1837,1550,1762,1805,1600
1569,1378,1850,1073,997,1666,130,1564,233,1752
1795,1743,285,383,1985,230,1566,1487,836,693
1183,1716,647,134,1388,119,1511,1663,1912,1893
142,106,1681,696,363,1762,1495,705,153,1695
1841,1535,1177,128,1710,1782,1810,1779,1594,1620
1376,1519,306,1835,1908,1842,1714,1072,1824,1594
182,799,1498,515,1101,1287,1677,1685,1656,213
199,1809,1720,1344,80,423,1360,1819,1391,495
1581,1640,1484,768,1554,1655,229,1608,1748,1673
1586,130,466,281,1649,1970,1910,258,1663,1627
273,1825,282,942,188,1243,1631,1799,406,1513
1071,1513,277,1951,1801,1842,1643,1669,1112,1498
196,1942,245,1189,1178,1684,44,1835,1646,1809
1650,1563,1751,315,1743,322,1143,1554,1717,1845
236,1499,518,1504,291,980,1558,1905,1376,1794
1633,1891,1488,1480,1910,1758,215,1519,205,1584
1824,1840,1644,1744,691,1538,148,1802,1531,1479
862,1007,1694,1571,1746,1560,1617,1564,293,920
1596,1700,1537,1753,1048,1861,1817,1588,212,162
297,1578,1777,1665,1795,136,1101,1651,977,1496
1561,134,1618,1648,1757,1819,1743,1647,1510,1963
408,800,1636,1,1756,1251,1952,206,1689,1766
1476,399,251,1835,1756,1907,1533,1950,1783,1893
627,1552,1554,1704,270,1541,254,1323,1823,42
1497,1588,104,1214,221,1543,1770,781,1616,1549
199,1601,1540,159,1543,612,1612,1679,1488,1255
220,762,1846,16,1606,1755,1744,1494,174,1519
1369,196,1725,1830,1654,1519,1940,85,607,1743
15,1699,865,89,1727,1512,1940,1700,1643,1662
497,1797,1811,605,1697,1685,1662,1579,1716,1676
1786,400,1969,1517,1704,201,119,1845,24,1773
1621,218,1564,1056,1727,1580,1850,286,1520,1711
1479,1673,1794,1922,1938,1836,1799,1662,1211,1493
1533,1481,1763,286,449,1768,1669,1860,445,1595
191,552,1692,1713,649,1699,1786,1170,642,671
250,216,278,1730,205,1162,1580,1553,1752,152
91,1555,1908,626,1633,248,55,1682,183,1823
323,1603,152,1558,1653,1818,105,1832,1479,80
1643,1113,1845,1489,78,199,1838,1705,1494,1691
207,1094,89,1703,1013,1500,132,1776,1657,543
300,1728,1631,1740,333,633,1663,1813,1851,1817
1555,1656,1552,1511,1172,1807,48,1069,1339,986
1552,1478,1683,1726,969,1512,1495,1768,1628,242
1484,1533,1589,1534,1917,1946,239,1767,1069,1868
1808,28,1384,1924,215,1383,1653,1746,1799,338
1541,1841,1743,1241,1500,1575,328,1525,1579,1785
1905,1558,1634,1918,1846,1689,1559,1844,1703,1475
1631,1522,1763,1652,1769,1775,497,291,1512,1861
1602,1109,1941,1717,702,1712,1849,277,1586,114
1696,1634,1493,932,1827,161,978,619,1556,675
1584,117,1517,171,760,1941,1654,1551,1383,1627
309,84,1737,1775,1531,170,285,129,1793,1550
1756,84,1663,282,327,1487,1695,1907,1477,218
539,105,1552,1035,1374,1681,1648,1303,972,208
218,1490,840,1644,1808,1675,1549,1689,1485,1588
287,1559,1366,232,519,1972,1823,1539,1503,1663
1715,1570,1484,1544,1613,855,1975,1839,1637,1396
1556,1823,435,1646,1801,1838,1762,102,1318,1491
1522,1751,1973,394,1598,359,1846,1630,1750,1801
295,1505,1364,223,1823,1907,1489,1792,259,1838
1195,257,1064,1567,13,1745,304,1533,1520,323
312,1387,1416,1490,1700,1752,1255,1907,1394,1662
140,1780,329,172,1653,1485,162,275,1625,1803
1502,1818,283,405,1852,500,1680,47,1939,711
1804,98,1631,1802,225,1598,1834,1641,843,1396
324,1215,1651,837,1722,1491,1799,282,1788,1756
1740,1896,1587,1521,1367,74,1745,1567,639,1534
180,1475,151,1569,1584,1504,1503,1109,648,1849
1535,336,1379,681,1691,1729,1360,1788,250,220
1743,1496,1069,717,1798,1557,1533,1662,1896,1763
1582,267,1325,1486,1679,1719,1487,1661,269,268
237,1519,1709,1528,1805,1776,323,1716,383,1604
1578,304,1564,302,1522,1462,779,803,244,1481
1582,1850,1064,112,476,1723,1107,1520,293,261
923,1518,1611,179,531,74,587,1614,1821,1334
1559,1512,1566,990,1809,49,1475,1643,1476,1670
1735,1622,26,790,1674,184,1558,1769,1713,1521
821,1495,1828,767,1086,1512,1841,1922,235,1651
1808,177,127,1840,1696,1634,1508,284,164,1730
526,1088,144,300,1712,1277,1070,1489,1765,280
1503,796,1535,1751,1590,1524,1656,1583,252,198
298,1536,1768,1545,1673,1894,1506,1909,1815,1526
550,1613,1679,1961,1425,1850,1776,268,1953,959
1621,1548,1692,657,1564,284,982,1505,1850,1569
1365,1681,1675,223,1707,1761,1723,1922,1795,1563
1825,1966,737,1807,1740,966,322,1633,1579,1394
280,1644,1572,1582,1838,1480,307,218,199,104
1648,1032,1762,588,1913,1063,787,93,1530,1853
1604,1646,1378,97,1501,1641,1504,1368,20,617
1689,1540,168,1691,1907,1804,1717,1739,1820,1519
1554,1535,1778,1767,188,1597,1550,1911,735,1657
244,1546,802,1906,343,276,1602,1182,1779,676
226,1681,206,83,1480,1660,1659,252,1679,1640
295,1620,1559,1495,1691,1534,660,1672,1916,317
98,1727,1839,1528,180,1729,1194,1498,1566,185
1554,1617,138,105,296,1590,1690,1490,109,1775
1755,1581,318,1850,1483,892,54,1761,1535,117
99,236,1793,1547,84,1801,148,220,1591,1746
204,1480,1776,1736,223,244,1507,437,1733,1691
1811,314,145,135,1653,1392,103,1616,1769,1714
274,1510,1836,1974,186,154,324,234,1582,1206
121,1590,1581,178,477,282,1566,218,1545,1706
1583,1694,210,1573,1714,1626,1883,1407,612,1687
1505,761,274,1740,1628,806,277,518,231,1531
1533,1974,1654,1738,222,1805,494,1606,1846,312
232,1261,206,1817,1751,1792,1884,1633,1580,1654
176,1658,313,1522,416,532,1509,1777,201,624
1682,664,126,785,28,1509,1442,301,95,1638
1566,1613,1686,1523,281,1383,84,466,1849,1747
1615,1652,574,1527,1783,1666,618,225,39,1681
312,1641,807,1710,876,1642,983,1725,1803,390
1741,1696,1547,1644,1096,236,1395,623,1537,1486
1851,1776,88,313,1547,1980,124,1848,1365,1527
301,1556,1717,1805,1795,1666,1574,1829,701,793
1829,1806,161,1717,1612,1544,1661,1650,1495,1064
1266,1724,1808,298,789,1156,1262,1700,1738,1852
1740,1626,1772,1716,1519,1836,1695,1771,1705,1835
1769,1856,1701,1805,1517,1659,1852,1153,1481,99
1656,1627,1895,1894,520,1780,681,1534,1900,1632
1509,1036,204,1072,1610,1681,1967,1809,1601,1592
1823,1834,1543,937,471,1668,183,1941,1807,1481
71,831,1373,1095,1648,1798,1591,1841,82,1970
1631,1759,222,495,1752,1769,1644,1821,542,1638
1556,1812,1668,784,1586,231,1821,146,1845,209
1389,152,1897,1320,1933,1737,1676,1895,1485,1563
1678,1711,1524,1273,1856,86,1706,1712,1520,1963
1755,1739,1792,127,194,1830,1516,1787,701,587
139,1848,1974,1951,179,1487,509,328,193,353
1913,1791,1408,1677,1527,283,1973,1653,1892,1843
650,1023,1826,18,1487,195,1784,1815,1782,1602
1825,1719,1501,1852,1776,1712,1469,1505,1604,1360
1509,1944,1527,151,122,1767,1586,1634,1837,1706
682,1842,1922,1968,43,1703,1815,1796,1590,171
1827,1599,1206,1670,348,1836,1757,1710,1897,1492
1499,179,1755,1768,1555,1857,1604,639,1551,1476
1549,1564,1540,1637,921,1391,1381,1632,1485,1769
1521,1567,1091,1741,1660,1647,1761,165,1922,1542
1731,1588,1905,1686,1550,1062,1717,1637,137,871
317,162,549,1906,1676,1501,1856,701,1749,219
1729,1790,1849,270,1602,1590,1783,1707,757,1189
1511,1605,80,1519,1842,465,1824,1849,1714,316
1570,501,112,1656,1519,847,238,253,1632,288
1595,274,1669,191,1797,577,969,233,78,1849
1672,1882,1280,284,1573,1821,1072,1762,143,933
1922,1682,1235,1768,1754,1512,1854,1669,1840,552
445,1744,361,1855,1688,1383,1478,1969,1767,384
442,1789,1660,280,1826,1747,1609,143,1558,1760
1739,1494,834,1810,518,1632,132,1540,1538,1650
1604,1817,1825,1727,353,1845,1576,216,856,1653
1394,251,1855,1834,1945,1692,1857,304,1442,1761
1560,156,735,325,669,296,622,196,1732,121
199,1176,1910,1536,1864,627,1530,1773,279,1675
717,1692,262,1673,1607,1947,208,116,1600,1850
1626,483,1348,1502,356,1952,1692,310,1483,1442
1836,1814,1582,1057,307,1809,1852,323,1481,1967
1704,1670,1796,782,106,287,145,413,1516,1809
1529,797,1576,1669,1590,1729,1070,890,1801,248
1930,1393,728,1896,1670,1019,1663,168,1653,1740
701,268,1589,1782,274,1582,1567,1850,917,1615
1575,1535,1911,1802,1649,1731,1582,1618,1370,1195
968,1710,1905,114,1744,546,1812,1828,1817,1846
1279,1605,1654,403,1846,1556,1466,1763,455,1653
1798,1849,145,1815,912,1143,132,1485,141,1513
1741,1535,257,1366,1559,271,1683,1537,466,237
1795,178,1141,1493,1537,1734,334,1510,226,1844
138,1805,179,1753,13,293,1781,81,190,8
1773,272,1706,1731,1534,270,1598,1512,1803,1906
1725,1498,1740,1392,1616,1850,1715,790,1709,1635
121,285,126,1772,986,1713,1838,1755,1672,1478
1912,1739,329,86,1661,1649,787,1650,1715,1760
99,1812,1715,1631,1750,1958,233,138,1906,1585
329,1790,1610,1563,1746,1727,1819,1948,1837,1956
848,1718,1528,237,1768,111,180,573,1556,206
1952,1894,1550,70,231,1617,1480,845,1515,310
199,835,1503,1908,1598,1577,1770,1643,1842,1797
1528,1582,1963,1799,1809,1821,1726,1728,1749,1648
1486,1722,1780,1611,1763,349,1797,1647,1500,1724
1162,1761,1094,1699,718,1755,1553,1392,1604,1533
103,1911,1645,1907,649,1697,223,1679,343,1811
1558,1551,14,150,1852,635,237,1489,1685,1629
306,858,1836,1851,91,1268,1672,1731,1971,1816
1643,1520,1837,187,147,1475,314,299,1496,1579
1793,1750,1510,1524,1773,1639,1523,1779,1503,454
1775,179,1020,1854,1098,1587,1631,1823,885,1820
1749,1806,1872,1818,1832,237,1883,234,1792,1538
162,1843,262,1743,1491,1949,194,1876,129,1478
1906,236,143,1709,941,1577,151,324,137,1654
316,1518,139,1084,1607,168,213,261,1620,1739
341,1601,1717,1803,103,1597,27,1595,1161,684
1558,317,1645,1745,293,1754,1724,1794,1900,1718
1371,729,1574,1588,1581,1561,102,1195,326,1820
897,155,1658,1807,595,877,1489,1100,1577,316
1661,1197,1974,1870,1685,1771,1896,1792,1631,276
316,198,294,1828,1725,858,244,1514,1847,222
1833,1629,1585,121,1943,1030,274,1814,1827,236
1564,1668,1477,853,1158,949,1925,1657,1392,1602
293,1628,1856,1616,274,1824,1468,1594,1672,1625
1509,1692,1739,1699,693,1819,1789,297,1648,1558
1726,1815,1597,930,1698,1183,1668,864,1573,1535
269,1801,812,1857,1668,1571,1868,1566,1609,206
1739,1481,1666,1487,1175,705,1702,1734,276,1163
1844,1332,1906,1077,1808,1383,1813,213,123,1674
77,1558,1763,792,1538,1957,1655,1795,1689,1652
1780,1615,1930,1676,1686,987,1709,1543,1499,281
1574,1763,1674,169,1692,1372,651,346,1589,1816
245,1614,1810,249,1806,1581,1503,112,308,1651
629,1516,1626,155,1840,1842,1635,1670,1572,1587
1851,1835,1673,131,1,1687,277,1370,155,1169
88,1639,1849,1820,1745,311,1792,1779,1961,1522
1908,1713,835,1352,1268,1774,1834,1492,783,288
253,1475,174,1641,308,294,1673,1518,1058,326
830,1541,1651,1763,1562,1563,16,1788,1799,1485
281,1562,1677,1894,129,232,177,1786,167,1491
1084,1806,868,1708,1576,703,1740,258,1511,1348
1821,1565,1530,1808,248,1757,859,1978,1805,1353
1489,1142,1554,1507,165,90,19,14,1771,290
1488,1584,1528,1569,1491,1516,1476,1776,1750,1706
1812,1810,1537,1738,1955,1896,1745,1470,179,1606
1937,1559,1563,285,1396,1790,224,1648,314,1505
1736,211,1535,1623,1722,107,610,1583,1819,277
1521,326,1663,1583,1899,1560,1558,1229,213,233
1581,1719,220,1595,1617,1504,135,1694,1575,1755
1688,639,786,1228,1834,1764,1548,1795,1672,1911
1582,1755,1061,1526,1521,1740,1788,1480,1733,1370
1688,1866,324,256,1972,1633,1264,1542,728,1809
191,1595,1907,1636,122,1754,1632,1590,248,1112
1946,1775,322,1691,414,1135,1687,1571,244,1782
1800,819,1589,1762,1098,1063,1046,1410,136,1621
704,1071,1594,1833,1539,541,213,830,1581,169
922,1641,1745,1479,1132,116,1847,1526,636,1669
1734,1611,1377,1844,1506,1636,1489,332,225,1654
1506,1773,1725,309,1190,1823,1838,1719,128,1486
1761,1296,1028,1764,172,1650,269,1517,1376,1828
1655,106,1949,1834,993,1845,1588,1761,1841,1628
1693,1892,1738,1671,108,1911,171,1786,93,86
189,376,1511,1543,1549,124,293,1954,1531,430
269,1746,1675,1728,1612,284,327,1379,1556,1740
1768,1616,1570,701,1527,307,244,1555,1532,1599
14,1616,398,326,242,1828,1631,1592,1618,1625
1612,1657,1509,1785,1707,1629,1564,1376,1670,1508
13,139,1826,1650,247,1366,1894,1574,316,235
1615,1507,1485,389,1482,1833,233,1522,1805,1635
241,1890,1942,969,1648,1669,1869,541,1797,1842
345,283,1800,1651,1795,1968,1479,1683,1811,1838
1616,1492,85,549,1615,1766,1584,1736,112,265
1571,1481,264,306,1737,256,1817,272,1584,1527
1511,1733,199,270,700,1647,81,215,1079,1767
153,163,157,291,1652,1728,1857,1745,1541,256
857,1231,374,1815,1500,1152,1604,1793,1980,1538
39,80,789,396,1833,119,1805,1059,1787,939
542,1757,1949,1722,576,1602,73,1743,1867,1790
1602,1578,1194,269,1500,1741,300,1692,1481,1545
796,1375,1825,1503,1704,1630,1608,1740,13,1541
717,236,1800,1772,1673,1561,120,1710,1512,183
1630,489,1063,1956,1700,301,491,1390,1546,1659
1691,1596,1519,1610,1026,1626,1615,1759,1643,162
1850,1537,1941,924,1581,1937,119,295,1788,1521
102,790,374,1835,329,1781,313,1378,1608,1606
1815,1642,1438,1496,323,643,1784,1799,1380,203
1546,511,1586,1385,1762,1713,204,1600,866,216
1479,277,1866,1533,1695,139,1689,1164,102,1418
872,1779,1943,1731,1468,87,305,1489,705,1782
1730,125,1698,1948,40,1487,1663,423,251,1758
1914,1803,1819,1643,1794,1635,1754,518,1380,1665
1535,1911,1596,1581,1950,1804,1230,1371,152,1791
1854,137,530,1732,1747,790,700,1610,285,1893
25,1493,121,1069,239,1746,1694,1513,1614,1657
1283,183,1634,187,932,1525,1482,264,1698,1668
1722,1911,1725,1518,1567,1792,1808,1831,1848,1778
1779,1785,274,1896,795,1685,1706,1535,1567,1564
1484,100,1656,1509,194,293,1777,1731,154,1686
81,1731,1618,878,1650,1706,1664,1661,121,1721
1332,1845,1609,1585,1937,181,1972,64,1707,1615
1616,176,1797,1683,1674,920,1740,1742,173,821
704,1747,1587,1625,170,1786,1959,1478,163,1184
1823,1675,1476,1574,81,169,288,1615,203,1841
1699,139,1483,1717,1806,310,147,1696,1190,1975
262,1680,1922,1552,1641,885,1533,1506,236,1691
1624,753,102,160,1533,196,1802,1704,1760,1505
1682,109,1815,1395,1698,1849,1391,1696,614,1629
1734,1838,1663,91,1649,1334,1364,1753,1496,1733
1671,266,1845,1791,1262,263,176,1718,1553,1848
1683,67,476,300,280,1592,1930,535,291,1365
1737,1540,1832,1554,254,1568,596,208,1665,1689
1823,294,1056,1573,1570,197,1392,312,1775,1494
247,1643,1597,1679,248,42,1853,1662,1551,289
172,1633,166,1922,1548,598,1798,705,1632,1824
1557,193,1669,1570,1722,121,1490,378,669,1773
1542,1498,1515,1951,127,1826,441,1762,1840,804
255,1518,288,1539,121,532,1849,1613,1785,1691
135,932,1644,1732,899,1031,270,1479,1531,1391
1773,1494,823,1476,1911,1653,316,1497,1753,1513
1908,927,1644,873,1753,1021,477,1751,1632,1894
308,1376,1660,98,1928,1544,933,1808,299,1493
1595,1810,158,227,249,196,1562,1691,1693,1510
311,231,315,13,133,226,1712,1596,167,1719
1698,1857,1621,1830,1586,310,1747,1803,1751,1534
1261,324,180,1971,1441,1643,1750,993,193,222
185,21,1672,1519,1704,1607,1768,1589,1483,229
494,1708,1841,1569,1787,1745,1911,1516,116,1638
1569,1831,1446,1797,1479,1522,1704,1748,1602,1543
1860,1834,1615,1618,139,1639,1518,1669,1571,1654
1846,472,1700,74,307,1479,1537,253,57,1763
145,93,1553,949,682,1685,1466,1675,1705,227
299,250,1707,152,1669,242,1631,1353,119,1852
1543,1666,1788,1685,1807,1481,118,1595,265,1522
488,1591,1717,288,1614,1625,1833,169,1677,261
1835,1731,1395,230,140,1681,119,1847,1492,1473
1632,74,1576,761,1511,1789,1488,164,1671,1601
1499,49,1841,316,108,174,1740,1742,1670,1689
982,1768,166,1511,1794,603,1648,78,1694,1888
343,1833,1940,1571,17,1376,1913,684,1557,1594
1665,1834,1391,1930,1973,1616,1840,461,1941,651
1648,1798,156,1670,1503,1621,101,54,1741,1315
1598,266,1583,1648,84,1700,1483,1687,1647,1616
1847,1830,1811,1602,1627,224,645,1686,1705,367
1483,824,132,530,1940,1634,1846,1849,1835,1785
204,163,1712,45,1603,1446,1739,1592,1811,1818
1482,520,314,1763,813,1645,987,1599,717,1511
1963,1073,1703,1513,1838,1952,1850,1030,1807,414
281,1544,1837,257,1755,114,1229,1892,1834,1756
15,1845,1848,1545,1629,1930,706,446,1837,963
1145,1193,176,1498,1562,1506,1783,1279,1817,1585
1514,1521,1675,317,215,1270,1558,1598,1560,367
1788,1776,685,603,1822,197,1626,1580,1646,1843
1926,360,1515,1673,1594,1954,1957,1552,1540,1557
160,248,77,1738,1560,1749,140,877,1483,1593
175,1675,1546,1714,1705,1553,1832,1624,176,1896
1103,126,1723,1913,702,1515,1960,1762,489,1517
1928,1500,1953,1535,1754,360,1718,1650,1622,1751
1851,1910,1528,105,184,614,1779,1506,1627,1749
1586,184,293,451,1594,700,100,1533,1073,1491
1736,928,292,115,1809,1550,1515,1529,254,1584
1648,1560,840,1985,1842,1519,537,1506,258,247
1615,1796,1546,1810,359,1713,1799,1541,1369,1493
1490,1683,1513,1847,1839,1714,1737,1525,1719,392
715,181,1787,1750,1695,1633,1728,319,1738,1823
1537,1590,1750,1782,543,1666,1768,1748,1801,305
1851,629,1769,285,114,121,1387,1568,1948,1651
1764,1538,1948,1667,780,1130,154,39,880,1353
1645,612,1523,308,226,1910,152,1548,1742,382
1473,1691,793,274,1800,1620,1759,1711,281,1910
1811,1634,1551,1906,1579,1748,1721,1635,1071,701
257,1749,162,1589,1569,271,1522,1113,275,1611
1832,1783,963,230,1797,1847,258,1504,1932,895
1027,1524,1666,1711,1751,150,1769,1616,1878,1386
126,1583,167,1913,1693,1679,1628,1433,1531,1540
125,1522,16,1853,248,1946,1741,112,1485,1911
1547,1644,28,1511,1740,27,1634,1800,607,1837
298,1705,326,1756,1813,1701,1595,1650,321,1670
1971,717,1543,1673,1348,1768,1684,1765,629,558
1448,1795,1723,167,324,1753,1524,448,316,1737
1725,1488,1665,180,1279,1615,124,1530,1379,1534
786,1693,1709,610,1168,1725,1566,1642,1793,1824
1808,1572,1781,1614,1776,1786,377,744,1662,1587
1849,164,912,1902,1514,1560,1521,361,728,528
1829,1746,1538,1652,1654,1004,137,1849,413,1783
1907,1807,312,1512,1699,1727,1575,1748,1813,1964
1682,847,1491,1494,1486,1839,1489,1692,1488,788
1642,1706,1788,199,1519,252,1834,1485,1662,1818
329,1857,1069,1725,1656,1640,1840,1385,95,1742
1954,1663,1802,1553,1493,1841,1845,1369,1680,1547
1837,1746,1488,265,1770,912,178,123,324,1750
1942,1499,301,229,1630,549,109,1601,1740,1836
1750,1502,1987,1774,268,1518,1780,1478,1747,237
260,1691,1375,1602,554,717,1351,1664,1651,1786
1790,1034,1589,1725,1606,1485,537,1532,1808,1513
1646,106,1504,237,1809,1627,1606,1691,576,1701
1500,1724,546,1677,1738,1824,1563,1577,141,1672
864,1747,1830,1356,1004,1663,1479,149,1905,313
1651,785,123,537,1557,1623,1646,1650,1683,1520
1765,1711,192,1680,1721,1073,1971,1714,1548,1792
1483,1559,312,1402,1851,1594,1590,1828,1715,1702
1805,1514,1611,723,155,1760,422,1560,251,1176
1803,1630,1533,1225,1667,74,1801,1483,1713,1627
1620,1539,1707,108,1567,571,1684,1698,102,207
101,268,1549,1667,1839,1813,1776,1753,1932,253
264,1677,1601,1837,1679,399,1609,1724,159,83
1537,1635,298,1909,1681,1498,1536,328,111,1481
1478,1606,1640,1838,1568,1913,1860,1777,1630,1629
1913,1771,944,1957,1585,328,199,164,1802,59
1672,283,1795,1963,1860,1832,1572,291,1675,1535
1483,264,1648,1747,139,1123,1759,1512,190,1484
131,1817,193,1756,1630,1844,200,1645,1609,612
199,1783,1500,354,254,1882,1603,981,980,1843
1361,1508,1831,1944,1637,1730,547,1826,1651,667
1708,1661,1950,249,1813,655,1797,1618,1812,1840
1387,1533,240,1552,1488,1004,1650,919,1415,1638
1905,1519,1518,1603,1615,1749,662,1718,1972,1250
1666,1683,1807,167,403,1851,526,1791,1790,1497
1682,1842,1906,321,154,1708,259,1812,80,1831
1961,1590,1817,701,1511,1950,106,1675,971,138
1889,1586,434,1550,1916,1726,169,1822,78,1394
1704,1697,1477,1227,1503,1455,1825,1764,1484,230
708,201,1723,1577,224,1751,321,362,1653,1609
1827,302,1541,1691,1562,1812,1673,994,1942,268
1812,1818,1808,163,1395,1792,1702,1514,1714,1539
853,1572,802,1718,1485,1466,316,1390,1829,1119
1185,1835,1699,1597,1792,1499,1571,1713,1252,1662
1677,1761,1794,828,1651,1821,141,323,1704,1668
1720,1707,1670,1510,317,318,715,1498,1619,259
1843,1666,93,1568,1807,1632,1551,969,1492,1483
1878,1162,315,367,1657,1526,1381,1704,1973,222
1687,1383,1698,446,1482,1762,1833,1671,1610,782
1773,1483,209,1785,1797,1661,1677,1697,82,1912
324,107,195,1383,217,1848,1652,1807,131,1655
1744,1551,1564,1649,1650,1768,1775,1680,694,561
1531,735,1698,256,1455,1973,1813,211,328,1647
1686,1581,944,1802,175,1180,1640,1564,1715,1513
169,1673,13,1685,1817,379,1940,1570,1577,1495
1539,1620,1497,1561,1677,1619,1664,1543,1536,894
1807,1857,1614,152,1722,1627,1578,1701,97,1545
1495,1489,1383,1838,263,303,200,1483,1619,1909
1673,1675,1541,1728,120,1893,158,1788,167,560
1713,45,1805,326,1836,1781,1797,1835,298,1674
139,1673,1526,1480,1860,1582,1407,114,104,1198
1908,1379,814,1581,790,1360,42,10,1585,714
1556,1368,88,1503,1525,1950,1514,1491,1484,1396
1482,1561,1607,1941,1651,1797,225,154,1480,596
1514,1799,114,1660,1761,172,1565,1485,1741,1602
280,1610,1586,1680,820,1852,122,233,1859,1939
816,1777,1659,1772,1836,1529,114,1827,1595,213
361,1699,1689,1545,1565,1801,1696,1641,1748,1716
1750,1642,494,180,1975,1778,380,956,1906,321
1564,1506,803,1070,1408,1681,1162,1850,1842,361
679,1710,1836,221,1831,1740,1661,1526,15,1147
1764,234,1638,1320,1853,619,1608,1069,1773,1548
96,1293,1488,1691,241,1171,1671,1783,1742,27
717,1911,1801,1912,1807,85,1118,1749,1697,1395
1786,223,1380,1523,1809,119,131,705,1503,1767
618,1939,472,1081,1559,1781,217,1467,851,1968
1521,382,1796,1489,1778,1255,294,1678,193,1972
1567,84,174,1487,1475,196,1479,1764,1638,1777
1842,245,1551,1605,1636,1844,1905,1668,1632,334
1560,1763,1814,1640,701,1908,1598,297,1798,1499
1672,1675,1773,995,120,1576,1562,1737,1795,1492
301,1481,1727,1803,1639,1847,1844,950,208,1791
1549,1521,1653,182,1821,465,246,1387,150,1488
1608,1543,1580,1560,693,127,1482,1701,1744,1192
1711,1553,1480,1908,245,1618,1625,217,1307,1721
1570,1568,1482,1692,1094,1573,518,258,1753,143
1465,1806,1802,369,1391,1652,937,1682,993,1649
296,1951,288,1643,1695,1040,1729,1749,90,202
1635,1840,1353,149,1911,112,1734,757,247,319
1496,755,1847,1949,1779,1590,290,422,1732,1585
1566,1478,1677,311,93,1952,127,1573,1621,270
740,110,101,1659,1318,1519,1569,214,1740,314
1556,1672,275,1895,1218,173,7,1813,1676,1517
1627,1719,633,1607,906,1726,1644,1499,995,1704
1628,1724,1617,144,148,1329,1759,1653,1590,1037
1806,164,305,1485,97,1649,1645,208,1479,1567
299,1611,544,347,123,1745,1819,1062,1578,153
1775,1705,1394,1785,1515,1268,298,311,1849,324
999,1656,1475,1761,1558,711,1831,1140,1930,292
1719,271,1175,1659,1667,618,198,1668,1666,1634
1906,1621,1368,1597,1686,1723,1776,94,1178,1790
846,154,1171,129,374,1581,182,1647,1587,488
1611,1494,1603,164,1562,1587,59,1527,1983,184
156,1663,1774,4,705,1677,1878,1911,1759,94
1840,1834,1860,1715,104,1803,1483,1763,1855,161
1701,1691,1654,1845,1070,1396,1555,1597,87,1731
1662,1891,327,523,87,1775,201,1980,1641,1600
1800,170,1592,1610,1805,1673,310,24,161,1526
1716,1802,1622,1073,1674,1521,302,1841,1823,1905
1645,1487,1825,1848,1717,1569,1799,1857,1604,1634
1563,1700,1796,1573,1843,1612,193,1174,1759,1354
1509,1496,1735,1702,87,1821,182,310,319,1534
1685,1040,1673,1872,1633,94,1941,134,1468,1698
1606,1641,164,186,1506,1852,1499,1835,1692,1560
1392,1522,649,1375,241,110,1579,1670,1832,488
1631,1524,816,179,227,707,1809,1768,1500,1781
1687,1604,1190,1382,395,1490,1645,1330,1813,479
36,1788,388,1543,1511,1705,393,1767,298,1830
197,1797,1531,1513,1313,511,1637,1708,127,472
1568,1949,298,1556,1594,144,1824,1746,142,1794
1634,1805,1526,459,1816,1974,1753,1641,1694,1070
1482,1658,1569,1476,1619,1559,1693,1611,205,1600
821,464,1936,1502,1852,283,1648,1586,533,1686
115,1571,1489,1707,1722,1502,1565,136,1650,329
1592,1567,1382,1020,1679,278,1544,1685,1714,103
1743,932,1580,312,1727,1142,1534,1973,1820,1486
1710,1743,254,1620,1778,1585,1677,1268,1860,1516
1558,1836,442,1623,1035,1856,1654,1801,1781,1669
1749,160,1388,588,851,55,1668,143,1636,1630
87,74,839,1553,1587,1837,1539,1576,1692,1685
311,1691,162,1314,1482,123,1618,1825,1906,1551
1900,1479,147,1517,1376,1779,783,1657,327,198
1698,1509,293,1767,1362,131,1704,381,1950,821
1753,1611,98,262,1846,1584,1909,229,1621,1475
286,1713,1686,1524,1844,192,176,693,1661,117
1554,248,1538,1906,1644,1602,1683,1541,1693,1672
1814,1094,1551,1621,1791,362,1764,1626,1672,293
1551,1597,1742,1544,1583,237,99,1669,1599,1073
504,106,1621,1698,1712,1749,1654,1612,832,1564
1591,1592,1520,1754,1693,1507,1954,1334,1819,1714
1521,640,1527,352,1906,311,1911,481,1968,1580
1767,1855,1712,1484,1056,1671,305,1301,1503,226
1580,326,1529,1548,1638,1767,1714,1706,1837,1074
968,816,861,204,1598,1500,1829,1682,1668,1732
1821,311,1558,227,251,875,1720,1508,1659,1623
1569,1065,1786,1676,533,391,1811,1490,1531,1119
1621,307,988,254,1962,1593,1785,1752,1682,133
1775,1664,1537,1672,1628,1757,1638,934,158,1673
1753,1663,1488,1728,1812,1832,1575,1657,1795,1555
1030,1951,1765,280,1659,1018,1487,1814,125,1944
1586,1953,1752,1784,1710,20,1529,1827,1606,1731
1071,1606,1524,1511,1896,247,1482,1582,76,312
1772,1855,1616,130,174,1934,1617,1643,258,68
137,149,1784,163,293,1572,143,1570,279,159
266,123,1583,264,1644,283,153,1570,319,1548
1833,1694,1690,1258,322,1478,1383,1864,118,1073
1887,1484,985,1574,1122,1727,666,1510,1798,85
1736,1654,1394,1836,214,1856,274,1385,1577,1538
1504,1911,1819,924,1765,1653,631,1721,1542,1718
809,1781,1611,80,1540,570,315,1654,292,1750
182,1455,1777,1722,253,571,1192,1939,177,1754
1838,1502,701,1525,1841,1499,1974,1344,1541,1727
89,1592,748,1328,1772,504,1893,1853,1840,45
1695,1586,1939,623,1829,1778,1275,262,1837,1707
1745,1854,1282,1802,262,1486,283,316,1739,1522
1856,1730,1652,1821,1775,466,1755,1380,1697,1645
1490,1521,1641,1706,1364,1619,1602,1584,1778,1802
638,1488,1702,800,1606,1617,1652,1523,125,1678
404,1889,1478,316,1561,1913,1758,91,1502,68
1684,1675,260,380,14,1584,1701,1838,1971,1705
1807,1838,320,91,1754,904,1837,74,1681,1564
1829,13,1955,1748,1831,1683,1528,1615,1634,889
1593,1703,1821,1775,1628,1417,1512,992,932,1615
1787,1843,994,83,1089,1729,1510,199,1908,1586
1836,1516,1896,1525,307,1518,1709,1488,1718,955
123,1716,1640,1599,1476,1910,266,1511,1628,1341
1485,435,1817,1516,1590,329,141,1598,1805,1743
1203,1597,1504,1694,379,1426,1533,1487,1776,1560
1864,359,1751,1774,1482,1548,207,353,1821,190
1758,1520,1872,1678,89,1565,1703,234,28,127
228,1106,98,1646,251,1738,91,1789,44,1503
124,269,1498,1941,197,176,211,708,1347,1543
1754,1650,1040,1959,1566,1681,256,311,247,308
1441,149,287,329,1630,549,1666,1527,1549,1761
58,1514,207,1851,204,1396,143,1694,1846,225
1837,1799,1784,1612,1536,259,1805,740,697,1368
1736,1379,1644,1717,1550,84,1763,891,1942,798
1782,60,846,1550,433,1690,1843,1657,1587,1112
303,1930,1365,1506,279,1840,1584,1637,1726,1781
1745,195,1816,149,1803,66,1947,1784,1930,74
309,137,1072,1669,1500,248,1718,257,1567,1862
28,1670,1772,1496,1630,240,1734,122,329,1821
1712,853,1743,518,1389,1797,1562,1629,1638,1837
198,264,969,1539,1379,1758,1604,1842,220,1572
1705,1693,190,123,1607,702,1507,1484,1726,1563
1259,807,1807,1411,1832,1446,1526,1685,1537,1841
1837,1372,1973,302,1742,213,1619,329,1409,1521
734,247,1799,263,199,1769,87,1481,1749,224
1953,1604,296,324,1775,375,15,1840,1700,1680
1526,334,1945,94,176,1504,1679,1805,1707,142
1166,759,1664,1608,1952,1606,1749,1629,219,1800
241,1708,304,1567,621,1625,196,1538,686,1063
322,1843,188,1265,215,1378,1808,781,1503,1909
1718,1770,1778,1392,1916,1664,1659,1639,985,1711
1677,736,1913,1611,1872,314,1793,1522,1566,1823
148,1668,26,1697,987,530,1851,342,213,1702
1489,320,1748,1500,1734,278,1754,173,1574,877
1733,170,1737,466,1922,286,1526,1107,1757,1628
1550,1718,1388,1853,1839,1532,1829,1710,1832,1678
1573,1975,1824,1561,1670,187,1567,253,1662,1953
1610,1634,197,1813,13,1476,1760,1838,1670,1037
1526,134,176,220,1974,242,1776,1479,680,1508
1687,1755,1816,1637,1572,1466,200,1667,1319,1954
1688,218,1368,1510,1799,719,1817,1771,1070,1734
1652,1838,1776,323,1707,1950,1941,950,1854,1507
52,1786,322,1659,1817,134,1642,1680,1758,964
216,267,866,102,548,1751,1684,1784,1789,701
13,1572,1558,1906,1521,1824,967,1575,1846,123
215,318,1135,1795,582,297,1610,1894,1905,1798
1537,767,1974,1759,263,1641,270,1721,829,1231
1758,1727,1656,1487,1719,207,104,1912,1590,1501
92,1958,105,206,1485,257,415,1652,991,95
1894,1845,1745,142,1639,1766,1742,1730,1475,1695
1523,991,170,1531,1070,196,1800,1826,1590,1666
1823,1788,1255,1475,1668,1546,1699,1988,131,1647
1541,1483,1746,1755,1320,1849,275,429,100,1508
1360,1790,292,1848,1814,264,1544,1683,165,1373
1798,1518,1571,1823,1475,1614,1385,1635,1855,1580
105,1573,98,1731,1506,1741,1623,229,1663,1708
1487,1571,1848,1720,1726,1823,302,1799,1784,517
1477,218,1565,1594,1803,129,1801,83,762,1507
1893,1849,649,1017,1602,120,1856,308,1544,1750
1811,90,1508,1715,1480,1560,701,1910,1396,1744
1482,248,1699,237,1570,1845,1737,1601,1568,1563
1560,913,1601,1749,80,1385,1588,136,1739,1473
1481,1689,1632,1735,28,1500,212,1475,1852,1483
1723,1784,1559,1481,196,264,1565,248,710,1554
1699,1574,509,1653,1739,1906,1616,273,1804,1771
1622,1691,1706,1660,1529,119,1730,1776,1512,1813
90,73,1748,1531,391,1255,300,1519,541,1939
1643,1906,484,1556,1827,1603,1815,1780,996,1745
1894,1609,1777,89,1503,1590,1569,1566,1551,1952
1600,1660,1677,1554,1621,1505,1669,264,1837,304
90,1487,1567,1790,1810,1729,1569,1505,1679,315
1244,1844,1362,1839,1655,1742,1641,1911,1561,1751
298,185,1633,346,1705,136,1679,1501,662,1762
1706,1608,1365,1513,1824,1843,1693,1566,181,1634
1955,1475,1762,638,1849,1810,1030,713,1497,1930
1617,14,1553,1695,1756,1805,278,1588,1768,398
344,1521,82,206,1653,275,1739,1678,247,1665
1814,1318,164,1396,1639,270,1681,1495,158,209
1849,229,853,1776,1395,201,1572,1654,552,1834
1960,1506,1802,1615,1754,1643,1835,1560,1761,867
1718,1521,1523,183,1737,1906,139,1975,1734,181
1716,125,1713,1657,1701,1686,1725,1728,1832,1734
1736,1788,1561,1753,577,14,1809,1759,1149,1844
1849,1631,216,286,1909,1818,671,1373,1395,1014
1231,1491,1838,1594,1730,650,1790,1640,1802,1786
1776,391,1492,1573,1100,1113,1971,1543,427,1532
1777,219,186,1560,1475,1673,1705,61,1595,1773
1595,1581,704,1623,1958,1924,1634,1802,1918,648
1527,1590,1498,1530,1805,1726,1909,1684,1584,1762
1724,1649,1745,1804,257,1638,202,1692,1590,156
805,1664,1597,1546,1877,302,1650,680,1532,1544
1451,73,1637,1906,1697,1852,292,1579,255,1731
116,1664,1483,1744,320,1519,1563,1847,1569,1570
1123,931,1611,117,1841,1509,1576,1640,1567,1654
274,177,1511,1759,1700,1617,148,1475,235,1855
681,284,1728,380,329,1681,1374,444,1534,157
1609,624,1843,1486,1491,994,1682,1769,1086,1588
1928,1656,281,1770,1664,1795,1046,152,289,1759
1671,251,1754,1726,1817,216,1581,1611,233,111
171,1801,1689,223,134,1791,1836,1736,1564,1532
133,1692,1639,1319,1578,1497,1742,1540,1814,288
1694,1842,1899,1563,1855,1180,1517,1895,1662,248
1612,1833,125,1692,1664,1567,97,1741,1620,537
1186,1728,90,1614,1606,1660,217,1595,1908,260
1641,1628,856,102,1766,1616,286,100,1555,1323
1484,1558,1708,245,93,1942,771,118,1426,1675
1795,1581,1825,1678,1267,1910,89,1752,1844,1508
194,1771,1943,704,164,1392,1627,274,36,1807
112,1527,222,484,1694,1750,1498,280,1605,1550
199,1680,162,195,1608,1614,1824,252,1544,1533
1427,1850,250,1693,1896,1894,1151,1564,1609,1605
843,1034,1716,1736,1550,948,1826,1797,1922,1625
115,1569,1509,1574,1522,1811,1375,617,1910,148
1507,1757,1579,1504,1528,621,1578,378,151,284
32,257,96,1708,1818,1489,1772,1803,1909,1596
1742,1716,789,126,1837,1613,1587,1118,1159,1708
791,227,619,1719,1635,197,1759,1373,1824,1539
1593,1535,97,1494,1831,1629,1418,651,1814,1597
846,792,162,1691,1754,1554,305,1633,677,1583
1542,1543,1580,275,1971,1477,1058,80,1488,1800
1552,1763,149,1383,1534,1946,1526,89,1688,1649
1744,244,1762,1533,1395,1812,1834,1623,121,1851
1609,843,1692,1837,1786,1541,171,178,1651,1514
55,1648,1557,1695,704,1676,1849,1811,954,1922
1540,1565,1843,1564,1588,1721,155,1693,291,1372
1956,978,1676,610,1732,1723,120,316,1501,1787
129,1715,151,1396,1671,199,1020,326,1723,1732
234,1958,1537,1566,1796,1411,1641,1596,505,1825
481,264,606,1601,1685,1497,303,1383,1839,1799
1053,1751,1800,1210,1378,1907,1785,230,1630,1909
1485,1553,1270,156,1241,269,1695,761,1720,1814
221,216,1608,256,1676,1637,1640,1575,1624,14
844,1226,287,1715,1313,17,111,1557,281,1776
1551,1324,1507,1703,1848,1741,1733,1558,1922,1517
346,1536,1611,84,1547,1567,1527,11,1496,1913
214,1432,1591,664,1619,836,1505,1547,1485,1860
251,254,440,1391,1780,290,1395,1556,1503,98
803,1617,1533,1489,1553,1622,1848,1744,1000,323
1069,386,1526,883,1913,1270,1487,1679,1516,321
1775,1595,1679,1795,1838,301,1252,1514,352,1641
1797,1737,1586,1638,95,1558,1215,1955,1827,1787
199,1929,292,1498,1605,1373,1919,1544,1703,1623
1678,1605,1690,1906,1681,1669,1799,248,1563,1769
222,1634,1039,1779,1484,1600,1710,855,1665,389
228,1481,443,297,172,69,1631,1774,1812,1576
197,1579,1203,1680,1533,1784,433,139,1654,1564
1685,1782,1603,1716,1765,252,700,1176,1769,516
1514,1753,1758,1847,1485,1638,1854,1671,1864,1950
1488,1735,1648,1583,553,1609,1952,1805,1390,1857
1718,1483,1580,327,1659,247,595,1732,172,1789
1485,1533,495,1711,1564,1715,1370,1631,1831,1372
1686,1837,466,1820,754,1690,163,1666,1758,1714
701,1741,125,1605,1834,1563,1743,1670,1796,1899
1905,1269,976,319,1584,777,1535,1548,1493,1811
151,1826,820,1770,382,1057,715,1664,1896,1748
1525,1762,1461,174,220,1387,93,249,1805,1507
1847,1908,1804,1552,1491,1180,1837,1621,807,1550
1688,1789,1699,1368,1537,1510,168,973,1660,225
1848,604,209,1671,1911,598,1602,1582,1705,1585
1486,1576,15,1695,1784,1763,1838,1770,1556,1532
1532,204,1731,169,920,1383,886,580,1117,1672
389,1524,1833,1672,1584,1373,231,1587,137,1543
1611,1817,676,276,1791,1629,1563,1508,227,1826
1847,1806,274,1484,1735,287,1482,1512,1563,1602
1532,252,1772,1683,1759,1909,285,1715,1735,284
1941,1970,522,651,1738,1533,240,1735,1323,322
1697,1303,1850,1893,1622,1819,1595,229,1628,1790
1793,283,1773,1527,1683,1524,1843,236,1617,1492
1982,242,475,1574,1913,1576,322,1783,319,313
1489,326,208,1478,1839,1540,1794,124,797,138
1743,1621,1907,1574,689,1775,1678,632,1735,225
1724,1559,1630,1495,901,312,1561,238,1805,1595
533,1930,1511,1746,1759,710,1956,283,1574,1702
1335,1124,243,229,1636,508,267,1578,1260,1679
1741,1499,1501,1323,1492,1841,1919,1844,1725,229
1729,1655,1653,1595,1948,1831,1783,208,1654,211
1538,1793,1754,1677,982,1590,1610,1527,1741,1664
1624,1516,144,1613,1618,1800,1383,1332,342,1909
1909,1073,1828,1798,1835,1496,323,1485,1756,131
264,1558,1532,1380,1619,1561,1475,1875,1618,181
1537,176,1680,1593,183,315,994,1849,1777,1692
1638,1478,1530,1725,96,1596,118,272,934,1488
197,320,1546,1483,1694,1937,1827,1685,107,1811
1813,112,1716,1697,1641,1569,1855,1922,1521,1944
1640,116,608,1728,1817,1521,1495,992,616,1722
94,262,524,1754,1528,1696,1686,1483,1560,1569
240,1856,1676,1811,1675,1907,1599,1641,1827,1477
1568,236,1850,212,1034,1773,1829,57,227,1816
1911,1737,1701,352,1515,1207,122,1585,1785,1963
1724,1740,1846,1732,1559,1739,209,1534,1828,1624
246,54,1638,118,1075,892,1739,1974,1618,735
1723,297,1808,329,1780,84,1596,1710,1818,1318
98,1557,1508,1365,1510,1088,255,1607,1574,626
212,284,229,243,1785,1700,1610,1557,1736,1485
761,1480,1796,1380,1498,111,1456,176,1700,1581
1655,1710,1621,1830,1551,183,129,1554,1639,1857
981,1555,1495,1599,1802,1789,1294,131,1678,1848
1805,1719,284,686,1522,255,1798,1536,201,247
234,1559,1504,378,1509,1630,1721,1835,1566,1693
1784,271,1515,1171,1787,1605,1825,1730,892,1606
1892,1626,1843,1528,1505,1629,1707,1740,1353,314
1385,1321,1387,1839,1016,231,29,1119,1795,1627
1534,1772,1716,1591,1790,1568,1956,1548,1495,147
1492,1751,1520,284,512,1191,355,320,1838,1721
1209,1365,320,1573,326,1368,155,1494,1831,1683
1842,1415,1724,223,1510,1545,1850,1982,172,1491
1533,305,1798,1234,1309,197,1486,1717,1560,1664
1592,292,1511,1590,1220,1779,82,152,1706,1477
88,1721,1390,1254,720,1900,118,172,129,1699
1626,1548,1071,1268,167,1692,1756,1490,237,179
102,1480,1823,1592,1643,1639,1803,566,1577,1532
1496,1617,1620,1805,1918,1747,602,1523,1820,1896
260,1587,1569,1822,1679,1635,912,859,1518,1818
1834,1796,243,1686,21,1593,1493,1319,113,1749
1666,1720,1772,1805,1782,1501,1537,1808,224,248
1598,1703,1608,1715,1824,1581,571,1733,1500,1828
406,1588,1382,1475,1603,1385,1769,1576,1688,1684
1519,1481,1779,931,1720,1828,1759,1756,307,1507
1665,1625,123,1627,1301,1862,1865,367,902,1574
760,135,1741,288,1479,540,1797,1353,1717,577
1831,1523,1724,1261,1756,1684,661,197,1791,183
1491,1572,97,1781,1562,23,696,1953,1753,1650
1655,288,1833,1703,1514,1479,1532,1761,1705,1072
1650,1683,1789,1565,1567,1600,1801,1684,1624,1784
243,1848,170,1898,1391,1766,1543,1122,1480,89
1705,1592,1671,1534,1675,1483,1070,1554,1798,1637
1288,1906,1700,1526,93,1680,1757,1481,1566,1912
1731,116,1679,275,221,202,1768,121,1891,328
1546,1482,257,1626,1519,156,875,16,1180,1632
