1834,216,1813,1736,1907,1757,1848,1761,1601,1849,1891,1807,1772,785,1680,1688,1620,1815,285
1519,1746,1859,1509,1739,1495,1762,1561,327,1790,1763,1535,1893,1510,106,1367,1589,1854,1676
268,1866,1790,1958,1728,1815,1702,1969,1519,1849,1775,1498,1741,1591,1724,1500,1911,1572,1910
1491,1680,1556,1590,1706,161,1947,167,992,1508,1017,1550,1551,1955,1511,1902,1819,1517,1968
1825,119,1590,1744,1684,1601,374,1925,1631,1477,213,1068,1855,1508,1511,206,83,1497,1607
1269,895,1567,1845,1122,1618,65,142,62,940,107,1528,1529,1756,1532,1686,1817,1521,1825
1585,1249,1687,1570,324,1809,1527,1931,161,1623,1495,1506,1634,1689,319,1849,1644,932,1768
1890,1641,1796,1728,1701,1844,1755,274,1350,929,1214,194,1604,120,154,1564,1597,1396,1578
154,1802,1493,1813,1100,1986,1391,1617,1491,1529,1614,1475,1856,1687,1512,1632,1723,1691,1791
1980,162,1291,1572,1672,1538,1820,1817,67,631,1695,1478,284,1683,569,1687,1500,316,1555
1760,1277,1715,168,1803,1622,1784,1585,1734,1500,209,1791,1678,1696,1624,135,1710,189,1772
1386,133,1124,185,1657,1510,787,1828,1585,1719,1703,1310,1693,1249,1634,1523,846,704,1604
105,1496,1587,1644,1837,1787,1488,261,259,1848,1905,1693,1563,1678,1800,135,1562,1797,1675
1761,1748,1850,1745,1848,705,1966,1788,1509,287,446,84,240,1630,857,186,1578,717,1614
1790,1555,1671,1746,1546,1727,1641,147,1827,1828,1786,1749,919,1704,1744,282,1549,315,1737
1668,1644,310,1548,1735,331,112,1568,1827,1679,562,118,224,1834,1296,1628,97,352,1782
1508,1743,1797,1788,316,197,156,1935,1772,1495,1857,1658,1170,312,1837,1634,1661,1602,320
1527,795,289,1782,1687,1610,148,1786,1637,1727,1853,1909,1284,705,1600,1344,1989,1507,193
932,1827,7,675,511,209,1833,1802,142,80,1522,1374,282,1516,669,1555,1584,1636,1785
1838,1584,369,88,1825,1768,1839,1717,1610,274,1537,1563,104,1664,1699,658,24,1820,1911
1726,1724,1690,1482,272,1569,279,1384,101,1611,1853,1606,190,798,252,1480,1332,1320,1511
85,1392,1905,1365,253,1965,55,1684,1682,1655,281,166,265,1534,199,1784,1568,1292,1849
1544,1787,118,99,1645,1532,1827,1794,1790,1724,1592,106,1801,1770,1630,1505,1853,1410,112
1478,275,1572,1645,1568,872,1713,1828,1647,856,1734,1850,865,1818,82,1819,730,1507,313
27,1508,280,1725,1520,972,200,1833,160,191,279,1476,1774,1602,492,167,1798,1768,258
1505,1025,1604,1686,218,1569,852,1832,48,792,1743,1956,96,1640,679,220,1627,1662,346
1465,1475,1685,1731,1658,823,1125,221,1568,1214,326,1808,1615,861,1783,188,658,1797,1681
1939,1550,1720,1726,699,121,1598,672,252,1825,1744,291,890,1509,1597,1734,1820,1590,1622
1494,1691,1490,213,1700,589,156,1773,488,1779,332,512,1636,1595,1793,1493,1293,1662,1828
1635,1512,1735,1488,152,1808,1794,1677,1493,1939,1739,1783,1381,1807,1505,1785,491,1784,1828
298,80,828,1578,1570,1696,260,1390,304,74,1946,1796,1551,1536,1488,1941,1548,1486,1963
1596,1386,1959,1545,1383,1080,91,1639,977,358,1861,1802,1495,201,1679,945,1642,1717,259
758,51,1814,127,1769,1744,1712,1808,1491,1628,1835,1543,195,1644,1520,326,1592,1613,793
1544,1487,1768,1554,1754,819,1640,1763,150,1513,1979,872,213,1441,1710,1501,1798,1762,1492
1709,1521,1794,821,630,998,1608,1494,1524,858,132,1391,1073,1666,1534,981,15,145,146
1709,1597,132,1553,1679,1755,1734,291,1600,1540,165,1754,1977,1730,195,180,322,1674,1564
1555,1655,1524,1623,1775,142,1855,702,1063,1383,1698,1574,1591,1639,1812,1649,120,1279,299
189,126,304,1637,761,1599,183,1592,1508,1823,1100,1365,205,203,309,1681,1906,1209,1516
1516,1824,1913,1911,1822,270,515,861,1559,700,1505,1492,336,1892,1629,273,1556,1818,1732
1638,1757,1908,1543,548,1654,1800,1596,1582,1807,1591,1502,1345,1683,334,1824,1600,1836,1610
88,1841,1799,1690,997,1793,1748,1684,284,725,1939,1652,1125,1115,1704,1640,281,316,1823
1688,1849,992,1369,1905,1563,1706,1790,1503,1117,1171,195,97,178,1816,1743,312,1003,216
1833,39,1722,220,1827,1632,1620,451,1908,1895,192,1501,74,1841,1498,1958,1790,233,1687
212,1935,981,1780,1581,233,1455,699,823,1904,1562,1744,1320,1819,1484,1800,213,194,1728
1781,1582,1825,1506,1757,87,1614,1567,1578,1620,1796,1489,1791,259,1802,1624,1395,171,1531
1573,251,1499,274,1717,1572,1722,475,1393,198,1601,1745,1615,236,1603,1602,1672,254,1726
527,293,1614,1567,210,1550,126,1633,1783,1514,1598,1481,14,1832,1597,1589,1664,206,737
173,1849,895,1720,1707,323,1706,1781,1610,1537,1950,1691,1791,1559,1725,1620,1823,1641,720
1678,168,1841,1059,1642,1461,1728,195,294,285,1950,1536,1783,1552,1565,1158,1598,235,1973
1818,214,87,1506,1395,1501,1756,1396,1812,1696,1952,676,1804,968,1823,1790,1312,1668,110
546,1911,1531,1738,198,1633,1615,1517,1656,1751,1644,1806,102,1767,210,126,1616,1535,1942
1523,1906,213,1558,1502,1756,1720,19,1762,129,345,1608,1696,1750,1855,281,1729,1209,278
950,1518,1179,1839,1388,236,800,289,1685,682,1476,1321,1561,1636,1208,1544,1591,851,351
1813,121,1664,1518,1590,201,223,1663,1567,156,617,1706,1910,1004,1906,1723,1764,1629,260
243,1666,198,1818,450,1918,1752,1396,1476,1804,1683,1924,1088,794,555,300,1708,1363,1614
1587,352,1137,1642,1802,608,1687,1669,1797,1029,1776,1394,1698,469,1625,1740,1483,1604,1978
102,1501,1550,45,1070,24,1581,1711,1730,1665,1939,1596,1309,1677,1809,837,1793,902,1288
1693,88,302,1771,228,1634,137,1601,1544,232,1507,221,1591,1678,128,1755,1742,1566,1367
1836,1844,1850,1780,1378,1828,1729,1967,1854,1633,210,1883,222,497,1783,1391,1559,96,1745
1733,1109,1679,1954,293,255,723,1594,1677,1817,138,869,1699,1650,1939,1442,1694,1749,1873
1670,1769,1674,1598,119,196,1821,1979,1268,110,1574,1790,1703,1834,169,305,1573,156,1548
1700,1729,87,1785,1501,1653,129,1835,1760,1591,1526,1521,1515,1370,196,1786,1746,1528,1598
1636,1944,1800,131,62,1716,473,583,1524,1680,1523,322,1579,1577,1913,1673,1558,1217,1662
1792,1943,303,1585,295,171,1825,1760,224,1972,1751,570,1254,1814,1487,217,1141,138,1704
1682,1482,214,1477,1776,174,246,1795,523,130,201,992,1656,1788,1373,257,1187,259,1485
1572,317,1388,452,1770,205,1547,1956,242,1671,1857,108,193,1677,120,1313,1905,1792,1801
1847,1719,960,268,825,209,1811,1575,1502,1779,1659,1942,1922,1391,163,761,1908,1815,254
1728,1647,47,1811,226,1638,1716,1603,797,1737,1813,1605,1743,1591,1653,879,1549,1488,1913
1385,1573,1661,1677,1017,674,1899,792,1687,1620,1827,1484,143,1571,1679,1606,1789,633,1771
1851,1832,98,1844,1629,1549,1734,1619,1476,1672,173,1251,1806,1938,361,119,1866,1607,1692
1395,1780,211,106,123,1783,1549,16,324,1502,1624,869,1353,1528,1603,317,1378,169,173
1607,1961,1790,1653,1542,320,1636,1617,1368,289,250,1070,1218,90,1728,1484,150,1956,113
1275,1531,1320,1311,1789,161,194,1650,1765,1579,1395,1391,300,325,1559,1966,633,1645,1657
1618,220,288,1946,1597,679,986,138,276,1627,194,1816,1709,1548,479,1479,207,1781,1710
1640,1668,1774,135,562,1758,1480,188,1268,137,86,1606,1697,1506,1930,1605,1488,167,1700
1520,1000,1368,1828,1557,1852,1737,1794,1733,1591,1686,1963,1013,1631,1880,1476,1498,1727,1524
102,1629,1482,1967,1809,1505,1833,1781,1178,1618,1641,1454,1624,1663,634,1484,1509,275,1816
274,1526,1494,1897,1393,1108,1677,1826,1657,1667,1501,97,1364,1479,735,1640,1113,319,336
277,1843,123,1491,1837,1847,1514,1965,427,103,1603,1828,1650,219,140,1391,1883,1678,1618
1565,1058,78,94,221,1662,1517,1631,1759,1715,1727,1845,1556,107,1515,1788,1577,275,235
1741,1838,1723,1554,1550,1495,1912,661,270,113,1517,279,1783,308,1668,1545,190,1817,1519
1642,1663,1815,1537,1506,1189,1485,296,1599,1605,1174,1374,1767,224,1728,901,1800,1630,1479
1789,1883,1758,240,1859,1049,1395,1741,342,1785,615,135,1559,420,1508,1418,1718,133,1574
1483,1621,1497,575,1946,1553,790,98,1659,1571,1528,821,1822,1725,1684,184,1737,1763,1527
1636,965,237,1849,1752,1912,235,1815,1479,1703,226,1073,1628,1850,1830,1857,1594,221,1092
761,1761,1572,1673,742,142,1640,1072,199,159,829,1679,1787,1690,1636,1791,194,1828,1777
1534,1515,1494,1714,240,751,1646,1499,112,262,865,313,1564,301,1747,1488,334,509,1518
1171,1754,1616,1682,1939,1775,145,1609,1787,1763,1690,1552,22,1823,240,211,1765,1708,74
1787,1642,1382,1855,1847,658,1600,1618,1718,871,1792,184,4,1728,1907,1586,229,274,1958
82,1568,1680,1635,121,1588,1844,274,1897,249,1496,1770,160,411,1657,1837,1786,359,1768
801,85,1808,4,1709,251,1970,1540,1785,1930,1781,216,1509,1594,1689,1497,1620,273,1818
1390,1691,1835,1930,164,303,242,1731,1657,1827,1546,1781,533,1754,1759,1312,700,1857,1843
143,1939,1694,1707,1687,1394,1937,57,1671,199,150,279,1514,1090,1831,1581,273,1825,1796
1539,1987,1602,1774,603,1634,1739,1808,1644,289,1812,1504,1086,1851,1576,207,1786,162,1682
1778,179,1765,1596,737,1851,1640,1684,670,1604,1741,97,1599,1522,186,996,517,1798,129
906,1551,888,1820,1630,781,1605,191,1737,1228,111,652,406,1678,172,1526,305,1585,892
1607,1850,1694,128,1769,1716,1514,1707,860,1270,1821,1641,1847,1693,1534,277,1844,1202,168
525,224,1792,1804,31,94,644,273,1829,1487,169,1608,1491,793,771,1153,1832,123,1811
270,1665,1787,1742,1818,1575,543,1483,1578,1939,1697,1827,1497,1972,1729,1842,284,316,1719
210,219,1534,1847,1846,186,203,1606,781,1666,1377,1777,247,26,139,1656,1725,1800,1620
1909,1535,1228,1975,1609,1627,1768,1804,1908,1681,28,248,276,91,1536,647,1735,1152,1549
205,1759,79,1847,1510,1558,1158,995,1650,1610,1614,318,705,237,1507,1827,232,104,1591
136,1650,308,1508,81,1702,1640,1706,280,1786,116,1674,1642,1855,293,1963,1722,33,654
86,1722,1806,1595,1702,1856,1624,1966,516,1705,289,1665,165,1833,1805,312,794,229,1560
1667,1691,1793,1909,1637,1972,1912,1846,1598,1605,1501,305,1601,1035,1841,271,468,1711,1607
1709,255,1706,1838,1677,452,315,1747,1852,1731,1521,88,1361,1851,1674,310,1540,1846,1695
1751,1797,1752,1811,1726,1062,1509,1785,1762,1488,1481,1708,1162,1896,1819,1775,1847,1578,1599
1627,1820,13,1814,1517,1583,1599,1489,1892,1770,1769,1848,1301,1046,220,533,1663,1738,1675
1113,665,1848,1570,260,1543,1553,1207,1550,1605,1552,1674,1647,1517,1529,1531,558,1562,1598
1826,1374,28,1602,1822,1808,803,1820,179,1681,1810,1831,1714,1779,1604,173,1576,194,70
1951,1769,123,1508,1728,1387,579,1930,633,1520,1830,1843,1515,0,1788,193,717,1499,1839
1686,1705,1673,1591,1634,1770,1832,178,1806,611,1513,1688,1718,1616,1846,1818,1548,1660,1507
1898,1538,1791,407,1954,1969,1501,1387,1589,271,137,295,1582,249,623,96,879,1544,1756
1681,1832,1551,1538,1943,1163,1497,1833,1588,1727,1534,1912,1840,613,1531,287,1807,679,1760
1763,1788,1500,1694,1486,1977,1637,1850,1761,1893,266,1698,1626,990,1602,673,933,784,159
127,980,482,1842,1501,1932,329,326,202,1395,1658,1755,438,1907,263,1564,419,1828,1643
1624,943,1558,1365,1529,1641,1567,1647,1351,1603,1688,308,197,1304,1628,1732,124,1798,1663
1602,1516,1839,1653,1251,1617,1500,1681,1741,1600,518,1509,230,340,1944,1538,591,46,327
1754,1523,788,1641,1826,1601,220,235,327,301,1716,299,1688,1786,1773,60,1752,253,1704
1109,1543,1890,1556,1861,1737,1606,1844,1612,1497,310,1280,1068,969,1714,1811,1592,1878,45
1875,1607,327,233,1811,1491,1700,150,86,1635,1267,1504,626,1496,1512,1482,1627,1616,1605
1149,125,259,1810,1334,1566,1522,861,1534,1648,999,929,545,1524,1719,874,1813,1844,237
711,1837,1956,1803,1807,1502,1666,1556,1721,84,114,1719,1553,1540,102,137,1218,284,1049
1575,315,1761,1480,1707,1484,340,1559,1752,1673,1809,1588,701,1655,215,1910,1788,1662,1694
1838,1475,1666,1391,1811,285,453,1791,904,1806,428,1553,1550,1640,239,219,1778,1317,1617
1506,1629,1481,1834,197,1927,1640,1509,334,1721,1854,1960,537,1761,1493,1846,1091,1952,1053
1912,1626,1479,1714,112,1905,110,1696,1850,115,1906,159,1803,1616,285,119,1780,1657,727
189,1690,1864,1809,1497,1684,1757,1822,1116,1754,157,146,290,272,1912,1606,1111,1819,1549
118,356,1668,116,1755,1642,1512,1594,1772,1638,221,669,1340,1684,1556,1774,1727,210,1189
1593,1553,1836,1607,1557,1770,1753,1530,1699,1818,51,1643,1617,43,1511,1628,1137,701,1539
431,1473,1694,1792,316,1496,1490,386,95,1822,1617,1773,1836,1485,857,1502,1233,1712,1593
286,1525,1684,1910,1532,975,1387,1631,279,1835,1761,1691,1611,150,1609,1020,1080,1705,243
1731,1742,702,306,136,1648,74,1905,1736,230,1854,1777,737,1545,238,1577,1856,1841,1466
1688,182,1547,1482,1376,1779,129,1822,299,1478,1757,1620,818,1776,773,238,1572,1562,1512
1505,1383,1786,1906,1720,1726,1755,1769,405,1713,1717,208,1967,1487,15,611,1731,1830,1795
1388,209,887,1622,1758,1786,518,1929,1755,1616,217,1267,1541,1371,91,1657,24,1512,697
1524,142,1517,1671,151,1502,1072,1535,1772,1090,97,1753,1826,385,1759,1835,238,180,1709
1826,1776,1286,1527,1570,260,1552,910,1638,305,1604,1683,1856,209,1784,1381,1692,576,1441
1583,1751,1837,1842,636,1633,1719,1014,1710,1779,1788,189,124,1646,268,1366,1503,1705,1733
1700,1088,1670,205,1906,254,1475,1957,1500,282,257,1682,187,24,1372,1548,1779,1593,1637
1623,1575,1705,130,1827,806,932,1846,329,196,306,1526,703,1480,1590,1492,250,1625,1581
1651,1524,252,207,1843,1784,1513,453,1787,1314,1776,1648,963,254,1526,1726,1701,1476,1975
1605,746,1477,1843,1580,1790,1630,1549,619,1826,868,1632,1263,153,892,1696,1509,800,1740
1640,224,1841,203,1365,1557,1493,1380,1814,1767,1797,1801,1839,1818,1800,1184,1832,1107,1817
297,1448,347,1553,1638,1511,1408,1753,1941,791,110,1767,1599,1763,1798,1108,1685,1825,1619
1696,1847,1685,146,1821,1788,112,1765,203,1539,1673,1834,1543,268,198,1080,1612,1628,1583
1816,1540,1724,1633,1735,1688,1478,1785,1500,1789,1676,1512,1571,328,318,1844,1759,279,1525
1691,1631,1606,1522,1678,222,217,1478,1804,263,274,1956,1672,1628,1791,1706,184,71,1605
323,1568,106,1747,736,1483,487,27,1739,1652,1554,1823,111,1843,1544,1801,1491,138,1338
1661,164,1533,1831,1549,690,619,107,1334,805,633,1698,1813,677,1854,1581,1480,1796,1706
1661,1476,1593,306,1658,1686,587,1536,1754,131,187,1524,303,1547,1587,1595,1705,1617,1496
1643,1558,135,1811,1550,152,1597,1609,235,1794,1937,1692,1795,319,346,1955,318,1679,1805
1641,1682,936,1672,1551,123,249,1396,218,1393,1009,560,514,1617,1774,1586,1663,132,1296
1762,102,825,93,1790,1760,1296,1387,497,1730,280,500,1689,1520,173,1140,132,1696,285
984,646,1682,1803,226,139,88,1636,1757,1796,1641,1526,92,1510,1785,1765,123,1800,1609
1880,1774,603,1710,1513,1532,95,1510,1669,1907,1649,677,1849,1711,1659,1557,1623,1493,1690
997,1575,1382,1728,1525,126,1386,1960,1686,80,246,151,300,965,1395,1700,1742,285,1690
128,78,314,1826,1484,1606,529,115,1479,141,587,1623,1583,1761,1486,1699,622,1603,1841
1079,1586,1671,1821,1657,1749,107,85,443,94,1587,1534,1822,1810,1725,1371,483,1777,1939
217,143,1761,1501,1676,1467,1732,1655,720,1948,1809,1829,1788,1834,1916,1810,283,1895,1543
1737,1589,1844,268,513,1568,247,1526,146,1404,240,1504,900,24,864,1662,522,1489,1632
1670,1825,1681,1749,115,1741,1505,210,1649,1571,1565,1613,1818,1622,1642,1475,1700,1478,1790
1584,1724,1713,133,1356,165,389,1517,144,258,1754,1593,228,299,28,1708,201,1940,1632
690,93,1725,1608,1822,1598,1561,299,1762,1684,1617,1764,123,1547,1136,1783,1656,1891,1849
1499,1563,1788,215,1793,1905,1698,1747,1507,1543,1581,1599,239,1624,256,329,1973,1740,1774
1535,210,1816,122,1776,121,1840,705,1557,1602,684,1378,74,1913,799,1909,94,1497,1070
1596,1524,1638,1740,1865,1519,1531,1958,1497,1759,1792,1500,1624,1544,1789,1477,46,158,1692
1383,1530,1797,1852,1702,837,1845,1970,182,1671,1810,1070,1586,158,749,1813,109,1761,1567
1690,536,1767,1545,1912,1893,1524,85,1783,1706,286,162,1548,1646,1702,397,1581,91,1540
1849,1857,1629,270,81,1816,1518,269,1614,186,1549,82,1640,1678,1378,1848,1784,1004,1639
1691,1826,1829,1532,1647,675,1708,1654,1603,1035,1823,693,1599,1633,685,1724,1687,272,1757
302,1787,1716,1798,1579,1736,1828,1535,1671,1627,182,1840,1811,1746,1617,245,461,1957,270
1509,190,130,1487,1655,1923,1529,430,964,1804,1391,705,179,1380,1532,1505,120,1681,680
1716,474,214,1532,477,1770,1856,86,1604,1574,1491,1475,180,1320,1093,1586,1877,1790,1958
359,1531,171,718,1485,1630,210,1697,1634,1365,649,57,1502,1614,1538,1685,1838,1543,1718
1486,358,1792,129,80,1785,1600,1806,1648,1689,1736,1764,1618,1849,322,1088,1780,115,260
1535,1842,1785,165,87,1976,1158,1757,1573,129,83,1815,1526,1831,1616,1623,1650,1627,228
1892,1693,1518,1678,81,1753,1268,110,457,1565,1697,1576,1460,1292,1511,1504,1748,1726,1819
405,1493,1719,1825,1573,169,1656,144,1226,1518,1617,264,1650,1660,834,610,1913,1735,1747
1648,1604,1625,1811,279,1909,1742,52,103,1713,1620,1727,1628,1383,1337,1806,1568,1588,1676
1825,1621,1496,26,1541,113,1699,1585,180,205,1688,987,1480,1643,1495,1630,1320,307,1842
1792,1654,806,1641,1802,321,1548,1632,221,171,1607,297,150,830,1493,228,1692,1176,1745
1634,280,1908,1672,1792,1518,1700,1526,892,1506,382,1720,317,436,1586,1738,1736,1486,1487
1556,1708,1486,1937,209,1576,502,1532,1687,1973,1715,1585,1668,503,1545,867,510,262,195
1788,1478,1899,1896,1760,1878,234,1504,1915,1621,1709,948,463,1892,1959,484,1837,172,1769
1792,1772,1834,1035,460,1709,1534,228,1644,216,1722,1318,1646,232,1779,1949,1541,1676,1574
1720,1818,209,795,1478,729,1824,274,221,1652,102,1753,1798,1570,723,1729,1730,1905,992
267,1732,1784,207,1571,1497,1512,835,1823,1855,1725,251,199,1494,1952,332,1808,1492,155
1937,118,1782,1631,1478,1678,1534,1899,243,1532,170,1611,1716,1714,1696,1913,1013,1653,154
1484,1846,83,1522,1717,1714,93,1789,1073,1652,71,1648,176,314,1801,1618,1843,799,1654
1588,300,1577,1531,1561,1505,1937,386,357,1802,264,81,1555,1580,1681,1507,1724,201,185
1796,1546,1644,1782,116,1629,695,1366,1817,1740,65,1639,285,1836,1386,1806,1721,1382,1850
1006,1532,232,1635,1811,1446,1699,1765,1634,243,1696,314,1627,1734,1597,1570,1761,1792,1508
1634,1479,126,1682,1696,1582,94,1810,1769,1640,1517,1564,1488,1680,171,1758,1781,1606,158
1701,1368,1972,171,1513,1550,1899,632,1377,1581,1486,988,1534,1682,1741,1909,1671,454,1714
1636,1531,1905,1750,229,1576,1308,1260,1844,1668,1793,1525,485,49,228,1657,1755,1395,1696
1103,1379,298,158,1780,1771,1596,1775,1762,1585,1782,1315,1546,1772,148,1808,634,1653,141
1605,1555,190,1751,208,1694,610,83,1484,1802,1519,1786,1632,1638,317,1639,138,1563,1770
1556,459,1634,1098,247,1593,1782,1772,1616,1698,121,1561,1741,124,329,757,870,1964,1641
1340,1601,1377,541,1783,273,1844,239,1533,1583,1519,1584,1456,1739,1754,1534,208,1313,1777
1623,1798,1838,1505,168,44,1751,1818,134,1846,1494,1539,1760,150,605,1651,1829,1862,266
1762,193,1639,1627,258,179,1799,1536,1972,1583,1786,271,933,1688,301,1857,1548,1744,1578
170,1559,1509,985,1773,1922,1481,1501,199,1551,1805,310,1250,518,1909,1907,137,1732,14
1570,286,1588,385,367,1692,723,1839,1494,1117,1679,1712,122,1684,1678,580,1515,1746,1813
1726,1702,300,1581,1584,93,1341,321,1600,1654,1916,1846,407,1660,248,1741,196,1356,119
1505,1682,1481,1504,1772,1699,81,1583,1850,97,717,1539,293,1265,1509,303,1644,215,89
1507,165,1526,1733,1383,47,258,1620,1182,1903,1847,78,1070,1643,1614,110,133,1685,1796
1759,1501,1486,1971,1633,1762,1840,1714,143,1668,1579,176,105,1562,1496,1507,1850,222,1909
314,1708,83,644,1505,674,1547,1852,1826,1784,1709,357,1665,372,160,1745,1390,1581,982
1577,1642,1033,1491,1557,1841,1941,1674,103,1762,1620,1721,376,1813,504,200,1658,1655,161
1674,1839,276,1585,1523,228,1838,1391,1757,1593,561,1185,1113,161,468,1605,1640,1829,1484
193,181,91,1735,1707,1700,1712,1821,1832,198,92,1500,1775,266,1987,1621,1647,1752,80
138,227,1820,1686,1475,232,210,1566,1500,1651,1836,200,1851,140,1905,1527,1618,1828,1791
1698,767,965,95,890,1681,1777,1733,1583,1807,1714,1959,1662,1631,199,1683,1507,281,782
1584,1629,1516,132,1735,999,1865,1651,247,322,1475,1556,1365,90,813,1764,127,513,1557
1782,78,1546,1176,156,327,1667,1569,1751,1630,161,1162,1588,1710,1958,1730,1800,1487,1489
1377,1850,1545,1734,1335,1680,1481,1109,205,1818,1832,960,1497,1599,1736,1943,1941,1839,1840
1561,1818,131,63,1815,1513,1831,1483,1785,1834,1686,1788,1775,1558,1724,1072,1603,1705,1694
1824,237,1482,1829,887,80,1812,1675,1592,1026,739,213,1016,1645,1595,1553,1833,130,167
204,1848,1742,1537,1718,1521,1776,226,1849,1523,1548,1619,1793,1202,1525,235,156,869,1380
1585,1608,1637,157,1623,1848,1543,1817,1769,1579,1922,1383,1676,1718,1634,634,1652,1697,98
1702,1778,1833,1841,106,1831,1542,210,149,1855,954,1590,298,1313,1269,1537,963,1494,1040
1588,1688,1170,1712,1825,134,1809,1830,1822,168,1654,1592,717,1829,1570,1391,808,1514,1617
1563,1802,1380,328,252,312,1803,1708,1583,1615,1545,147,497,1534,1529,239,1588,1719,1530
1383,1912,244,1605,1498,1642,1907,1845,1798,1509,1548,560,1494,1563,140,846,311,1684,1673
1580,1658,1771,1977,1823,1721,1634,254,1848,1477,1754,1628,1805,994,1365,74,1907,1770,1832
1152,1254,1559,1600,1779,201,1394,184,154,1328,1908,1493,1605,1572,1861,1941,1634,1515,1619
235,1820,1319,1726,1483,1632,1672,1831,291,1828,169,1528,1508,1556,1818,1792,1846,1073,1836
97,1808,1821,839,1779,1789,1498,1551,1951,1842,1843,1684,1797,1833,1686,1857,588,180,1809
286,404,273,1940,205,1495,1703,1542,1508,152,1815,1911,1746,1029,1534,1613,1882,1714,1490
328,1892,511,329,221,1806,1510,802,990,1659,1797,1765,93,201,264,1516,1527,1975,1557
1311,1940,1653,1043,116,413,1841,1734,125,1957,1783,1577,789,803,1560,739,1547,1668,40
1639,1907,88,172,1732,1695,328,1691,1391,17,1638,1654,1418,1674,109,1759,1754,1909,1910
1681,1590,650,1603,208,1699,1343,132,1679,1634,615,1797,1060,1695,318,1378,708,786,1495
1634,1544,1521,1793,232,1832,1490,1068,1787,96,752,235,1816,212,1763,1633,1522,181,1684
1618,1477,1512,1523,1577,1815,1807,1659,1620,1658,1933,1707,1500,1645,1491,227,1596,629,1505
1488,394,147,988,1806,1394,84,298,1819,1637,1568,1767,1838,414,1679,1853,1021,1643,806
1605,1201,1846,1679,1672,1612,1592,1704,1829,956,1554,1516,1728,1578,982,532,279,1717,1771
1517,1758,677,1072,1674,25,1637,1970,1731,292,293,1734,1825,1926,176,1905,1611,1823,307
1487,1657,1692,2,1975,154,1601,1383,1835,933,1231,1531,1804,172,1482,1806,1385,235,1365
1909,1573,315,1732,1331,296,199,133,369,1531,1206,1634,138,200,144,1307,687,1828,1705
1195,1575,1747,1679,1724,1517,1773,297,1814,1562,1490,1634,1766,1090,178,426,1778,152,1621
1531,200,1847,1687,1699,1496,1685,1806,1616,1658,1507,1070,1621,1154,756,827,297,1831,1843
1795,1262,240,184,1838,495,1678,188,143,1583,446,1586,1911,299,269,318,1535,886,1971
1801,1000,113,1605,731,1757,1178,225,129,1809,1544,360,228,696,1638,1768,1571,1662,1525
1582,308,275,298,1104,1761,1702,1001,1745,1684,386,1573,1617,1587,1502,1835,1766,162,1739
1072,1627,1636,1495,279,1566,1813,193,1797,1403,120,1826,1916,199,1706,1699,1458,1809,1528
188,251,1796,1141,1797,1380,1851,951,1857,1907,1695,1722,1732,1912,1829,481,1564,1566,1830
1780,115,1544,1958,1810,1565,707,1817,1752,1702,11,1894,1188,1223,1845,1564,1497,1394,1803
1486,1895,1162,1069,944,539,1508,1718,240,1723,256,304,1602,1525,1503,1777,192,280,1687
1571,1775,1609,286,1781,1714,164,1745,519,306,1752,1740,1849,1313,1851,1640,1593,1769,601
1788,1687,1850,130,1971,65,1561,1961,1847,1560,362,1715,1748,1609,177,1742,1731,217,1741
727,1263,258,1586,1775,1815,1726,1882,1944,132,1507,1664,109,1558,1805,1786,1499,1847,1707
232,1617,1803,1895,1848,1516,1591,1762,1639,190,1649,1593,1947,945,1642,1687,1484,88,947
1602,1541,1233,1419,583,1569,1196,1769,1501,942,1507,1556,787,1765,1692,1396,78,1638,1138
231,1542,1531,308,1785,1757,1905,1559,1484,1567,677,1276,1600,924,1751,1755,355,1784,103
371,343,213,1626,14,1786,1830,164,1721,1514,1569,1480,1767,1553,1840,1698,1483,1396,1620
1786,1819,1734,290,307,1741,1673,1823,1784,1023,1544,1387,1556,1592,1803,1668,1499,156,503
1695,1669,1481,1717,1626,1494,1843,1607,1731,693,1784,235,1772,1354,1948,1722,1909,1013,1608
127,1503,1791,1825,210,25,1583,1744,267,1604,1661,1842,1670,1565,1743,1690,1976,61,1683
1529,1800,1636,1815,1169,1645,1537,1913,258,1720,100,1906,1726,249,211,1089,1639,202,1587
1763,313,1477,1553,1719,1394,795,1647,1839,1815,1689,1778,1583,1912,1512,1572,1836,1598,261
98,1683,140,1911,1849,1700,1658,1494,193,1753,1580,1837,1703,1755,339,1669,936,136,129
1645,1653,1704,172,155,1806,86,1795,455,1760,1493,1773,1796,1900,1727,1370,1840,1778,1683
1729,166,1824,1589,1475,1913,1616,1892,1304,104,57,1814,1838,1779,1499,1613,1611,1503,1703
568,1840,1722,76,1598,1489,1542,1565,1530,1655,223,1590,1913,980,1481,1715,1896,1535,1753
1905,1662,133,272,1961,325,1587,1908,1843,1625,700,1913,1746,673,898,1906,1521,188,1637
291,1580,1836,1376,1792,1695,137,1519,1755,1774,1539,1958,1779,1137,1609,1746,1558,1961,1777
1534,946,440,1701,1602,1576,1460,1909,1621,1796,1567,82,1524,1543,1817,1841,1505,293,1575
1535,1767,328,1843,1313,1599,762,750,400,28,270,1793,66,248,243,1781,1582,183,1706
1545,97,1829,1691,1510,518,1753,1849,1957,1790,1054,115,1530,1757,1668,1659,1800,1520,137
235,1601,1627,1641,1604,1557,1080,204,1613,1564,198,1609,1515,125,1528,1482,1803,1818,382
1236,1785,329,1842,324,1852,1590,1835,1507,1849,166,1847,1872,1514,1491,656,804,1561,1790
235,1843,1619,1700,1849,1244,1504,1904,1633,931,177,1949,1810,24,1025,1837,1778,921,80
1528,1588,1758,1849,346,1069,169,1534,1564,1593,1696,697,101,1706,1511,1756,1660,1317,1805
536,529,1494,113,159,824,235,295,1538,1823,1442,1854,99,1848,1824,100,1496,1468,369
1644,1694,273,1616,267,1930,1674,221,1823,1715,1628,1075,178,1497,167,1550,214,803,1777
223,1842,1849,1963,1774,1647,1734,133,1959,1636,1569,1847,655,1580,553,1893,670,1414,510
1967,1525,1268,1741,1497,1581,497,1544,1535,1659,107,1857,1559,1642,1365,1543,1603,1136,315
1556,208,1665,307,1478,1735,839,1675,1836,1939,1447,1912,1657,1780,1769,1830,203,1791,261
1514,190,1818,1603,1704,342,1226,241,1625,1978,1556,161,242,1112,114,1673,97,1395,1627
1753,825,1518,1499,1523,1781,1561,248,1850,142,1378,881,1481,873,317,1361,1687,1504,230
558,270,329,1575,1565,1733,1766,1834,1697,847,162,198,1530,1824,678,787,1709,1554,1264
1921,1702,99,1838,1659,264,1827,108,1757,1583,1579,843,1569,1643,266,315,556,564,1804
1796,1725,1499,329,365,1786,1905,1495,1109,1752,1893,1624,13,1654,1491,1733,1616,1757,1792
326,242,1502,1500,1802,1630,1835,1060,1942,252,1855,1493,1726,1800,1588,1565,1782,1832,738
111,1777,1830,1773,299,1897,160,1912,1480,1605,1687,1262,115,1765,1538,1512,1555,248,1692
1850,1818,1673,1488,1518,1738,1484,1775,194,1778,1817,1617,1558,1718,1526,1562,1882,1820,1973
1305,1534,1504,1547,995,1484,1487,1840,1614,1825,1539,1554,578,324,1726,1783,1787,1237,1971
344,123,1980,1776,1796,1123,1632,699,1346,168,82,1653,313,1528,1527,676,1215,1598,1469
1487,1758,1715,1534,85,945,1599,1820,1817,1391,1214,1603,1759,250,1623,1502,1528,1069,1602
498,932,1784,1790,1599,160,195,222,1523,81,1825,71,1639,997,1593,1574,1503,511,1688
1846,1384,1162,111,130,134,1499,1626,1837,1577,1834,1616,296,1773,649,227,701,1818,1954
1619,1942,230,1910,41,993,173,1669,314,1666,1931,1905,1751,286,179,412,229,270,243
1622,1634,1846,1794,92,1384,1583,1482,1598,246,389,1382,174,1786,1612,1603,218,1268,1494
1695,1354,1390,468,1885,1376,1642,610,1727,1492,1321,705,1604,1536,1534,1602,1723,118,1944
1746,1508,1721,1287,1850,1790,1729,1659,1959,1632,519,1804,1100,355,1524,1200,1750,1748,258
1860,165,373,1396,87,184,1814,1798,1717,64,1835,1537,1762,1670,286,317,1960,1745,1497
244,1951,1655,1644,1718,1705,179,1577,1516,232,1850,1784,216,1800,1793,1680,1597,129,511
1478,1899,1608,1802,1475,1666,167,1824,1734,1761,1916,1510,1812,1726,413,1552,1729,1496,1975
1827,1774,1609,1940,1214,1513,100,1905,1795,1825,225,1551,38,1703,1501,1964,336,1752,1734
256,1824,1683,1612,1731,134,1341,1355,1749,497,1365,933,1711,276,1551,1703,1570,1383,1614
297,113,1969,546,1854,1677,1764,1853,1491,1517,1638,1553,1818,287,1492,1910,635,1394,1506
1026,1731,97,714,288,834,306,557,232,1162,1613,1684,1556,185,1751,1217,1526,248,1580
1673,1681,1703,1822,1580,1593,1500,1768,1960,1765,1531,258,1671,1823,1750,1477,1916,1534,156
700,156,1829,232,1521,1450,1576,1320,293,480,189,1069,997,1755,1839,1653,300,1803,1683
1680,1628,271,994,1724,28,1817,305,1778,1598,144,1836,1647,404,1476,228,291,279,1698
282,1603,1493,1972,1934,1804,1601,1843,1582,1757,1831,404,1486,1559,1087,105,1488,1548,110
1378,1735,1736,1373,85,902,1554,1717,1842,280,1549,1756,1814,194,1733,1833,1908,1509,375
783,1613,1574,1850,1989,1511,1737,1969,1781,167,1647,123,1686,989,1582,209,1727,1758,1788
1841,945,1376,1530,603,1519,1244,1708,244,728,1655,1837,1586,1238,1740,140,84,471,181
177,1713,1010,336,1652,1493,1909,1520,1561,1625,1830,170,1377,1860,1551,293,1719,1760,1753
1830,1564,379,1608,1566,1781,785,149,1610,1367,147,1757,295,1571,1687,320,1590,1751,268
298,80,424,1334,1012,1907,1730,1521,1479,277,801,1575,450,1810,1887,1565,1773,1705,126
1703,408,304,1565,1778,1798,1577,1744,1728,1940,1796,1818,1764,325,1792,1657,1736,1913,1673
1509,1666,215,187,157,441,275,9,1848,1000,117,1542,1754,1608,1780,1759,1761,1642,1845
692,210,1487,296,234,996,192,1802,1746,1338,614,101,1671,1531,1476,1629,286,1374,303
1785,1468,1724,1922,1635,1743,88,1549,1859,1697,1521,201,1628,1961,1527,532,1539,1482,924
1912,198,1643,1755,1268,1069,1475,263,1582,1666,171,957,123,1775,1524,1509,1702,118,1786
1957,25,1819,1734,1813,1683,1704,1615,1799,1560,1673,1595,518,1716,318,68,1525,1966,1515
1513,197,1839,1608,1673,1507,1680,791,1971,1805,1767,1894,615,1561,1686,163,658,1515,1632
1576,1601,1489,128,1636,1634,1748,149,180,1771,1708,1482,1072,16,1944,1556,1491,1544,1681
1550,185,1660,577,1560,1674,1000,572,1643,1845,1648,1710,1801,1788,1593,104,1849,1776,1053
1908,1543,1695,1598,1946,1508,1522,1479,1395,1746,1537,1646,1733,1974,135,701,1891,1504,1559
714,1413,1724,1684,190,1378,310,262,449,1834,263,999,1602,180,1013,785,1780,1599,1805
233,1951,319,1725,1792,1335,1822,281,1573,1596,1314,1846,1610,1516,1109,1533,1513,278,1460
181,111,1586,1549,1521,1717,1768,1757,916,1113,1679,1655,154,1721,1007,1705,158,1913,1561
1523,31,1672,1681,1705,1517,1611,1608,1667,1498,1539,80,415,1556,1799,1441,1401,204,1807
1539,1546,243,1822,1515,1563,1664,1627,1315,1658,1902,1721,1709,1676,1833,1793,1699,310,1368
1671,1588,332,1076,1968,1521,1606,1845,1806,1749,1567,287,224,1705,1821,1794,1104,285,1687
114,1817,1790,1058,200,1679,28,1563,97,246,1622,1697,247,1106,82,1719,125,1384,1635
1721,1740,1378,1504,1788,1217,1896,186,1738,532,1733,240,1947,251,185,1837,1671,1496,1519
1657,200,1379,1853,1736,147,1635,1720,1330,1527,1757,1541,105,194,1847,1628,251,1493,559
1946,1536,1396,155,1502,1557,1799,1669,252,1375,1783,1598,329,1546,1762,1606,1554,227,1757
1752,1703,222,1644,48,1729,1843,139,1669,1834,1618,1683,1515,1637,154,1599,323,67,252
1974,1968,169,291,1730,1183,1771,1683,306,1262,1857,1715,1745,1669,1944,1835,1647,1779,1339
60,1961,1660,424,1772,1830,1593,310,1630,1808,1784,1576,1658,647,1637,983,1796,233,529
1722,1515,1719,1704,1682,1734,255,1669,1676,1502,1497,1732,56,1136,1772,801,1763,1912,1716
1714,1629,1803,233,1969,1537,1835,312,106,316,169,1675,1824,1506,1785,116,1583,1788,1489
1673,1699,1487,1558,1922,1382,1652,1752,1176,1556,1385,144,1718,1605,1831,308,1706,289,1516
1283,1947,1789,1645,1664,286,320,1796,1723,1632,308,1518,1657,112,1630,1847,688,1803,1252
446,180,865,1715,1624,126,209,1672,1652,63,172,1788,1673,184,404,785,1651,230,1585
210,1950,1632,969,1478,156,1384,1554,1835,1536,1779,202,26,1953,1836,319,1906,1793,1567
1805,1560,1142,1640,183,1581,1501,1574,426,1637,230,316,1566,1495,176,1716,1934,1478,1798
1855,1636,1663,1395,1645,1491,1551,553,446,1032,1119,1355,1820,1961,279,1487,1543,1500,1754
197,1518,1385,154,208,1658,1396,640,262,1500,958,1542,1755,841,993,1851,1486,1683,1642
1712,1770,1804,1837,1527,1611,1840,229,100,1824,1779,1627,239,1567,1802,1383,1479,138,518
1866,291,429,451,208,1503,91,1608,1583,1533,160,189,295,1818,224,1656,1546,1558,1785
345,1673,297,318,1656,1813,1751,1569,177,1734,1933,1831,1588,1716,1834,1580,1740,1654,1741
1619,259,1812,1517,651,1857,1575,1848,1682,715,1396,1588,296,1955,202,1768,1510,1475,1354
1693,1810,1805,1541,1633,1841,596,786,102,1677,1579,155,1504,1885,1722,1550,1000,1631,1643
198,1613,1922,492,1628,231,863,271,1832,1550,132,1279,1635,1812,1707,1642,1592,1827,260
1646,1802,1778,1841,1368,1543,138,1657,221,1695,1738,1686,1209,340,1720,1842,176,17,429
1560,1477,1797,1755,1976,1761,245,1783,417,1353,1491,1747,1537,1663,1679,1828,101,1531,1684
1823,368,1804,1625,1715,1811,115,1697,88,1767,1748,1740,280,1663,1507,1913,1733,91,627
1577,1513,326,1653,192,143,411,1532,1778,1611,1527,1707,1626,1825,138,1548,1961,252,1909
488,1946,1772,1550,300,1531,1670,1756,1744,1392,1726,139,1762,499,1697,1117,1831,1739,439
231,1487,518,1584,1689,80,1675,88,247,613,1832,1649,1695,1666,1718,1703,1794,1070,1843
1810,1547,1840,1658,1770,704,1833,1711,1765,1713,1395,131,1488,1685,1486,1706,1627,1807,908
1821,1699,1646,1070,139,1330,1761,1648,1578,1577,1663,1602,1567,1535,1527,1745,621,1836,351
1744,1702,1491,1652,1743,1944,1528,1676,1477,1499,1739,1533,1693,300,254,1797,338,1516,1642
1630,1518,1310,1735,1562,301,481,1768,292,1594,137,269,1634,175,325,1663,1778,1740,1703
1780,1841,1696,1520,1391,1692,1906,1966,1682,1778,1521,1688,1727,1809,98,1242,204,1365,243
1692,1524,1615,1688,1720,224,1756,1695,1905,259,229,1583,1500,327,1763,1106,1267,1690,204
1809,1540,194,1684,1603,1378,1677,1717,544,881,175,1897,1844,1565,1749,1584,197,1563,676
1984,1528,462,1578,1565,1500,641,1802,566,1960,1728,1506,302,1717,1477,210,1549,1956,1660
198,1570,1851,182,313,1673,892,171,292,127,1821,1274,241,188,1534,1660,1748,1828,533
1500,1866,1488,891,368,317,1501,238,1660,292,89,1833,1719,1893,1530,1564,201,1743,1673
1481,1769,1571,1963,312,1507,1534,1595,1631,1787,1569,1758,735,1776,1512,1586,779,212,1509
1533,666,252,1481,1849,1519,1910,358,1686,1676,584,1767,1735,1483,1013,1033,1838,1968,1796
1786,1666,1665,1746,896,1827,1626,1478,1500,209,1823,1633,1892,1523,1530,1627,1855,241,1718
1761,1750,78,1715,106,1592,705,986,1708,1547,451,1772,1487,1631,1007,1706,1680,1597,966
284,1706,1558,1848,1969,1313,1492,1499,1823,101,1734,1629,58,1827,1396,156,1671,280,1637
255,994,159,1767,1764,42,1640,656,1652,1628,1496,187,1631,1810,434,101,1695,1624,1524
1644,835,242,1805,1695,211,64,274,320,1831,538,1684,782,1806,1951,1730,1754,1678,1737
1211,269,1911,293,1816,1516,701,1162,1685,1913,1796,1486,1752,1509,780,1821,1517,163,117
1600,1606,211,1653,715,1857,1782,1862,686,1681,1535,682,284,300,614,1506,1578,1649,1103
83,1567,1543,1975,1634,1752,1686,198,1590,182,1484,1379,1809,1822,316,1592,1198,1625,1604
1546,632,1491,775,1526,1803,1658,263,231,153,1507,1854,1849,1624,1671,1325,1664,168,233
1493,1315,1651,1663,1594,1667,188,1491,704,1480,191,1741,1283,1673,1960,1478,1515,525,1540
1896,1804,1215,1506,606,1778,197,1894,1738,429,1497,84,326,1848,329,325,1803,1899,1604
1750,1827,1571,1483,134,279,1376,329,938,1507,120,1753,1486,322,1624,1650,1560,1627,1599
705,873,264,1731,339,146,1738,218,1595,99,1557,1113,212,109,1319,1844,1794,1721,1502
1797,1173,1503,259,1710,1736,423,1814,1602,598,1481,1634,515,665,234,1666,322,195,1103
1831,1842,236,1550,1657,1906,995,1685,1566,806,1525,1851,566,1953,1560,1587,1581,1840,1963
1764,1767,1594,1911,1757,1379,186,247,1674,1231,1618,1254,1560,1537,1851,216,1795,1040,610
1944,1750,1662,1823,1396,1816,1485,1596,217,147,1035,1523,1569,43,1357,1600,1818,362,204
1847,1705,361,1533,1624,1741,1837,1699,1956,145,1849,771,1564,1512,187,1591,1908,537,1987
129,1498,1769,1811,1808,1826,387,115,1773,1468,85,700,1656,814,1840,228,1786,1216,1670
1843,628,1742,237,112,1612,34,1786,1768,185,24,1527,1767,1697,1772,1824,1720,1850,236
1525,694,1816,1843,579,1801,128,69,1652,1842,1390,1632,1811,1826,1845,1634,1578,1721,1905
1501,229,1365,1158,186,1731,868,1794,160,1817,369,1790,1760,1554,1705,302,1912,1709,1776
1577,1541,1591,233,1956,327,1723,1682,116,408,1650,659,172,99,1790,1781,1763,321,1778
1799,1907,1820,1807,1277,288,1796,1006,1541,1614,705,1073,1639,1572,1553,1713,1686,1763,188
1362,1761,1703,1394,1912,214,1713,1830,1716,1690,1478,1519,530,1521,1668,197,1638,1590,1613
1496,1949,125,1928,1591,1839,118,162,173,1732,1493,1704,1421,1805,1722,16,1611,1912,1146
1957,1679,1581,1488,1536,1599,866,155,1669,136,90,1810,425,1498,1563,1787,1729,1959,1480
920,1505,206,1819,1504,208,1735,1664,1499,1031,1958,287,215,1594,1657,1494,1620,988,1970
1504,1725,162,1797,1529,110,1962,1669,1196,199,1524,148,1643,1526,1770,1820,160,184,1805
99,1817,321,1482,1811,1617,1724,1754,1648,1768,1638,1501,1692,256,1840,217,213,1054,1498
1805,1808,1718,325,1651,1857,1958,1527,1841,1819,1673,321,1611,85,1822,1186,1561,161,1754
1856,1482,259,1114,1672,1060,1743,1661,304,1682,1822,1639,100,1535,486,1588,1829,671,1294
892,1942,1667,1497,1809,1905,593,1614,793,1960,1587,1882,1388,1764,1798,1554,1619,1373,1746
1703,1644,1482,1847,112,1630,1485,954,1537,651,1560,1615,1536,1601,1602,1310,1907,273,1378
918,28,1710,1894,1841,1717,737,1726,1580,1664,326,1606,1758,1848,1834,1660,139,1667,1510
158,1379,821,1010,1715,250,1508,289,1630,1746,1680,728,1681,1519,1579,1490,797,991,1577
1522,1409,1721,1530,1559,1736,1550,258,1609,254,1718,1788,1685,1706,228,677,1563,1393,602
1485,1733,1675,1806,123,599,1790,39,1793,301,1611,1339,1568,1770,1905,1708,144,1480,1677
1907,1839,1847,1335,1850,1598,1768,1491,140,23,537,245,1393,737,1618,1645,1845,79,1610
1836,1720,253,1264,1681,1807,496,1224,120,1792,1670,1580,133,629,1621,116,1586,1630,1973
1689,296,1824,126,1745,704,1811,1853,183,1526,164,1721,1844,1670,1963,1034,1835,997,1579
1741,1730,1732,1574,632,1592,1501,1421,1573,1754,1748,1717,90,1373,1909,1839,1384,1819,1761
892,672,738,1505,1930,1694,1643,87,1750,141,170,1838,1535,1765,1955,1909,1526,1577,1518
260,323,1824,1912,1575,1707,1629,794,1893,870,1604,1354,307,1680,1669,1846,1785,110,292
1586,1687,284,39,932,1969,1972,557,1848,1487,204,1289,1052,1566,60,196,105,282,1516
1576,1894,98,39,48,1635,1583,290,836,1503,1652,1913,1304,1654,1778,257,1569,1780,28
223,69,649,506,1236,159,1832,1602,135,1678,1713,213,310,230,222,1554,1719,1819,95
1511,1374,1970,1584,182,1809,1578,1660,1476,1787,1332,771,245,1826,1799,1255,533,1855,1681
1496,1634,219,1843,1541,1555,1499,1577,74,1623,1692,209,90,1485,1526,314,1910,170,1490
201,1839,984,1729,1845,177,1830,348,1685,196,1834,1498,1733,147,328,799,1555,1635,226
1869,977,1855,1728,291,1624,1318,1906,134,1942,744,467,1839,1744,787,1961,1809,1927,1658
63,429,257,83,1538,788,1856,80,843,1846,1630,1751,1549,1529,1860,1543,1580,645,1268
1586,1377,1073,1354,178,60,1748,1759,1070,1797,1800,1483,1705,1509,220,108,93,1882,41
1525,1512,1842,1606,1656,218,1537,215,1850,1810,1245,1756,238,1817,1907,1270,1108,382,1899
1803,1572,164,1672,1834,1773,1503,1763,1830,234,1697,1268,248,179,1671,161,1711,329,1506
1953,1812,180,1655,1612,579,1669,1634,1887,1659,1568,110,1791,1821,1784,195,103,1516,1694
766,1688,1583,329,1045,1799,1621,1676,1845,136,1385,127,1654,1989,894,1695,155,1581,187
1030,1479,1642,1680,238,1676,1512,1610,1716,25,314,1824,1948,1543,1927,1819,1383,1244,1627
1669,1734,128,1514,1816,1874,1508,151,1655,1782,1555,1641,1682,1595,1680,1619,203,1662,1849
325,988,1857,1697,1537,1108,1500,134,1850,165,1691,302,1778,700,1061,1938,201,1757,1849
1849,189,428,1560,1688,1517,1800,607,1665,1100,106,1587,1501,181,1747,1568,1810,849,1481
1556,1819,174,87,1861,1633,1566,1871,1515,1558,58,1557,1828,1366,1526,300,1804,320,1355
1854,1668,868,1679,1910,257,11,1580,1653,541,1848,1743,1485,1489,77,1491,169,1254,1559
1922,1482,1019,1908,1538,1506,1584,1516,1657,1708,1209,1552,1323,1794,1609,1338,1605,1629,659
1756,1920,1549,1844,649,1495,1807,1576,1526,1657,280,218,1611,1595,1547,1701,57,1952,1846
95,1610,235,1472,1629,1750,1069,1637,1847,1854,1492,1673,1701,1780,1733,1531,1764,320,1599
1485,1214,109,1910,1850,1841,1631,1785,314,1988,1566,1592,131,1495,301,325,102,993,1520
94,680,1813,1557,1483,1821,1211,764,117,1599,195,1610,314,246,1850,1494,307,649,1720
764,551,1587,314,1720,1525,327,1626,259,1733,1582,1694,1788,143,140,1764,1507,1825,188
1671,902,1174,1594,1666,1511,22,1380,1614,281,1526,364,1030,1762,1078,1759,1941,297,944
1712,1692,175,1037,549,251,137,1793,1630,291,262,1843,364,755,1756,1760,86,310,1652
1560,1784,295,932,177,1703,1818,671,1589,1788,288,1618,1848,705,171,1768,1592,80,1573
1819,1483,280,401,1385,1498,1601,279,267,1515,1657,1382,98,1481,1544,1776,104,1520,1969
1487,87,1653,1797,278,1559,1831,1713,135,1829,1563,1728,1555,1557,1696,1694,1803,1922,1738
1839,1357,1546,1055,122,1586,1605,1608,1887,1620,1496,1489,1591,166,1718,107,1562,1755,1750
149,1522,1362,1703,1742,1787,505,1554,1783,1845,1070,1512,215,1600,1565,1916,100,702,1568
1558,1557,250,1752,122,691,123,1784,1815,1478,240,1749,1776,1585,1487,1774,1745,1743,176
1317,1794,1728,513,716,1804,1802,1531,7,288,1680,218,1543,1508,1907,235,164,1640,1620
1744,555,1797,120,1548,1959,91,185,301,526,1557,1770,1593,1710,1642,1905,1499,1586,1675
194,1788,1846,1685,1443,1905,1509,1922,1640,1973,1790,1649,847,1726,1335,954,1511,1581,1785
1708,324,1801,298,1893,1500,932,232,1856,481,1552,1391,1818,1598,1957,1512,1622,145,373
1968,1514,44,1507,1567,1602,1818,834,204,194,1765,1664,1763,1565,1717,1772,1362,1911,1679
1856,1697,1484,1528,444,1457,993,1744,196,1769,649,1592,115,233,1603,112,1586,1629,1617
1819,1909,1603,1654,1737,1683,1733,1748,211,1452,1728,650,1749,1477,1837,1343,1605,1611,1779
889,1691,1695,1541,1814,1570,181,1741,1355,1722,1538,113,279,1649,737,1820,1519,1661,209
1803,1695,179,1570,1785,1850,1555,186,564,1131,1378,100,1810,1628,1053,368,1841,1658,1617
1749,1854,1786,1390,96,1515,1776,269,1709,1538,1650,795,1590,1531,313,312,1722,1623,1560
1571,1659,263,1592,1524,1576,646,1499,1583,1647,1967,1070,1682,731,1781,1527,1613,308,1830
1687,94,1227,162,1561,223,1598,1806,902,1596,1683,1680,1380,1497,220,142,1899,139,1600
184,106,466,1632,858,1922,1750,371,91,1836,1708,304,1906,1842,1483,1496,1932,1738,1620
1939,1685,1604,1524,1623,302,1459,329,1828,1823,1328,244,1607,1387,321,1732,1783,621,1649
1696,1556,1671,864,1630,1070,1736,1912,93,1395,1561,1695,825,1222,240,1524,1716,1718,1727
1176,1620,1686,1507,1643,1477,1711,1725,122,618,1033,1605,1778,250,737,1669,1875,142,115
1549,1857,1811,1676,1596,1747,1675,1687,1844,1809,1780,178,995,781,800,1783,1573,208,159
1599,1541,1644,1768,101,148,1983,1825,1788,1679,1838,1841,1731,1950,1079,41,1738,1616,1784
1502,254,314,225,1582,608,1960,1526,754,197,1238,1752,1762,262,1647,1508,1646,1547,1490
140,1748,155,1257,1890,1840,1594,1069,1818,1765,1672,840,1894,1070,1611,324,1855,1535,1628
147,1694,128,1546,231,274,838,1814,1476,860,1069,1376,489,1912,646,287,129,1235,1734
1707,80,1491,164,1739,311,1510,1595,1157,1607,183,1700,119,1812,1554,1720,322,312,1687
1795,1671,1721,640,87,464,1582,107,1527,1650,102,226,1723,1545,203,1583,1530,497,465
481,548,1579,1649,1761,201,283,701,1546,1762,93,1800,1786,1678,1485,1841,1920,751,1714
248,1681,1134,263,1582,1734,1509,1735,88,1838,1636,801,1747,315,1837,1705,1695,58,1373
1558,328,1606,1638,783,1964,1793,1719,1338,1533,1365,1589,1586,218,1600,1908,1716,1851,1749
1675,1767,1854,1533,1700,83,1517,1598,1596,1569,1665,1847,1825,1547,1809,1774,996,1833,1592
513,1677,386,1972,1853,1505,1766,1271,1852,989,1667,1668,221,1950,1711,182,191,1687,126
190,102,220,1758,323,1682,1831,1856,1909,1030,1849,1815,1828,1783,1908,1511,1495,1483,1254
1609,1558,717,103,81,1666,160,1850,1677,1693,100,1767,1754,1605,215,1631,1728,1781,1779
135,1636,1606,519,699,305,683,1614,1576,702,1835,1392,1659,1573,1968,1648,1379,508,1512
1599,1716,210,1732,1828,1756,1532,1301,116,1687,1827,438,1773,176,1717,1616,159,218,1649
1616,1666,1506,174,939,1662,545,1641,1032,1527,1764,1242,1516,1630,1550,1624,1855,1761,1613
1821,1098,306,1388,227,382,1538,457,1850,1094,1216,1567,324,1553,95,1602,1505,1572,1800
1751,1615,1742,1553,167,1072,1560,105,1735,1320,1770,302,1638,180,1663,1107,1508,1690,1744
1530,1640,1587,1698,1858,1815,1034,1741,1511,1811,126,1513,1558,1724,1617,1894,187,1758,1803
1819,1488,708,1831,857,1591,105,1563,507,1791,1024,1670,355,1812,1487,1553,1781,196,1642
425,1611,1690,1332,135,1830,1483,1734,1513,255,615,1792,1797,142,1476,1818,1823,1270,1894
932,1653,155,1370,1804,123,91,1782,1365,1676,1483,1707,1354,1326,1696,706,593,168,154
1389,1746,1873,188,167,1569,1379,462,1671,1650,1822,175,1542,1806,1035,1820,274,1682,1595
1530,183,1542,217,1753,1943,165,1833,1387,990,124,1705,1775,552,1669,1684,1741,1494,1070
1313,1963,1849,147,1496,1743,1562,1712,1914,1597,74,1790,199,1690,1553,1643,1663,126,890
1769,1825,1588,1498,198,1680,1755,1726,93,291,1605,1784,525,1956,196,1850,1717,199,1719
1721,1657,1722,1393,1909,1865,243,1520,761,1683,751,1786,269,249,1373,1798,1708,1845,1742
297,1373,1518,1574,236,1353,306,1670,1755,215,1715,1447,193,1822,1854,191,221,1614,1848
1512,1525,1769,1549,1697,1970,1530,129,1947,194,1819,1724,1613,1810,1668,488,1818,475,1557
610,1813,1658,1647,1685,1654,1913,1522,1640,149,1563,1978,1611,1567,1759,1818,1681,196,1659
119,1572,97,1857,1810,1533,1624,298,1548,1394,110,1648,166,1905,1677,1491,1632,1240,244
222,1536,224,1751,1599,236,1764,1500,1481,100,1797,1649,1594,950,1789,163,1557,1803,1827
210,1391,1395,1591,1614,1847,434,1911,1497,241,1514,935,1703,1665,201,1507,1807,688,165
1668,264,1370,1732,1536,1734,1806,1487,1798,178,54,1728,1766,312,44,1957,1643,1592,184
1550,1218,1686,1580,1705,1618,1670,257,1773,1708,1846,219,1388,1752,1848,1575,1754,401,1945
170,328,171,1490,1482,1544,1753,101,1777,173,135,1702,1628,1593,774,1528,1555,1570,1836
1860,1743,1722,702,1100,1534,255,1495,1649,764,190,830,1620,1569,1698,1547,1636,1912,196
1830,1905,1354,1806,1826,1821,1937,304,1850,156,1715,1912,141,285,133,1460,1675,42,15
1731,1071,1823,1529,1784,1811,307,1051,1503,1824,1306,1686,1850,260,1937,1374,1772,1790,208
1802,1574,1502,1715,1626,1829,1372,1609,1568,1845,1721,1592,1596,128,1539,1778,187,317,215
1533,1761,1727,128,1908,1592,205,1676,1580,236,1690,1209,1852,1044,110,1606,1834,1719,1819
1591,1609,1765,1705,711,1583,101,588,1863,280,1835,218,1562,699,312,1722,24,1715,1770
1133,1643,200,435,1508,1857,1730,1769,968,1529,1599,1733,1661,1854,1172,1814,1842,1612,1835
1555,1954,1683,1511,1714,1767,1527,1677,1478,1637,1975,1717,316,1688,1802,1528,1502,376,1578
1632,1836,1383,109,1712,1362,1538,691,1912,1813,1784,1664,1533,717,1948,1477,1975,301,1607
1541,1499,1592,1704,235,1663,1728,187,396,461,1677,1748,899,1516,307,93,1838,1658,1643
1644,78,1942,169,575,1704,1554,1807,1837,1612,1629,144,1553,1505,1585,1720,1502,1854,133
781,1594,1540,1587,1668,1591,1704,94,1834,984,1532,160,1520,230,939,1685,1793,1516,1139
1539,1633,1383,1615,1711,1483,1779,1000,1160,1509,1761,1787,1802,433,1486,1169,941,1855,1652
1253,1968,108,1725,1685,1855,1945,89,1608,146,1816,258,1659,328,1819,121,1980,1785,224
1572,1849,1712,1735,1639,1381,1776,1566,1806,1811,1626,994,1482,1707,647,1677,1651,91,1571
1693,243,487,1754,1516,1611,1832,855,1542,1738,186,1739,113,1586,1849,157,1855,1717,1792
1515,165,1796,1909,1759,299,1908,361,748,1570,136,1680,111,948,1727,1669,1194,1053,1651
14,1643,1686,1526,16,1534,1492,1584,1608,1688,1589,1685,1851,1519,82,225,1911,1850,1477
1635,1553,1512,1689,1551,243,1650,241,1676,1592,101,74,1568,1615,1503,221,1636,1583,1540
375,1745,114,1788,861,192,196,1033,1819,321,45,987,1767,1566,1656,163,1631,1651,1567
1763,1513,1393,1675,1549,1502,1716,1800,255,1526,183,1650,1680,1622,1755,940,551,320,136
1745,1692,1956,1671,251,1560,1481,1649,1763,1559,1771,194,45,1742,1818,1762,1674,1803,1801
1821,1537,264,1369,634,945,1795,237,1702,1827,168,111,1636,110,1555,1686,1724,1583,240
1944,1851,1957,113,1976,1512,44,146,227,1314,1531,1813,1764,1530,1795,1926,1616,1841,1192
1628,1894,1795,1793,1513,849,437,131,1493,1683,1855,820,1675,1478,564,305,1205,320,1501
1634,1726,160,1255,1740,833,1734,1693,1800,1795,186,1727,426,1644,423,192,402,1366,308
1589,1676,1701,1110,1806,720,1691,287,1660,78,300,1780,1382,102,1603,324,1604,164,202
705,1519,1576,1671,1646,1649,143,1599,1833,1444,186,276,1661,1669,212,1939,1545,1179,80
1600,1686,1977,1479,212,1802,1635,1813,1662,879,143,1773,1527,1958,197,125,1850,1538,1650
1696,1830,1587,1666,1694,1793,1827,1856,224,170,1754,1606,1551,1848,1503,296,1831,1718,153
1665,1698,1096,1499,1557,1682,1850,1750,1724,1813,446,1777,1480,1735,1721,1697,326,1896,383
1767,1759,88,1485,103,1561,1782,986,1641,1112,1789,928,1889,1540,1572,1682,1483,1577,1905
24,603,1691,1369,1669,1803,1611,1857,1724,1475,999,1741,322,1516,1645,1392,1574,283,1631
1883,1689,1557,1754,1561,1709,1823,1696,826,204,1831,1395,1826,1482,1538,305,100,143,1384
1583,628,1318,1796,1741,285,702,1743,1699,1894,1664,1746,1629,1895,616,1645,799,1781,1393
1552,1629,1727,967,1200,1848,1595,665,1733,1561,1653,274,1612,253,1939,1679,375,259,1895
1544,1494,708,381,1917,1786,1615,1791,969,1674,1672,1608,1668,1782,1625,1723,311,1510,170
1796,1819,1808,1885,1580,215,220,161,1598,1712,1268,1645,1846,198,1912,1489,1711,18,78
1764,557,1776,226,1755,1098,1770,1805,1851,782,1515,1794,1844,1758,1560,1179,1750,142,1774
1752,224,1725,1488,281,1673,1716,481,303,132,193,1788,151,1531,200,1514,1277,1512,1621
1775,1939,465,1941,1464,1796,1708,302,1517,1759,1214,1724,1483,682,1737,1573,519,1794,1849
1452,99,1724,1380,1366,821,1770,1678,974,1661,1564,1727,1607,1552,89,1635,1494,146,1023
294,1878,734,301,1541,1487,1743,1826,1560,1582,1391,1708,1531,1785,1843,1533,1121,799,1746
317,1800,789,1464,24,132,1815,1428,687,168,176,533,1741,1495,1475,1813,244,1045,205
1636,394,272,1514,302,1718,318,320,1538,1786,491,1791,139,1610,1669,1590,1692,1591,292
391,258,1408,329,1795,1575,1659,1906,1683,1697,1716,671,1785,1673,1693,1816,209,1818,1803
286,111,1317,1573,120,1524,1486,1973,313,1481,1764,1520,1548,1518,1614,1408,1562,1715,1582
1705,1687,1683,247,223,210,1640,1771,1506,201,1534,1670,1851,78,1752,1753,1549,1676,1394
468,1792,1890,726,1572,1538,1550,1475,1639,1884,1940,1764,494,1659,1633,1585,319,1768,1819
87,1480,1667,1640,1573,1741,981,208,280,1955,1648,1909,145,1499,1647,102,1277,1895,301
1527,1837,1836,1671,1487,1514,1573,1758,1754,1532,223,293,1641,426,43,1477,1801,1710,1817
1509,1824,999,264,1525,1677,301,1762,1723,1796,1733,1543,1841,1803,1504,1489,1607,1735,1063
1502,537,149,1692,101,1680,296,1490,186,1604,1046,1920,1963,106,1958,1713,1638,1516,1726
1839,1940,821,1537,1967,1645,1570,466,1516,104,183,284,1464,1786,1777,131,221,1431,788
1813,1742,211,1837,1642,1661,1724,104,89,1618,1823,1781,1671,251,1511,247,1641,1731,294
1481,1494,1637,974,1686,1379,1808,1244,205,1849,1638,1690,1700,1538,1480,1815,256,1870,132
1714,1543,1516,1854,1664,148,181,1810,1725,140,1530,1356,123,1736,1734,1569,904,1939,1749
1587,1606,1856,1505,1621,1640,1632,1198,660,1847,171,259,1549,374,1542,1548,266,250,1712
129,173,1504,109,1851,1583,1658,268,1701,1674,1778,1798,235,323,92,1686,1850,1363,432
384,1784,1549,1543,378,1773,1491,1684,1604,1476,1313,528,300,942,545,1763,1558,254,1485
162,1676,1711,1750,1768,1683,1641,1034,1479,121,321,1816,1719,234,1602,1763,1487,1510,1844
1567,1754,19,289,366,1602,144,55,1509,605,1483,1720,1724,1180,1691,1807,1847,92,1811
1523,1690,245,127,1736,299,1365,729,250,1191,1658,1835,1628,1589,311,475,1822,4,1587
596,1826,74,1301,1597,166,1508,1847,1678,1033,221,1695,1715,1203,1753,147,1974,1510,276
502,1780,161,1759,1704,1971,1476,1687,1531,1522,1847,1706,1223,517,97,1846,1494,1682,1812
1354,1580,247,1608,1711,1649,1960,1895,1536,1827,1593,1510,1928,1824,1856,1628,150,1793,585
1811,1793,148,1526,199,1523,1633,1491,1759,1716,1905,1741,386,294,1351,1195,1787,1571,1541
1747,1776,1801,1714,307,1745,1643,1818,316,1921,170,1857,233,283,1845,1690,1617,55,1657
1644,1781,1795,236,1641,1481,1289,1675,1531,117,1812,1728,1609,1964,1768,1752,1379,1479,1445
1722,1586,1807,1806,1378,1556,1231,1822,1908,1856,1575,1849,1824,1895,1786,1732,1626,1784,1867
1709,1656,1723,160,226,1746,1734,1609,287,1913,1841,932,1856,1715,1770,1501,1620,1591,1840
1541,1653,1854,1969,1540,650,1819,1792,1802,1827,1797,1555,1789,1210,1711,1764,1494,1638,670
100,1768,287,1714,1717,345,1624,1120,314,1761,1777,1740,1664,1930,1726,1636,1618,1361,212
1896,1571,1832,1622,1391,1235,42,134,1480,1737,1522,1740,1684,852,1738,1761,1790,1225,1771
1762,96,1754,1071,1843,212,1741,1970,1848,717,1840,151,1798,1054,1888,1663,1824,1846,1672
1583,1535,1677,1683,285,1735,1523,1894,1788,1732,1648,1565,993,196,1574,1777,901,74,1813
1635,1742,1604,1856,300,1545,260,1832,1774,447,131,457,1619,1559,132,1363,903,1499,1515
1780,244,1635,1602,1878,1777,1813,1588,1732,1717,1693,1795,1762,1907,598,1646,206,1978,250
1607,129,116,1682,457,1292,150,1520,157,1696,1848,1213,1841,1204,1631,1681,1871,1553,1761
699,1633,1692,1536,1690,303,1596,1496,1199,1708,206,1908,1386,1505,1550,301,1490,1499,193
1052,1600,1780,1745,1767,1536,1723,307,1644,1543,1785,1384,1654,788,313,1659,305,1702,1468
1855,1505,1793,1794,144,181,1683,1686,1264,1632,1557,674,1648,1750,739,1025,1709,1169,1535
272,1775,70,1823,1789,216,1640,1063,1677,1732,1488,304,326,1431,1752,1507,1665,143,1801
1789,1615,1725,1680,100,317,1686,1772,1806,1786,994,1899,135,1530,1520,1585,286,1331,1856
840,1686,1478,1614,1628,10,1673,1697,153,1452,510,1964,1748,1699,1483,1524,217,1591,1636
86,1673,191,118,1660,1987,1784,1698,1558,1639,264,552,168,1492,1124,1810,1119,1543,1644
644,1487,326,1625,27,1504,1198,1641,141,800,1713,1630,15,1826,1857,1887,167,1666,168
327,1260,949,266,1812,1648,248,254,144,1740,1574,293,147,1697,1515,1706,1551,1899,1539
1928,175,896,1709,603,1488,1815,1716,876,176,1528,1839,1849,1796,1493,1610,1743,1535,1266
1699,1675,521,1758,1602,1418,1662,1661,621,1689,831,1569,1859,1468,1481,1850,476,1645,1592
1739,1476,1620,1668,1740,1609,1092,1686,1836,238,1378,217,1960,116,1570,630,1674,1709,1695
1732,1709,1710,229,1673,1611,67,305,104,1522,1816,1624,1850,762,137,1583,1588,1396,806
1072,137,542,1528,1350,1536,1625,1906,323,260,252,1721,208,1656,326,1492,1848,1824,1530
1716,1913,1810,1699,286,114,1532,1577,1634,180,648,1721,1693,1666,1611,1821,1468,1551,1738
1492,1287,1752,1521,314,118,580,1391,155,325,1514,222,142,1036,1365,873,1855,1822,1832
1865,1517,523,753,217,1809,1365,670,651,1850,1954,1550,1479,1073,35,1718,1806,1766,1595
1905,167,274,1642,1511,1590,1664,187,992,1569,1907,1800,1008,1956,1626,1856,236,323,81
1550,1490,1676,1712,201,1738,1732,876,945,872,1638,1760,1000,1480,1664,1546,1169,119,1181
61,1840,436,1638,1636,74,1682,1894,1621,1737,1527,1525,1808,1498,1779,300,1713,1763,1754
1812,1570,1647,303,37,211,1762,162,145,1490,1571,413,1536,1513,1579,1849,1956,1470,1955
1894,1976,1494,362,94,1396,1639,1690,1015,1825,1478,351,1803,224,1653,1489,1835,1721,1208
1496,1507,1629,1476,1827,976,1513,1646,1960,327,1739,1699,1596,1497,1600,1971,1530,1851,1908
1494,319,764,258,1670,1956,1574,1532,1500,1626,217,1846,1457,1672,680,1620,1519,1811,969
784,979,1648,1580,228,166,1796,1742,1909,211,1375,1507,1518,1503,162,749,1395,1072,1842
1796,1624,1375,1732,14,1654,1638,1672,1756,1047,15,858,1839,105,378,1703,240,1490,162
1694,1622,178,251,120,1685,1534,1573,206,451,1494,1847,1646,1669,1796,307,1609,449,1781
1821,1710,1754,1172,1542,1833,1492,1592,1795,471,1801,1211,316,278,1910,1740,1637,197,219
1585,799,1773,1674,1653,704,1870,1639,195,246,1529,1603,320,1691,1751,1682,205,972,1854
1792,850,1740,1806,85,1521,1908,639,1758,1844,1730,194,182,1701,713,1713,175,1562,137
317,1649,324,299,132,1484,969,1850,1769,1697,1324,1717,1506,1764,1692,1912,1482,207,1565
1544,1482,542,1598,1115,1684,1675,1819,1566,1844,1706,1648,1818,1771,1553,1373,852,1746,1903
1948,83,1780,1825,1769,1545,193,234,1508,633,1524,206,323,364,932,1656,1796,805,1776
227,171,1366,1734,1846,1405,1954,1609,365,1628,1725,1678,1764,1517,318,229,321,1719,262
853,479,1578,1268,1832,1562,1588,1565,1582,90,1543,1556,1576,1635,1741,1627,1133,290,1658
1633,1491,1476,1969,1965,107,1662,196,1694,1509,1711,1895,1828,226,1632,1666,642,1595,1411
323,1741,138,1378,126,1597,1754,256,1685,181,1434,1502,1528,1740,1744,1576,1890,1625,1569
209,1642,141,1754,1499,1564,118,322,258,1809,106,1908,297,1717,1813,794,1759,1610,1070
790,1728,606,1803,1831,1784,1703,1789,1506,1802,1527,1562,1482,1946,1602,1611,1634,1729,1621
1907,1497,1933,539,1613,54,1601,234,1847,1819,1780,1786,1733,1669,1768,92,1631,1046,1662
1601,488,1965,1704,322,712,1615,1611,149,132,1794,329,910,1870,1624,203,299,1740,1504
1695,1648,1612,1603,92,1576,1774,1812,1633,1626,1563,1878,136,479,579,1531,1369,1011,1677
94,1842,1764,1691,136,1837,1640,1613,1599,1743,285,1485,1698,329,1206,1733,1910,1243,1544
1551,1664,1779,1585,1758,1715,1521,852,1519,1790,24,1740,1961,174,1387,244,1792,1974,1523
1828,1753,463,115,1987,1690,1478,1518,1707,1598,1786,1739,626,1719,1829,1521,1357,1503,161
1611,187,1627,1775,1569,1857,1483,1792,210,280,117,118,1680,783,1651,1826,1750,288,316
1674,1765,1957,1757,1490,67,648,1842,1600,1857,1940,873,1755,1249,88,1812,131,1738,1716
1772,1681,1897,1481,1805,1969,1727,1092,1918,159,1788,1976,1695,1508,1666,14,1657,133,1520
210,1973,1092,1535,1947,1530,1688,113,254,1664,1821,80,286,1581,1394,1035,1576,244,1674
1565,1811,1787,1515,1663,1604,1911,269,1737,1366,1815,1905,1534,1558,1807,902,1672,1933,1544
271,1570,1805,1713,1637,1605,1802,767,256,1476,253,1046,1777,1818,1730,1491,1831,246,1368
1699,271,1775,1597,1960,173,988,1491,1941,1497,174,1505,1837,106,1836,583,518,1593,1667
1733,1115,1851,1205,59,79,1768,1731,1659,1607,151,1725,1591,1711,736,1581,1679,1765,1482
1480,28,258,1773,1840,241,1824,1592,104,1890,433,1912,1275,621,1729,1382,1755,855,1798
1762,311,165,707,1908,1722,231,1604,183,1779,146,191,1693,1478,1475,1744,1654,169,1645
289,1771,1046,1537,1906,1549,1784,655,1837,228,1802,259,613,1610,1841,1377,1786,1581,633
1638,127,1937,847,602,1070,1819,1760,1622,1642,1747,1709,1824,1683,1383,294,964,1706,1743
1484,1555,1618,156,1821,1129,1795,1572,1970,130,1600,1749,96,194,1632,253,1745,1515,592
1852,245,700,1898,230,157,206,1520,1723,1833,1070,274,186,1576,1717,517,1729,1711,152
787,263,1566,1843,1531,801,1621,116,1781,1481,168,1711,1837,238,1777,1758,1757,1678,170
1748,1511,1699,198,1604,1652,1623,1910,1774,1825,330,1820,1494,1514,1685,1804,1813,154,1773
1658,645,1747,1529,1768,170,212,1955,420,1670,1845,1631,1677,250,1071,83,1626,1760,239
1626,1036,1804,1631,246,499,1553,1326,1669,1760,1582,1682,1547,1620,470,1653,1847,110,1609
1658,1488,1637,292,285,1794,1588,1710,1070,1762,155,147,1634,1795,1698,1677,1714,457,1767
1677,1602,1547,1556,1857,1623,461,1641,1628,304,1740,1045,282,1791,1565,359,1662,1603,1218
1683,1950,175,1742,1514,1484,1769,641,95,1594,1788,1768,1515,1569,1844,1939,1790,1566,217
1671,1510,1539,1497,1051,1855,233,109,1477,181,89,612,1684,1728,157,1668,1589,86,1633
20,734,1755,1897,155,1615,260,610,133,1533,700,1381,1715,704,1368,1741,1743,1481,1539
1524,1683,993,1610,1537,1342,1815,1836,1591,1763,1581,1669,1689,198,1907,1580,1708,1526,164
1124,214,1373,1668,816,1721,847,319,1955,220,1738,1705,264,1853,1487,1817,1692,1798,1562
1807,300,1553,106,1895,1670,1631,114,1696,1394,65,178,1572,1620,121,1407,1662,1591,1826
1786,1818,1948,164,332,1661,97,1732,1480,527,146,1431,1784,1824,990,1073,1527,1612,1512
1745,1838,112,108,1613,232,1757,24,1819,1663,1792,1922,214,1905,1767,217,1136,220,1773
75,336,1513,1804,265,1698,1795,1673,140,1620,1510,84,329,293,1807,1738,1551,1625,1483
1810,304,103,1735,1693,158,1605,87,1715,1787,1648,1695,1709,1533,1618,1118,164,42,1577
1945,609,1537,1069,1548,100,1579,700,1689,1100,1406,1661,174,1504,1833,304,1513,1595,1911
1755,1613,1723,1566,1492,1680,1750,199,96,1554,1612,1546,1484,94,263,1759,1561,1571,1493
1566,1493,1379,1561,1610,1684,1783,1756,1746,1526,1775,920,1095,1673,113,164,229,1279,1591
224,1852,278,1913,1733,1378,1494,100,1647,1816,1269,1606,279,1482,1622,1818,1743,1568,1847
1853,1568,1659,1666,233,1946,62,184,1676,1595,1512,1832,327,613,1846,1593,1536,1672,193
1596,1569,1961,1477,302,1670,495,1574,1516,144,1842,1872,1909,1807,1396,1756,1557,1808,1668
1537,328,1594,1314,1773,1742,1753,1590,1530,1592,1764,219,1698,1766,1799,1372,386,204,393
228,1811,247,36,1623,78,193,1058,186,1818,1549,171,1367,1720,414,1540,129,107,1833
78,1960,588,198,1973,203,1719,1754,1324,1593,438,1508,1825,1755,1586,1749,1701,1776,1480
1170,1807,1562,1769,1750,1827,1134,1815,1726,440,1819,284,1652,1749,629,526,235,1837,1893
1596,1577,1815,1518,1725,1501,1767,1570,1720,1699,1853,1595,1300,235,1523,1047,1586,169,1669
1777,124,1597,1540,121,267,1737,1237,1468,1490,158,1499,1441,1661,1812,1573,1832,1850,1856
1650,1378,327,1072,1593,1503,608,1671,891,1117,1583,1373,91,1274,1617,1741,1573,1850,92
1373,804,157,1611,1433,1731,1613,1755,247,1491,1810,1105,1594,1819,1571,1394,1839,1895,297
307,737,1828,1679,309,233,1720,286,1978,313,1767,1648,1526,1547,1969,1751,1702,1692,1627
1579,1836,1030,1942,293,1848,1877,1479,1665,1476,1826,327,191,622,793,1961,1803,160,1506
1910,1847,162,1091,1666,1776,842,1577,1729,1802,1569,36,1397,161,1845,1774,267,836,1722
1760,1834,292,1575,1737,1736,810,1385,927,1657,1556,245,122,1586,1705,1632,41,1735,1660
1712,228,109,1810,1618,1526,1725,1641,1696,1544,491,1569,1650,115,1662,243,171,301,1521
1484,1703,1669,1562,1849,404,1680,1391,1069,1697,118,1803,273,934,45,238,790,251,1702
1570,1855,713,1108,1854,1640,1801,1670,1525,1440,221,1790,673,1394,231,325,140,1567,1834
1648,969,209,1763,230,1797,1642,369,439,1577,1801,1811,1792,1490,1833,1810,1556,321,165
1617,1812,24,1670,1500,590,104,1771,1758,1768,1485,1968,705,185,90,1840,1490,208,124
1191,201,1699,298,1948,104,166,500,1492,1909,126,1487,1549,1587,1761,1856,1049,214,250
700,1675,1551,157,1582,1774,1564,1559,1538,1694,1755,1742,836,469,1516,1791,1745,1320,1770
1811,1584,1616,1588,1830,426,1566,1069,138,1794,1371,1937,1439,1476,1594,24,1502,1515,278
610,1856,1831,1201,717,1701,1639,1070,1548,1841,203,1734,1616,1603,1728,210,1391,1790,1560
1172,1231,188,1495,1546,1200,1824,793,1590,1791,1669,1849,1626,1488,622,1697,690,1414,1866
39,1829,1383,1699,1557,93,26,1582,1696,1805,1964,1722,80,1779,262,1673,131,418,1815
1708,1720,24,1545,1685,1666,78,1643,1384,1802,213,354,1512,1717,649,1776,1822,1847,1648
88,1785,1724,276,1393,1830,1615,1726,1781,1832,1602,1153,1373,329,250,536,1834,1544,1787
1557,1707,1657,1691,1098,178,1510,1625,1719,147,802,89,1849,1496,1670,285,438,856,1833
1641,1972,1565,155,1584,1496,1498,103,1614,1751,1765,525,1170,101,1704,190,1899,87,1785
83,1906,1684,433,1744,374,304,120,1708,154,97,1846,73,1654,1622,516,1774,1782,1813
1206,1238,1759,1482,1908,1475,1606,272,1478,805,717,1372,1535,1591,1685,1911,320,1629,1747
1645,1707,1655,161,88,1884,1015,1835,306,87,1582,1595,1337,282,1777,1585,1035,98,1215
792,1661,1800,580,1806,1591,1585,1636,1972,1727,1783,1794,1111,969,1850,1728,1669,1599,117
250,1708,256,264,1658,1372,125,1852,1549,1501,37,1767,1934,1803,321,1766,173,1629,1741
1111,1476,562,1952,1524,1722,1590,1205,515,1766,251,260,1592,1848,86,799,1662,1954,1622
177,1725,208,833,1799,581,90,1748,1744,1502,183,1505,1793,567,382,1638,1805,1707,1804
1767,1660,1564,268,1774,269,1776,136,1750,1481,205,206,1804,130,12,1850,283,86,1697
1607,1852,1846,1776,1568,1624,1168,1669,1532,1174,1812,244,52,616,1486,119,1798,269,1704
1912,1754,1617,1571,1702,997,1655,1806,1770,1830,289,1945,146,1625,1514,1795,263,1940,1481
1765,1577,143,1730,1913,1501,1790,205,1600,696,1525,1485,1659,1905,1534,1713,1848,1390,1717
268,431,1660,1963,1746,792,1753,1563,243,1817,1724,1776,1765,1739,1076,1713,440,1896,1838
1726,1730,1974,81,1548,1644,1512,1500,1855,1027,545,1936,705,1754,262,113,257,1523,1710
1828,1070,1652,1899,1311,1718,322,1680,1625,293,1493,1596,1514,1787,28,1502,1529,1600,1574
1690,1316,1515,203,1477,138,1572,1825,1506,1745,1824,1646,1569,1773,638,1683,1197,239,242
274,1482,1709,900,1725,1481,1574,1785,1719,206,1714,1487,1563,1863,1505,1222,1741,1510,1320
1391,1757,1643,1897,1798,1970,1612,1825,579,1912,1737,324,1702,1559,1199,197,226,1692,1567
1580,1113,1834,1713,301,1491,1530,1697,1855,1472,1774,310,1549,1657,1836,624,531,1778,1621
1115,1687,259,1508,325,112,692,1853,1694,1476,1627,1538,1675,1563,1893,1302,1754,1815,1946
1675,1657,1830,1531,1735,1749,1797,190,1672,1485,243,1598,1975,1629,263,1679,1694,1479,1841
1770,1906,311,280,1477,1731,241,242,1593,114,1369,1738,1157,1596,721,1808,875,1588,1854
1048,1824,1603,1321,896,1178,183,1759,1682,1818,1952,1669,1850,1763,1590,55,1743,1822,1775
1069,1613,1651,177,1635,1803,96,1379,255,307,1783,1811,1682,1713,217,1825,1794,172,1788
196,1661,303,1672,1542,810,1783,1646,1981,1732,1704,1496,1841,704,1493,1946,90,1835,1845
1722,271,1597,1547,1479,1969,1853,1531,182,309,1690,815,1826,304,1727,1505,181,933,28
1039,1477,162,1780,100,1576,1521,1773,1781,1475,409,1826,296,784,1697,266,1600,1575,166
1835,1783,229,1627,1780,1483,1677,1747,1375,201,165,687,1813,1021,1072,324,1393,215,1568
1683,1650,139,1589,1610,308,1985,1774,1730,1508,1673,1696,1535,1700,1767,240,603,1754,17
1802,1818,1974,1257,1052,1612,1947,1574,1680,255,1831,1722,1790,1837,1799,397,1670,1839,1835
256,1709,1768,1630,878,1535,1562,1721,767,1611,1579,773,493,1660,85,1554,1747,1442,1319
120,1012,1580,1679,216,132,1727,654,1602,1831,1592,1674,861,1486,1736,1551,1771,1244,1816
271,1563,299,1493,1603,1477,1900,1708,1825,1798,1702,1509,193,1635,1924,1821,1871,1720,1504
1822,1723,257,1802,1743,74,1502,1948,1510,1379,1597,969,1661,1576,1697,1827,1496,1373,1821
334,933,1667,1759,1760,1488,1675,1515,1854,1195,165,1911,490,1620,1964,1634,1599,1768,1612
1788,1677,608,1824,1514,93,1500,987,432,282,1660,1675,1569,1584,1605,1727,1696,1822,1784
1767,1381,1335,1765,1374,1709,1516,1913,1554,1645,1722,1686,1842,654,1672,1930,1874,117,1718
1733,1769,1593,1491,108,323,1782,1523,1944,1484,1572,1501,1527,1783,1636,1613,1843,1846,1642
1829,1546,1086,1641,383,1799,1215,1760,223,1651,1748,1612,308,1497,1521,224,141,1688,1839
1648,1718,1719,118,1401,1477,1908,1501,641,1683,1677,1841,1970,1824,1952,325,1585,1678,1514
1657,1747,1007,734,799,1788,845,1486,1740,1789,1494,1763,992,1973,257,162,1690,1750,112
1913,1710,309,782,340,1514,110,1640,1685,1560,1814,1276,1598,1173,1481,170,1489,780,1910
1749,1821,1706,1757,1754,399,1606,249,1601,1701,13,1646,1538,1379,1563,623,1791,106,1488
222,247,351,1533,1659,139,253,293,1772,1639,1952,1392,14,1911,1668,1597,1852,1594,1560
151,1603,1779,80,1944,1041,627,1527,1526,1561,1778,1660,936,1594,1620,1595,1844,180,281
242,269,212,1584,1618,1840,499,1699,1586,1073,142,1345,1616,530,1784,1555,233,126,1905
1537,227,1948,1566,1670,1681,1120,1491,1806,1613,1698,1623,1700,1781,1318,57,251,316,1707
1799,1770,632,1659,1137,767,1653,1533,1781,1773,226,1507,1020,723,1957,115,101,1849,1512
1687,774,1526,304,1544,1648,1805,26,1856,1843,1784,13,1180,174,1842,1619,1494,1727,138
1732,883,202,1829,1808,1570,1617,1529,1491,1908,1845,1535,1168,1652,1513,1601,1592,587,1698
1644,1860,571,1599,301,1598,234,1668,1841,1184,1767,1831,1489,1849,1793,219,237,1960,659
802,1751,1385,193,182,1697,272,103,257,1626,285,1419,1802,1766,1380,129,1816,1337,1482
141,1458,517,1483,281,1534,1183,290,1500,1853,1575,197,1600,526,214,1596,1762,1634,1753
1560,1587,324,174,1633,1800,161,223,1752,1972,1986,1611,1792,1780,291,1718,1516,1573,1669
1477,1306,932,307,115,125,1524,1744,1546,1750,1616,1773,386,1516,232,1922,875,1649,132
735,1516,1813,847,1498,1502,1823,1159,1848,251,1002,1394,1796,1143,1609,1614,1948,1102,1754
1836,1691,242,1697,1848,1780,1728,115,1915,248,1633,1505,1743,7,1535,1761,229,156,1797
1775,1532,1840,1654,1253,231,189,1699,1643,92,1601,1615,1016,1562,302,1603,184,1750,1696
1873,146,1772,222,86,1951,127,1847,1496,72,206,166,1863,1657,1479,1085,889,767,1681
1544,1589,245,1728,1824,1662,1834,1952,1510,14,300,1641,1499,1946,1581,1798,1807,378,116
1678,1536,1506,1694,329,1772,1782,1850,1500,1955,1532,277,1636,166,1570,219,213,588,1613
1368,1237,1776,1802,198,1735,1805,1365,1009,116,1524,1840,1622,1705,212,1701,529,1688,310
1651,99,1365,1906,1827,1633,1770,546,1792,552,136,861,214,106,1752,276,1837,1662,1489
1828,1591,1379,1866,995,1824,245,1720,198,226,154,1596,649,1811,1808,1550,776,262,1821
1614,1524,1632,1816,1802,1814,1645,1725,1639,366,969,264,1582,1693,1561,1514,1686,1905,1581
1820,1905,1496,1685,1665,577,1513,1604,1818,1755,1910,1784,125,1722,193,1769,1752,1896,1493
1788,1797,1562,1718,1671,568,1809,1764,1814,104,1752,856,1575,1477,1139,1633,1590,1876,1927
52,1385,1666,1749,1736,1502,1332,1589,1973,1770,1101,1806,289,1475,1380,1901,1544,1484,59
1957,1680,241,1746,1728,1536,1756,85,1394,700,1501,1663,1704,1557,310,1558,246,1596,1507
1617,1756,1562,212,226,1900,1522,601,1671,1564,1697,1820,1686,1584,1526,1646,246,1488,1810
1619,1574,485,1507,243,259,780,1584,1789,1908,1633,1680,1681,1582,1765,1754,1579,111,1664
1537,1637,1697,1577,1771,1680,92,1777,154,1563,122,1527,202,1595,1561,1713,216,1852,1686
1688,1772,1557,1659,1501,1747,1673,1816,1607,1586,42,1849,1086,1856,1718,1492,272,315,1629
303,139,1482,1892,1552,1929,1515,1775,1708,533,1609,1619,779,1540,198,1503,1505,1546,1771
1558,254,1326,1541,814,1703,687,1679,98,9,1733,1531,1665,127,1728,1478,1853,1849,185
147,1211,1972,191,469,26,1530,1371,1527,1748,1776,1619,105,1539,1552,1544,1741,512,1585
226,158,1620,1780,762,1648,1844,1570,1627,1502,1794,238,1249,1742,1970,1586,185,710,154
1291,270,1765,1817,273,112,1672,781,1799,1724,1793,1844,1849,1513,120,1777,142,987,637
1968,176,74,44,1799,1734,1925,1527,1905,415,1725,1547,192,221,1638,1516,1788,1854,1707
1892,1780,1489,1686,1690,1653,1662,1574,936,104,1494,237,157,1942,1651,313,1172,695,1735
1932,1699,1719,1525,1795,709,1593,1834,135,1852,1596,1661,1862,1509,620,274,1585,1558,554
317,1838,216,1085,305,1687,898,1575,1589,1507,1498,234,1726,1811,271,1605,1520,558,100
1794,1590,1094,1630,367,1547,1585,1726,1117,1631,654,321,932,303,1668,1522,259,46,1950
1695,225,1910,1510,1753,441,1716,1785,484,149,1745,572,1687,518,1505,583,1760,611,211
275,165,1377,1966,1073,1747,87,201,1743,1774,143,1528,1983,1796,1578,1805,195,328,212
1965,1741,1274,1383,1532,1956,1834,122,81,646,1597,1537,889,197,1692,325,1647,1413,1733
631,1813,154,1490,1581,1596,127,1381,903,1844,1395,1680,1286,1725,1749,1623,1686,1769,1501
1844,1489,1829,140,1954,1869,1592,1684,805,1832,204,1893,1550,1494,1943,1913,1564,1689,180
1771,1830,1735,1569,1739,443,1898,1836,1519,1834,1853,1612,1708,278,1907,1100,1657,349,1623
281,1819,1715,1692,1087,1556,548,1562,184,1573,1783,1758,1554,1388,1628,1154,780,1610,1564
322,1750,1907,1593,1792,992,1770,1720,243,1488,1067,1586,315,1769,1810,278,227,1682,1553
1070,1518,1798,1571,1846,96,1913,1217,779,1574,1890,1847,153,1822,1553,1635,534,1545,1809
158,1832,1805,1394,129,1459,1531,1692,616,700,1033,1598,216,1581,1679,1382,1593,1497,288
1534,1684,1549,1615,1743,1550,1666,1543,15,150,1693,1592,1963,1096,1598,1724,1672,833,1602
699,1750,786,1491,1567,1724,285,1632,1705,1658,1809,1524,1383,1680,1506,51,1580,1584,1542
868,159,198,618,304,1623,1701,302,1672,1665,1785,1480,1483,1810,1739,235,1738,1251,105
1562,1660,24,324,1581,1766,1584,134,1270,115,1799,102,1791,1533,1650,1561,1303,159,1765
1518,1068,1070,1775,1583,1392,1481,1680,1004,1848,31,283,253,819,1782,162,1756,1798,1591
81,1782,1312,1909,1632,196,1634,1671,1544,1638,1506,1647,1785,304,250,1557,279,1871,1648
1494,1709,173,1527,1700,1553,1248,1769,1535,1486,1816,1710,265,122,1497,1629,0,292,255
1558,1928,1533,1761,148,705,1800,1526,1816,26,153,78,1585,1849,992,1944,1802,1589,1322
1701,1557,215,539,151,1582,1712,188,1202,1575,1549,1767,109,1745,1797,1849,1654,925,1800
1355,1604,312,1803,316,1505,1750,537,1480,1639,1820,303,1968,1477,1929,1489,1708,154,275
1602,1218,78,1057,1855,65,74,84,1894,1523,1776,1543,206,1810,1694,212,1609,1912,811
1720,1443,1375,1391,1555,1070,297,1739,1687,1483,1661,156,1947,1517,263,1489,807,1802,1776
1760,295,1540,1374,241,1701,1493,1083,1840,1926,1908,1489,13,1789,1704,1624,118,1775,1504
1547,157,167,1839,1630,328,78,306,525,1838,1723,1766,563,788,1565,1788,1509,1606,1561
573,1767,1650,1518,1581,102,1527,1675,1614,1178,1478,1441,644,1180,1612,1856,1695,1853,1504
1851,1876,1761,1703,1583,1914,1708,1490,786,294,1666,1697,1391,160,1480,1591,1689,1070,262
1637,295,1625,307,1866,1682,1886,1560,1860,1568,735,1558,1714,321,1666,1697,567,1092,1823
1852,1641,1076,1831,1971,1551,1619,160,1375,185,1699,1838,1386,906,651,1907,128,1533,301
1838,1767,1638,1478,160,88,190,152,197,1481,1703,1391,1613,172,944,1803,1682,1692,1953
1616,1490,263,1791,1491,1598,1709,1770,988,1641,1585,799,1628,1798,1780,1492,688,1304,1162
961,1693,1798,178,1590,1318,151,1353,1835,1477,1837,1626,1621,179,1576,296,324,1310,1822
1783,1703,1819,1073,1379,1446,298,896,476,1393,296,170,1677,1680,118,1906,176,1905,222
1691,419,1929,1526,1728,120,1756,1682,1592,137,251,1525,538,1906,1505,1932,246,1524,963
743,1728,1481,208,1666,1680,1550,1540,1593,973,78,1494,1509,226,1719,1585,1552,1832,1870
1522,1504,507,259,1945,1777,1495,170,453,1829,1578,1808,1685,1844,984,1025,1235,1483,1798
1630,221,1706,1672,1803,1217,1488,1733,1616,1778,1670,1772,1831,1782,1957,1841,327,1843,788
243,1688,1478,192,1705,1559,1635,1870,1617,81,18,1948,1808,1492,1117,1563,1477,1754,408
617,1392,1791,716,1495,518,1564,1656,1833,1966,1535,1839,157,1686,1778,1845,215,1714,1909
1482,1830,1713,969,310,1824,306,1593,1708,134,1797,1755,1692,1631,1749,1822,1481,111,686
1913,499,148,1562,1591,612,942,1668,568,1778,1931,1623,717,140,396,1892,197,1500,1620
1737,1686,1699,1504,943,185,1957,1728,619,1674,1549,110,137,1774,1694,1748,324,256,129
1709,1805,227,124,1832,1674,181,1073,1803,1797,1622,1819,1134,1659,67,312,190,1507,1656
1071,1659,1888,1531,677,242,1767,84,1716,1596,1717,1648,623,1732,1541,13,1396,659,1580
1971,507,1812,1579,1630,1795,1642,1780,1819,451,88,1749,1484,779,1643,1940,1833,1848,1879
1712,1766,177,1553,225,270,1974,1892,1539,1670,1352,1579,1563,530,1706,288,109,16,1829
1710,1964,241,1777,217,220,1701,1668,1909,1940,1508,1910,1717,1381,1100,1702,150,1491,1836
1543,1518,778,1799,1650,547,643,1516,169,1505,1764,1801,1653,140,1961,173,1835,108,810
1702,536,203,162,1788,1452,1850,1720,1663,1621,150,526,409,1587,245,202,1534,1670,1801
235,225,209,1668,1548,1636,1957,1696,122,1596,1790,1324,1589,1856,1757,1779,1770,1678,1533
1661,1777,1766,657,1482,82,274,202,1972,1388,1725,1637,1703,1547,1718,835,1740,1689,293
1543,1832,1765,1551,1958,1643,1768,1819,155,1813,1488,1684,1593,1704,1261,1822,79,1477,105
304,1640,217,1630,1701,1543,1911,1860,1832,1763,307,1724,1757,103,1732,1697,1950,1682,264
939,1705,105,1806,1072,244,1395,267,1676,1549,1745,1539,1714,693,1708,1910,1111,1510,16
1742,1635,217,930,1547,201,1527,1496,1830,1920,1569,1852,1735,1383,589,791,235,1378,1685
1747,443,303,1773,339,1392,1823,1501,1808,1444,1894,160,1658,1445,182,1705,920,1772,1324
222,1808,1653,1771,1611,123,1825,1494,1740,32,1694,369,1591,1391,1553,1664,1376,1714,1155
1934,1756,794,212,1694,1501,160,316,649,1714,1656,1391,1383,1518,141,1632,1732,1190,659
1913,290,1549,302,1609,112,1597,988,1275,1955,1580,924,1386,1988,1495,1638,1656,1735,1850
1000,1736,1774,1544,1616,210,1341,1629,1649,1425,1515,148,1784,203,1716,1712,1574,1789,1053
1763,1626,1691,329,206,1593,1526,291,1850,1896,1574,1845,1819,1648,1504,1367,1486,1728,1673
359,1739,1966,1856,294,1748,675,1611,1587,1759,131,1600,1832,1730,1485,1533,1831,1844,1802
1391,1531,79,1763,1500,1681,1394,1411,250,160,645,1715,280,1662,1353,349,1761,1532,301
1480,497,1715,1839,1495,1840,1670,1769,1757,1389,1519,1596,1481,1135,1922,325,1662,1825,289
1582,1808,1650,1671,1749,1568,224,104,1751,1696,1835,1323,1919,136,1823,1663,1727,1819,343
1737,1812,1583,1608,239,1585,377,161,1123,316,1697,1711,118,987,1839,228,1531,1615,1649
1550,1819,1855,1746,1830,1651,133,1589,1575,1661,1636,1390,1711,1476,1767,1720,1707,157,127
968,1508,1688,183,721,1803,1629,1605,1770,100,92,212,1838,261,158,802,1609,1786,1764
1635,1891,1751,111,44,1805,1607,835,1957,55,1727,1573,1603,1660,969,1767,328,130,1563
1724,1643,1486,244,1832,1033,1911,204,179,1632,322,1685,4,1571,645,1857,84,1614,1678
1850,1597,1770,79,1565,1683,1639,305,475,1606,1305,1908,1675,1666,1544,408,1827,1802,1585
986,1689,393,1734,1823,1728,1527,219,1870,1284,1570,1752,1840,226,166,1801,1782,98,1970
106,1621,1718,1455,115,1668,701,1696,1622,1635,1586,1265,1515,299,104,1678,142,1742,282
1634,1799,1489,1524,1728,1912,1599,1773,313,735,409,1795,1387,1588,197,144,111,168,649
704,1592,1518,1908,200,1343,1820,1542,1588,1846,1684,104,1598,1382,173,235,1786,178,1548
1650,1802,1705,1152,1577,1620,1667,380,1581,1684,153,1547,1788,1633,1757,1539,151,1552,1610
835,241,247,1824,1728,1303,1969,1804,1831,48,399,1488,1480,1973,112,277,1486,708,1826
1955,1834,1506,199,1913,1192,1846,485,88,1544,110,1738,1550,244,1737,1532,1659,1696,1753
883,1851,1570,28,1383,58,1805,151,1176,404,144,1624,1958,1678,1540,270,1628,1597,1973
1698,1480,232,1658,1675,1629,1740,1655,3,1704,1688,1606,289,1530,1753,1221,283,326,249
1689,866,1777,1788,877,1837,1518,87,1703,1273,67,1698,1757,1763,1036,327,391,1500,248
1782,1788,289,1495,1637,704,1767,1496,1794,1021,321,1845,1740,1513,1629,1532,1940,38,1608
1797,781,1150,1643,283,1685,1710,836,1694,1851,1638,1590,1747,1682,1516,658,295,1941,1517
1562,1706,155,1484,113,1573,1649,1526,1182,1778,12,1688,1546,932,213,1499,156,1958,134
1571,1692,1691,1753,1532,104,1589,1726,1557,1888,87,1834,507,178,298,1688,116,1373,1803
257,1620,559,1558,1719,1905,316,305,1970,1251,283,1768,1842,318,1481,974,311,1775,1715
1567,1456,283,1748,1794,1487,92,1538,1606,717,1501,1070,1697,1714,1629,279,1821,202,87
279,1338,1594,187,1565,1606,1768,170,1769,1834,1248,150,990,1493,1698,1676,120,220,1286
1676,1848,1393,1736,1971,201,127,1505,1632,1657,549,1574,1545,815,1497,1596,109,1776,1518
1521,90,1968,864,1551,1371,1754,1706,326,1659,236,110,11,1944,268,1618,1822,1843,1713
1544,1481,364,1693,798,206,1834,920,1597,1716,179,95,1516,1813,759,909,1699,174,100
1794,1444,1764,96,997,1611,1498,1711,1749,1869,1394,1640,102,1231,1845,1848,888,969,1820
1774,843,1945,85,1488,1543,315,1636,1773,1639,662,101,1723,199,1665,1700,228,1539,847
1664,270,1287,1812,543,1522,223,25,1628,1957,1796,177,114,1904,1552,1803,1019,1375,1322
1158,239,1767,1286,1591,1608,163,1552,1826,1488,1346,178,1724,1669,1622,1887,1682,958,1694
1492,499,1826,1911,1626,1790,121,548,1662,1736,1070,1771,1567,1806,1644,1173,1678,1658,1740
960,1794,1975,1705,1958,1713,35,186,193,1623,1763,800,1848,1521,1614,147,1688,1648,382
460,1375,199,284,182,1296,315,1800,1592,1850,1565,1070,1644,1838,1841,242,1477,308,1758
1755,1720,195,144,1893,258,1574,1090,1251,1626,1850,1819,156,1737,1504,1723,1715,1633,1786
1942,1744,1501,1636,1922,676,1588,1549,1740,1950,487,126,1734,974,308,764,1855,1746,1589
883,1777,453,298,1662,1895,1530,325,1423,1574,1517,1725,1485,169,1391,1524,1563,939,1069
1514,1748,1480,1849,197,1787,1834,1683,1670,1713,1496,1930,1533,1842,1893,1811,1947,242,1775
1973,1067,1781,164,1948,1495,1636,1608,1656,1762,442,575,1521,1576,304,1620,1761,1658,1500
1694,107,1718,1316,506,273,1850,1726,1648,1531,1501,1674,1268,1690,1101,319,1646,1762,1534
1791,527,1071,647,1684,1783,1743,1731,274,1770,1665,1512,1745,200,1819,1491,329,1846,1705
1594,1035,298,201,1572,141,1767,759,709,87,950,1956,1763,1811,127,1752,1691,1961,1522
80,151,1855,317,1492,1572,1859,843,1534,1653,1293,711,1747,1716,1912,1745,642,156,190
1794,56,1725,1516,1548,619,1534,1500,1909,1522,1383,1645,1854,1941,1555,1798,1585,1571,1686
1551,1617,119,1630,1516,148,1482,1558,1627,1687,986,1828,1695,1540,1738,1620,1859,995,232
197,1671,1506,1633,949,1605,1975,1387,259,1537,212,932,1123,1747,142,1556,1476,1727,1720
451,1484,139,1839,234,1282,1798,1944,1967,1693,1714,267,1716,109,311,75,1598,180,1748
1607,1572,1940,311,1734,1780,204,1847,1487,1838,1788,183,1723,1574,1668,1713,1584,16,1594
1372,1709,1810,1838,1691,1826,725,1276,292,305,1616,1720,1894,1694,1778,1506,1190,1796,1676
1770,1383,994,1857,283,836,179,1607,1577,160,1831,576,533,1665,1625,1556,1374,1614,1535
158,237,1827,75,1718,813,197,122,1791,1517,1813,210,790,264,1488,1022,252,1523,1830
1692,1776,1487,1507,227,232,1580,1629,1853,1851,1225,1494,185,1516,1735,1525,1396,161,1370
1633,1395,296,238,1738,1569,215,369,1533,1292,283,1913,1784,1000,1636,1835,879,1902,1644
1576,1052,1807,1391,1374,450,1788,426,1481,1539,1072,1602,1660,279,1836,1811,1476,1852,1721
312,135,1689,1960,285,495,1016,1472,214,1612,212,1651,1476,1694,24,1788,279,142,1744
1675,1653,1506,1771,211,1818,1853,1683,491,1791,1538,1856,1667,1639,189,241,183,1661,1036
213,720,230,1059,272,161,1760,1771,1686,1622,832,1753,1610,203,1830,1644,1689,1857,1729
1655,696,700,1117,1718,1787,1856,1632,1659,1684,1738,76,1676,1557,110,1556,166,160,1700
1672,1371,1588,1919,1774,895,1806,1906,1711,932,1760,252,1826,96,1706,1476,1772,1509,229
1616,1780,1838,1488,1550,1383,1760,1804,1671,1672,1574,1707,705,1675,108,1677,1818,16,941
1913,685,1486,1505,1970,1649,677,1680,1766,1725,330,1560,1499,1790,1843,1075,1895,1578,927
1504,517,1816,1615,1608,1482,274,1636,1372,1632,1577,1787,1753,765,1707,127,387,1564,234
1817,1764,118,1721,939,1952,1128,1527,1780,1594,436,90,1374,1636,1854,1623,1351,709,1503
1536,1318,1912,1598,1968,1609,1955,785,1783,1481,1776,1511,1821,1070,1902,1588,1479,1666,1034
1656,1067,1774,1649,1554,270,988,1683,1673,1530,1556,1628,1832,1758,1478,1733,197,1374,1608
379,1567,1283,363,1841,782,1392,1848,1727,1488,1647,1487,1659,1702,1960,1759,1789,304,1771
1768,325,1061,1856,1523,266,1634,1496,1504,130,257,1772,1696,1882,1825,1526,1843,702,284
1737,1641,1612,1667,180,1743,1718,1842,1581,1650,1807,1513,264,1530,272,1494,1636,68,539
1845,148,1233,1821,215,438,1292,1783,1805,96,291,1569,1754,1654,1971,1641,53,1398,1681
1709,184,1714,1567,1781,1374,1724,1568,1690,1507,327,1584,1802,188,1475,1636,259,1817,1537
136,1567,1628,1479,304,1383,1587,1706,1672,1747,212,1778,183,223,1529,165,1754,1566,1690
1697,1547,1751,1546,1805,1847,1393,660,1750,207,1944,1688,1857,1968,1677,1523,1789,226,1907
1487,1803,1704,1588,252,1116,700,1716,154,119,1739,1378,1229,312,1374,1754,1942,1751,1842
1717,992,1536,639,1681,987,1478,1739,1679,1659,1695,1656,312,1715,1702,1833,587,252,122
1129,135,1555,325,1833,1539,1332,1748,1883,939,1490,1896,465,1616,1842,1593,950,1657,1653
44,1714,1597,327,1592,1836,1636,125,1628,1730,203,1650,1562,134,1773,1911,122,1591,20
248,229,1841,1543,270,625,1739,1828,268,1484,1753,1651,259,1676,1660,1648,1705,1695,1684
1507,1768,1970,1707,272,1641,151,1816,1804,994,1899,964,1729,211,1853,1134,1809,1755,1653
1773,1784,1715,1499,1791,1834,1739,1309,1855,1670,1769,735,1489,1813,1659,240,1571,611,1574
1726,1444,45,304,1736,1335,167,1644,1589,1816,1510,1764,1488,1376,1812,942,1784,1676,1675
1803,1805,206,932,422,1586,106,292,1604,95,1847,165,1753,1202,1571,1566,1505,1601,1739
1744,1492,1850,1510,1523,531,537,1387,1580,1548,1590,1669,1642,1631,89,195,1383,144,1807
863,28,1638,1706,671,514,15,1434,1533,1771,215,1691,1542,1617,252,1764,1685,991,1480
1823,268,1765,1658,1136,1620,274,1100,1614,1970,54,1530,1519,1943,1594,1583,76,1484,1818
1908,1814,1800,1590,1910,0,1574,176,126,221,1524,1494,1691,1627,657,1614,1855,92,1830
1763,1697,696,1576,1384,208,956,1655,877,1488,1670,1517,85,1617,1675,1664,1719,236,1706
1073,1839,1787,1565,1584,1798,1431,1580,1509,272,1821,1780,1244,165,1588,495,1365,1529,1721
1774,190,1752,1703,204,1909,200,903,1912,1767,1893,1680,1923,205,78,305,1261,100,444
1655,1068,1589,1715,1342,1649,1636,1765,592,1744,1831,1819,229,1663,1934,1796,1723,1799,1385
1735,1906,1784,1326,797,1626,1527,1483,184,1565,325,334,1655,1573,1762,1734,300,875,1480
106,1569,193,1,1376,1809,226,179,1666,1720,111,687,1114,265,169,656,1673,1542,1491
1629,1616,14,1838,108,1497,1972,1507,1567,1803,1385,1544,1710,550,1853,1759,1817,1568,1664
1688,128,1757,1507,1051,1592,612,1637,46,832,189,1787,1573,285,283,308,1792,502,1842
1792,1279,1912,1652,1582,1808,1484,1541,108,864,1478,1661,1806,1705,186,1518,1795,1728,330
1642,1705,1811,1781,1912,904,149,96,1354,167,1604,1672,236,305,1573,1624,518,1070,1611
50,1372,156,1640,111,1707,1369,90,1546,1359,1841,1844,1531,1553,1802,1643,1828,363,1847
1840,1556,1606,1754,321,1742,1512,1771,1679,1746,1723,1486,1801,1802,996,97,1968,1353,208
1542,83,275,1476,1584,1701,1774,1789,1816,1906,1021,1744,1552,1728,1836,176,1085,1812,1577
1754,1836,162,1894,1546,1664,253,1819,1540,1628,1494,1707,153,1668,327,1541,109,1960,1725
1760,1844,1568,755,1325,400,1711,1488,283,1749,428,1519,1470,78,1715,789,1552,1628,528
986,1625,730,328,122,1606,1640,1847,292,91,1939,1668,1577,1762,1602,130,1632,1739,288
347,144,1684,238,1616,274,1518,1660,1501,1272,1694,1055,185,55,821,839,1744,1801,1815
1700,1644,1626,936,1797,1771,451,1389,1729,1832,105,1439,1726,1566,1760,1850,1606,1778,206
1202,1373,148,1522,631,475,1594,1642,1810,1469,1713,324,96,1719,1698,1379,305,1532,1776
243,731,1672,1823,1699,1584,1845,283,1513,1491,155,1708,1391,1888,1706,1895,1634,1078,1806
1814,950,1842,1525,318,1668,1669,125,1569,325,1605,137,1634,287,198,1968,323,92,1803
1536,1852,1780,1604,1575,1778,1560,704,1366,1580,170,92,1759,1710,234,701,1509,1757,1562
1984,1277,757,271,865,1829,374,933,1754,1847,1502,1970,145,1590,1570,1494,141,1793,1544
168,321,207,181,1821,1635,1659,117,1774,1709,95,1801,1681,1248,1947,1945,193,1834,281
1736,40,1689,1491,732,1553,1717,1747,1677,111,1696,227,1698,1533,1732,122,1650,1824,252
1636,1488,722,1577,1497,1072,943,1505,1905,134,1818,997,224,252,1700,1823,1641,1559,1683
1545,1584,96,115,982,1550,216,1672,1856,1441,254,1908,760,1522,958,1777,1588,77,1544
485,1949,1379,574,1787,1607,1803,1679,1708,1658,1316,1721,1610,1962,253,1719,1780,557,115
1629,1681,1698,1816,294,1752,1959,1491,1693,1821,1922,1490,1625,1536,1700,438,258,1608,1479
1772,1715,1589,1837,1572,1553,1740,1952,1623,1639,163,832,690,1565,1825,1811,1505,466,250
1070,938,411,239,1563,865,101,1731,294,1545,879,1564,827,1574,1494,1676,1817,1779,1842
1637,90,197,1674,1905,1787,1849,1770,168,1745,1581,1747,1681,1098,1620,1754,1842,1656,1801
436,1430,151,1762,120,1627,1729,1583,412,1487,162,1717,1959,1604,1551,245,702,1673,1699
1394,1755,450,1937,1700,1673,1399,1657,1852,1496,1575,300,1636,1524,284,1640,235,1629,1693
227,1555,638,174,1521,1629,1689,314,25,1761,786,1489,230,641,1846,207,1510,1721,1488
1597,1718,1628,236,508,1734,1515,43,1661,1725,1248,320,1626,1841,110,1589,695,1856,85
801,437,108,1532,1957,1555,411,1547,1765,1810,1792,1529,203,1361,1857,1616,187,1804,806
113,1852,981,110,1552,1611,162,1486,1769,1803,1705,521,1789,186,1508,298,1618,1762,1580
305,1593,1893,314,284,1670,1486,1628,1659,1557,1771,1856,1763,189,1630,1735,1660,1613,1014
1674,724,1587,207,532,1809,1516,1849,894,72,1822,1503,1827,1706,1603,1269,329,1550,1628
1906,297,1809,97,1546,1521,1697,1528,203,1671,1758,1810,1669,1727,1676,1328,75,1664,1850
215,1940,1703,1503,984,356,210,1565,1052,1473,1608,1809,1592,1806,1831,1633,1475,996,87
1689,1380,1494,259,1910,1770,1938,1647,1685,1585,97,780,969,1843,1946,988,366,554,1945
324,1517,1649,140,1600,923,1705,1911,783,1538,1739,1811,485,1768,1637,1643,1713,216,1547
1652,233,1769,1545,1574,1715,1850,1842,636,1552,1539,162,1869,1558,1571,1555,218,1753,1641
1910,1686,1746,1852,1478,1970,1636,280,1731,505,1849,1529,168,109,178,1700,1603,1714,1621
1542,1723,1911,1585,1963,1922,1179,201,1459,1178,1677,1391,1492,1793,240,1521,1623,1782,1754
1515,113,1727,63,106,101,1268,1796,170,1742,414,131,1375,1840,1500,225,1830,1595,1726
1670,1698,1908,1601,1594,1750,1815,273,1785,1741,1913,1644,1735,236,1583,1229,89,137,157
274,1831,1663,1711,1888,1501,1649,309,1691,1478,1687,279,329,1734,1642,1962,1690,1703,988
1625,914,1499,1484,1942,82,1805,702,412,1638,319,109,475,1647,272,1488,369,1633,1511
1537,1797,1563,1478,1332,1844,1548,1724,1569,1157,53,734,1619,388,1828,1587,711,1706,1890
1820,1845,1846,1759,302,1676,1616,1555,1492,1856,1945,226,1774,701,1742,1546,259,1521,1899
1847,1761,1719,1822,128,1564,1853,209,1778,1492,1930,1907,1519,1849,1732,1903,1518,1905,1812
202,207,1482,75,510,441,1395,1771,1568,290,1684,1649,1667,14,1669,1639,1579,1905,1284
1768,1852,1578,1671,1930,1968,372,31,1896,1417,1786,1801,1854,1516,88,1592,1910,1587,1698
87,1799,879,1710,289,1826,458,236,350,122,1651,99,651,62,1373,500,1480,1718,1617
252,1378,271,1765,276,1613,1812,1607,329,1398,1585,1795,1684,1705,128,1682,161,1591,1649
183,937,1545,1604,1537,1291,1521,1063,1840,1775,1767,124,1665,1685,476,1695,1650,959,1639
1597,1809,1543,1699,696,1316,1910,1629,296,1707,705,1772,1756,379,1633,325,1691,1556,1702
1273,1539,1506,1615,1321,1723,1798,1382,1583,1391,1964,165,1854,1217,270,1629,335,1911,1830
1530,1822,1269,154,127,1539,180,1845,655,1483,1502,1500,256,1552,1566,1629,1970,1453,90
279,1705,1646,1479,1521,194,126,758,1769,1851,1518,1541,1650,158,1509,1835,1663,1506,1644
1690,1649,1555,1495,240,1703,1595,1509,1712,1701,1761,1302,1745,1909,1487,1533,74,128,1772
1706,163,1747,1571,1671,185,1978,328,1763,1797,1038,1623,1552,1538,675,95,234,1762,66
1708,1818,1571,1500,145,263,285,1789,96,1526,296,194,1162,246,439,128,1783,498,437
1585,1800,814,1383,1801,391,1540,1638,368,1796,1475,1647,1552,1378,1762,1738,1569,1853,1782
1656,1612,1645,1565,1837,304,1110,1378,1636,1559,1840,1496,1848,1180,1501,1973,873,485,1248
1651,1069,324,186,1743,102,1780,1806,1608,1575,1526,1770,1959,1496,167,1490,1682,1537,1787
223,317,94,1516,1604,1535,1395,1527,4,807,1547,1675,1510,1970,1524,1476,1521,945,768
1834,324,520,1909,269,741,1772,1657,1677,160,259,1626,1681,1599,1716,238,1718,1634,1796
1815,1714,1826,261,1674,1551,1710,1501,1798,1709,1529,1629,1823,1380,111,1987,234,1749,1832
1597,151,220,266,1959,1818,518,299,1783,570,1772,1664,1395,1706,1732,1754,1751,283,969
1812,1742,1822,68,88,1615,1660,117,1388,1679,1845,1541,1500,1917,1804,1726,1548,297,195
1651,1562,1732,1759,705,1622,1373,1783,538,1801,1635,1523,1177,1507,1544,1677,1753,579,1556
1854,1510,1598,1851,1826,1781,409,231,1798,1633,109,1642,139,1940,1492,1117,1626,1475,1893
1626,582,1755,1691,1825,646,1579,224,154,1525,1837,1513,242,235,1756,1735,1710,1670,165
1486,1364,231,1660,115,810,1973,1734,217,235,1515,1532,238,1776,1755,1749,327,1509,1779
1798,237,1690,1524,732,1564,175,1961,1699,1287,567,1791,1191,1561,1596,138,1542,163,1947
1690,1910,865,1648,182,1716,1391,1830,1638,1847,1671,1599,1527,1528,191,1625,923,1714,1707
1648,131,1829,1746,1856,1510,179,1826,1968,1612,1744,1785,1182,1486,1610,1310,1807,314,1732
1676,1501,1493,1506,1246,340,58,1756,145,161,1534,235,1856,698,1854,1567,1494,1557,1895
493,199,1809,1751,1728,1686,1801,1537,1491,177,165,1693,274,1547,784,106,299,1657,914
