941,1681,1486,1746,138,1478,1823,1375,1557,171,1531,1785,1496,254,37
200,212,1843,1722,1424,305,1720,193,1678,1697,1611,104,196,287,1195
322,448,1621,278,1507,1847,1680,257,1535,1574,1851,1856,1573,154,1475
804,1802,1165,1899,103,1504,240,1849,1570,128,67,613,1691,1808,1651
1726,296,406,1729,1614,1829,110,1724,152,1555,1833,1951,1571,1490,1548
1907,74,1476,133,219,570,1741,1844,1647,1732,197,1685,1176,1842,1702
1856,1183,286,90,1201,1853,1719,1922,1531,1553,151,82,1095,1023,1178
294,1806,1000,1628,1764,1647,1954,1368,1801,121,665,1515,1509,1513,264
1853,1646,1679,1577,279,1668,1566,1561,180,1622,1686,1274,1733,1710,160
525,1644,209,1801,1502,302,1725,1845,471,1664,16,1799,1536,1756,1555
1520,1709,532,1070,1669,1379,1725,83,1522,1819,1881,1916,1588,994,96
861,1775,1943,116,26,1488,1490,1555,1772,1856,717,618,1777,1660,268
1682,1228,1656,1771,1797,1714,211,259,1171,1681,86,702,1651,1198,591
103,1633,435,1676,1227,830,1696,1722,1757,1211,1921,1571,61,1787,1833
405,1711,1623,1827,1483,1676,634,1392,1597,219,1577,1789,1517,1379,1565
1103,1379,1535,1552,1513,1771,1290,1726,257,1571,326,1840,1736,1574,205
1749,1758,1493,1946,1582,1475,1543,683,70,1628,1754,157,1369,162,1954
1235,1835,1564,853,1604,1723,87,1733,209,1721,678,233,1830,1809,1641
423,290,649,1622,1709,1631,225,1608,551,1761,1851,976,1720,1476,1722
1849,1578,219,1749,1681,1713,1503,1204,383,1836,347,1648,1842,129,1911
1818,202,1618,1742,139,1722,1715,561,1670,1811,228,1567,1959,233,1354
1668,181,1749,1790,1704,1663,1796,1815,166,1683,1652,1550,1744,1706,1574
160,1545,405,1638,1492,274,1372,649,1834,1776,1373,1825,1577,802,1789
1504,1547,1686,1365,328,126,1574,694,1850,234,1750,1806,1539,135,840
1737,293,1673,665,1940,1637,1479,1547,1743,312,1504,247,1660,1662,1580
1802,1226,1876,1814,194,1775,1727,1911,751,1576,1683,1583,1562,748,176
1686,103,1826,1698,1808,1798,1637,499,1520,1669,1591,1184,1703,1704,1801
1304,1777,114,1625,1078,1616,1696,323,1709,1679,391,1785,1485,1954,1509
1247,1761,1069,1905,1758,1803,311,327,1734,1699,1623,1661,1200,1769,1559
1604,1294,110,1695,1355,169,1628,1832,1856,1693,1517,1520,1701,1492,1478
848,1714,1479,986,143,615,635,1550,1492,322,1641,1725,579,1913,1568
1622,1704,1709,1784,1817,1515,1383,942,203,1183,1574,1497,554,1799,1540
1582,66,167,1703,1602,121,1149,1534,1488,1673,283,1215,1908,1769,1373
988,1489,1725,797,1175,1766,1796,1500,1696,1196,1021,132,1644,1844,813
1788,1476,1733,20,300,1822,1395,344,356,886,784,1801,156,1768,1893
1822,1626,284,1502,1787,1844,1625,117,1608,1658,1565,1989,1930,1499,146
304,121,1913,1905,383,1523,1572,1781,267,1531,96,1202,156,145,1718
1631,385,101,1786,1620,163,998,1820,1498,1518,150,1107,178,1839,1761
1669,747,1632,1582,1072,1578,247,1643,1543,68,1814,1551,1677,1638,1831
990,1501,1565,613,179,1690,289,1503,1550,303,1806,111,1959,76,1528
119,1759,1777,1783,537,1519,1560,206,1761,1499,1740,1333,580,1632,1855
1393,1699,1845,1698,1983,1641,1684,1484,1648,1551,201,1642,1525,584,139
622,1776,1811,1241,168,1692,1491,1634,1772,1747,303,1756,235,823,1669
1573,1657,271,1575,1681,1771,198,1613,431,649,205,151,1689,303,107
1678,1571,383,329,1518,1648,239,168,1365,1971,1814,1721,1484,1505,1542
1847,1731,1031,1545,1892,1751,1608,1649,944,1840,1672,1846,314,199,788
1710,1587,1642,1947,1235,1747,1270,164,1535,1840,1655,1668,1630,240,1389
1628,1716,270,1743,1596,1574,1477,1500,1639,1812,213,1772,1703,308,633
215,1798,1610,807,1769,1607,303,1664,88,1591,1488,244,62,1647,208
74,1478,672,1711,1896,726,102,1603,1849,1525,94,1583,789,1704,1536
1968,1723,1369,1677,1681,1691,60,1580,281,1594,1679,1777,1715,1839,133
1491,1712,1379,1636,1549,120,1909,1698,1912,1741,289,1958,66,1499,1565
620,1688,1986,161,1625,1880,14,1777,1563,1701,702,1826,1521,1696,207
1770,1019,1648,165,1851,1262,1647,1610,236,1558,81,1801,1431,344,1199
1393,650,1563,1703,1973,1700,1946,1519,1365,1686,1567,1556,1475,1208,119
1666,1651,1716,518,1526,1368,1779,98,1895,1531,1672,1561,1170,1681,1788
1492,1816,1741,1649,1590,1750,1733,1780,72,1103,135,1677,413,1500,1551
1204,157,1851,239,1809,183,201,110,1069,1853,1518,1732,587,1728,1605
183,1558,1180,145,1563,1843,689,1337,218,1645,1764,1365,1216,1832,1664
1652,270,1778,24,286,1785,1579,65,1893,1086,1768,46,296,1746,1831
1736,1770,1072,1672,1860,1849,1678,1747,1574,1515,261,518,1095,1557,1778
1949,253,1711,1641,1553,309,1797,1779,355,1960,1484,1488,1754,1716,1684
183,1598,1672,1972,1558,1675,1297,1371,1549,1720,1701,1832,1796,1688,1300
1577,1582,1768,1072,1412,1395,1795,1905,1447,631,1343,424,61,1381,1781
1846,1627,1937,1707,1515,1850,1396,1836,1481,1566,1568,235,113,111,1476
1527,899,1614,108,1749,1654,1711,1665,1379,1031,1977,998,293,1204,985
1534,155,1675,1819,1656,1591,621,1943,274,1755,1631,1510,1713,122,1780
298,1794,1746,1814,1578,1544,1784,1728,1806,943,1596,1681,230,170,1632
1693,1543,1767,812,158,267,1976,1649,288,1582,1504,1841,1717,1798,1851
243,1796,1367,307,1635,151,699,1492,1320,1745,1680,99,1656,1843,1365
1395,1769,1629,1581,1617,1500,160,1787,247,1634,1499,1651,219,1643,1487
1853,1591,1641,1782,1583,1585,1481,1502,1512,1570,287,273,1682,1690,1609
285,1843,176,1828,1901,196,1661,1570,184,526,1683,290,497,1670,1499
1178,1571,1496,1375,1644,1737,1617,1822,1788,1767,187,1599,1971,1316,1669
1751,1711,1545,1647,1919,1315,733,1746,128,1857,1508,1600,1835,302,1606
276,1644,1690,1575,225,1476,1562,1773,1810,122,1732,1625,1793,1581,1533
1072,1571,1821,1614,296,1544,1488,1959,1693,1750,1766,1266,1507,1696,316
198,1698,1094,1636,672,1619,1610,1378,124,1565,1754,1829,1922,1638,1875
247,26,94,1564,1843,1681,1478,1712,1696,1354,144,1578,1505,1652,184
1637,1712,1847,1786,157,632,1245,381,1910,312,1567,1784,933,1545,1672
1532,1709,136,1798,1500,54,1579,1820,667,1596,1782,38,1595,1664,1651
166,1693,1804,1565,194,218,1729,1694,1488,1643,1789,1058,222,58,1850
70,1537,1595,1799,1600,1123,1742,1493,1578,806,1618,1812,1499,147,1622
191,1841,1724,785,1963,1374,1899,93,1743,1824,1619,1335,1811,1684,243
1653,213,1696,1549,1730,1692,1574,1911,1073,1707,214,1600,1536,945,299
1590,1378,1609,1648,1841,1585,301,1653,1788,1752,814,1551,1829,1680,1952
237,1833,1653,1501,325,400,412,137,1562,127,1676,111,1684,125,1729
1618,320,1639,1959,1821,966,1600,1723,1366,1843,1970,90,308,1492,1510
317,1778,1527,117,1698,163,155,1615,1772,260,1552,588,1563,1809,621
1526,459,1713,1094,325,1810,1696,1949,1745,1817,1506,1956,1613,1628,1679
273,1718,1549,1940,468,1907,1974,1637,1662,210,1788,1537,257,1716,85
1544,1578,865,1507,1634,259,1661,1675,1509,321,94,93,1703,1737,1670
1636,453,1677,1592,1707,1683,1484,1528,1696,1651,1693,1695,1476,140,1645
1955,220,1896,1685,1578,89,1730,1013,1958,1501,1765,1505,1781,1672,1609
1180,1659,1908,1848,1642,1286,1690,1012,222,1553,1572,1490,284,1711,1823
1670,1515,1727,135,1749,250,1503,1614,1551,1480,1772,83,1730,1737,170
199,1754,1945,1824,172,1136,1496,1791,1538,1869,221,134,1829,1543,328
1784,1101,1030,126,210,1479,294,48,1713,256,1570,1785,1836,767,717
1345,1816,1712,1743,1208,300,1486,181,1652,159,1801,1564,1907,1647,327
1101,1618,1616,1030,1881,813,197,150,1550,859,1697,1365,798,1727,1770
1065,1651,1480,1702,1646,1786,1672,1890,197,1745,1629,1549,4,1847,1676
1396,1769,166,1908,1837,1702,1661,1658,902,1714,158,1949,1591,1760,836
1844,1508,69,1641,1587,1545,1496,1910,1577,186,321,1909,77,1716,234
1706,702,1549,1547,131,1625,1629,1609,1721,1561,1073,94,1771,1618,995
1559,1138,1825,1830,1522,670,483,1913,1525,1582,1396,1501,1791,1392,195
1535,163,1653,1028,897,717,1556,176,1779,324,1816,1675,1785,1627,1641
1731,1634,1738,1693,1813,238,1810,179,1013,1284,1394,1768,990,1538,1849
1819,1754,89,219,1577,1663,1585,1545,1737,1725,323,1692,1534,1834,181
121,1613,1669,1262,1540,1681,1759,1691,1659,144,1486,1930,1838,1652,1754
1391,1261,1010,1803,1561,1351,1502,218,1802,1707,1850,1633,1836,1781,1953
316,1611,304,1969,1591,788,1795,1753,1677,1827,113,54,375,1538,1382
1847,131,1568,1752,1819,1382,1601,1582,94,116,1576,1612,1520,1663,1780
1682,1600,1968,1659,152,1605,228,1817,1613,1693,1798,1881,213,1850,1853
1536,1850,213,1619,792,1754,1510,1532,1802,1815,266,1516,680,1628,46
1636,1555,1712,1686,1736,1607,1502,1620,1732,1565,1779,1961,805,1268,1911
78,1478,1182,633,1693,124,1628,1598,1525,1520,1557,1910,1897,315,156
1560,1130,1951,1708,719,1738,1689,31,1572,1503,85,24,1632,1673,1379
1487,268,1589,1717,1621,1556,1486,528,474,375,1784,1523,329,1468,1109
310,198,479,1745,1268,1658,1752,1387,1936,1254,319,237,1862,1531,1467
402,717,1483,1452,130,1923,518,259,1699,1487,110,219,654,1532,701
1486,1667,1943,1811,314,528,1911,1478,1214,200,1826,1768,1721,1806,1483
1963,1837,1840,1526,200,1269,1824,1485,1740,1725,116,314,273,1790,1715
1797,1961,1709,418,1742,1774,1532,1792,1566,1509,1973,1612,1702,969,1518
1500,1383,609,1583,1049,1246,137,1713,1605,1638,781,395,87,1509,1545
107,1807,1589,857,1555,1789,445,518,1639,1528,542,1956,1652,329,1961
1690,1209,1703,1800,1556,1704,1733,298,1478,576,1636,542,1740,1824,1754
1662,831,1507,1854,1704,1739,1243,1732,1568,1180,1035,174,464,1389,1965
1375,1672,258,1579,1690,1480,1661,1845,1531,1664,1814,1965,1723,1844,1624
1094,1071,1725,1627,1784,683,1595,1319,1718,131,1695,240,1536,100,1540
1804,1099,1835,89,1536,545,1761,1563,1301,786,1379,1787,1765,1832,1696
1195,1695,224,1660,1770,1942,1806,1810,262,1640,1521,1620,1835,1850,1489
175,409,1592,1604,838,106,171,1757,1799,1394,257,1686,1521,117,1728
81,700,83,1944,320,1906,1881,1535,1875,1378,1945,1690,1702,1393,736
1846,125,566,1640,1845,610,1508,277,710,1957,1620,1746,456,1790,1705
132,1731,1664,1587,1544,1676,1799,1638,1683,461,85,1348,334,306,1764
1614,1814,1083,1780,1795,1524,229,1375,1855,1948,465,1908,1716,1779,391
197,256,1774,146,1318,1375,1693,1522,1274,1634,1596,1646,1556,485,1781
100,244,1086,1558,219,66,1792,1696,1489,1677,1744,1594,1694,1846,1490
1549,1601,1807,1084,103,1798,63,1520,1627,156,1760,1491,1599,221,1565
1635,1850,1765,1287,68,1557,1473,257,1908,264,1731,180,1512,1612,1973
140,789,1742,1855,1583,1596,1549,26,932,958,1720,590,110,1071,1737
1476,849,1813,1800,1768,1954,1396,292,1575,790,1005,1709,1553,1912,691
162,1525,1475,1804,455,1269,227,1741,1484,1690,1762,309,1793,1617,1744
229,1711,1656,129,1825,1561,1511,1850,1832,246,1506,1728,1115,1777,1658
1549,1726,1939,1745,1706,1701,1698,112,1674,1545,1379,1621,422,1804,1561
1896,312,1660,1833,170,1834,1296,238,1589,140,1268,72,209,1817,1739
1690,1677,1490,704,1751,1531,1479,1503,1544,980,131,1788,577,24,213
1277,1717,1052,1594,87,1,1808,1755,1550,247,1806,154,453,1094,540
1224,94,1600,121,1505,216,1528,1700,1844,1800,316,1544,1720,1370,1540
997,1756,1701,1787,1028,1623,69,1762,1925,139,103,1672,1835,1750,1929
1670,1689,1774,509,1479,1813,1274,1111,1394,1910,1572,1834,1149,1549,218
1842,1551,208,1742,1955,216,1556,1813,105,1744,1661,82,1808,91,1660
1381,1119,45,1806,110,1647,1749,83,1682,1570,1568,1703,1782,1942,1547
1674,413,224,520,156,1641,1839,1556,1353,153,1499,1376,1658,144,1714
1952,1848,1715,1534,1489,1080,1520,1693,1593,315,1750,1788,1687,484,1575
291,129,1832,308,1561,1553,126,1754,1365,154,1158,90,1559,163,1476
1100,49,140,1524,1527,1630,146,1747,1554,1689,1511,28,431,531,171
1757,1769,1668,1494,102,1849,1690,1686,1858,1605,1727,1574,897,1854,1626
1777,1776,1976,215,151,1274,1865,1628,1907,1631,1383,1730,1709,1648,1500
1859,1988,1689,1382,1570,738,1664,422,1834,1649,1601,1070,1478,834,1646
1581,1545,1776,1960,812,1797,1953,1854,1828,101,1721,1660,1849,986,1531
1811,1571,1531,230,1854,1616,147,1743,1517,1692,1838,108,1588,1133,1712
1056,143,187,1614,303,1905,1702,1831,289,1537,1746,261,1781,286,1687
82,1692,315,1772,104,1073,172,1754,1660,1729,123,1535,1952,1840,665
1854,85,463,1537,1686,1820,708,1495,325,1786,1613,1941,1275,1910,1540
1661,1653,448,1637,289,238,1531,1480,1634,1953,1543,172,1716,1588,1587
306,1229,1600,1633,78,1279,132,1584,1905,1674,1789,93,1616,1087,88
1263,153,1143,1602,1708,1807,1577,1706,1813,1704,1570,1734,1496,1514,1533
248,1708,1623,1223,1475,1558,1522,1656,1567,1365,1811,1119,81,1492,1921
1532,340,1703,1846,1756,505,1612,1722,1735,1508,609,1036,1719,1622,1701
1613,1636,1975,1971,1497,1784,1741,1487,1656,92,1529,1960,1937,1544,561
292,1484,1577,1730,1565,1487,1539,1909,1601,1746,111,1675,259,1793,1138
1511,1834,325,1771,267,1523,1831,1667,1395,141,500,1732,1662,1786,1723
220,1570,689,1414,702,1612,1614,132,1215,172,669,1764,985,1602,222
232,1653,1581,323,1780,1751,1525,66,1534,1554,1618,264,1676,1649,720
1322,1730,640,1678,1548,1581,1191,1558,1528,1628,1480,472,1658,1526,1818
1506,1908,1409,1802,202,703,1856,1671,1467,1757,155,1647,570,1679,1745
204,722,140,1781,1682,1830,1391,1838,523,1759,1629,1707,1745,698,832
743,1741,180,65,717,1908,1982,1487,497,1765,875,1425,305,1623,1496
1711,1829,895,1808,1716,235,1843,1674,1730,134,1556,1788,1481,1531,191
1747,1668,239,1775,1735,175,1599,1607,1637,1863,1615,994,1683,1616,1370
1922,921,1754,1514,1846,1950,1621,1949,207,1214,1777,1553,1636,1663,1841
1849,1856,189,1173,1973,1093,1542,1700,803,965,206,1594,1840,1666,96
80,1764,732,1581,1815,1521,1130,1538,1681,1833,286,1544,1790,1783,299
1589,1537,1526,711,1551,1816,1834,1075,1764,647,1495,149,1950,1776,1574
920,1533,1549,1905,1754,1677,1594,1088,1849,1790,1805,1069,1559,179,1675
1716,1631,1687,1770,1564,1683,1499,94,82,1666,1711,1691,1538,1825,725
174,1373,1902,1794,1631,692,1661,208,1733,1477,1495,1824,176,969,1364
1841,1701,1909,267,145,211,1819,1037,1759,1638,319,276,1560,1779,1665
1751,932,209,350,1633,1536,1855,1487,1510,1867,702,178,1845,304,1822
1805,1956,1502,306,1628,1780,260,285,273,1720,1775,1706,1827,170,93
1625,754,1305,1639,1821,1529,1700,1569,1754,1725,623,1618,1681,1707,603
1477,1796,1476,1653,1545,1678,446,1072,1593,1579,1570,1759,1754,1707,1739
96,1762,1818,1277,1721,990,1773,206,1796,52,1854,1735,713,1732,1813
168,1489,1596,68,442,27,1373,805,1723,1701,1790,1849,1488,1575,1571
1741,543,165,1128,1749,791,1480,142,1675,109,1776,1729,197,224,1530
1744,1590,1697,1722,263,1363,1733,294,1851,1739,1488,240,1962,1780,1532
1731,1504,1702,151,700,259,1848,1572,670,381,1496,655,1761,1691,1971
1619,237,1831,1698,1530,1800,1832,86,1322,87,580,1708,1763,181,1761
137,1851,1796,1647,1686,263,1393,1304,1681,1563,1390,1404,944,1601,1576
1703,1676,1537,1173,1894,173,767,1685,1604,1558,479,1613,493,1486,1268
1689,285,1752,1973,1746,10,1803,1677,1682,1604,600,1572,65,1641,1659
1501,1379,1908,1707,310,1361,1531,1700,1551,1749,1924,1843,1911,1829,1513
1907,1596,1497,171,1021,118,1637,1675,1745,1701,1488,1516,1088,1957,1599
290,1329,1843,1547,1781,1580,700,261,324,1832,408,1721,138,1190,1533
91,1116,195,1830,1615,1954,1814,1692,1772,1521,1624,1844,1543,1934,1910
1706,1489,1672,1925,203,1788,1044,1848,1655,1734,506,1487,1537,1900,1642
1566,1506,1294,324,1674,1814,228,138,1805,1808,1662,1189,1812,1760,1792
1548,1825,316,1818,1728,313,1582,1067,1808,1513,1616,1974,990,1072,187
207,1735,1797,1533,195,1667,821,329,1833,1826,1286,1746,146,334,1634
1649,1851,1445,1698,1950,1588,1577,464,1394,1954,196,1705,1854,302,1576
1834,1698,1716,1700,1545,1847,313,1704,1487,1973,233,1493,1531,163,1482
516,1175,1569,1549,1609,1767,1638,1906,189,296,181,1252,1810,222,1813
1882,1782,161,1561,1707,585,723,790,1542,1610,252,293,90,1597,1505
1670,1838,1825,1612,265,1750,651,1835,1218,1523,1640,877,1727,1575,1394
74,1344,551,1850,1931,1479,326,1668,1643,1827,25,1842,56,1895,68
1528,269,1692,786,1484,1633,185,325,1483,1366,202,1479,241,1564,834
1704,1659,1805,1540,110,1503,1894,1797,1611,1628,258,1636,1475,731,87
1741,1913,1772,285,1820,1733,244,1776,195,1584,1832,386,147,1746,1768
1885,1620,1763,1647,148,1062,1659,1788,1820,560,1762,244,1479,1530,1670
314,520,88,199,1706,980,144,1808,110,1635,784,1727,1748,1837,685
1784,1739,1796,1680,172,904,944,1751,266,1632,1527,1646,649,1930,1682
692,1614,1504,1692,1966,110,640,82,1717,1532,1136,1690,174,84,285
1569,1796,1783,1954,1719,1543,1854,239,1724,1617,1582,1730,1794,1637,786
1809,1907,159,1711,1849,1564,1812,1555,298,979,79,880,246,1767,1970
979,1609,1496,1671,1637,180,1488,1850,680,141,1942,1904,1786,179,1561
73,124,1558,1675,1490,1567,1496,1733,1598,184,99,1731,1940,1703,1729
281,1825,1526,415,1542,1644,1069,1527,1687,1547,669,113,1753,1942,1789
1257,787,1375,1949,1546,1658,142,316,1100,910,1662,81,1472,844,1641
1618,1711,1782,1593,848,1502,1632,1071,1069,266,1825,1846,349,1735,148
1745,1719,1502,1961,1496,1707,317,1579,173,1702,259,628,1577,587,125
1537,1761,291,987,1709,1708,1796,1160,1615,1740,1755,1600,462,1803,1475
293,1698,1520,1071,1810,1693,1735,1367,1733,1043,240,1769,1688,1753,526
1758,1676,1811,1977,1765,1530,1593,1786,717,1774,1970,1791,1816,1812,1622
194,1101,129,131,1819,1577,621,1532,1533,1622,1582,1726,943,1075,1823
24,315,1843,832,1804,987,1786,197,1795,247,1796,123,1731,1674,1775
1504,300,1683,104,1776,1713,1692,1911,220,1653,1558,1588,793,119,218
1364,1106,1840,1775,1571,116,1533,1253,1231,1546,224,1580,200,1558,1850
1623,290,144,1479,293,1654,1651,287,294,943,1567,1947,1673,1503,143
787,1974,1941,686,931,1939,279,320,1616,1742,311,1504,1560,445,1649
1571,1709,1692,1748,328,1819,258,1203,84,149,1763,1556,1930,1492,1845
836,1826,1935,188,1168,1701,1604,1455,1363,1849,1384,81,1908,1729,1490
533,1587,1724,695,1852,205,78,1512,702,1806,1621,1548,1705,1728,1646
1892,404,1743,1537,1589,284,1509,1890,1938,1708,1953,1482,1636,167,1662
334,1706,1846,28,161,680,717,1522,228,146,1548,782,320,1594,1712
224,75,1534,1779,204,440,1520,1365,1368,1600,58,76,1563,1671,216
245,1911,1788,1675,163,703,421,1908,225,1759,1629,1754,1486,1215,1580
113,1552,1497,1482,1729,1736,832,1970,1590,1475,433,152,252,1533,1535
201,132,1712,1478,1502,298,733,1753,1640,1641,1847,1545,869,89,70
77,973,91,1760,1728,1773,1596,1810,969,324,49,78,1798,1525,132
234,1645,156,1679,1493,1747,1603,219,1322,1508,1661,1844,1564,1563,1637
1781,90,884,1758,1687,140,1657,1832,1590,156,1815,945,840,1487,1697
1517,1855,1395,936,1715,1013,571,1000,28,582,398,1668,1574,1684,1657
1667,1547,265,221,181,1709,1651,269,1610,1824,1603,1702,1502,1563,1612
1783,1860,1626,1399,1803,1768,344,1206,1855,1831,1520,1854,234,191,1751
125,1695,1515,1592,1509,313,1745,1519,1871,658,1549,1510,204,1681,1342
648,990,753,1727,826,1623,229,262,1847,208,1646,1930,282,1712,1509
706,128,129,1497,1475,151,78,1520,1636,1972,1594,1583,1630,623,1218
1580,1479,1413,1738,1705,1622,1685,292,1959,586,1892,1813,1585,1693,1779
149,1769,1530,1522,120,1797,1198,1382,1847,1545,1559,1626,1106,1616,1823
247,1768,1499,20,1131,790,617,1504,1760,256,208,1613,1621,1704,1531
1666,1521,1396,1362,643,1600,1258,1486,275,186,1707,1741,1847,1942,96
1519,129,323,633,328,1624,1737,1595,414,295,1860,1718,1084,136,490
1747,1817,320,1812,247,1478,1314,1645,1860,1395,1669,1905,1721,1508,307
1747,1547,696,1727,277,220,1726,212,1695,626,1391,1745,1838,622,1643
1652,1775,1736,1757,1721,1933,1619,1626,1560,131,1628,1647,1550,1955,1320
1778,1483,118,1517,417,323,1797,1909,499,1734,1827,735,1662,1617,1839
1820,157,97,125,1792,1681,1912,1694,1816,260,1383,1664,887,1598,1780
714,1598,194,1628,1072,1702,1727,1971,1933,1624,1559,299,151,1701,81
1794,1494,1611,1682,1513,1725,304,1542,1149,1841,1689,125,1678,231,1796
833,785,135,1727,1599,1805,263,109,1647,1561,1496,324,266,1695,1671
1856,360,1802,1069,1369,1542,1842,219,1448,97,253,1948,334,1909,1604
169,126,1961,1588,1681,192,388,1524,1565,744,1517,1773,239,1379,1819
613,1682,1699,280,310,1385,1543,796,284,1483,1492,1683,780,1824,1779
1874,1647,1774,1978,1755,486,100,858,1088,1526,1484,310,1599,74,1912
1284,1968,139,65,1856,1749,160,1703,762,1814,1810,1691,165,1194,232
1607,248,1512,1578,1795,1718,85,1505,261,1785,1745,1989,783,1514,1802
1682,198,199,302,1773,1654,899,1976,1389,1889,1546,1744,863,1853,1522
1682,1842,1616,1631,1561,974,728,1563,870,1646,865,1664,1046,136,1912
1479,98,943,1848,1827,1558,125,1651,1776,1738,1946,109,1487,1550,1392
1667,218,1939,1640,1755,1568,321,1514,1605,1315,129,1513,1951,216,1828
1175,1987,233,1595,1483,1585,1597,563,1552,1485,1492,1522,1519,262,1849
1336,1546,107,1521,889,1672,1586,1523,1846,1491,1722,518,1520,188,1476
1725,1628,1603,1070,1589,1681,1938,197,1611,1816,1748,1650,1656,1801,1828
1653,1810,1715,164,384,1515,1872,1728,934,136,1705,1776,1510,1098,438
1722,1672,633,1345,543,296,1566,197,1582,240,1708,1706,1316,1712,1752
1511,1663,1850,881,281,1750,1379,1645,1585,665,228,1636,1542,1246,1557
1750,1567,846,1506,955,1624,1717,1576,1851,1,1768,1472,1623,1661,1780
318,1649,592,174,748,147,1515,1656,1396,1553,1740,1641,857,1776,152
1529,1785,1581,1606,1614,1512,1908,103,1652,1495,1940,1971,1594,1579,1269
1757,72,1543,259,358,1788,1557,1697,1778,1545,1840,1767,1762,883,1722
510,275,1630,1957,1612,1660,1757,1552,202,1804,1832,1892,233,1803,1732
1791,616,227,1940,108,1363,325,942,1796,1672,1196,1774,1845,41,1971
1780,143,1681,26,1707,1908,1301,289,179,1775,1667,1958,105,1481,1581
319,986,1701,423,1974,1685,1639,1627,1960,984,1790,1796,952,310,1855
1477,1559,1512,205,1383,145,1775,1667,1849,1223,104,1813,1857,1755,221
1840,1515,1525,1849,950,1821,1703,1119,1391,1625,1475,867,1541,1522,1825
1718,1516,105,1786,1818,1764,1855,836,1835,1575,63,488,1486,1730,264
1856,1819,1895,927,1716,155,1562,254,1838,1659,241,1768,1498,411,1811
1551,599,1478,1064,1600,1504,253,239,1667,1581,880,1489,1747,170,164
1268,301,160,1949,1627,1488,1545,717,1840,1774,1650,1619,1668,1892,258
306,172,1628,1596,157,375,1720,1311,248,1510,216,1551,290,1536,1612
349,137,111,1686,1639,203,1834,822,1162,1533,145,646,317,28,1607
1554,284,183,1376,1516,269,176,1786,1582,1641,1759,1627,1633,1672,1906
1765,1767,1607,1645,1705,1774,213,823,1786,1740,598,1660,1847,1835,198
1375,1750,1627,1070,800,81,131,146,1845,1491,1490,36,223,132,1488
1586,1780,174,1570,316,1758,170,1749,1567,1534,1736,291,218,1730,1612
202,1844,1549,1688,1487,1595,1686,50,676,1320,1677,1476,1377,1480,1713
1557,90,1519,1544,1688,220,1632,1679,1555,547,864,149,1799,1563,140
289,1527,1836,1827,145,1895,355,1842,1637,999,1493,1670,243,1628,1269
1501,477,59,1530,1381,1500,284,148,1544,253,489,1626,969,1632,1781
1716,1453,1619,1585,1660,1943,319,225,1516,1567,1578,990,1532,47,1581
1585,1581,1680,871,1886,1822,1685,733,1620,1794,328,114,1802,1911,1618
1642,1905,1728,104,1519,48,1797,1741,326,1672,1816,1557,296,541,1767
1905,1908,588,1781,1818,1621,1671,88,1744,1812,1256,199,1541,177,1826
1394,583,1763,219,1896,1695,1772,356,1497,1808,88,290,1942,80,1177
1630,1700,1520,1501,1724,1852,299,1708,1782,1812,1776,1717,515,994,1307
1787,1807,1746,1712,1686,42,198,1913,1854,1597,159,1513,399,1851,1154
1955,1675,24,227,1555,1908,186,1751,896,1538,1279,1510,1365,1821,1801
1820,1595,1287,1909,1809,701,1622,1304,767,1392,1676,1790,295,1653,96
1292,1521,198,1170,184,1660,1655,1374,1511,1265,1491,1396,1721,124,328
486,155,1718,1391,1842,1642,1614,1759,1930,1487,1667,162,565,1950,1740
1830,1786,1511,1790,552,7,1519,1838,1854,1746,1922,118,1477,183,139
1525,1851,1480,837,1754,286,148,1671,1373,168,1475,13,1892,1498,1668
1330,1531,1792,74,1615,688,296,1580,1572,1788,246,1789,1600,1686,1808
95,1644,168,1250,228,1714,1725,1585,1756,1577,1817,148,1683,1653,161
753,1826,1075,321,654,866,1547,1508,1780,134,1716,635,786,260,1557
1816,385,166,1122,1681,1844,1392,1662,1646,1744,1506,1767,1560,1848,1536
1835,1619,1574,179,1831,1733,1971,408,1779,1897,1852,1559,681,105,1713
328,1658,1782,1853,1639,1557,1573,1850,1857,1477,1718,702,1567,1734,1514
89,1746,1793,1352,1842,1222,1395,1523,1816,1614,1707,1825,664,1496,626
691,762,1516,193,375,1525,1731,1576,1760,1744,1305,1700,151,1849,1559
1557,1850,1889,81,1507,1594,1760,1514,1704,1547,1629,329,1860,865,304
1810,136,1274,731,413,1802,1558,186,1685,1679,1838,1756,1354,449,296
1791,1875,1375,996,1777,1850,1115,85,201,1365,290,587,110,1312,1838
1591,1839,1851,1594,235,1841,1770,1663,1660,1236,1654,155,1723,1749,1553
301,1718,1835,296,1813,194,1482,269,1597,1528,1657,100,267,1721,1676
1772,449,1763,1383,1705,1686,1633,1584,1506,1649,1636,1793,1614,1475,1218
1624,114,1848,207,1611,1565,1512,1603,1159,185,1597,1665,1538,1834,1840
1913,82,1824,1967,1830,1007,1675,1561,1771,1704,1064,1587,274,1372,80
1965,24,14,398,1568,557,1801,1817,1757,1391,1291,805,1692,1907,209
1791,1804,1591,156,1688,1811,1675,1855,1839,652,932,1713,283,1971,1853
1383,1626,1530,1752,1582,1493,1557,1583,1340,1842,504,221,201,1664,246
83,110,157,1841,220,89,190,1780,1684,195,1831,1214,323,1773,1775
1754,1824,329,930,1852,1654,1621,1683,932,1393,278,1524,1790,214,1321
1758,1621,203,1507,1705,1836,140,1646,1833,1610,1789,647,1653,1484,1614
1588,1755,1810,1761,1479,1685,1802,1571,151,496,1655,1642,1615,1782,154
1799,1518,175,517,1802,1567,1768,169,112,187,1849,263,80,189,1592
1674,82,1501,1783,1824,1557,245,1828,863,400,1353,1574,1722,512,1332
1492,1738,50,1743,1638,153,1810,1571,1644,1826,1852,1913,1742,1945,313
637,1707,721,1624,1651,1760,1545,1444,104,1637,1850,1970,1906,284,1025
1742,1650,1596,1816,1619,1811,658,1580,106,1910,1626,1790,1618,1826,209
118,1480,1141,200,1387,1914,161,1632,1615,1501,1722,1596,1783,1774,1289
1109,1299,1188,601,1909,1633,1497,1589,270,1682,212,165,1941,181,1907
1732,1807,198,1507,552,1791,1846,1709,566,1670,320,1676,1839,1486,685
1740,1679,1770,242,1971,1389,1532,1491,1667,101,1726,1540,1761,1723,290
1481,122,1806,600,204,1667,1808,1286,1774,1608,1642,1783,1708,705,1754
1695,1659,1732,1228,1682,1573,222,1708,1547,1827,1445,1700,1569,1906,1725
1517,1694,1551,650,429,1547,117,1516,1636,1786,1625,68,1767,1572,1841
1512,90,1384,1808,1714,221,236,380,81,1641,174,814,932,1738,88
247,260,1530,1823,1555,123,1557,1725,1649,1522,1582,1619,254,1489,863
1768,1764,1532,1539,1392,284,206,1596,528,1804,1648,322,1661,1710,1940
1788,1908,1815,239,1695,1805,1489,983,1677,1799,1860,1004,1671,654,274
201,1489,1549,76,564,1072,1700,1854,213,1640,1967,1539,1851,1497,1628
467,1787,1614,1832,1544,1621,1506,139,262,1531,1765,1653,1560,1953,87
1561,253,28,1922,131,837,1654,1807,1765,300,1658,171,1630,1844,149
1762,1379,209,173,171,1623,1630,1531,1739,1708,202,1782,1574,122,292
234,1903,1630,296,1761,1552,133,1690,292,1615,1674,1589,1811,1353,1789
46,1391,1515,1488,1674,379,1793,1393,1376,1303,1555,1721,1072,1715,1824
1509,1753,1571,1972,1943,1612,25,192,1262,1680,1391,1783,217,1689,728
1479,274,670,649,1913,787,272,700,1584,446,1635,1759,165,1724,1649
472,1501,1854,1503,422,1792,429,1961,677,1548,192,1774,1680,1274,382
1622,1798,1803,1687,1489,1799,1777,1610,1589,1804,1599,1541,1566,1049,1712
189,1523,1554,265,1520,1731,1848,1476,318,1913,1579,1658,1742,1717,1606
199,1095,1606,1117,1479,1538,1679,1665,1700,1664,1540,1830,1843,647,1608
1717,1677,1647,1750,1590,1481,1969,206,245,1534,1525,1505,1513,1459,1783
187,1748,721,1372,147,1836,812,942,1683,1814,1117,1619,1793,156,1765
1730,1797,1529,1778,1727,1492,1771,1528,277,993,174,1397,1816,122,1619
1771,1673,1583,1783,1533,1672,1728,1226,1491,1118,429,1903,1505,140,1956
1851,1485,1670,1761,1567,1734,1650,1856,1515,1806,1735,1756,1095,826,1635
1620,1665,1638,308,1606,1507,637,577,1601,1666,300,994,267,1705,1700
716,601,1709,1677,1550,89,1800,1560,1526,1535,411,1617,288,249,1542
1318,1490,1733,1575,83,276,1960,1723,1537,1680,1932,1552,1768,1946,220
141,1841,735,317,1355,1547,1619,1664,1122,1328,1628,1754,1853,293,1394
807,796,1825,1853,1856,1749,1800,937,1697,1322,1390,1503,1480,1601,1642
1799,1481,1637,139,1802,1565,1733,1680,1050,1781,1538,1853,234,1911,1833
136,1744,162,1567,125,897,196,1782,1829,1685,1669,1530,1672,1770,468
1788,1207,1679,1740,63,1367,1815,1510,1368,1500,1963,1875,1617,105,1685
1811,1600,1365,1628,1687,1703,1291,139,1635,1606,744,393,1158,1695,832
1795,1554,1777,1136,716,1522,1583,1726,1099,121,254,1538,460,1591,1845
1628,560,308,189,203,1692,1574,861,1664,1883,1596,1332,1639,1616,1519
131,1534,374,1749,4,1624,1809,1709,1826,642,813,1505,1614,1537,844
1508,1911,1530,1374,1943,1747,173,1006,154,1363,186,1774,191,807,159
298,1843,1575,100,1695,699,1960,1582,1526,1835,1308,1834,1759,1621,1496
306,1504,1681,1623,1545,1590,1826,1385,1394,858,171,1625,1498,794,1707
1714,1368,1729,1526,839,327,1774,801,1779,138,424,1511,1634,1566,1487
1710,371,154,1761,1447,675,1481,1676,1512,1810,1762,1584,196,175,1855
206,219,1639,1773,1707,298,1510,226,1595,1560,85,1810,1392,1661,1501
171,1606,81,1812,1762,165,103,998,1775,91,1604,1657,1596,221,302
1734,1594,1268,1478,1682,1590,1635,123,257,207,1096,1698,1739,656,1892
284,1836,279,1640,1907,1070,1670,233,1694,1806,1029,1785,1479,1442,1744
271,1848,69,1547,1793,132,1665,1716,1908,44,936,1778,218,264,1745
1642,234,1182,328,133,1747,1102,1942,1973,1828,1778,1481,1813,1668,1552
60,249,1687,1618,1783,1725,1758,1962,1911,1571,387,79,747,1905,1634
1820,672,312,1531,1501,840,1568,1738,1522,1957,1607,642,1311,263,1537
1809,1496,1567,297,327,1569,146,1860,1605,1030,1622,1586,1814,1626,1788
1661,595,1666,1732,1703,1726,1883,1727,1725,1780,1669,1621,832,1723,1509
692,26,1669,1896,1523,207,1491,1747,1696,1824,283,1575,1907,549,115
219,1553,1520,1724,118,1849,1587,1557,96,226,1554,138,251,1682,136
1767,1695,1516,1506,1555,917,1311,1722,1708,1716,459,1523,1585,1681,1069
1724,115,1508,111,1512,1568,1907,202,90,1782,1375,1695,1524,25,1656
1959,279,129,1366,209,319,1789,1724,311,176,1782,1818,236,1774,1768
934,914,1832,1908,1845,1564,295,1557,1516,1809,217,1657,1492,1731,234
1706,139,1649,1524,302,312,279,1567,1772,1558,1687,1774,1584,1653,1602
633,605,1608,1325,861,1671,99,1756,533,1596,1644,173,1909,1593,235
1697,810,614,1626,1689,1664,1775,1533,1152,1787,290,977,1784,277,13
1789,772,324,1675,1553,1942,1508,166,703,1519,323,1542,1819,1560,179
986,1855,1701,289,1578,1644,1624,1792,1733,1747,1509,231,303,1511,1963
141,1833,1771,160,238,1657,1614,1851,1613,157,1612,1832,1788,187,1339
174,1808,1842,1744,259,931,1483,1787,1634,1395,1482,1504,328,1825,62
1509,1505,329,176,1625,91,1784,1847,1733,1948,1753,1730,1492,1653,1817
1524,1553,1573,119,1214,1581,630,1620,1639,1588,1520,198,216,1645,1641
210,138,1803,1608,1123,1790,1894,937,1681,1717,1559,1777,1162,1565,205
1780,1565,245,88,1548,1704,1073,1698,240,1790,1319,103,1542,1832,549
1532,1348,1391,1696,1965,1664,1575,649,1810,1538,1804,1599,1569,1775,185
1744,1263,1775,1607,1909,1833,1821,1716,296,1737,997,303,121,1671,1499
1599,1658,1560,1499,1486,1827,1685,1833,308,1679,1712,1578,1766,1555,1946
78,720,190,1531,1846,1909,932,1541,199,288,813,268,1712,816,588
1693,108,1723,1264,268,1503,1628,1653,1604,1705,1974,1667,1529,1629,1490
1480,1509,1584,1939,369,888,142,252,1564,1620,1628,1733,222,1092,1387
1507,1832,1570,202,815,1884,1496,1561,224,1728,1909,1830,226,1485,1395
1510,1800,1584,436,335,153,1502,1782,1967,1545,1701,1672,325,794,1709
1655,840,1747,477,352,1613,1732,1761,1476,991,1699,807,1866,1792,1649
151,1158,287,172,1390,1536,313,123,1694,1511,1663,271,1383,554,1826
1795,161,1658,1693,980,1973,1836,107,1713,1848,1639,1574,1669,1842,1780
1776,158,1500,1477,1838,1636,290,26,1823,1317,1584,1947,293,1702,1699
1698,1616,155,1613,494,1490,135,1222,121,600,1612,190,1701,1523,776
1900,1484,1625,507,1845,1958,1114,538,76,1678,1521,720,1553,1756,123
1489,1856,198,279,1732,735,1877,104,1786,1563,803,1375,1597,84,13
1837,1589,418,420,1835,1119,1763,251,235,1884,131,1848,1481,166,1854
1640,1177,116,1793,1741,1714,1493,1521,1715,1373,1812,1528,591,1815,1768
1500,1094,1421,179,1628,1204,1644,1911,707,1949,325,1687,983,1796,228
1320,1640,1739,1622,1852,1652,469,220,1906,1123,1748,269,1810,161,157
1476,1764,1553,277,1500,1570,1499,1930,350,1739,1586,102,1899,1783,1649
1530,1762,1708,1748,1506,1666,1655,1779,1638,1758,1716,93,1667,1874,1293
1681,1786,649,1672,1588,1543,1738,1411,1838,1822,274,160,1549,445,1663
1209,57,303,187,1577,126,1614,319,1641,1660,1786,1754,1678,1173,1634
1805,1481,1552,1754,1850,1779,207,211,1524,80,1830,1802,1585,289,1930
1392,137,747,1518,1596,1822,1756,1068,1773,1706,173,298,304,311,1719
1744,1641,1519,1666,1535,1805,1703,1583,1490,1491,1674,1733,1756,1709,1736
1279,1825,315,1766,1540,1750,1372,1532,698,1712,1645,1607,1582,210,778
1760,13,1930,1506,1440,1520,1694,1797,231,1759,1842,518,1704,262,1622
1834,1527,1810,1668,1551,1636,1699,1731,87,1523,1806,637,1678,1511,158
1622,1798,1787,178,1780,135,1856,1547,459,1452,139,1643,1539,1479,168
1638,1535,1712,197,39,1756,1801,1032,1887,1573,1687,1370,1850,1488,1773
332,1706,1651,1504,1849,1739,1517,95,153,1669,1637,149,1782,440,159
1909,1353,1493,1711,1501,1550,99,1927,298,1391,249,1551,312,174,43
1600,1700,1834,1493,1739,624,1835,275,1821,1781,233,1757,1715,1909,1797
45,1493,1631,1801,1611,235,1495,1796,1965,1722,1625,1742,1641,1956,1042
636,91,1818,1736,1732,1749,1783,238,1588,283,1747,291,1973,1574,1854
1706,1601,15,1688,288,1184,1832,1734,1803,180,1677,1539,1571,1073,1657
270,1570,1533,1379,1755,392,1799,1385,1782,978,1896,1524,1652,1656,1706
1497,1486,250,1568,1821,78,1707,1849,1481,1823,1714,1682,1621,1520,1733
1749,131,99,1528,988,1687,260,899,1550,1519,1593,1844,1533,604,903
1826,1227,1696,188,1177,1798,1913,1797,1615,721,1532,700,1401,162,1811
1277,1636,261,1556,1773,1268,1506,641,901,1685,1481,1831,238,1729,1625
1826,1634,181,1583,1279,1638,1514,1534,589,179,1070,84,135,843,1687
423,273,1706,351,196,835,86,1740,1515,1834,82,1690,298,1398,264
269,1822,145,129,1484,1686,1547,1388,1804,1475,1739,1513,1688,1647,1841
1498,1578,1858,1482,115,1698,1718,179,272,1850,247,1690,1953,1391,1847
1770,317,1381,1565,548,93,545,204,1569,231,1477,1642,1614,1064,1531
1785,1797,1824,503,1789,1733,1644,1768,495,195,278,1845,116,1312,1088
112,1804,1743,1812,1730,1825,197,1631,308,1941,1504,110,1378,1710,1552
1396,1715,1328,288,1618,1641,1683,1635,1211,1827,120,1713,346,1826,720
1680,1725,1583,1560,1769,305,1829,1209,1906,1943,1514,1578,1826,1715,1594
1685,1597,1832,480,1502,1735,1843,1221,1673,1393,62,1662,1240,363,1718
1094,1389,1490,159,1372,62,1975,1700,1517,1621,1737,1541,1796,1694,97
1857,162,1329,1593,1816,1752,1754,1676,1820,1749,1390,1717,273,1516,1640
1839,177,1804,1625,1715,1757,1825,1531,1626,1913,852,696,1190,1534,1617
1262,1774,1773,1648,1638,1510,160,143,287,1655,1750,1738,1610,1690,1793
1710,224,1799,619,1837,1852,164,1941,1480,156,1483,1494,1312,171,1762
1774,144,382,800,111,307,566,1820,1691,1631,1544,1795,1827,281,316
60,1762,1599,243,300,968,1515,1588,1603,1823,1542,153,1528,1641,636
1614,1579,1441,1824,1556,1781,1810,1699,150,231,1124,1551,151,1749,1645
271,1701,234,1120,1735,1477,1721,1479,1493,239,1809,1644,1653,1639,1546
1644,169,1527,1827,1703,1524,1166,1506,1684,1714,1620,1359,117,1677,24
1851,1748,1730,1574,1736,200,1729,1505,1845,1668,129,1536,235,1721,1753
1673,193,309,1968,221,1321,1502,307,1707,1765,721,1396,237,1634,288
1253,1639,25,1514,1660,1821,1827,1542,1631,1573,1526,1189,1499,1491,1846
1641,1611,105,1743,1701,1678,1753,1704,1763,1650,1836,1467,1576,1177,1681
1782,1882,1746,238,1676,866,1644,1645,1622,1768,1769,1489,1810,1616,1584
1246,73,1794,1935,1680,1385,114,1754,1629,1775,855,1716,1687,258,166
1567,1608,232,1899,1777,1922,1705,1628,1618,101,665,218,313,1522,1656
1079,1213,1703,1625,1528,1682,1522,312,1544,1778,1776,1476,1700,1187,781
1218,1846,129,1484,1501,1382,1717,1566,198,1629,1643,1683,1694,329,1701
1478,1942,298,77,141,111,169,1509,1626,231,1795,97,1906,60,244
1801,1495,136,1510,1653,1671,1286,1678,1365,138,1530,879,439,317,1632
1746,1626,1744,1672,1618,19,1684,224,278,234,200,74,1616,1612,1912
1703,286,1381,117,1781,1700,94,1794,1570,1016,1611,185,1667,1823,1493
1725,1204,1495,1772,1590,1576,83,1818,1708,833,1609,1554,553,1640,1695
1706,1673,1394,1611,1637,518,1487,1655,238,1956,1960,1714,1590,1477,1696
1340,1671,1757,1756,100,1739,969,1515,1551,1805,1829,1158,1395,1950,304
1543,1048,759,1953,1700,155,1392,654,1825,1704,1912,460,326,259,1535
92,1002,1846,1677,1604,1979,74,1783,1503,704,1477,297,1987,115,1532
113,1528,1476,1772,1830,289,1828,1949,329,540,1538,445,1312,320,717
71,1742,1576,1869,1073,1574,754,1174,1656,1680,1832,1802,1607,1563,120
1641,1539,1932,245,1318,1661,1767,1640,1660,1725,1251,1833,1561,839,1775
1894,1822,1898,1690,269,1650,1486,1701,1842,1760,1544,1815,992,1387,244
1576,1856,416,1600,1715,1544,35,1835,1635,1500,1477,1623,1922,100,1525
1588,1576,1822,101,1761,783,1894,164,1601,649,302,1963,1856,1812,384
1622,637,1527,252,804,1374,1516,1584,1686,1760,1616,1608,1485,1912,1493
1756,1841,1964,1553,1743,1577,1303,1522,188,1681,1661,1849,1846,1747,1637
1814,101,60,1736,1672,707,853,1964,1611,290,302,996,1712,1772,1676
1678,1491,143,1479,1747,268,1610,129,251,1460,763,1849,1556,167,1574
285,1562,1531,1651,399,1632,242,1639,913,98,1634,315,1757,1813,1507
1819,126,1531,1759,190,1637,1393,1035,1763,320,1799,821,1328,1797,1589
1132,1634,1838,1892,1833,1775,1604,1802,1559,1814,232,1893,1633,269,1637
258,1559,187,932,1515,1765,1586,1504,1645,221,1536,1647,224,633,1970
1838,80,1755,986,1102,1873,1591,532,1826,1669,235,1396,1523,143,1152
1598,1508,1648,1479,1695,1647,1670,1607,1828,1605,875,1533,1686,275,1019
1654,165,1642,197,306,1517,1590,1006,518,1685,1332,271,1504,1115,1721
242,1792,1568,1592,1831,791,1773,1600,1635,1579,892,517,601,101,1559
1526,1607,1820,1672,49,1811,839,1788,137,800,1791,784,1514,191,171
1477,892,1746,1797,111,1710,1717,327,280,1700,1753,57,1725,205,1843
260,1479,1715,1621,1706,1616,1849,1762,1843,1754,1758,1542,1697,1908,642
1850,74,1803,94,1604,1684,1662,1841,1922,1905,1804,1664,263,1846,1771
1776,167,83,1709,1713,1832,1722,1635,1584,1538,861,1649,255,1946,239
356,176,1765,198,1851,1558,1854,597,1684,1332,1626,329,1697,1588,1390
300,1775,1678,1726,1488,1588,1365,126,321,1518,1790,1944,1952,929,1700
1854,1710,1653,1958,1839,315,320,1528,200,1802,1578,1881,1506,1576,1770
1712,248,245,1659,521,1616,1560,1538,1689,1731,700,1061,1793,1490,1625
1749,254,1941,1507,1750,1696,1656,1475,1742,1848,90,1575,1844,1547,1911
1712,166,1548,1320,1576,708,1834,158,101,226,1649,1906,1691,1842,1721
253,1707,1177,1559,1791,1522,1701,206,1365,1697,237,1688,764,243,1657
329,84,1611,1919,1430,1809,1527,1822,1560,1582,201,300,1740,74,1713
1634,1071,1826,1674,1609,1832,1496,1723,1738,1762,1698,1070,1910,1706,1391
1540,564,1188,1850,1490,1365,1719,1652,325,413,1499,1581,169,1654,54
1338,4,1512,181,1817,1583,1973,98,441,526,1553,1663,210,1500,1779
1610,1762,1824,1484,445,1847,1829,1628,1789,1590,841,1173,1512,118,1056
1704,212,227,1752,237,1587,1838,1669,1514,1231,142,1585,1365,1850,1073
1827,1576,173,1810,1707,1767,1395,1843,1283,1841,1966,936,1605,1600,118
1530,1823,1870,1728,522,1749,66,1503,1763,210,1748,1633,1643,1750,410
1276,1846,1814,1608,1586,1665,1744,1532,1697,138,1809,1830,1905,1053,183
1719,322,426,1378,1701,498,1741,269,140,1831,1621,1805,1496,128,1504
306,1619,1721,121,1576,1616,232,1893,1733,1663,1731,1843,1601,1520,116
1752,1708,264,1579,1072,1617,1747,1856,116,1576,1671,1718,171,939,1522
1651,1725,1615,1950,1664,1663,1836,293,1582,1622,208,1627,1482,304,782
1494,1530,909,236,1704,1555,1639,323,1665,1774,1907,1832,399,94,1628
589,1955,199,1134,1774,1657,1362,1949,96,1684,934,974,1523,1496,1794
1594,1739,282,1477,207,1765,1693,1839,1955,160,1847,100,1545,1689,491
1667,1523,1705,1739,1621,1968,242,1483,1547,1928,185,1793,1846,1723,1835
1948,1265,1547,1541,1362,843,1562,1660,1072,182,1713,1655,1816,1758,1806
515,1554,1718,1842,1594,1741,1528,1511,1478,1590,1366,1542,1942,24,1771
1892,154,1707,1681,1830,1784,203,226,1543,1908,1530,1485,669,1812,1796
1663,136,1841,1490,1475,557,1589,1517,1669,1819,1735,419,846,1541,238
318,1933,1893,1298,657,127,1848,188,304,606,1498,1765,1732,899,1786
1792,1558,1742,1105,20,704,1940,1529,1605,1778,1786,694,1796,1794,1841
1806,1837,1601,1694,1823,147,98,1665,1555,128,1649,1781,700,1521,1594
236,1552,81,221,126,1685,1499,578,1092,1933,1803,1507,241,1660,1374
1651,1857,1546,1762,700,1558,1753,1770,251,1673,1674,1636,1820,1813,1204
150,1585,655,1492,1392,174,1835,1642,1746,177,220,1611,1837,1838,1967
1304,504,1832,1638,1808,1843,686,286,1753,1681,1677,1817,177,1635,229
1097,182,1896,1587,1818,1734,160,1530,1822,144,234,1047,1476,1468,731
1733,1918,1772,1848,1497,1637,1780,1673,1523,1690,1607,1954,880,1630,1658
1705,1821,538,1909,1845,180,1112,542,790,1822,1573,1889,1498,1718,1634
1842,1124,1708,1689,588,159,258,1550,1524,597,1688,1860,410,150,192
1408,187,132,1726,1685,1575,207,1972,1506,1850,1543,1942,1679,1801,1604
792,1794,1526,1769,1592,1959,1383,294,1708,510,1612,1021,1678,1811,1975
1804,434,569,1846,1768,1379,1773,1959,1723,1789,1788,1476,1726,224,1321
160,1802,1750,1761,242,490,436,202,1757,1712,1735,110,459,1800,1704
1180,313,1743,1634,228,1633,1381,1764,1484,1353,132,816,1191,1702,410
1000,369,582,225,144,424,92,1566,319,1653,1537,1748,1677,1577,140
1740,1698,151,267,206,1848,1683,102,1854,1907,1391,1782,1912,1695,1674
1493,1712,1544,98,224,1662,1646,191,197,706,1024,1526,991,283,173
1526,1543,1664,1675,1593,1672,1580,97,58,1380,762,1480,1569,1631,1661
1907,1030,1505,1830,1976,1658,1702,1724,228,277,1713,1890,1027,1771,177
112,1831,1073,253,1674,34,1633,1791,1751,1797,1767,1845,1359,1646,1589
1573,1838,497,264,932,1759,147,1665,1650,1657,1084,1751,1828,1681,1820
1277,1676,511,1688,853,1065,1760,798,1820,1741,166,326,1947,1739,658
1524,1701,1899,1763,599,153,107,1595,1849,1800,1485,1776,442,1598,1908
1724,1936,193,717,685,1594,319,1894,263,1567,1912,1550,1798,1799,1776
1639,975,1732,1615,1776,1691,902,297,1707,1665,1022,1645,114,586,1504
351,1793,1706,1563,1787,1383,1975,1603,1526,1614,1543,857,1683,1491,759
1525,106,1615,1911,155,284,181,179,1783,1682,1815,1924,700,208,207
1646,216,235,1829,812,1489,1590,428,1975,1617,1856,1269,1531,1595,1518
1706,268,1566,1829,282,1843,1244,196,1837,1884,1282,816,1543,193,1413
636,1968,1671,1695,1558,1568,1510,1385,1611,1811,1496,1514,136,176,1650
159,1771,1553,1763,1897,629,1588,126,572,1789,1574,1629,1678,1491,1497
544,245,874,1532,1477,1487,1556,414,253,94,1803,1388,1908,1684,93
418,1678,1395,1753,1482,1558,1715,85,74,1362,1666,1541,1495,627,351
1942,1517,1829,654,528,1516,86,1617,1638,1724,1845,1170,1529,1518,1498
881,1482,1512,200,1563,1912,40,242,1853,1685,1723,1806,135,1340,1582
1550,1657,80,275,1319,1489,1153,1552,1913,1807,1746,1524,328,1829,1293
225,1708,1746,1627,1724,1834,1658,1811,1493,1771,208,1697,1638,171,1748
1830,1546,318,1791,163,1230,1777,253,1832,1500,323,1272,1752,1649,1694
1732,241,144,1629,457,1504,1139,1687,1848,1114,206,292,1548,1597,705
1710,1790,1536,1625,1569,1521,1540,1703,243,1812,1751,1630,1754,932,136
1664,1755,1806,63,292,1385,1686,650,1720,1554,1354,1578,1950,1486,160
1694,114,309,1591,134,180,1686,1506,1725,168,74,219,1521,1559,1673
1377,1679,1794,130,1574,1752,268,1499,1956,949,1016,84,229,1817,1365
1852,1701,1812,1611,1605,1821,704,1555,44,146,1798,1183,1971,173,1678
263,1773,942,233,39,1546,1694,110,1548,1488,1598,1613,1584,1646,1542
785,751,1260,121,217,1658,197,1790,256,1609,1642,1520,1971,1625,1818
1625,1791,1645,1712,1853,691,1758,127,762,1536,1479,1817,1831,1564,1740
1797,113,1391,1381,156,1384,1490,1488,572,1898,1601,1622,903,1535,1596
151,1910,678,414,144,1839,1751,122,1729,1607,134,112,1668,1907,1709
1593,1670,264,1603,1542,1856,1710,1910,83,1698,1522,1684,1745,1575,92
137,1537,166,1728,1594,1123,1730,1599,1765,1561,1634,1338,364,1481,1556
1847,1829,1604,1800,179,1828,1816,1735,1376,1908,238,1796,1709,198,559
170,1692,1504,1800,372,1905,100,1686,1478,1836,1368,1513,1490,1143,163
1707,1771,170,631,1604,1572,310,1391,259,156,1490,1380,275,1296,1969
1792,1540,183,202,1670,1527,1515,1685,1570,1604,1677,1684,1944,235,1510
144,1523,1658,260,1495,1969,1809,1636,1564,1351,20,1732,1492,1644,226
1397,216,1616,1112,257,1508,1684,1751,1789,1290,400,118,1610,1538,267
1202,1790,1490,1551,1778,1775,116,302,1712,1837,1678,1503,1295,1948,1734
1598,302,1830,1621,152,1760,1723,267,1527,1528,1000,956,1787,1557,1069
135,1762,225,1849,1763,170,1383,1658,1808,1669,1772,148,24,165,1786
355,1680,79,1477,1489,1496,1707,1811,1571,1713,1253,1909,181,1809,1937
302,1526,1835,1707,232,1767,1535,1685,1777,1536,128,1683,1937,1485,285
1813,101,1787,1634,1846,1507,1481,1521,90,1677,1522,1723,314,1819,470
1788,270,201,1615,1677,1698,238,175,1783,1652,1542,234,1372,86,308
679,1593,1805,263,1606,1268,718,311,1502,1830,655,1486,212,16,328
1768,327,980,1742,1569,216,1001,77,1831,1566,1170,250,1958,850,1804
1559,227,1754,1554,15,1893,184,901,1913,1714,1746,1664,989,329,1804
1842,1762,1755,1277,1049,1801,1596,1761,153,134,1669,1769,1760,1694,263
227,1543,1504,1594,1824,1547,1764,1588,1481,141,1759,1555,1837,1235,122
1713,1672,1729,1628,1821,1600,1697,84,1681,1831,1749,241,1819,112,161
1634,1807,1833,1760,259,1537,1516,1968,1726,783,1479,144,1546,1812,269
1616,1578,1767,1702,1551,1391,1355,1058,1760,787,1797,1065,763,1757,1565
232,1779,1756,1792,1185,1538,1793,1783,1908,1513,1478,308,1686,1379,1943
94,93,1526,1164,1945,1493,1906,1488,1614,252,198,1507,1502,1788,1922
1088,1538,1542,560,251,1656,704,617,1810,1507,1731,668,793,988,1563
102,1785,404,1786,1738,1611,1534,1548,280,1829,1523,1796,1366,1655,1807
1621,1846,1983,1582,132,1822,882,347,1551,1600,1782,1515,319,1502,262
1690,1582,1777,1814,1365,1937,1591,1601,1847,1813,213,1686,180,1961,1830
1549,1653,146,648,1522,91,1579,1834,1662,103,565,1682,1816,1854,1929
60,1483,1094,1819,1700,1822,279,609,1599,118,183,1854,1540,701,1627
1541,256,1487,1506,1638,1674,1528,137,169,1742,1347,1759,1597,1681,1680
236,189,1803,1777,1627,1688,1824,1630,142,1373,1634,1852,1633,1570,1522
1857,1540,1395,1822,1637,1539,717,1851,267,162,1798,1631,1500,994,1698
1628,1836,1605,196,1905,1928,816,1540,281,1601,1633,1720,1683,1853,289
1076,1881,1525,275,1484,1781,1493,161,393,1777,1534,1792,1609,1722,1488
1754,186,797,1183,1490,1930,1491,1802,182,1519,1680,1540,1790,980,121
1784,1515,1746,530,1614,1610,1757,1775,1728,1496,1666,1905,171,1488,1709
700,1511,1620,1724,1674,1619,355,1692,1785,1957,1540,143,283,1702,1611
289,671,1525,1620,176,1600,1738,1642,1490,1105,246,1605,319,1585,1692
1552,1700,1738,1541,130,1674,1540,184,280,1512,92,1589,1746,1941,1627
1758,90,1672,1535,1697,1550,97,1669,1628,1950,1714,1590,148,1538,205
1557,1748,1778,1698,1507,209,1505,83,1723,1514,1639,1866,1913,1788,285
102,1811,1500,1817,93,1528,483,1800,1787,1647,1947,328,176,1517,1513
776,1648,1611,292,91,1722,902,1761,1775,248,1541,968,65,271,194
262,1760,161,1519,902,1775,1845,299,1797,35,1571,592,1492,1365,210
1922,957,1519,1826,1816,634,1847,1669,215,1546,665,1540,277,1547,1514
1638,1736,1682,1827,1839,1780,1753,1476,1518,1751,288,173,1717,1504,27
1479,1573,1824,1789,1716,1091,1632,398,284,112,1666,1594,1645,1619,154
1215,1791,465,1629,1544,153,1674,1626,1729,1806,1631,1800,1058,1641,1480
1653,229,1563,1113,1622,1842,149,1913,1819,1545,1566,154,1525,336,1538
1734,892,1798,1138,194,1563,937,1836,1802,1719,1560,1634,1612,182,1679
1598,1493,1670,880,1717,143,1792,90,1789,1723,1892,1716,1692,1849,1530
498,145,1493,203,340,1613,84,1910,1511,1724,1812,1646,304,1657,1748
1667,1542,1649,1851,714,1615,1971,747,1845,1709,259,1593,1373,465,1781
1630,1365,1785,1750,1678,536,1801,1510,1783,1754,1572,400,1829,83,1378
1928,1797,1702,1801,1489,996,291,142,1832,1365,1581,1360,1830,1798,590
1725,1657,1512,597,1813,86,1492,1853,1521,505,1552,1567,115,1825,1837
1853,92,1683,1126,142,1840,1821,317,699,1790,253,1810,1705,1490,374
1603,1629,1513,185,1518,1739,264,1747,1528,1946,1583,1973,1422,1840,165
1558,1674,1137,1691,1835,1639,1623,1956,987,1493,266,74,1515,1908,1512
1692,295,244,253,1673,1640,1572,1645,503,1537,1552,262,1727,1683,1496
656,1831,1552,404,1725,133,1975,1911,1753,1582,1576,1459,1708,1580,1838
1151,1506,1751,1581,120,300,163,82,1662,104,335,1711,1542,1484,1695
1752,1674,1754,1570,1690,276,1556,88,1601,1651,1726,1750,1392,1548,1557
1036,1236,264,183,1507,1626,1576,993,181,691,261,1414,1513,1649,24
651,1849,302,621,1486,1396,1380,1632,1695,1682,1575,1071,1770,100,1201
88,673,1543,1694,798,834,1850,740,104,180,1494,1561,1772,1703,102
74,1908,651,1828,1378,1849,1905,1847,441,1827,1600,1501,1685,1536,1966
447,1643,1109,1668,1608,450,1780,1701,1715,807,1389,954,1899,1563,1778
1527,248,1698,272,234,1663,1668,561,1793,1509,86,1784,83,1823,1530
1172,1823,1669,1775,1565,1853,1591,619,1688,1834,1504,1765,859,1835,244
889,104,1699,1638,1718,1843,1602,1578,1597,1139,1493,1700,1545,1733,1666
1026,1712,719,1760,1921,1576,290,1931,1549,1496,107,1580,1612,1670,1969
163,1582,1673,1542,105,1672,1850,1365,619,182,1988,1822,1357,118,1684
704,1636,1839,1782,1669,1562,1520,1730,1658,251,1968,1554,393,1663,1589
105,1558,1676,1619,1564,319,1617,1818,237,381,1965,1730,604,583,1523
1470,1260,1617,1606,314,1825,1569,1630,1614,1530,291,1761,1543,1068,298
184,1481,1781,1319,1192,1650,1578,284,496,1791,1376,1770,1644,1667,236
319,1747,1387,1856,1644,1843,1788,1830,1746,180,1691,1482,1814,1532,1616
1761,245,1381,1855,1721,1915,1661,211,1372,1814,165,286,83,104,1583
1801,1708,1519,806,1543,1578,1727,1040,1264,1638,624,1628,1930,1850,413
13,1796,1768,1689,1729,1798,1673,1392,1751,91,1486,1494,261,914,273
1342,1613,761,101,1840,235,1783,567,206,1711,1015,1841,1972,177,247
1604,779,1800,735,260,538,1589,198,1556,1660,1782,1338,328,1633,1799
1709,174,1835,1268,1577,1753,665,181,207,126,1650,1512,1678,1366,1130
1788,1809,1812,1679,1553,259,1628,1480,1724,237,128,215,1860,1728,175
1822,1677,294,1544,599,1488,1639,1532,1708,1381,1763,1954,1520,1849,1684
256,169,943,190,1780,153,852,377,51,1838,1765,1831,242,1954,1855
1663,1799,1509,26,92,1492,1954,1651,1760,1549,1621,1552,1859,1963,124
1906,1621,1540,108,1529,312,1675,1500,905,1507,1557,106,1505,1483,1516
1504,112,25,1827,1742,711,1966,221,125,1944,1784,151,1843,1506,1598
703,222,250,1537,1494,72,1234,1619,1974,1768,887,1644,1611,1490,1950
545,1775,1491,1497,1823,592,1578,1683,1137,153,1736,938,880,120,258
1693,1798,1701,1559,1793,1766,95,1805,1736,1916,1500,1503,165,1671,1719
1641,122,1670,196,1519,236,1703,1679,1830,476,1728,1546,1604,1550,1598
1850,1582,1565,1558,1595,1383,1816,320,1848,1814,1730,1905,1725,1693,1686
1599,1750,290,1730,1793,1940,1724,90,1831,206,270,1849,1621,174,1745
1540,292,1748,1691,1180,786,1515,1558,1591,1737,312,1200,221,1505,1514
1477,1589,1754,660,1478,181,1485,191,1174,258,1953,146,1596,1573,1770
1959,1771,1798,1595,1628,1642,273,1667,1786,1837,1946,1482,1690,489,433
1729,177,1719,1611,871,1695,194,1816,1820,747,254,1772,872,1856,1769
1655,1577,1769,1523,1071,1849,972,1550,1534,1795,1848,80,1975,1681,1070
1348,1617,1503,1745,1156,1771,740,1953,62,1767,581,1640,1529,1850,1656
179,93,1835,1499,143,1715,1693,1722,1163,1502,1912,1694,318,1702,1484
884,1770,1854,1549,1559,1518,1849,227,833,1958,1599,1716,1064,1550,15
1669,1722,1521,205,1827,1956,1279,1826,1570,1568,1383,202,1813,1118,1532
1974,141,1691,1537,1521,1790,1545,1615,1092,1640,74,307,1750,1639,1806
1536,301,1850,1846,1753,1683,1940,479,1644,44,1166,1970,618,1504,1698
214,1577,1717,1838,302,1704,137,326,1828,82,1667,1745,1623,1003,1644
283,355,323,1818,175,1616,1571,5,717,1781,1496,310,1449,93,1277
234,1621,1539,1285,1810,1726,1703,226,676,1708,1730,1713,1575,185,1572
121,44,1117,199,87,1972,1502,1609,114,211,1781,1617,1681,186,1774
1401,134,1721,1985,191,832,533,451,173,255,164,1600,123,1675,1971
286,1510,1680,1674,1780,1685,158,1365,122,833,1508,304,41,232,1879
1532,1699,1579,1518,261,1637,1442,1797,127,1562,1365,126,289,1845,176
1570,1176,1567,317,1735,1561,1117,309,1961,1781,1745,1816,1623,1549,122
1538,1634,1275,1619,1764,1796,1757,1827,1824,1622,1907,213,114,1586,1821
1691,1105,1926,1735,251,988,88,1478,1670,176,1535,297,317,564,1554
1498,1673,320,69,1305,134,932,110,1906,260,227,1587,372,987,400
1525,321,1746,1968,1491,185,1549,219,1585,1589,1815,1516,338,309,1147
26,292,1604,1480,1677,1874,777,1745,1550,256,95,1759,1663,366,1531
1547,1714,1829,1737,140,1231,1748,1617,230,1828,1686,1666,100,154,1545
1820,120,1685,803,1508,270,205,1811,326,1640,1509,1986,1913,1608,557
1571,1497,1771,1808,1958,1797,1899,1812,1677,1952,1655,1530,1594,1913,1502
1815,1521,89,1760,1799,1631,1676,1690,649,1973,407,932,280,1899,1500
1677,1973,1674,1712,1737,1700,888,1586,1675,1717,103,1612,496,1762,1255
982,287,174,1586,1655,98,1753,1847,1728,836,134,1839,1662,1906,1830
1849,1788,1925,1686,481,1755,1475,1511,1815,1647,130,232,1846,128,131
1658,1825,1857,1945,1725,1509,1909,1530,1593,217,1646,1642,229,1475,1053
1640,1731,282,177,1761,920,1632,1792,125,1905,217,1533,1511,1778,1796
820,1088,1665,257,125,220,1509,1373,278,1222,1686,1631,1681,1913,302
1535,1713,685,1746,1726,1759,1620,1943,526,710,275,1732,1907,1502,1608
256,1793,1609,1716,313,1700,261,727,809,27,1644,1784,1567,1755,1671
1396,1532,1743,1755,1525,260,119,1660,1576,1691,1561,1709,1506,1674,1582
273,1550,1396,1926,118,1070,205,1829,882,1838,1807,1777,661,1782,1791
1625,122,1536,1576,1516,780,1760,1847,1531,1620,1746,1525,1551,1780,161
997,1798,1896,1825,1829,1619,1774,1673,1695,1624,1623,165,324,163,1805
1747,794,637,1770,1516,1634,1556,1799,1720,297,1580,1247,1845,1652,1518
1495,1593,326,1503,239,1504,277,542,1643,1480,1381,1566,401,327,86
955,1847,257,1781,205,1432,323,1842,583,1787,1702,1820,1749,202,1622
1841,1643,1668,1709,1700,1653,1747,1748,209,1848,103,172,1840,254,1506
396,949,195,81,1913,1769,1383,1722,1639,1610,1819,1605,1778,310,1830
1486,1824,1510,1255,1678,673,1683,1852,1672,226,1779,1663,1498,1530,298
1556,1615,1576,117,258,1718,1534,1689,360,1685,1649,1795,1616,421,203
256,1631,1974,242,142,1916,132,1646,1626,1550,1552,48,1838,1483,1516
897,1440,169,1624,1630,1576,1804,74,1481,1516,1477,1856,1686,1855,1817
135,1956,1716,1264,796,1724,1849,1782,1541,1626,1722,1853,1505,1499,305
1590,1670,1610,1506,340,1520,228,132,341,1589,1481,82,153,1654,1896
159,1509,1682,1503,225,1987,1481,208,1369,1854,1670,1836,1565,604,1656
1365,133,1735,1622,1760,1959,1482,717,1586,1714,81,1534,1748,1663,1739
1930,166,320,81,1715,1564,1856,1502,1730,1808,1716,1939,316,1648,1595
1390,1485,504,140,1832,325,1595,312,230,523,1972,274,1534,1564,1834
299,1724,1816,703,896,1633,1548,1778,1819,1509,1913,1648,1748,1847,1655
366,140,1805,1745,1546,1677,1579,1390,1702,1708,578,1658,1739,26,1675
1911,1706,1745,1786,1844,1502,1836,1029,1173,1715,1623,1768,1835,1779,1522
1599,174,1313,1715,1907,132,1824,122,1820,225,1804,1525,1008,1630,1571
301,1842,1631,1777,1496,982,1538,1740,1356,275,167,1832,1817,1443,1592
1575,1651,183,1730,1754,1638,1383,177,1567,1579,144,301,1806,1505,273
1944,199,1627,1552,187,1949,1391,1557,870,83,401,1955,191,968,514
102,1912,153,1571,1970,1476,1527,1675,1009,404,498,124,1655,1548,267
1782,1674,1925,1662,885,217,1498,1694,1614,1742,1574,1496,1541,104,235
1734,290,844,945,1262,1273,1808,1940,1922,1515,1817,1754,1371,199,1823
116,148,1724,490,346,1950,1503,85,1392,1806,1780,1813,230,1751,1507
1666,1527,276,1765,1266,999,1749,1557,1968,1758,1511,1507,1071,1394,1683
1843,1780,1707,986,638,256,1505,1761,292,129,1526,1482,836,1913,1032
1602,1556,204,172,129,1781,1516,1623,1639,1814,1573,1494,1850,1648,1578
1004,325,1740,780,44,318,1162,1837,129,132,1570,1736,1544,161,1909
116,1656,98,1523,504,1813,125,1486,1809,1589,128,1371,1743,1625,1786
1705,401,1908,1742,1090,932,1494,1487,550,136,1492,251,303,1955,1848
873,1678,1631,722,259,1561,1554,1789,134,1903,1662,1764,1770,327,1677
1567,1737,1743,1526,838,1934,299,329,1592,661,184,1686,1717,1484,1517
124,994,1583,237,1109,1216,1616,577,1570,175,1746,1905,1732,1478,1672
1796,324,1959,1716,1668,252,1941,1758,1526,890,983,1476,1515,1770,1722
80,1659,327,1556,1155,65,1589,288,1487,1748,317,139,1758,169,1768
1813,757,832,1743,1479,1963,1086,1756,1585,1652,1770,1504,342,1385,1833
1476,1694,1909,138,1688,1530,123,1802,1847,1907,256,1791,1565,241,1514
114,1752,1619,711,1838,1949,1373,1958,1704,1888,465,1597,301,1035,1584
1513,116,1532,1553,100,1662,1637,1581,261,307,538,1531,1857,1894,1621
1499,101,1824,1842,1600,563,1062,1762,1542,1606,162,1757,1733,1152,1541
239,1486,692,949,1758,1825,145,703,1710,650,1542,1630,999,346,1940
1642,129,166,1501,393,185,1527,1770,1808,1500,1953,204,1688,1793,1672
1737,1319,108,608,1839,236,1905,1795,1532,1496,1493,1477,1745,301,1618
1832,219,212,1555,1633,1602,161,149,112,237,1561,45,1134,1514,231
1669,1597,1725,1726,1587,813,703,1737,1762,455,285,1555,162,1514,1070
294,1724,1573,1749,327,1526,1699,215,310,1531,1797,1563,1820,1750,229
1706,489,1328,1892,1123,1700,1600,234,1610,1576,1109,123,1752,815,1071
1707,1381,1511,1718,1522,1837,1630,1642,242,1705,1595,1623,1578,1557,1542
1621,313,1616,1704,1859,175,1612,1792,58,1980,289,1702,1580,251,234
1711,1963,969,1704,1546,1481,1965,1316,1603,482,1699,83,1682,933,1715
392,1479,245,1793,1799,1508,1809,1578,126,1908,1383,1791,1892,1694,1618
1910,1532,1794,991,975,1830,981,1786,1500,1916,1612,1527,1575,153,1640
251,1777,1697,1014,273,1813,172,1378,1906,782,1574,316,93,1539,1834
1621,1518,1482,1784,308,1499,1551,1662,129,1792,1849,1922,1548,781,254
1535,986,623,255,1620,128,1571,1625,374,1484,1767,1849,1817,1476,270
1845,1778,1574,216,1853,1601,1763,1711,1768,1658,1578,440,276,914,1810
1753,1905,1771,270,1571,1683,262,1809,188,1680,898,1836,825,1608,1638
1356,827,1152,1825,1574,1792,278,1662,1503,1736,1070,83,1675,1707,157
1562,92,1798,1313,1696,1494,1523,976,1662,1497,1495,1490,1738,1222,1567
1895,1734,194,113,1742,1498,136,57,1821,674,312,1534,1722,288,115
1755,1481,1839,1480,1476,1955,1055,1677,1611,1730,70,476,1739,1643,1751
111,1689,1536,1824,1811,1504,901,1592,1853,1567,1651,1528,125,1657,1664
1579,1673,1771,1536,1892,1654,16,1586,1643,174,1797,1385,1493,1798,1675
1963,1716,1608,181,138,227,1754,1717,1785,1513,1235,1614,1599,738,1625
300,1849,1506,1574,1542,1521,1973,1677,1374,1678,1589,1735,1843,1693,1666
1705,1713,1370,205,170,195,1922,1362,1715,1840,1612,1983,1488,1656,1707
1718,1496,1539,1776,1810,1824,1520,223,1536,1623,1672,1528,1961,1682,1843
1594,1832,1604,1496,1501,1670,1831,1512,1590,1564,180,1834,1516,1739,1734
1549,1765,195,215,1780,1638,1505,1843,93,411,1414,1849,16,1728,1395
1560,1855,1578,1772,1580,1637,198,1607,1124,1379,1896,173,178,1799,116
1482,1963,1695,518,1632,1035,542,1719,1796,1570,251,1569,1703,83,1337
1503,460,1477,1785,1948,1796,174,329,1925,1177,1511,1776,1707,311,249
316,1831,119,1473,1747,1664,1827,1906,1421,1475,251,1513,1786,311,309
1839,832,1895,1950,1654,987,192,1506,1821,1564,1850,315,200,1806,1549
1637,1343,328,1486,993,185,1581,513,1652,1527,282,1070,1356,608,1801
1759,1536,1600,1110,1419,1785,1525,1755,792,1378,1849,795,1863,1797,1564
1828,103,188,1948,1173,1659,157,1751,1053,129,1867,1647,1853,218,186
1653,1509,322,206,1741,1764,1791,1726,1261,1652,1696,988,819,1534,1793
1671,323,1571,280,1826,1930,1691,632,438,1782,314,161,933,83,1761
1757,1936,303,1071,1669,838,88,1058,1851,1622,1895,1714,1503,1803,875
217,301,1617,1712,316,1764,1940,1579,1664,266,1559,81,1674,82,1636
738,16,1642,1633,149,297,1730,1681,1852,1508,1850,1742,1533,1799,1548
1708,1971,1847,1821,1748,1693,212,1569,933,114,1764,299,529,1776,1306
1715,1479,318,1771,1675,1678,1667,1090,1384,1613,278,702,214,1483,1485
220,1851,1324,1555,1584,1828,1383,1675,1513,996,1764,1960,1847,1721,1948
1690,231,182,1724,1750,1786,1823,1689,1843,1848,1795,1595,934,132,1955
1615,1598,316,1909,1579,1610,1860,1716,478,306,205,717,429,1730,1644
1509,739,797,1769,264,1754,1845,1565,1383,215,1637,230,1855,1736,1761
201,298,1679,366,1535,1729,1895,1817,238,1842,1379,1707,230,1592,1515
1767,113,89,1612,994,808,1768,1759,1621,1573,1648,16,1475,1950,1513
220,1588,74,1255,1732,1590,1774,1752,1391,88,197,1724,705,1761,1822
14,1784,1942,276,518,1657,1907,151,1488,1606,1765,1588,1786,1701,1090
1740,504,1755,1510,1613,1667,1557,178,1600,1970,1499,847,1757,1853,1638
1665,1726,255,665,1852,1850,210,1484,1716,1727,1934,161,1950,1510,1787
157,340,296,1489,226,1797,1716,1539,1848,1619,1559,1546,1780,1628,1787
415,1637,1647,1055,1543,192,1850,1830,790,306,1784,1723,236,1630,1834
1244,1827,1768,1909,1711,1877,1829,152,1532,939,1662,981,1560,1594,1646
420,1798,1725,1520,1922,1819,99,140,1860,226,1597,840,1605,1559,1728
1654,1840,137,1686,1524,73,1555,1695,1820,1375,1551,1561,1751,1211,1774
1831,1702,304,279,1391,1742,1378,1252,1801,1821,1896,1829,1744,1805,1573
107,505,243,252,433,619,801,1691,156,81,1526,1894,1658,1823,1478
136,455,1494,1711,1779,705,1794,1640,87,1538,1495,1713,1665,171,1815
1770,710,1616,1847,78,723,1853,1395,276,208,1823,1801,256,1741,1483
234,1744,1524,1714,200,1728,1594,761,259,1071,235,640,1785,1073,1757
1732,1770,1586,1545,1665,1706,1711,1689,64,1806,1773,132,1697,1639,121
763,1517,259,206,792,1650,1855,1682,96,1908,1446,1687,1661,225,1776
1503,26,1681,1846,1600,1511,225,1698,1787,1438,24,239,106,95,1666
1684,1562,144,211,1000,268,1569,1043,100,1860,1658,301,88,250,1728
1708,1669,151,1542,1773,1739,245,209,1204,1566,1558,1579,1957,643,1725
1640,492,1818,1692,207,1749,1611,1705,1912,1571,364,1671,890,1856,1765
1780,1695,1702,1791,307,994,225,466,1625,1510,1515,1543,1774,222,1952
92,1518,1632,1592,171,1662,320,1511,1821,1580,261,654,1655,1502,1893
1835,1772,1497,1693,1641,1840,1702,1725,228,1707,119,1844,1489,1394,1556
1679,879,233,674,1474,1608,1899,1585,1776,136,1627,992,163,620,1591
1832,1523,1670,159,1723,1819,1537,187,1390,1712,1746,1833,273,1785,1660
1968,159,109,1560,1769,1867,1662,233,1698,1855,1793,1908,1383,1667,1562
1542,1223,1528,372,1941,1525,133,1617,1572,1900,229,234,1776,100,1233
1618,1961,218,1733,1476,1701,113,585,938,1845,1766,1508,1716,1560,1544
1493,82,1712,1556,1706,249,305,1763,1788,1259,1631,1834,1744,1949,1855
923,1697,1612,1913,1658,1600,1606,1478,112,1495,1511,302,1706,1483,1719
1640,1582,1624,1699,1809,1680,1851,1954,1395,1506,1500,1738,437,229,1572
327,1606,1489,912,1332,561,253,370,1708,239,1670,1657,1951,187,1527
1631,142,1774,1628,1613,1827,1316,1664,1627,1489,1804,803,1893,1680,1096
1686,1322,1875,1971,1364,1905,1891,1574,1162,317,1614,180,1576,156,1669
294,207,1773,1331,1296,1007,1659,1569,1913,1971,1375,115,1541,213,1665
1477,1671,1731,771,828,538,1675,1951,1525,311,854,1780,24,1790,1662
1585,933,1604,1837,1624,28,1622,918,314,1971,676,1838,142,569,1525
1293,1714,14,1553,662,1507,1560,1674,1595,1841,1324,1635,190,1383,1724
255,1551,1626,1721,182,1601,158,1634,1805,1331,1682,1826,1565,137,1749
1838,1477,1807,214,1661,1674,1505,1492,704,1792,1718,1754,1561,1320,325
1712,1793,1619,1727,1697,1493,1526,1897,1681,65,1365,1505,260,171,1608
1311,1741,179,1662,1689,243,1778,1564,528,1734,410,1763,260,212,1702
1553,1549,1883,1548,1508,1745,132,966,1833,1797,1952,1960,1782,1733,1520
1443,161,1830,902,1651,1794,1751,1545,1468,1754,154,1515,88,117,1851
1777,167,974,1852,1558,1636,1579,1608,1597,1231,145,1654,1602,721,201
1786,1906,1516,257,1741,1722,1601,1711,1585,1848,133,64,220,198,1693
1553,1908,249,1389,1806,1916,1604,1786,1909,1677,1622,1479,1117,286,1818
1575,1831,1760,1620,1484,1708,1695,1699,1598,1811,1899,202,1675,1489,1522
1845,1595,1177,196,1729,1561,1598,1649,143,1657,1851,1961,1787,1510,571
263,1911,1667,216,1633,1575,1600,74,1563,117,1690,1908,1560,1631,1759
1627,1391,1653,653,257,1837,1928,1507,1830,1725,259,1917,1484,1955,180
1800,293,98,1760,1500,1899,1958,499,1624,1628,1485,1754,858,503,1561
83,1582,1778,81,1353,1597,1677,1641,1630,84,598,52,1667,1922,1899
1910,1515,1540,1770,1832,328,1481,1840,1690,1582,316,1490,1504,1758,203
103,1575,1656,309,1787,258,1680,1648,1699,1528,1317,1946,122,1664,1619
1738,1833,1669,320,1654,1777,1974,1763,1250,1695,570,1807,123,13,1905
1745,418,1383,629,156,1123,1490,1568,1689,1380,1719,359,1696,1262,1718
1856,1719,116,1842,1500,1775,240,1485,1694,1532,1772,1561,1706,1604,680
253,1648,181,1600,1686,311,1669,1640,1907,1838,1835,939,912,1911,184
1662,1755,1681,464,1648,1682,1738,1971,1638,132,1768,1846,1911,156,1547
69,1504,130,1626,127,1733,1906,1375,1540,1706,1695,797,172,1623,1789
1707,1608,1214,1570,1392,207,241,1774,1852,1191,1894,452,1555,1640,1180
1582,1504,611,1368,1861,1522,532,1661,1724,1702,1738,1152,1822,1707,1850
1499,478,1366,1666,1100,88,1768,1779,1665,1841,276,1822,1623,1652,159
1640,173,1809,1625,1669,299,1963,209,1546,424,704,993,1376,1512,1729
1480,1866,1683,1519,317,1347,1983,1760,1563,54,1684,1751,1135,1651,325
1856,1748,1771,1956,1571,1595,1598,1597,1692,882,1742,281,270,1607,323
1354,215,1524,1763,701,1613,475,1517,1796,1793,318,116,1592,146,856
1837,1746,842,1568,1585,1662,1518,1621,933,1541,1609,1529,403,444,107
1750,701,1581,1387,226,1659,1784,1716,1756,1607,1899,1773,1502,1586,1268
1119,1697,1591,1708,1776,1534,228,1396,1573,1525,211,815,1723,1773,1618
1805,1896,1530,1944,1656,1778,1380,1806,283,1707,1632,1609,1601,1582,1593
1139,325,1595,1726,1605,177,1851,1702,1572,1655,1840,172,1930,1723,518
1772,1739,533,1639,1913,400,313,13,137,1541,1614,122,1801,1604,1741
717,257,1514,726,1736,206,1788,1763,1716,1725,1750,180,123,1672,1525
1561,1781,1352,1570,1706,1757,1621,1710,1545,711,1912,1645,1721,1969,1640
1583,1765,1804,1650,1835,1718,795,1097,1911,1739,279,1486,185,1566,296
1488,1891,1525,466,254,1597,152,1767,1284,209,1914,1270,1678,1552,1481
1499,201,1714,1409,130,1743,1725,1600,1684,1542,298,1745,1517,1790,200
1499,1747,1577,1582,1710,489,1527,1849,130,1547,254,1601,1556,128,217
256,1618,108,60,91,303,1648,1808,104,1922,1764,1713,1547,1847,235
1694,1833,1479,1120,328,311,1767,1798,1813,1543,997,144,1498,1760,1852
1383,1778,1622,1855,329,1721,1720,150,1736,1506,1631,1498,1610,282,1320
1746,297,1394,1690,271,1497,1628,184,211,178,219,1523,318,1579,1803
1027,200,1832,24,1732,1650,1114,1162,111,1837,1522,1952,809,312,1536
1604,1690,1700,1672,1649,131,1775,1127,186,827,694,475,958,1628,1645
1694,1815,1652,1731,1610,1646,1571,1503,198,676,1879,1311,1780,1499,248
649,1486,91,1699,268,1645,351,1488,298,1601,1549,918,1804,1567,1791
26,232,1744,1763,305,1592,1501,1637,1789,254,1732,1014,1511,1738,1742
1512,1519,1574,1952,1784,1731,1579,131,327,804,1783,1543,1586,1834,1777
141,1770,993,1073,1596,1936,264,73,1773,1661,1492,1774,1686,483,475
1500,1607,1807,1637,1378,1626,1690,213,1478,1765,1613,1680,1643,1837,393
83,1214,1679,1476,222,1683,1505,1079,1922,1801,123,1799,1554,874,57
1529,851,146,1723,1492,1519,1069,1580,1954,113,1834,1783,1646,1542,1583
1598,1385,842,1490,102,200,1556,1727,78,1676,126,1545,1857,1694,219
1779,1804,1514,619,138,246,256,1476,108,1494,1109,1721,1613,1529,580
1973,1637,1770,1609,1046,119,1819,1588,1922,1744,267,1802,724,781,1553
1651,1490,93,1528,1669,1645,1549,1682,1501,1725,208,228,1616,1772,1704
1538,1646,701,275,1782,1763,1630,1576,1798,15,1678,1031,1602,1372,1712
1267,1597,1643,1531,1231,1895,1608,1485,792,274,1728,1752,131,101,1545
1762,1597,1857,1905,1365,1516,670,165,91,1530,1533,701,1308,210,956
1620,1762,1597,1542,78,1652,1604,1707,1682,1650,1617,1577,1969,1154,274
1258,1621,1743,1650,1571,1514,1754,1671,1608,1491,1584,1930,278,1379,1813
1381,1563,94,1547,93,1762,1482,780,1574,1323,1484,1797,1835,1684,309
1613,180,1791,283,472,1823,94,1630,1615,1839,1072,1538,84,312,280
1600,1579,1798,81,1545,1764,205,1323,43,1642,1779,1218,1815,1763,1700
1856,220,1485,1651,620,1690,940,162,150,1762,171,1618,1140,195,99
204,171,86,1581,1793,1615,1773,1630,1695,1171,1732,104,177,1804,1614
1604,1498,1525,1655,375,1767,1762,1656,1548,1698,1497,1717,1784,1654,1482
248,1708,1735,1721,1752,1832,1709,322,1667,1485,1582,1943,257,217,309
1838,1499,1782,1729,1741,1847,219,1930,1656,1697,1072,1509,1537,327,1809
279,1692,1570,306,316,1829,97,1675,1539,1504,1533,1708,1610,1761,1017
1709,1645,701,1538,1566,1842,255,1540,1792,1553,1583,1497,858,1803,1802
1520,1228,1749,498,1821,1561,81,1522,1835,1483,1693,1497,98,1712,1797
31,13,1810,923,1593,471,1725,758,1292,1726,1824,1795,1701,263,1760
1555,1769,308,1669,190,87,1507,1753,1556,1730,1214,1382,1561,267,1693
1500,288,145,1494,1910,1390,1549,1475,1483,842,497,1911,209,256,284
1633,1557,1444,1559,577,1765,285,482,324,1651,731,1574,1664,1742,1529
1748,760,1739,1805,1940,537,787,1037,1947,172,291,1550,539,216,461
34,1661,1777,1533,110,99,1566,1500,1524,1723,138,1503,1792,1620,1659
1489,1488,1781,219,1520,566,81,1642,1816,1621,1510,1632,1690,1892,1630
1930,1931,125,738,1929,123,1721,1638,265,597,1616,1675,1600,980,1621
146,1479,1532,430,933,1734,1687,151,132,1668,1491,61,518,1776,124
1671,577,923,1297,1579,247,1541,128,1686,1625,1680,210,1610,1695,82
1503,350,1712,1538,128,1738,276,1684,1743,1906,1646,298,1896,1892,378
1963,1598,1713,1815,216,1649,1698,1843,300,1701,323,1681,1696,1896,149
1770,1856,1742,1844,1493,1772,1810,1671,1798,1725,78,1717,1797,1102,1754
1628,1379,1723,1639,1803,1857,1714,880,87,1244,162,306,1117,1479,704
1535,1771,365,312,991,1758,1069,98,1738,1593,133,1488,143,1505,327
234,1830,960,1490,210,1560,1528,1622,1805,1542,544,1563,1787,231,1354
1738,1839,242,1689,1827,406,1587,1657,261,1536,1649,1677,165,1779,157
1747,1637,1786,541,677,557,1823,1520,1751,1613,1767,1813,296,695,1484
258,1803,1909,1823,1539,1784,1386,172,354,157,1707,1906,1659,296,186
201,188,916,1555,1561,1806,1769,1606,1755,1504,1708,1652,278,205,565
1724,1613,1854,1752,1747,1720,1768,1496,1790,1846,1932,1783,1857,900,1345
1638,1849,1646,1075,1688,1826,1634,802,1640,1556,480,292,1515,1669,1590
1610,1642,314,1975,1516,1816,1659,1813,1725,1833,1701,724,235,1922,1486
1876,1231,1475,327,1798,1813,1601,615,1830,1536,169,1667,1528,1760,1723
215,1865,1722,1514,1768,1908,1895,1663,1233,172,1511,1841,1749,1277,149
1645,1848,788,1863,1792,1537,1910,1829,1825,1677,1662,1841,121,1570,1603
1478,1704,134,1574,1041,117,85,1768,140,1706,1641,1660,1835,216,270
120,1741,1072,1782,94,1667,1770,189,150,1516,1375,1604,1844,1973,1480
1604,311,1539,1766,461,188,1637,241,1887,1482,1534,1587,1638,1767,1512
1891,329,1640,121,319,1819,1488,1745,1716,1478,1712,1338,537,1931,1663
204,1646,210,81,128,289,129,1378,663,1832,719,1827,1508,1628,1649
278,1656,1745,1854,1509,1095,1622,1835,261,1515,1056,311,1512,1907,880
932,1588,1665,28,150,1480,1810,1513,325,1965,351,1560,177,1658,437
445,1745,1584,367,943,1758,1792,1495,1721,1824,1956,1631,1906,193,1720
334,1841,1708,1876,1652,533,1549,162,1604,1595,1780,1699,1848,1532,1509
1441,126,1623,1604,790,1629,1669,1640,1544,1820,246,272,1791,1722,1576
1906,1629,1515,1686,1648,1837,721,1830,1768,1934,1040,154,219,1675,190
1739,1726,466,1599,689,244,1757,319,114,1588,1675,183,1615,172,1676
1735,1832,1622,1644,1816,997,600,1678,1607,1833,1516,1703,1683,1545,1547
1602,1656,1763,1771,1729,1494,21,1711,1231,1532,1554,1786,334,433,1739
1630,1479,1987,1706,112,1560,1769,1692,1778,233,1741,1615,1751,78,1846
1639,716,1775,257,165,173,130,227,1671,1563,1555,1820,279,1893,1852
1618,256,1640,1794,1594,1532,1852,1680,1504,1820,1884,1660,1156,1661,1740
1020,1910,1802,736,6,1846,1715,923,1764,1637,835,1677,1368,1949,1617
1748,1236,1663,128,283,1513,1487,414,92,1835,1596,1180,1821,503,826
1150,128,1835,1740,1885,122,1752,705,1689,1545,965,263,1791,1558,1640
1870,1526,1585,214,1843,1666,990,1661,1702,1913,1912,1743,482,1,171
1889,1685,434,999,1906,1515,201,1681,1174,1825,84,1690,1494,1679,1755
1807,1483,1536,1804,1561,316,1560,217,1691,100,835,1777,1156,1720,237
211,1172,1392,191,1647,1810,305,1779,277,1379,1625,1908,1795,1468,1491
