1512,1779,1733,211,1667,1734,1907,1742,1070,214,1723,126,1792,1750
1960,1841,1728,1386,1830,1687,260,1552,198,1690,1738,277,1514,1040
1803,472,128,1231,1640,1949,1795,1495,371,1490,722,1537,1503,1117
1641,954,981,441,1758,1539,1563,1659,374,1856,323,1728,369,1604
315,229,533,1496,1672,813,1748,1371,1269,259,277,207,1543,1972
1683,1818,1795,1478,1486,1779,1892,1660,1864,1385,700,1539,898,1787
1854,1775,1648,220,1494,1812,1815,1817,1725,1657,1786,1703,1544,304
1672,141,170,177,1656,51,1773,1911,115,92,1694,1785,1804,916
90,74,1668,490,246,1911,1560,1526,543,1475,280,1773,738,1610
402,1731,288,1519,242,1494,632,105,993,1837,1600,706,1860,1949
1625,1642,73,59,1809,1645,372,325,1496,1510,1526,1064,1707,1560
1751,613,1662,1112,1658,1510,803,1567,661,1639,1551,1949,1711,276
1826,1556,74,276,1492,1612,1673,1545,1585,311,1635,1541,1575,674
1565,1850,1320,1941,1316,853,490,518,1548,1686,1854,788,1575,1701
250,1668,280,1685,221,1966,1751,1748,1649,1577,1909,1593,1368,1529
1645,1823,1073,1677,26,1205,1508,1628,1510,644,1034,1544,1582,1525
1704,666,1647,328,1581,1596,254,1253,1762,1696,189,1512,1483,1675
192,1117,1384,934,78,1679,1744,1632,1544,1761,246,1827,1794,1684
124,509,1504,1598,1752,1647,1658,1621,243,1389,1874,1660,1318,46
1481,1624,1489,1732,1640,1782,1500,1689,1736,1895,1622,1972,1641,244
1387,78,1947,28,1497,1446,1316,1742,1845,1539,1802,1796,183,1750
480,882,1548,1753,1328,1483,1819,1619,272,1504,24,1788,1116,265
324,1574,1513,1579,1739,152,1376,1549,1826,254,1522,1389,1771,1553
176,84,1786,1849,117,230,1538,1484,1707,259,1835,1787,1679,1790
1607,920,1745,1609,44,143,1478,1725,1549,1703,1802,718,1594,1101
1746,43,1634,1600,1316,1611,164,1617,1508,1496,99,1481,516,1871
131,1790,163,1849,1670,289,1521,1804,1910,1775,1351,550,1526,516
1534,1906,1689,1523,1785,1631,106,117,1829,1788,1746,1709,1810,503
579,183,293,1521,1517,1637,1465,103,300,171,1640,258,184,1710
406,1479,272,1541,1748,308,1844,1706,178,1588,1551,1913,1527,128
1501,1477,55,1801,666,1953,314,1641,649,1772,1653,460,1740,1304
1738,148,1594,818,1577,226,1655,130,150,803,1785,110,1748,1725
1693,1531,206,1763,1849,1742,1615,172,76,1642,1486,1148,1744,518
624,1705,101,433,1690,1558,1896,1502,1113,1498,1840,1541,1737,1623
203,179,1651,1514,1753,1726,1497,1765,1794,1768,1962,1568,323,646
1635,242,1497,1605,1621,1628,1725,429,1392,362,1583,553,1884,304
1706,1719,1497,1770,1575,120,1713,1835,1117,1906,1618,1518,1475,1172
1500,1723,1647,820,239,1842,1797,1896,204,156,734,1790,211,1638
68,3,1485,1666,1500,1648,111,273,1738,1653,1498,1811,180,303
1962,1522,328,1654,1529,298,455,705,1698,1732,218,934,1533,1507
140,1378,1533,1515,1522,890,1650,805,1617,1639,1546,575,1486,1644
1770,220,1743,1754,146,1670,1795,1019,1602,1498,321,218,1569,1526
1550,452,1701,1745,1966,1659,702,1828,1789,1000,1775,1617,1587,1530
1770,1976,802,1673,264,1594,1833,1172,1522,1590,1742,1837,1710,1834
1851,1637,1737,1911,1736,63,1907,1587,634,245,1819,1960,1730,803
1762,1701,1588,1860,1847,1642,1617,1746,1837,1702,152,1555,1924,1625
1705,1655,591,1549,1381,1584,1366,1507,161,1574,738,261,1684,1817
1727,1549,225,1772,1670,259,1581,1753,1718,1745,1856,999,1490,777
196,1692,317,1672,1601,1952,1574,473,1810,1789,1514,1510,1788,1490
1791,1849,1698,1705,109,1839,232,437,221,1094,1824,210,1712,1487
1371,227,96,1606,1849,258,1744,1508,202,1649,1716,1383,236,1485
1475,183,1533,139,831,290,1649,1677,1747,1373,1547,1294,1966,1509
1799,651,1913,1758,1664,1617,1515,1564,15,1717,1529,1940,1480,1635
1739,1539,1908,198,168,1911,1369,1646,138,1962,1305,1519,1484,1597
1726,173,1580,1629,1852,1720,1849,1524,1653,35,111,1617,1859,1009
1663,1556,997,1772,231,1754,1477,375,1685,1962,1479,1737,1722,309
1833,1404,1609,1732,1657,1549,1497,1786,1494,179,1845,1685,1682,1480
328,55,1496,1715,1797,1489,1686,282,221,1617,1726,1791,35,28
1623,1756,1338,166,1703,1573,216,1790,546,1537,144,1788,1557,1735
1944,173,130,1840,1639,1787,1850,703,328,1056,1742,1654,217,1964
999,1762,1610,1570,788,1609,1556,1734,1624,1715,387,1805,1776,85
218,987,1195,809,1533,1790,291,25,1704,1850,609,1386,1654,261
1611,1656,1553,1584,1957,1911,505,1730,1568,1851,1687,1755,664,729
1749,152,646,1494,1922,1878,1624,1521,986,318,1842,827,308,1641
1242,1736,1365,1721,127,1737,1688,1503,1913,1905,222,295,1686,1771
1748,1697,1844,34,1769,1597,1679,1617,923,1650,260,189,1560,89
1683,1392,1095,1924,1830,1542,157,1681,10,1525,216,1645,4,241
147,1562,1525,1799,1651,1622,1835,1610,1481,1816,1783,1176,1804,1699
5,270,100,200,1137,1829,221,1779,28,1840,1729,197,1526,1754
1974,1831,1649,1585,1597,1532,1699,1915,39,1800,1777,146,1959,307
108,1807,1853,1171,1672,1282,1717,1659,310,1573,1772,1826,1503,1595
1545,688,12,1738,1733,1666,1744,1813,1823,267,1617,1766,1497,1580
1633,1706,1518,199,146,1615,1480,1683,169,1443,1693,1871,1024,1968
423,58,1704,1856,1380,1907,285,1893,1824,956,1800,1752,1674,1655
1759,705,1561,1806,1775,1562,932,1691,1616,1810,1662,306,1519,193
1814,691,1380,284,608,1836,1745,527,1545,1584,1605,1843,1622,295
1680,1946,1861,1784,1838,1218,312,1814,1598,1773,1780,1503,1762,1692
1711,1809,1805,271,1657,887,1509,518,1532,1524,1576,1895,617,791
1549,171,1712,106,1762,1702,1634,246,177,1911,1178,1395,281,1520
1833,619,1543,1511,150,82,1721,1527,1539,113,813,1513,128,122
194,325,1791,1654,1573,1811,1736,108,1747,1538,1693,1826,168,1638
1231,1899,700,1906,1504,1634,1841,1607,185,1708,118,1817,194,1670
1725,1390,344,1783,518,1674,1494,1657,1601,1106,1365,1663,313,188
170,1596,106,1500,1035,119,1634,1661,1549,1554,725,132,1644,1770
99,1600,72,1608,694,1717,1756,840,1906,1845,289,1545,1671,684
1559,186,742,1547,1630,1818,518,1566,323,1697,1033,1645,64,1556
1730,1843,1690,299,1951,1729,1790,1798,1383,1497,1759,1854,1549,273
1821,1062,1010,129,1769,1828,758,1812,1753,1847,1335,182,156,1714
600,1238,1755,201,536,104,1730,257,240,1608,1783,142,310,186
190,1648,701,1612,1656,1969,1677,624,1624,1712,291,1558,1849,1530
1684,1777,343,1366,345,1947,155,932,145,1729,1672,1821,1539,1812
1695,66,1555,573,1799,1713,1753,1913,1618,160,1829,1653,1894,1539
1855,1687,1785,223,381,1716,1486,1836,1626,1478,1651,1939,1709,1685
1804,1594,1837,1634,1513,672,136,1605,1492,795,1808,1490,860,205
1513,1647,518,1511,332,542,1713,1580,1354,1613,285,1815,1677,1710
933,1618,1571,1091,1673,296,1790,163,1627,278,577,298,1568,1503
1899,201,589,283,1598,1478,1831,1493,239,1760,1685,246,1498,1729
171,295,1665,1795,1813,374,303,1666,472,1605,122,1857,1591,1842
405,1653,172,152,1568,1809,1608,1380,1554,1543,1839,308,792,619
563,1803,523,1835,1797,1517,1396,1696,1705,1777,1668,1343,1585,1601
1569,1652,1207,93,1790,1803,74,1609,1560,1593,1857,284,1776,208
376,1922,329,1764,97,1172,1716,1860,267,1786,1163,1913,1657,1735
129,1860,1629,1768,1776,316,1671,1489,80,1625,1640,235,1624,1323
1526,1621,274,1843,298,1207,1035,1827,1574,1940,264,781,190,321
1763,1766,1511,1606,1591,1799,1592,1817,1501,1735,1392,1381,215,1626
1795,1604,1523,1802,1771,1503,1905,1547,1603,640,1777,1599,1114,1911
825,1777,154,1365,1760,1809,1706,1909,1685,1527,661,1811,1567,109
981,1658,1698,1986,1595,1700,1763,1692,1689,1487,324,1707,1850,1911
1705,1607,1761,1594,151,1746,1897,1965,1870,1758,1839,1749,150,1579
1753,89,1492,1488,1563,1731,274,1802,933,213,510,1779,1635,1600
1488,1726,1491,1909,510,1725,1785,1753,1762,1681,1737,1760,229,82
1378,1504,1490,1826,1590,1619,367,1483,1670,1704,1104,850,28,1741
307,281,1376,1598,1574,1824,1478,1334,821,578,86,1793,93,1696
1198,1842,192,1532,306,1690,1721,1512,1630,1511,1610,1536,249,1676
1605,1892,224,1493,1430,1585,261,1365,1556,1503,282,227,1306,1957
1627,1683,1702,1743,1554,1844,292,1560,898,1590,1614,1277,169,1483
1659,456,215,1854,1731,1715,1771,317,1832,1558,1833,1844,1509,1840
1487,287,1578,80,315,1475,1781,1958,136,1113,1535,1080,259,1860
1960,196,215,271,1596,1651,1476,1968,547,553,1672,703,1589,1638
885,324,1023,1551,1757,1806,1943,1334,1893,1799,1659,194,151,624
206,119,1969,1794,251,1374,276,1552,1686,92,1754,1682,111,735
1568,311,1952,1833,1549,222,263,1829,1804,1779,447,1679,470,1706
1849,1618,1754,1484,220,930,1806,1250,1752,1554,1740,1648,313,1843
520,1546,1807,725,180,1592,1768,251,1833,1693,1700,832,1601,157
1348,1143,1956,1626,1854,119,1881,309,984,1859,1521,1679,13,1476
1501,1907,1758,1644,1697,293,1733,280,1656,1896,1777,857,301,868
1761,369,1832,1776,1618,1633,1801,1517,1484,257,1795,1796,1523,1575
1486,767,1508,120,1763,1638,1726,1768,1690,209,1588,1567,1760,1836
1953,1834,1689,1606,1696,269,963,1851,1930,1843,631,154,178,1858
205,1557,1831,1758,1737,1841,1657,1836,1679,1497,1780,1905,204,1485
1578,1684,518,1623,1338,1523,1845,1697,437,1855,254,22,1802,1519
1811,1836,1677,1373,1537,1655,1709,269,220,1190,1647,539,256,1840
1475,1698,1521,1725,300,1472,1674,1956,1562,1660,885,1482,1684,1324
1549,1696,1124,486,1585,1753,756,1587,1682,292,1069,325,1669,1946
1815,729,896,1804,1792,94,1546,106,1914,1738,1780,1338,1704,1830
223,1607,1770,1638,1764,1588,1738,1582,1520,1810,497,1688,1745,1104
1366,1671,1909,1701,1715,1390,1718,121,240,229,1749,1668,1295,1841
1813,1806,1673,893,1754,279,1572,1582,1989,1283,1797,302,1684,1625
1675,1617,1466,1695,1641,1973,370,259,968,442,1476,317,1664,1782
1536,1499,1484,256,197,1716,1378,1910,1830,1843,1818,125,206,1050
1079,1825,1171,225,130,1162,1475,1786,288,1502,1479,1718,660,1604
1731,680,1631,1383,1834,1580,1536,1520,1820,1629,184,1478,1231,1785
399,1941,1857,1909,1661,798,1508,1613,1748,584,1640,321,1544,1907
1854,1694,223,1525,261,1481,1947,827,169,83,173,1660,696,1700
1527,1549,1926,1723,197,463,1675,112,309,304,238,1712,100,1911
66,833,1585,781,1452,1034,1859,1794,1823,722,1643,1366,1546,1187
1948,1647,1683,264,1909,1707,891,1625,1820,1604,563,1616,1671,1688
1586,674,1608,1770,1604,1546,1072,1690,1771,1722,1623,1793,1590,1041
1614,1700,1750,1611,1726,208,34,234,1629,152,1601,1603,1790,1569
1367,1941,1746,1535,1792,1370,1581,1341,1753,1689,1717,1646,670,1681
1756,1666,1775,1727,1580,1662,164,1743,1700,661,552,241,1574,1810
203,266,608,1175,1849,611,1685,188,1593,302,1508,442,1588,1758
1522,1712,1765,497,1505,1233,1855,566,1550,1070,227,322,1593,1552
1617,1744,1531,1623,136,1821,1385,226,1664,1767,1645,1561,1895,1785
89,992,1704,1483,1855,1806,1097,1539,340,1906,1623,182,170,1072
1488,1847,101,1737,191,1644,1820,1526,260,1386,381,1687,1654,1805
85,279,1819,285,1543,1666,1207,1492,1778,297,222,1491,1772,144
1707,1658,1946,1131,1533,1722,1849,1761,1530,1895,247,264,1826,803
1680,1531,1817,1715,1958,701,158,1390,1616,116,1633,218,1530,1332
1524,316,1593,321,1643,1545,1959,1645,1792,1905,990,1688,131,1364
324,76,830,1670,1845,1716,369,1639,1616,1394,1612,1513,84,200
1592,145,1545,28,1615,1065,1804,1736,1606,1779,1670,93,1381,1477
51,1662,1653,1819,1806,1383,1354,782,1746,1515,1374,209,1946,1612
1754,1492,1907,1844,868,297,1630,321,1608,1606,105,287,313,1380
80,1502,227,156,1655,1493,1268,83,1483,1802,1587,86,285,1581
1658,1684,1141,790,1739,1839,1817,1704,254,1781,1690,15,187,1536
1562,241,220,1177,1893,1722,1743,1959,1754,1490,1392,1660,1972,1673
1527,1612,1808,677,1680,1502,1320,1575,1364,1640,1651,1909,1733,1595
1494,607,1805,796,237,319,595,1703,1279,1493,1483,1484,218,1392
1541,1733,759,1688,1646,107,1840,1621,1610,842,1631,1005,1909,1972
1856,1852,1649,376,1632,1737,1926,1823,291,1530,1824,1525,98,1671
1780,1769,1926,489,1790,1542,1747,1680,1570,1803,1178,94,1071,466
1762,1661,1820,1073,105,116,163,270,1970,1854,1487,1769,1626,1687
1586,1832,1558,262,203,1820,300,1642,705,1929,1631,1836,1892,1615
78,28,256,1050,259,152,1760,1657,1575,242,135,1791,1894,1677
138,1539,237,1629,1698,1802,1807,95,1626,1785,1961,1839,1510,1755
1640,971,1564,1623,1636,1942,1497,1738,717,1972,1686,1491,1801,1647
1588,1625,229,1536,1691,1572,273,1654,1736,1479,1072,1962,198,1379
1956,1502,1641,1598,743,1926,1741,1634,98,1483,1891,1690,1574,1798
626,122,1641,1848,297,1713,1513,134,1684,1580,1722,1971,1520,1851
1548,1794,1621,1575,198,1672,1499,133,1758,1822,886,1577,1504,1571
489,1939,1372,1529,1594,1702,1534,1511,381,1700,305,1533,1554,1775
262,1896,996,1259,1654,1570,1610,584,1625,1677,1480,1565,1838,1478
993,1562,1845,1688,1655,261,91,1775,186,120,1582,1609,1656,1518
1605,1715,754,170,1506,305,214,100,904,708,171,1641,1831,133
1693,283,1698,288,1575,1175,1704,987,1499,298,1748,1655,209,1475
1901,701,232,322,1590,1630,1679,1671,1706,1760,1767,193,1970,1608
274,1744,1844,1767,287,1612,1724,270,1247,1530,1519,1854,1780,1615
1612,1698,1521,1554,101,664,1526,526,1597,1911,821,1722,1373,839
1830,1565,1757,1496,1739,1751,102,1833,1523,1560,438,1545,656,1778
920,119,1968,1958,300,1705,1373,1808,1601,1848,14,1456,1868,269
1814,1793,1756,1809,1930,1824,1800,187,259,123,1496,1475,278,1835
1683,314,1588,1065,148,1564,1860,1574,273,1367,201,118,317,1793
1748,1735,1732,289,628,1568,329,1567,156,64,204,1636,1644,256
1700,144,1609,1694,1741,120,470,1753,1630,1692,1847,1381,116,1922
701,302,1774,74,254,1629,1639,1824,536,1656,1660,1392,1707,1740
221,1731,131,1897,1655,1618,211,124,1442,1776,1834,1522,1823,1126
131,1639,1950,1072,1849,286,1778,1553,1853,1702,1761,327,1597,1684
1644,1678,1649,1526,1820,1779,1563,1789,1614,217,1704,286,1510,1709
1641,1661,159,1832,1605,1311,1602,1897,1755,1789,1505,1795,1630,1626
1671,1591,997,1752,866,1415,295,1748,470,267,1366,1487,1606,1953
27,1567,1912,1598,192,277,1638,1576,1543,1391,1627,141,1608,1741
1699,1511,1579,367,116,1488,1566,1476,1815,588,1683,1611,241,76
1774,1945,454,183,1606,734,515,1562,1714,1613,498,533,1807,215
82,1543,279,278,1795,1641,271,155,1634,1777,1823,1490,162,1576
1671,164,1498,1073,991,1818,1518,281,1528,142,1839,1847,989,1345
231,1707,1681,13,1667,1507,1525,1773,1937,1747,1683,1763,287,1000
1687,1832,191,1568,731,1691,1675,1575,1843,1632,1554,1771,1834,1720
202,244,1485,263,1725,120,681,1071,285,246,357,214,1566,1952
1535,1633,983,258,518,610,1566,78,1372,1814,611,141,1510,1733
761,137,800,1001,1697,1514,1707,406,56,1067,308,1754,1773,807
1641,1726,1710,1577,1536,1772,632,1672,1552,388,1378,1588,1849,1582
1497,1756,1909,170,1046,1616,1493,1988,1615,431,1556,1631,187,948
1741,1611,116,201,1971,1105,1609,113,1823,180,204,1674,1841,1759
1797,159,1761,288,1965,1481,1534,1753,315,113,1510,1690,1807,1546
1897,1603,1769,1657,1554,1647,1319,1752,1564,1799,1609,1759,236,286
1730,1765,1849,1574,1638,90,255,1804,1772,1757,600,28,1550,1846
83,293,1491,1508,1658,879,1496,1754,1663,1740,259,1747,161,1708
1695,1679,1628,1605,274,1639,229,112,1739,933,802,1569,1476,1692
1909,1806,126,1596,1799,1657,781,1762,195,291,78,162,93,1642
1639,1683,1572,157,1366,1529,1532,1514,319,1586,1913,1814,1709,134
1933,1804,1839,1691,1892,1845,1818,1543,139,1798,84,1689,1621,1748
1768,1603,80,1860,1800,1584,1719,1658,1843,1613,1511,1830,1699,1632
840,1395,1499,1693,1398,1680,1278,1714,325,1778,1911,1722,1540,1980
126,1836,1804,142,1702,1378,1534,579,1645,237,125,1754,743,1672
1701,1907,1498,91,1639,1912,191,1495,1611,1616,1651,324,989,1607
1761,1031,1554,1492,1536,1719,1953,1561,1766,1525,1908,1839,1673,1952
1754,1496,152,1540,1716,1490,1832,1484,239,1558,1513,1610,670,1854
1963,183,1650,1801,78,1703,1100,1551,1687,144,1832,874,1496,186
1724,1481,1574,143,80,185,1502,1579,151,1693,1500,159,1811,1698
202,1364,1247,1692,1660,654,1663,1730,100,1910,458,1487,84,87
1828,1749,1541,1568,300,95,281,135,440,1376,1663,1910,1896,1640
1523,1796,1512,1851,89,1660,214,1892,1521,1495,1831,1687,210,102
1922,1956,260,1754,1594,1785,1669,1615,1729,1853,1600,1836,1750,158
1505,296,1365,1491,1831,1667,1755,1805,1715,108,1794,167,179,254
61,1852,1610,217,1623,1180,751,60,1505,86,1761,1784,1740,1654
221,1848,1549,1647,1351,1734,1070,1513,1844,1918,1190,1699,1949,1512
1773,266,1536,1392,1844,1375,1359,1831,1560,991,1480,1696,1520,1582
1653,1497,1254,1798,1734,310,1949,24,1946,1518,1526,1850,1499,1591
1169,1638,1830,249,1527,1819,1418,1537,294,1789,295,482,1780,1585
1547,1827,373,1549,259,1497,1664,1672,1632,131,1669,1776,102,539
1344,1749,1636,1890,119,265,1378,1584,197,97,1701,1732,1971,1684
94,165,1907,1153,1517,1610,1798,1524,223,1669,1744,380,214,1550
1840,1624,1803,1808,1669,43,1586,148,1698,1689,1568,1784,1585,552
1025,108,389,1608,1816,1634,1790,1796,200,85,1670,303,117,1847
193,1587,922,1493,1542,1592,1532,1821,1739,1663,1656,1617,1748,1705
1746,1801,1578,796,1544,1664,319,216,1857,141,1043,1719,1336,1960
547,1776,1393,782,308,1073,140,91,1628,1787,270,1973,910,107
309,1643,1795,215,1562,1758,1931,1593,1726,1837,1683,198,210,1668
202,90,1635,1773,1778,1497,1702,1507,1624,549,160,1484,1053,1527
253,1788,1537,1717,161,1486,1603,1809,702,28,1748,1787,1853,697
1629,1618,1621,867,1710,1669,1124,1615,1250,1818,1736,1574,1752,162
1645,173,1320,532,1627,1859,1817,1768,1854,1494,308,121,1583,1793
1264,157,1391,1552,1124,1752,101,411,237,1240,187,699,1751,1892
1955,1903,1784,1498,195,16,1676,1775,164,1945,992,1512,38,1696
1735,467,224,1766,1942,1588,1548,1545,908,1912,1602,1685,1845,1640
1516,1696,758,1961,1505,1531,853,272,836,795,551,175,1826,1823
1831,1487,1870,180,1506,92,1921,1905,1678,1961,1948,326,1657,1715
1765,1778,16,1383,1636,800,1799,135,1745,1662,269,1704,1716,1742
280,1936,1852,164,1568,1533,165,1913,1102,1554,1563,1284,310,177
603,1829,406,781,170,1525,1728,98,1797,212,197,140,1482,441
1677,247,1626,1668,696,495,358,326,1548,1681,767,252,1905,1718
1762,1675,250,274,1601,1685,1644,840,1862,246,1571,111,1775,24
1670,1792,258,136,394,1811,698,945,1574,1752,85,641,292,1663
789,1836,1489,1575,1853,93,1784,1680,1770,1251,1653,1713,1681,821
1768,287,96,143,1781,986,138,1456,174,1532,1741,1788,1690,1987
1745,1634,1973,1909,302,1676,1860,1767,1778,1907,1923,1760,1659,1968
1577,1385,1569,1643,1618,894,230,1525,1791,1599,1646,1841,1597,992
171,1716,263,1665,1630,1772,1073,1836,1587,255,1645,1718,287,1757
1829,1855,1745,1849,221,1527,1616,280,1639,1591,1540,1791,1662,864
145,1740,660,1908,1524,1636,296,1615,1721,1591,1624,1966,282,1973
1599,195,17,370,1653,1636,1706,1793,1771,1737,1455,1691,1633,1634
1529,1780,154,1737,219,1501,150,1710,1942,197,1826,1692,981,1508
1624,1719,1910,208,1824,1633,1950,1535,1846,288,1775,1750,1782,1561
661,1376,242,1557,1100,1559,1848,1842,1803,1787,1750,1562,1692,1974
1486,1912,1569,1745,1781,1690,106,110,1519,1493,1368,1561,112,651
1769,1782,1797,791,1416,1313,1373,1748,502,194,1846,1708,324,1823
1607,1645,1844,1826,1769,1950,1681,1799,1648,1847,226,1548,1380,168
890,1690,204,232,1504,335,1533,1779,304,1583,210,1553,1526,1819
1797,271,1480,1670,327,3,421,1764,976,1635,1315,497,1726,367
1965,1759,1546,117,77,74,1702,128,1833,1641,1593,1845,1798,1737
744,1849,1533,1855,1015,1602,1918,215,1308,1043,1974,1688,968,1558
251,1641,1906,1816,279,1553,1832,153,1789,1751,1797,1401,1297,1496
302,655,1602,604,1385,1543,796,1880,1658,1489,1736,199,1729,1810
1772,1823,167,1578,1674,1732,915,518,1647,1565,1684,1587,269,303
139,1583,1644,583,320,1696,1359,182,1810,177,1832,700,1767,1651
1604,1907,1620,1558,1497,1947,1368,1322,1738,1548,1720,1675,1785,1668
205,1976,1837,98,1533,273,1900,1862,1787,1812,108,1704,1211,1743
1516,158,1170,1497,1826,219,169,326,1593,463,69,1119,1658,1524
1629,1758,1946,1768,1918,128,1614,617,1637,1667,1689,1553,1947,240
1744,96,1491,1620,1526,1677,1748,1163,902,1655,141,208,1496,328
1593,127,1937,1664,796,1552,1729,325,128,998,1300,276,242,1692
1535,133,268,1846,1908,1480,1588,271,623,1787,1379,1515,1550,1494
1835,1379,1601,1704,328,1653,1673,691,1251,1689,1246,1853,230,1488
1748,1761,1252,944,1604,1922,1613,1692,251,1611,1832,1742,73,234
1072,556,138,1588,1842,1074,1676,235,1808,1528,1392,1671,1619,466
325,1789,1850,1774,1838,1643,1511,932,1785,1621,1551,1105,1825,1633
1556,1166,1666,140,1610,1662,1800,1838,224,227,1509,1775,236,1640
1533,1519,1776,1526,1739,1737,1666,102,392,180,1730,1828,1522,1710
1601,1760,860,269,1614,1811,498,1338,1479,1815,146,1742,1070,582
193,1696,1640,1613,721,1677,1850,1747,265,1811,1833,1479,1562,1371
401,1536,1899,317,1625,1734,103,1693,1597,89,213,1544,297,123
1663,1952,1078,1958,980,1677,1694,717,1505,1361,864,1726,1906,1555
1736,1798,280,163,203,1506,1475,229,898,1628,1704,1558,1609,1795
203,1738,1681,316,1537,217,165,1569,1565,284,1693,892,1559,1748
1893,497,1847,100,310,1396,1724,207,1643,1566,1503,296,1545,1741
1777,1779,596,1695,1796,300,1849,1787,1896,649,1692,1556,1509,114
1532,1583,1700,1604,863,1767,1723,1837,1709,161,1825,306,1072,358
1583,1770,213,1563,476,324,762,1581,1695,1811,1752,1818,813,1331
201,1849,1684,1771,727,268,129,1751,1600,1788,1633,1930,307,1702
1728,1676,40,1383,1657,329,1491,1543,1942,1711,201,98,1653,1566
1744,1559,1398,254,831,1705,1658,105,1568,1765,587,1734,70,1366
217,1578,1703,1908,1111,1843,1541,275,728,466,1853,1641,1760,154
1542,1640,303,417,649,1181,99,1681,1804,1666,237,1955,1526,999
1521,1903,264,293,1380,284,1384,1537,1781,1691,1633,1773,677,1789
1654,1361,835,232,652,1589,126,1853,1781,1696,121,1577,321,1646
156,938,1557,238,1829,215,1395,1518,1906,1268,1668,1725,478,1559
258,1784,1487,1711,1642,1408,1573,1733,1647,1306,1571,1794,1516,1796
1548,1684,1557,1792,1837,1654,1590,1605,156,1279,1544,781,1734,1711
1677,1616,308,455,83,1570,166,1530,683,1771,1392,158,168,1588
226,1522,1704,1621,1727,1723,1499,1779,1753,1181,1528,1786,1373,1162
1972,233,1648,1826,1500,1661,43,1363,1370,1725,1783,1824,1664,1828
1618,1583,1485,1660,183,836,171,1772,1886,1498,1845,1669,1565,167
1491,1372,1828,599,1773,1511,1213,1780,241,441,1655,1898,1501,316
298,1360,1113,371,1636,1804,320,1950,1556,1696,1734,1857,238,596
141,174,300,1480,1628,1650,404,1687,1910,1950,1567,1894,1674,317
188,1553,1625,1372,1755,986,564,1882,903,1957,1541,165,1639,1933
1383,1987,1392,25,1070,1617,1787,1609,150,1380,1502,1382,1227,1729
1615,1572,35,322,761,294,1808,56,1601,184,1855,1589,1614,1824
1804,1077,302,160,216,1754,1973,597,102,1959,1727,1207,1634,816
1518,1827,1634,1977,1606,1808,187,1487,1747,267,1214,1709,1825,1772
1466,28,1517,718,15,1747,206,321,67,1808,1564,1912,358,1568
1637,1568,1600,1801,1675,1491,379,1521,131,1822,1574,1615,1966,1386
1552,1710,1553,123,1662,1389,1697,692,1603,735,283,293,1611,1593
848,1822,105,1744,310,1490,1599,1650,1801,1671,1507,1847,143,1475
302,963,618,1586,1779,1651,1972,1538,1623,1721,113,242,1706,702
1626,1583,1758,112,1802,177,101,14,1549,1680,1851,1819,1632,1516
1869,1821,799,1734,1787,1766,1640,1606,1669,1659,1527,237,1537,1687
1117,1746,1501,136,1552,286,153,1971,1493,1802,1720,1745,1817,523
1590,211,1183,1638,381,1831,1622,207,1958,1595,1696,1714,1779,1637
1762,184,1678,1585,1645,677,62,702,1709,693,296,85,1638,1673
1492,1643,1633,1705,271,1558,1518,1789,1943,1395,1509,78,1634,1497
1778,1164,1681,202,1844,838,371,305,1678,1830,196,1268,1601,1842
102,1616,1752,139,168,1748,1829,1522,1731,802,1373,525,1504,1721
1773,1810,282,1618,1529,1621,478,194,1703,327,1734,1700,220,1491
1614,1476,1849,1695,98,1725,1796,263,1485,1845,1330,328,1594,1586
233,1658,1126,1545,1674,1748,1911,1933,1850,1671,133,1561,1611,1048
841,1300,1647,1783,1581,1353,1530,1480,1676,1710,1801,1294,116,981
161,649,285,256,1575,1493,229,1720,1533,87,575,147,1816,1695
1750,1659,807,1847,1910,1554,1608,1496,1501,1500,1835,1730,320,1717
641,1501,1747,236,1847,1199,1804,1521,1751,150,266,1518,1380,1714
280,1757,1558,1904,1687,96,1247,276,1511,1893,1772,1850,178,1739
1493,1830,1059,1528,1498,1698,1829,1710,1268,1738,1578,135,1722,1878
1598,1570,1962,1482,196,1782,1611,303,1660,1491,118,10,322,1772
1635,1512,293,1541,299,1573,1813,122,1682,1709,1556,1596,1771,1733
1594,263,1480,1106,1588,1803,792,1719,219,197,1766,295,1678,584
1522,1657,1950,283,1573,163,1561,1773,492,1668,1579,533,1840,1955
1561,973,208,1593,1540,1525,1708,1598,304,1763,1786,516,1396,1685
649,538,1529,1804,1720,1744,1684,751,282,143,1226,1514,1738,1948
1679,1659,794,1799,1912,1795,14,92,1000,1708,628,247,1579,705
1919,175,1771,1814,1170,1476,1576,1515,206,1555,1804,1951,1542,236
1804,1535,1794,275,262,1943,1630,1850,1478,1702,1506,229,1728,1781
1773,1586,291,1644,1495,55,192,214,1527,1370,319,703,401,1740
1929,166,1509,1575,485,1635,1527,1799,1771,1846,1582,1630,1959,977
211,1743,257,1853,18,1702,1679,1590,288,1963,1511,1639,1497,202
231,1698,466,136,1853,1379,1751,1784,1801,1622,303,1817,116,737
322,360,1489,1787,1570,1801,1511,1552,1845,1007,1371,1754,1447,1574
596,328,1611,1746,770,570,1484,73,411,1781,1498,1616,1797,248
843,130,195,1595,270,306,1942,1475,1547,693,1721,1539,1738,108
1642,792,116,1829,1850,1820,211,1693,1817,1531,1509,1703,1678,1959
1500,1805,1639,1536,532,438,1490,195,168,1501,1482,1496,793,1708
214,1178,1385,1624,1821,94,1548,982,1640,24,305,1487,1665,1685
1534,1626,1649,1395,1680,1691,1732,1703,161,1854,1630,1470,1825,1728
795,1684,1753,694,52,1569,1920,1808,1528,149,1540,1647,1604,1836
1480,216,1386,1489,738,1962,812,132,1930,672,599,1593,602,1578
1854,1676,158,1716,300,1948,1665,1352,1832,1661,1808,206,1688,1819
1975,1846,1768,1634,1728,127,1537,86,1772,1337,1742,1763,1805,1504
1620,984,1843,563,1573,1262,1487,1747,1694,1530,1551,1538,308,1750
280,1646,244,1784,113,867,1685,1168,1504,624,1365,1320,1635,293
163,1794,231,1753,1839,1608,1714,1585,273,835,141,1764,1394,1587
1767,1107,1715,1514,1392,307,206,1566,1705,1762,1937,1848,1406,1700
1673,1236,1820,1221,534,1932,785,878,1555,43,1662,1589,276,1482
1477,1475,1651,1542,1957,132,1798,1746,1712,1725,1643,1556,876,1654
28,181,263,535,1846,1856,1591,1895,1181,1753,1510,415,1508,156
1683,1533,235,1724,1829,1073,1530,249,1695,1946,431,1723,1833,1559
1741,1858,1972,1746,1491,1720,668,1761,1848,252,1679,1744,1691,574
219,1640,1913,1516,1635,1947,1536,1824,1756,1845,1738,1698,215,1832
1107,1619,1779,110,1531,1843,1607,1695,109,1629,134,1556,1121,565
1522,1527,1676,243,1799,1834,1577,1688,1768,1801,834,1707,1520,1827
360,844,1760,1643,1805,896,1002,1652,1538,1700,1590,1776,326,239
1390,1505,994,252,1576,212,1699,1790,1939,1572,1637,1528,1718,127
1549,1808,1279,1817,1839,1883,1320,114,1642,1652,320,1526,1737,1743
1707,1476,1366,202,1787,224,466,285,1943,1652,1561,209,1847,1586
1587,1747,1855,28,1477,74,1835,193,717,631,998,1832,1784,1475
1953,1792,1913,1773,1840,1779,203,1757,84,1811,1777,1795,1759,1854
1764,1668,398,1807,587,1638,843,1650,1838,1558,151,1384,1713,132
1563,1740,762,1551,1503,646,1556,86,1510,1837,1843,1842,1822,1502
1800,112,1781,161,1587,1662,1605,1742,1782,1560,1687,1849,291,1722
736,1674,1789,1682,686,171,1833,1808,1658,1593,1752,1622,1394,274
996,1857,585,291,1685,1565,1823,1472,1686,1643,1444,1391,1856,1527
1845,1812,1653,131,1780,270,382,1713,890,669,117,1689,1480,392
192,1532,1644,1759,1757,395,1803,1691,1909,1777,1748,324,231,1509
1782,1789,1291,1767,1797,1983,1805,329,1801,1170,1711,1733,1652,519
1690,1713,1623,1584,1685,1519,1986,1496,1604,1770,88,1738,1586,156
96,1847,1529,920,1799,1563,193,1768,1843,229,897,1727,1637,1740
1873,1664,1610,82,1605,1841,1702,1687,1773,1488,1526,903,1734,1602
148,1672,1101,272,326,554,61,1677,1651,596,1617,125,1626,187
1491,1853,1718,1545,246,180,1543,1782,1558,1735,1218,820,1908,1265
527,1911,247,996,1313,489,1673,1728,1237,323,1305,1485,1539,1503
1648,1574,138,683,918,1651,1635,1742,275,555,83,1617,309,1676
1106,1802,1824,99,219,1697,1582,1576,1754,1792,1639,1772,201,1793
1710,1653,1271,1781,1852,1637,1492,94,1829,1178,1527,1684,843,1505
1691,1797,1823,1822,250,1162,1725,103,1839,1783,1774,933,1836,245
1570,1503,1795,1587,111,108,1782,1719,323,1940,1671,1743,1747,1734
1637,1742,1504,656,1525,170,631,1550,1690,704,1539,1023,1686,1738
1909,1774,235,1840,1682,1768,1332,192,899,1539,1810,1776,1279,993
252,1805,444,1943,574,1371,1661,1113,1670,280,1585,1704,1669,197
784,145,1664,1652,651,1841,1768,1482,1648,1760,273,1514,159,1775
629,1328,1841,1072,1378,1506,1552,1500,1910,1379,1502,198,1972,1828
1615,263,1036,1502,968,1850,1613,93,1841,1796,994,74,203,1718
1616,1486,461,231,249,1628,1806,152,285,1908,1646,1637,86,699
969,1700,1890,1488,1742,108,1905,110,1568,1571,198,1758,1503,128
1498,1530,1711,104,1827,1822,1370,1069,1563,1840,1850,328,1777,218
1551,1780,1682,1770,1182,1536,1817,1683,1640,875,1561,1824,1676,329
1761,1882,1056,1768,1715,1656,438,213,1721,68,355,242,1583,283
1659,1707,473,1153,1751,1612,1590,47,1561,1555,1848,1894,1496,1675
1574,807,1719,138,1668,42,1822,1726,399,1473,1647,1713,1529,1752
1667,1497,1790,1734,252,217,1634,781,1648,1620,290,1796,1695,1498
1801,1727,1905,1507,167,1973,300,1685,1810,1968,1476,1800,1783,1574
1483,74,1552,142,1775,588,186,1654,1519,1743,1765,1649,1611,1972
1229,1711,1649,1521,1361,1689,111,176,649,1636,1792,1716,80,1502
1599,749,1571,1351,1940,1643,1775,1654,705,898,1392,1704,978,1835
175,102,1746,1481,1972,306,114,1475,1502,934,1604,1725,253,969
295,1819,1521,1396,1680,693,1619,1620,1761,103,157,943,790,704
1391,1231,1541,95,1942,1390,1617,1668,1782,1379,1681,1769,820,1735
1827,1651,1829,1575,196,980,325,132,1531,1520,1411,1746,1775,981
173,977,117,1582,1814,1609,146,1718,1849,1855,1907,26,245,115
1816,1794,1841,221,1536,1768,1670,1601,1330,183,1643,1698,1490,1833
263,1168,1117,257,1476,1738,1749,1165,1498,319,1505,1764,1496,92
1620,1657,1877,1639,1338,324,430,1583,1508,993,1706,939,229,558
1684,1606,1188,213,1567,1147,1732,1741,1909,1659,1132,1700,1626,1526
1637,1630,1752,1507,1613,1584,1724,582,1320,294,1785,1840,1696,1769
287,168,806,1720,1821,1487,1822,1663,1746,1978,1596,1963,1945,1629
113,1523,1664,1760,1279,999,1686,1755,1975,222,126,1520,1565,855
208,1804,197,1524,1792,1511,1178,123,1866,1913,1394,887,1473,1726
1916,1575,546,1104,1831,1827,1600,1776,932,649,118,1822,1549,1641
1814,1578,1561,1016,1720,204,1608,1930,225,1525,1683,1607,578,1689
1524,327,1516,226,490,134,1828,1515,1488,1597,1785,1676,1576,329
1578,1694,1835,217,117,1547,677,1846,1556,1921,1845,309,1699,1970
1975,1736,1569,1697,1822,1861,840,1678,870,1496,1070,97,1598,1825
1707,109,1768,160,781,1541,1506,122,244,1501,1788,1647,305,254
1682,153,499,1828,1750,1365,1611,754,1509,1478,1567,1906,1519,13
1772,1529,993,836,497,266,1819,780,1520,1597,1972,311,1814,1761
1393,1071,197,528,1737,1576,1587,1512,288,745,1847,1585,1308,1791
1516,1575,1715,1373,1591,1563,658,1652,1511,1500,199,10,1673,247
1765,1527,1703,334,1741,1567,1892,1740,388,1581,1646,105,1582,1359
1723,1760,1547,1494,1746,629,1850,1952,425,1412,1554,1149,1666,1678
633,1667,177,1615,1656,1764,1913,1682,1515,148,192,1744,1800,1521
291,137,1711,1529,887,299,1662,272,1393,319,1899,77,1184,1680
1849,1645,178,1626,1705,1660,1570,79,1526,1963,150,16,90,1602
1870,296,26,292,1547,297,327,1976,1495,1366,1571,1664,1580,765
1070,1845,1515,1759,1699,145,1617,1818,1242,1756,565,5,272,1586
306,26,1543,1615,1689,1509,1484,1541,1563,1770,1552,1279,1523,410
1583,705,515,1527,1744,1857,240,1796,1677,1785,994,208,723,495
291,250,1815,1661,1590,1734,1824,13,1069,213,1716,1841,1559,433
1679,259,1490,1790,142,1209,1676,1849,1707,1518,1954,1621,176,1667
1835,1545,1793,1594,1783,795,1729,1373,488,1618,1489,268,1568,1625
1912,1837,1510,229,1608,1547,648,1819,185,1704,238,1746,13,1678
1688,981,1421,1368,765,820,1382,1729,1912,573,1851,1900,1500,1671
1951,1783,1599,1363,1072,1479,98,1820,1683,1748,1608,1857,206,1845
1476,1594,1682,1793,1598,399,314,413,1638,312,1596,95,1735,1715
1360,1484,1654,1845,299,1373,1613,1555,327,1479,95,1597,1490,1678
1973,1821,1630,1529,122,185,1584,329,1849,717,1678,68,326,261
1855,1618,1774,1702,103,1846,1529,223,158,1365,1485,1605,1532,1807
231,1834,1806,1731,1761,1578,1481,1645,85,1536,1529,1354,1633,1544
210,1619,1508,1381,1756,1729,1895,1798,1502,176,93,1584,1739,1820
1560,190,225,1641,326,1567,1836,347,1894,59,1666,1411,96,1603
209,114,1489,1751,1634,1703,1340,1100,1813,294,1604,583,1639,1522
1806,831,218,1743,1484,1704,1517,1565,197,432,1757,182,1486,9
1502,390,1616,287,1628,1774,272,873,1528,1673,1776,149,1637,197
1910,1610,1711,223,1809,253,1532,1752,1840,640,823,1555,260,134
1638,1501,1686,447,1846,1378,1385,1625,166,1031,1488,1664,1383,220
261,190,103,198,1768,294,1821,223,1830,1627,269,564,108,1772
1569,877,1667,1836,1772,1725,1843,1783,1839,836,1585,49,1912,1837
195,1709,1771,990,1913,1820,1521,746,234,1499,467,1942,1701,1813
1671,1660,220,1565,1481,1526,1692,237,1556,318,1839,1754,1640,1797
1802,1828,1692,310,1077,1576,1816,1631,664,1569,294,1372,1379,1675
1516,1843,302,1162,694,1634,1668,1638,673,243,1490,304,1714,207
161,1675,770,1732,1771,1270,1155,1492,123,1827,1922,1491,1937,1127
1660,1739,1527,1518,1557,186,669,1795,1549,1370,1574,1614,1598,1678
1968,1615,1614,1899,52,1744,1843,1625,875,1568,424,1850,1732,1643
1763,1896,1791,1594,1591,1848,1698,251,1164,445,1827,89,1857,104
1852,748,621,1713,1585,1486,1586,1614,1954,1791,1622,1395,1564,1733
1543,1704,232,1487,1754,1560,1692,1973,1740,1501,328,322,1806,1394
1908,1532,1601,1479,1510,1805,142,1563,1627,1378,546,1428,1785,1508
1552,1664,1508,138,1689,1808,1588,1503,1027,1763,306,1769,1715,1611
1830,1096,1094,1507,1843,1690,1587,324,1382,1566,122,1670,1597,1522
1699,284,1693,1574,1740,1519,1730,1793,1496,1510,1702,1816,1554,870
276,1896,126,1790,1687,196,1070,1664,264,1677,1617,1723,1605,194
111,1772,151,212,1837,414,1831,1699,1662,1537,1802,1685,1070,1609
1742,1651,1642,95,1622,156,1706,1857,1810,145,255,478,1373,170
620,1856,481,160,303,223,235,1638,1978,1511,1557,457,1553,1850
1907,1699,1985,1530,253,92,1822,1573,232,183,1603,1695,1521,834
1645,1378,1057,153,521,1431,1536,1847,1678,1566,1816,1766,640,1524
681,1670,1669,1385,203,424,1924,642,1518,315,284,440,1849,1583
1368,1836,1651,1854,262,1973,889,1816,1615,1387,1908,1280,393,1921
854,1978,214,1628,1571,1574,213,761,322,1617,1926,1173,1843,1355
308,1661,1560,267,1527,1741,1807,1379,1588,1843,1940,1922,998,129
1850,1729,452,1685,1974,1791,1749,1383,1811,1632,1184,109,1260,1666
481,1772,1762,157,185,1821,1496,1514,1700,969,311,656,236,615
1749,1506,1549,1747,411,187,1614,1403,1812,215,1530,1548,1730,1609
1836,236,325,1671,1592,1568,265,1510,1507,1580,1831,1676,201,96
1039,1772,1620,691,1691,1956,1788,1626,1837,100,226,1792,26,1832
1674,149,1491,1743,1668,1383,1364,327,1717,1626,211,1694,1831,209
1980,1117,1733,1540,1533,1687,58,1552,1653,1620,1551,1573,1699,1396
1275,82,1609,1590,1321,1354,13,266,1696,1396,102,1407,1569,1874
1592,1703,1652,1490,1602,1374,1438,1515,957,253,1547,211,120,1694
1745,1685,580,1718,1566,1636,304,993,1803,1396,1477,1796,1630,1687
941,291,319,1381,1739,1479,1688,338,971,177,1843,1543,1754,1476
1593,1896,1523,1948,305,1943,155,1477,1588,337,127,1098,218,1787
1696,1834,1730,228,485,1811,1774,1721,181,1684,1749,1899,1912,1692
132,840,1682,1702,1319,1629,1692,1622,1696,196,1853,1681,1940,100
1685,638,205,895,1812,1835,1656,1910,1741,320,1907,1000,1975,1912
692,1788,1771,278,269,217,1770,187,1231,1779,1754,1552,1905,1764
86,863,685,1637,1789,315,1832,1657,1335,1659,792,1450,1588,155
1766,1687,1379,1571,1383,172,1849,1757,1493,1607,177,1714,1909,781
1153,149,1812,1518,1666,1758,316,131,704,144,1913,1820,312,489
1632,1811,1572,306,1543,1842,1606,1642,302,137,1732,1713,103,587
1488,1852,1792,1683,1734,844,1742,118,616,1716,215,1496,207,1834
1869,1621,232,1565,1666,126,1531,1677,1831,512,297,1497,185,1742
924,1734,1536,1676,1126,213,1584,177,1761,1143,1544,1745,1853,1518
490,1911,1905,1854,122,1646,1233,1837,1189,247,1301,1798,1958,782
1252,1525,1729,463,287,1370,1559,1833,1650,1014,1810,1658,1543,203
1746,636,1751,1571,1555,1946,1778,1844,1841,264,1754,1786,1481,1703
1677,202,1767,91,1119,1676,264,1621,1930,474,1739,220,1561,83
311,1562,1571,179,1525,561,1800,1748,1746,1556,1540,228,1850,1637
602,1677,969,1396,184,1652,166,1718,1747,23,1693,1757,1573,1600
1628,1395,1532,1592,1913,44,705,289,325,1718,1785,775,1056,1383
1590,1496,1572,236,1813,1812,1695,1214,1616,199,1850,237,1687,1917
255,1964,1671,1560,1708,1576,1622,123,247,1581,582,1673,1594,1691
1601,1657,112,1447,146,294,1693,1487,1654,110,689,1548,310,388
313,1783,1492,1812,1166,1262,1071,75,694,1846,591,1771,1723,1826
1562,889,1788,708,1846,1673,1853,1833,1528,1677,1491,1647,316,1611
16,213,180,1538,1528,1484,1698,1767,1788,1724,1749,1525,1803,1773
1526,180,1863,1493,1769,1517,296,1373,1499,1726,704,1896,1754,1812
424,261,1572,1817,1865,843,1975,1581,1390,236,324,1848,1563,1277
1827,165,932,10,1889,1501,1854,609,1681,416,775,1352,1753,859
1782,643,1593,1535,1700,1630,1523,1617,1671,1726,1721,1878,1823,118
1635,1785,1625,1661,240,1742,1595,1693,1554,1737,1974,1758,1682,1720
1947,221,212,1642,1596,1574,308,1390,1797,1627,1589,1645,164,1831
129,1320,1838,582,176,245,1680,1600,1653,1476,1732,1711,1579,1598
1954,183,1564,155,1613,1803,1698,1547,1645,1778,1599,1788,1602,1971
239,282,1602,1844,744,1837,181,1571,1836,86,1552,1585,1809,1856
1801,1686,1610,1392,801,1972,1601,1530,1624,1699,1735,1480,1759,1172
1855,993,1502,1974,1905,769,1510,207,1038,1639,1708,182,1540,1662
1568,81,1842,1829,1743,1619,1806,1612,1509,1749,1168,203,1703,282
1616,1561,1803,1611,1824,156,295,1776,1957,1758,133,1547,131,1798
1632,894,1586,1618,1736,1338,165,1652,1589,1519,1624,1486,1948,1379
1688,1521,198,1148,1706,1797,1381,651,1469,1560,88,1510,1772,1651
1843,1839,1705,148,1513,700,1717,1585,1778,1658,761,1806,183,195
1698,1732,1794,1716,1630,1670,26,943,1580,210,1498,1850,328,1989
115,1597,1746,1973,1767,1368,1550,1595,327,293,1782,1681,1708,791
1819,124,1062,110,1957,1773,1192,667,1505,1761,1661,127,1705,1810
1686,1615,292,1046,194,229,1642,1542,1924,287,107,1776,323,310
1706,1077,1583,1761,1554,1484,1644,596,128,1319,1777,1598,1922,1669
1129,1771,1848,1590,1518,1537,1663,1751,1552,1929,853,128,1712,1564
359,1673,401,1829,1870,1771,1501,1878,1691,1658,193,1747,796,1503
1525,1516,1633,1533,1489,1568,164,1768,1602,1488,308,1757,1763,1640
1831,223,1455,1738,1789,1832,127,1687,1846,902,680,1289,1664,1719
1629,1563,1586,1477,88,83,1747,258,1670,123,1792,1759,308,1108
152,299,1831,134,1560,1556,1630,93,1500,243,1844,181,290,1546
1754,462,26,1719,1542,261,616,173,1747,1910,1601,1809,1574,1192
1070,1668,1580,1753,316,1818,1054,1734,295,1850,1585,1703,1527,1565
1376,399,207,1746,83,1836,1625,332,1685,1774,1647,1580,1796,1664
1779,1649,74,1771,1960,28,116,1967,1898,138,1441,1693,1803,1479
1644,1556,1822,1648,284,1824,1604,1501,259,1558,1909,1624,1622,1491
1123,142,1682,1778,936,1752,1659,1532,530,1902,1595,1735,1780,932
1675,1365,1764,1774,1507,74,704,1631,1829,1828,1845,272,1378,1848
1517,1660,187,1102,1627,1521,1387,1354,133,1682,1913,1395,1600,1851
149,1666,438,1746,1526,294,1738,1778,1792,1841,299,1483,1607,310
228,597,1734,1548,979,197,1825,1819,1849,1680,1075,1547,820,1731
151,1490,999,1762,1522,1749,1828,1513,1799,623,1832,1905,615,1567
1543,375,1893,1578,1041,1600,1833,1837,1555,233,1733,246,964,1799
1371,1841,84,316,563,77,1734,485,966,1670,1526,1602,1740,1815
1677,1813,1536,1790,1809,103,1758,1752,1625,1608,1574,81,1479,1520
1777,320,201,1701,1561,1580,211,238,1840,80,1789,1666,394,1543
1764,1855,1941,1065,1684,1682,1803,1556,1811,319,1582,1312,326,1702
541,1540,1842,1768,1662,1500,1560,1712,1497,1734,1575,501,1647,1907
1504,1814,249,1518,1721,1771,1654,1941,58,256,1317,217,133,1852
178,871,1159,1710,196,1654,260,1754,1586,777,1381,1902,1549,1490
318,1719,1559,166,533,1579,1681,808,1522,1223,234,1623,1737,1532
1574,1625,185,1390,315,1830,1576,1516,168,1498,1659,1811,1683,14
1790,222,1376,1765,1371,270,1602,1811,1532,1540,294,1692,1587,236
1502,90,1683,1617,1689,1773,516,911,698,993,1330,94,286,1905
975,1268,1525,1482,1583,999,1483,1787,1097,1913,1817,1797,117,1646
1945,1758,1674,1391,1180,261,1642,203,1566,1484,1668,1894,617,1809
1796,497,1844,1392,1506,185,1532,271,1715,1947,1790,1518,1749,151
994,269,1781,1593,1712,1691,1843,256,1550,1910,1763,7,238,236
1604,1795,1750,288,1615,1477,1322,15,1952,606,1826,319,1895,1524
302,1546,286,1978,1804,1446,1745,221,1478,1597,1254,1819,126,1733
1825,1737,1626,1527,450,44,173,1730,1775,1810,797,1638,1849,240
267,1629,1620,1716,1592,702,1969,312,1658,979,1787,829,1635,1513
1580,1778,1675,1683,1523,1789,1137,1127,111,1761,1006,1034,3,1579
1909,1907,1693,1534,1766,1830,1722,210,1643,321,1566,1304,1853,1701
876,1671,1718,113,1738,314,1547,1673,1514,1764,1804,273,283,1916
588,35,1806,1494,1850,228,274,1578,1563,1566,1756,996,1911,1673
1780,1591,1769,315,88,1483,1590,1511,590,1848,1558,1004,1692,1504
26,1708,1774,24,1853,1752,267,1585,1496,1683,1909,1743,1526,1907
1703,1665,1606,1478,1837,207,1484,293,1676,260,1523,1548,1762,725
1544,255,1123,1802,1724,1777,293,1557,1760,1585,141,1815,119,552
1743,1480,1845,633,1636,1514,1522,1551,105,998,1499,294,1755,1774
1905,1893,1627,1766,320,476,1971,1741,1653,1571,1703,1698,1783,1716
1645,1619,1946,1812,1662,201,1654,319,173,1806,1673,1710,187,1791
1567,155,867,1517,866,186,937,1628,312,103,1562,1676,1704,1802
1539,1438,1757,1055,1809,124,278,329,1504,1613,1516,756,1818,1850
1633,1532,1735,1706,1095,376,1754,1177,269,1070,1751,289,1395,1789
1580,1720,500,1480,1780,193,162,1716,1485,1845,749,1757,1235,1835
1712,1519,1614,1496,1727,1486,1494,217,1526,1577,1823,536,297,1566
1788,1896,1529,118,1616,1801,1817,217,1496,1275,307,1703,570,162
1533,1750,1371,1554,1712,1711,1503,1494,1463,1724,189,1071,1676,1487
1910,287,1695,1694,1785,310,316,1687,1650,1608,854,1747,1507,28
1687,1555,1497,1798,1808,1782,185,1596,681,686,1070,1760,1523,1576
1832,1685,1822,248,691,1580,1741,1747,1676,155,1794,1702,1671,1367
1896,243,251,1536,1851,1813,1557,1709,1644,1684,1751,1523,386,1698
862,1827,1857,1807,1602,1694,323,1888,242,190,1588,1971,280,1617
146,1560,1879,1584,1948,1843,1496,1394,1599,457,1932,1933,130,1485
835,1855,81,1702,694,1806,1679,1475,1839,292,1620,161,1752,1319
1387,1703,188,1563,943,114,1798,1362,1477,1809,1756,1634,1672,1941
201,317,1737,1966,1488,133,1428,1657,1856,1802,1562,232,1732,1149
1734,1646,1544,100,228,144,1581,1653,619,1912,78,1738,1754,832
154,1850,65,173,1244,1737,1828,1765,226,1788,1560,1612,1847,1783
114,1789,1547,1477,105,1510,1832,1970,1536,1945,1476,1483,518,154
1846,1771,1383,1680,73,1782,1756,1673,1821,515,123,329,1750,42
1537,1517,1506,1640,1338,83,1520,1651,1526,1542,1365,257,1840,147
1724,1368,279,1909,287,1020,1821,687,434,112,264,1845,489,1568
1395,297,1520,290,1538,1854,1676,1390,1679,1652,1644,847,1782,149
42,1691,1394,1628,1972,1950,1740,1385,1558,97,1846,1841,234,1823
1573,1678,249,1782,1499,1592,716,1568,1714,320,544,1783,1553,1519
127,1802,1663,1853,1736,1658,1594,121,1507,1616,307,1608,137,1793
767,1630,518,1099,1836,326,1811,137,1692,626,1840,1856,1561,204
286,1768,1794,180,121,1056,676,1513,444,735,1664,315,307,872
1746,1374,1833,186,241,1895,98,705,1541,1171,1980,1598,1930,1981
166,647,1673,540,1782,1774,323,1547,1947,702,1538,1607,1638,1589
462,840,1639,1906,1083,1713,1741,199,143,1663,1586,1747,450,1638
1495,1667,1651,1124,1791,1762,117,671,318,1657,1561,1708,326,255
1684,1668,526,932,1519,327,154,1496,1742,1799,1746,1819,309,1681
1100,1897,1730,524,1723,1595,1374,1485,1370,1615,1743,1740,1475,1712
1487,1671,1725,1655,1831,1621,1687,1527,315,1575,199,886,1596,1179
1782,1946,318,1069,192,1467,968,1777,1698,902,1495,1785,1756,1570
1189,1726,1569,1484,184,1547,142,178,1789,245,1854,1696,1607,164
1656,1503,212,1685,1497,325,1705,1772,263,166,550,1849,1536,1957
1708,1554,1563,1412,176,1483,1482,306,1756,1958,1939,1822,1071,1640
98,1585,410,1746,1219,1604,1532,1580,1677,1712,934,1733,1222,121
1829,230,168,322,169,1527,60,1353,321,1640,1379,1540,1259,1645
1816,1742,1303,120,793,1547,772,1738,180,1718,1956,161,1156,1906
1370,325,1822,329,1618,1624,1738,174,1566,1486,1518,1545,1700,1854
1370,1579,1806,652,319,969,1504,1808,1556,104,1905,1481,1528,1593
314,1799,806,1119,1676,1789,1913,1137,218,1071,259,1969,1827,1668
901,450,1394,1551,1533,70,1711,1765,220,157,1668,139,635,272
1693,1560,1961,1701,133,13,1783,1834,220,1583,1835,1320,1499,1494
1757,111,1542,1849,1136,1807,843,1528,1892,139,1579,1026,105,1717
1545,600,318,1805,1624,1385,241,1793,1370,1247,1956,1685,129,1477
1658,1829,736,1824,84,1572,1539,124,1482,1575,502,110,1972,1670
1495,1524,1860,1649,1922,1959,112,1489,271,1591,1912,705,1834,1542
1378,1769,78,1511,1377,1055,85,1671,1523,304,1731,1848,1712,1688
1574,1658,1568,225,1606,140,1946,1695,62,1687,1555,1839,1558,793
1694,169,1597,1586,1572,1514,1670,1639,1521,89,1807,1414,126,996
1827,1833,1831,1255,1545,1589,1510,1576,224,211,270,1733,190,916
1701,1840,293,229,1505,1728,1516,1770,1613,259,1693,1584,567,1657
1648,1734,1851,1589,1499,1695,1514,301,1816,1483,1569,70,1946,1657
1956,168,1214,1522,1815,1608,728,1688,35,1661,1517,164,1601,429
677,117,315,1621,1615,1961,245,1696,1848,1636,1799,82,1612,292
1786,1832,1608,104,174,1593,462,839,1715,805,196,1721,247,188
1621,1489,431,1939,1597,1584,284,1499,1638,1619,705,1513,320,214
1528,555,1783,299,1530,55,1723,1598,1583,941,208,129,1713,1475
325,1712,1687,1731,1608,1781,1943,1722,1668,284,798,1672,1605,64
74,1709,1742,1675,176,1723,1711,1391,1845,1857,1550,1963,110,217
1722,1544,1782,308,1787,1587,277,1542,1744,1790,318,1845,1673,1591
1499,1675,1481,1894,1537,1572,1773,1814,1717,155,688,98,604,54
1830,1642,1526,1770,1679,1832,1733,1922,1635,1580,1552,289,1621,325
1675,1548,1579,850,886,1602,1531,189,1487,264,1703,150,1819,1848
1574,1836,1605,174,1732,1525,1072,74,1782,1646,1268,243,1496,1940
1351,212,175,1512,1854,711,1821,1648,1822,114,1523,1496,1804,1808
1835,1526,1617,1516,1543,1704,1801,813,1570,1606,1490,1831,1922,1777
1662,1848,1579,1519,1808,1692,1910,1601,1475,1705,145,1293,1872,1268
1573,1752,1956,1912,197,22,145,1535,1621,80,1495,1811,1750,95
1721,1811,156,1778,244,1715,1552,1680,185,1384,840,1644,1182,1598
1780,1561,1662,139,1669,1602,795,1385,1789,1766,1501,1246,289,317
797,1625,204,1359,1542,1606,863,1250,1574,1697,1632,1057,1850,1739
1947,1906,1584,1678,1562,1112,1845,1268,161,195,1841,322,1483,89
1782,1675,1656,1676,1738,1940,1589,244,300,1553,286,152,1611,150
1670,521,517,1036,1749,1487,933,253,1566,1650,1799,813,328,409
1545,1608,1562,1759,1368,1115,1729,1697,1632,1638,1475,386,229,1362
1625,551,1606,1482,1974,1783,1699,1725,1529,1688,1727,1690,1389,1537
1500,1495,1810,1319,1515,399,1070,1789,239,1478,1718,1218,1552,1860
204,1673,296,206,554,1384,1723,1750,1747,1490,1370,1800,275,163
1836,1657,606,1550,1805,1814,1075,209,1557,1046,1125,106,1683,1950
251,1526,1490,277,1482,1580,1587,1981,1567,1791,1705,1758,465,1820
1946,174,1859,1394,1786,1812,1718,16,1504,1572,920,88,224,328
617,1494,1755,1155,1797,685,1660,200,1779,1124,260,151,1583,1908
1495,1564,263,1593,829,411,1476,1728,298,1656,68,1308,1615,1911
1973,114,1972,1599,1613,1827,1750,1839,1560,1833,1691,1845,1485,1478
199,999,1833,1733,1964,1657,1589,1639,1668,257,1627,1832,1509,1815
1849,1757,1758,1559,1655,1789,263,1101,1971,786,605,1344,1742,1702
1626,302,124,1833,835,197,732,1597,1814,253,1788,453,1745,1493
1140,1666,613,892,874,155,1567,184,553,1828,215,1976,1690,1688
1964,1851,1963,1645,1700,1954,866,971,46,1720,737,1704,184,1793
1576,1708,1801,205,1277,1567,1499,1621,1790,1686,1837,1761,1630,1511
1617,1490,1818,1728,1735,1546,1733,115,1835,1500,1496,1736,1613,1679
290,1094,1779,162,1668,1784,132,177,109,1968,230,1799,1697,1729
802,1759,1565,1635,481,1665,309,641,1700,1579,1761,1865,1520,1067
1913,608,1037,1860,783,1556,1801,1567,685,1117,1776,1774,184,324
1972,1800,1814,310,224,1248,267,1806,1489,1516,1473,1584,1754,228
1702,1641,1778,1707,1603,651,1671,1825,1808,1492,1744,1184,293,1644
1492,151,1682,1755,1511,1501,201,1848,605,1746,1831,213,1585,1728
906,1727,1702,1803,1830,1511,686,1815,1798,849,119,1664,1512,1697
1505,520,1674,1726,1703,1619,1541,145,1639,1810,1545,1820,1104,491
1783,1792,1643,108,1857,1535,1704,1562,1585,1794,176,1967,1550,1720
1587,92,1856,350,1684,1735,139,1691,1696,164,1488,265,1640,1702
1741,1487,1744,139,1638,63,1935,969,1960,1567,1836,1669,1813,1948
1720,1661,1832,301,1571,692,1727,1807,1648,1782,304,1666,1965,1721
1740,1911,1643,1854,1813,1715,122,1900,121,184,1501,1784,1050,341
1771,224,731,1521,1729,531,1640,276,618,242,1650,1142,1974,840
199,1755,438,1589,1349,1625,1793,1844,1684,1794,581,15,1790,1617
1673,270,1768,1912,1775,1762,1338,1491,1484,150,1734,601,1803,1023
113,39,258,643,141,1506,1786,1825,320,847,576,1417,1685,1793
1854,994,735,1946,554,1687,1731,309,1718,227,1689,1647,291,1541
1549,257,1857,204,1671,1441,1723,1792,1176,1783,20,1591,1386,1741
1892,1544,1757,148,1712,790,491,1821,1624,1727,1354,1649,1654,1855
1632,211,1621,217,243,1569,1775,1855,257,1831,1391,1780,15,377
1828,1803,1822,1672,1618,1490,1578,1692,1719,1721,779,1645,269,1547
1683,292,1477,228,177,1739,1848,1569,300,196,294,1578,1637,1801
1988,153,1908,86,488,1804,1681,318,200,1489,1717,1588,1267,636
1496,1593,1538,1590,1589,1659,1591,1310,201,687,1392,89,1958,1750
1477,1507,1734,750,1805,108,1786,279,1666,188,1582,686,1523,1539
1819,1704,1117,1774,1624,1642,1669,1656,114,1653,1620,1625,1350,279
34,1853,578,1744,1663,252,183,967,1638,1693,163,1681,458,1836
1495,1661,1623,1905,1222,1804,196,1768,1919,198,1764,1699,254,1260
488,309,185,1766,1596,1843,1378,1694,1395,1778,1396,1713,1549,273
1747,160,305,1529,142,4,184,273,1950,1594,1755,60,1763,1712
1489,1815,254,1802,1841,887,1805,1662,1175,1545,1855,255,1939,1491
1732,1752,1798,1980,185,1682,999,687,1313,1942,748,1535,85,1956
1779,1962,1686,205,1507,1527,1860,301,217,1491,234,187,99,717
178,1524,125,995,1959,1543,1391,1652,1859,1510,142,1572,226,1485
1857,1539,1501,1650,486,1031,1808,1697,801,1722,1522,1749,1772,194
1555,1602,327,1493,1484,640,635,1383,1660,682,1816,1529,1532,982
1822,1711,43,616,1953,1972,1670,1624,1731,1600,1783,279,1570,283
1590,1772,293,112,325,1618,94,1598,322,1842,1643,70,1799,1726
662,1680,1573,1484,1504,1629,842,1549,1672,1571,1491,41,1731,424
1864,1525,1608,158,135,1699,1678,1823,1635,1628,1720,185,1743,1675
1710,1649,1680,1385,1972,272,1513,1563,435,1574,407,1794,1779,1926
1479,1710,989,1611,1665,1568,1787,237,1510,317,1569,93,329,1071
1301,1573,1623,1583,1697,1596,72,90,1580,1502,1480,1721,217,143
1526,225,1586,1527,1750,1763,165,589,1798,718,1640,1384,1657,1760
1625,1851,1787,1676,1720,1822,1719,1631,303,1769,450,220,1099,497
1360,1587,1631,1701,152,1506,1753,1621,861,715,1262,1906,1629,1641
138,1802,1820,1693,1499,184,997,1651,626,240,316,1577,1501,1578
1804,320,1698,322,1388,1480,290,279,1516,444,1392,103,1800,1653
1596,1583,260,1476,1597,1521,1766,1758,1684,1582,1472,1975,1590,1719
1579,1748,1513,1765,1615,188,549,1799,1684,1383,1671,155,1379,1523
246,1553,1894,1827,1738,1673,1959,1344,1539,1503,1784,1811,1716,1532
968,600,1644,1857,206,14,1897,1326,1268,116,1739,1571,105,411
118,1543,937,1913,1716,13,1694,1764,1800,1741,1888,1588,1602,1690
1743,1376,297,125,1526,1613,1596,1757,1601,1726,1524,1650,50,1394
1119,199,1378,1642,1640,893,1388,1905,1709,1486,986,203,1625,1823
1769,1724,1551,1588,1494,118,120,1757,1635,1518,1497,1773,518,823
1553,1679,1779,1748,1549,1753,1969,1534,207,46,1320,307,684,181
1499,1661,530,1853,1122,1857,1617,1591,1489,1641,1552,1829,1676,1703
1922,1747,1810,968,998,1517,1574,309,238,1829,1972,1813,1825,1508
1893,1536,1790,223,1882,1732,1383,1682,98,1617,1223,1926,1772,194
1910,28,1644,1492,1624,1748,219,1546,1825,417,1531,1499,826,1823
1733,1619,1548,1578,1601,1004,1774,997,1501,147,1772,1683,1849,603
16,265,513,1760,597,1486,1857,1692,930,999,48,74,1798,542
1544,1638,1825,1699,1560,1375,311,1693,130,193,1907,188,1588,1957
1495,988,1781,1672,1799,1745,226,1741,1638,1492,1515,1726,1101,146
294,1734,1678,1673,1596,1140,1493,1698,1740,1681,1356,259,1556,1834
162,615,1689,257,1069,102,1623,1815,1534,1345,1383,1560,395,1254
1035,147,1829,1615,1758,1415,999,1855,501,1609,1689,1688,1830,287
1615,1844,1828,294,1849,987,1481,1799,1589,863,1843,1642,1912,1753
1554,1534,624,1798,1208,1771,309,110,1601,1670,1215,95,1040,1762
1953,1476,183,1832,1831,1574,1575,321,1496,1626,169,1620,1561,1802
1770,112,1232,595,1525,1559,1966,1070,1594,299,1907,1573,1680,1752
1735,1522,1714,1838,1858,1590,93,496,1809,1621,1669,1760,112,1823
1849,269,1836,118,1726,154,1734,1315,1383,1954,1212,1247,147,1800
135,1500,1569,1699,1691,917,641,155,1954,1696,143,943,1701,1487
13,1593,1493,1170,1579,1741,1855,301,1709,932,190,185,773,1481
1575,255,1640,1781,84,296,419,1632,669,1841,1650,1365,1691,1815
1508,984,1562,934,1498,820,165,184,265,1142,1569,1809,1094,1771
371,453,1548,1581,1199,1527,123,1529,121,1678,255,1704,1623,222
248,1701,1910,255,1073,1507,63,1666,1713,1702,1607,1492,1812,87
949,1586,258,542,276,485,300,1618,1627,1715,1554,240,327,1581
1524,1493,1609,1480,223,1794,300,321,1220,120,1828,131,1549,1710
1788,692,1787,1608,74,1477,1579,158,1826,1179,497,1853,1774,625
1682,157,1778,1512,1743,1838,97,1619,789,239,1806,999,1825,1946
1844,1701,1746,1909,1672,166,1733,1479,1712,794,1749,1669,264,177
447,1742,1699,1798,413,1657,1627,1961,1587,1815,1521,1722,1816,1534
1714,1690,1939,1558,1698,121,1572,1724,1718,328,1553,269,260,1606
1366,1269,1686,128,1490,1958,1371,1519,1601,1908,1605,1702,1922,1673
741,481,1807,1531,1701,1545,1913,1242,94,1806,150,1838,1634,1666
1661,210,573,1528,1756,1834,1817,243,1072,1921,1964,1132,1378,1821
1381,1835,411,1568,1561,325,192,1392,222,217,486,115,1747,1417
1777,1602,1626,682,1666,42,1070,324,1584,825,1601,1797,1849,1088
1822,1709,1739,1776,184,1593,1651,1685,207,1769,157,74,1912,1761
1885,1765,476,1782,1505,1659,1638,1385,1722,248,1838,1744,1044,537
493,157,78,237,1975,1387,1844,1347,1070,1774,1005,1514,84,1589
1910,1482,1687,1534,1556,262,1640,202,1645,565,152,1068,161,1745
1690,1479,1592,731,1086,1725,121,1004,1478,1661,1487,1652,1683,1622
1649,788,1032,1834,1499,1516,1755,1285,1576,1972,1663,1525,1689,1706
344,563,279,1763,264,1765,1606,806,150,1541,1507,1813,1569,1743
1481,1836,1498,1618,621,1564,777,1691,86,1768,951,993,1956,1531
1552,1577,127,1645,310,1895,890,245,329,1679,1390,1591,206,145
1776,1686,310,1930,1518,1855,1635,1558,1970,1565,99,451,1663,1926
1707,992,1896,1379,1763,1848,129,1556,1550,132,1673,1502,1390,141
1631,116,91,167,274,1513,1677,1593,1577,236,1893,1526,640,1615
1807,1479,1675,702,1557,1043,1704,1951,1536,588,1656,292,532,1667
1828,1747,1540,1658,1696,89,939,1703,1835,1069,242,1608,198,1496
716,1502,1837,1365,283,1801,1228,1405,1588,1378,216,221,1769,1707
1850,1552,1729,1819,1518,1558,1511,1913,751,1816,679,1485,1383,443
1207,1533,208,1765,1506,1773,1742,1835,1683,1641,640,1685,1524,1497
1803,1700,732,92,1767,1906,1694,187,43,221,751,1840,1536,1770
151,1589,1561,1673,1603,1647,521,1214,543,1799,166,1678,1945,1539
250,1679,1549,1633,1659,315,1728,248,314,1789,1525,1754,318,1839
1823,1646,1162,1725,1678,1542,1773,1719,1784,1726,1636,821,145,1566
1770,1853,1844,1740,1587,1660,1653,1526,1659,1360,691,230,1851,1808
1529,1701,1369,1030,1624,126,1368,1503,147,1728,117,1501,996,1499
1857,1912,1650,1913,1809,761,362,297,1497,1651,295,372,1499,1638
1739,1533,1800,199,1820,1695,1634,1776,1784,1763,115,1758,1759,1726
231,1680,1704,251,1033,1525,1846,266,1634,1725,1922,1776,1833,138
150,1676,1735,1629,1810,1526,1678,314,1896,94,14,1753,1040,1841
1717,84,1830,1751,1836,1635,1572,107,1682,1705,1850,1676,199,1632
1823,1664,1556,1187,308,1583,1621,1158,661,1419,1123,1799,81,216
188,1494,1619,1908,1849,801,278,180,1556,174,1820,1585,1792,1762
1647,173,1492,200,1092,1716,1557,1908,1826,1546,705,280,237,1486
1106,1835,1684,217,1489,821,1879,1737,1803,1740,1730,325,1843,375
1827,278,1912,1707,320,1831,1554,1499,1777,1735,1760,1685,1835,1905
702,1275,84,1796,577,1795,1376,1635,1802,1878,1922,1652,582,1622
194,119,1550,1951,1673,1843,1755,1835,1487,1694,1722,1513,1493,1593
1818,1815,1574,186,1768,161,1617,1788,246,1687,1521,1592,1773,316
1631,1637,183,1537,1777,1178,816,1745,1715,446,1511,1761,1725,1504
788,1762,182,1543,167,1721,125,520,1572,232,1841,1930,1640,1681
1812,1737,146,1918,1477,700,274,1773,1840,1592,1549,244,1509,224
1731,1846,164,95,1638,1794,989,1637,276,1618,1795,1647,1518,1700
55,1695,1821,1764,1849,1485,955,1560,1648,1598,1839,1499,1529,1630
1566,1670,1779,1006,147,1332,1692,1699,1820,178,1717,1543,1560,299
171,1796,1180,988,1811,80,569,570,701,1776,1539,1736,1909,128
1851,346,798,1555,1646,1168,456,527,735,1824,1586,1596,98,222
1635,177,1823,1658,132,334,1857,1593,1070,1825,1613,1856,1558,1584
198,227,202,649,1764,1811,1525,1780,1681,203,90,211,308,1389
1550,1652,198,1535,260,1679,1839,1544,1554,1353,1641,199,1675,120
1565,1713,1832,1777,1172,154,1481,100,1753,1477,1819,1761,386,1856
1516,107,1519,1840,1731,1618,1975,1805,1524,1660,1278,1242,1833,1070
633,1598,1544,1850,144,1520,805,1513,1519,307,1549,1500,1619,1554
1776,1969,1640,1803,294,968,275,1771,1850,511,1687,1693,1705,1525
1949,1815,1660,1874,1488,1501,1786,1523,1672,1074,1844,681,1124,1095
1669,235,1857,1521,504,1532,1247,1691,1742,1605,1551,1757,179,1826
120,969,1571,1541,460,1576,324,1745,1797,121,1498,1649,1800,1838
277,1619,1573,1481,1602,300,923,1761,1857,1853,218,1685,1654,271
1567,1810,1551,1726,1804,1662,1162,248,1677,1093,59,1870,1683,1759
270,1781,1710,1349,1268,1778,151,1910,86,1819,286,1595,1956,1514
109,1085,222,796,1564,823,1500,86,1241,1744,164,1569,1648,1567
1566,1753,1717,33,1574,1560,1269,1064,488,687,1493,99,175,1536
1504,300,799,219,1481,234,1585,1658,1646,1735,1529,1545,1875,1672
1645,1502,1784,1851,1394,1873,1493,1643,27,1512,589,1763,1572,1506
1795,1502,1522,1700,1774,1486,1805,1822,1473,149,1956,1780,1725,1826
1807,1958,1708,1598,1786,201,1687,1521,107,1026,1772,1560,705,1756
760,1837,1785,754,142,1507,1757,1813,120,552,1849,1753,1528,1498
54,1851,127,1408,1844,1896,1894,1678,1822,199,1813,877,700,1914
1702,1775,1694,1806,1622,379,1609,1662,196,302,1733,320,1850,1730
1830,1657,91,702,1699,1530,1646,1612,1907,1780,1858,1875,343,1807
1894,1095,1590,214,1488,1503,168,1746,1463,515,1686,1906,1558,1843
1515,110,1570,500,1832,1504,570,195,1845,235,1748,561,1779,520
1822,1754,50,186,1743,15,316,272,1639,1553,1602,1795,621,1650
119,185,1293,1545,1448,1615,1810,1534,1482,75,1687,1577,1917,650
809,786,1767,1661,1540,1824,93,1547,1485,1950,1702,406,1559,1633
1776,1770,1829,1536,1717,1562,125,1764,1788,1570,501,1604,1789,1646
882,1598,1756,1613,1941,1892,1750,1530,1046,305,1477,140,1373,1073
425,118,1829,812,156,1809,1749,1636,164,1709,1796,1794,1525,1575
63,1757,1345,315,725,1855,1536,1631,303,1528,1004,1744,995,700
807,97,1798,518,783,113,1789,1970,1714,1598,1722,212,255,1805
1483,1796,1497,1642,1686,1905,1667,189,79,1853,1747,932,700,1814
219,1596,1625,1762,1582,1254,1817,1521,1572,513,1546,1761,1630,1809
787,1665,1209,285,1808,174,288,1756,1520,41,1066,1231,1748,1374
97,1682,139,168,1573,1724,1857,1256,1507,145,1782,116,1701,1846
1737,217,90,1796,1910,515,339,1845,1503,1747,501,137,1759,961
130,125,1488,1837,1781,1813,278,78,1676,141,172,1805,1683,1656
1682,1673,1753,257,1787,1381,1763,1069,1827,1755,1640,1847,1670,1869
1117,1674,1684,1475,151,1912,235,1769,1908,1724,248,1805,1531,1778
1757,1863,1736,1584,1567,1708,1662,1843,256,265,124,518,213,1069
1720,1661,1729,1696,102,1835,1479,813,464,1677,1538,123,188,619
1706,117,314,147,142,1664,388,1562,170,1732,1759,1850,1651,797
1673,1953,364,1822,1594,1625,220,1626,1813,160,1840,1742,1709,1837
1959,1786,1680,1696,1709,1490,1662,1778,298,1246,1672,254,1329,1594
1690,1922,1635,1634,1522,320,1616,97,735,1651,1756,1686,1243,1908
1731,1828,1683,282,298,1740,1814,516,1658,1668,215,1763,1486,1640
125,1754,217,992,1549,1813,1792,1588,1831,1590,90,1369,131,1825
1483,1769,72,1636,1973,1396,748,13,169,1587,1638,1648,631,1225
88,1611,292,1327,69,563,1825,1884,1593,1386,1844,1707,1658,438
1552,1848,1569,257,1769,1648,1842,1395,1758,1822,1754,1614,1536,1764
96,1481,1525,1956,258,185,253,1729,1906,1755,1689,1678,1507,1748
789,1834,1627,1910,1489,1678,1538,1596,1783,1610,453,594,1810,1541
877,1669,260,1623,150,1800,892,1829,1693,1676,134,1653,1836,240
1523,1591,1735,1602,1823,1857,261,1582,1604,1558,1981,1662,1847,225
83,214,1956,1913,1578,784,1629,269,1537,1500,1626,1948,256,1597
1745,1583,480,1768,1735,1800,1546,1716,1711,1376,153,871,1484,1515
302,1648,1610,232,282,123,298,1591,277,1673,1519,1831,1678,1700
1655,1787,109,1850,271,1854,1073,42,1639,157,1628,1447,1366,203
1778,1523,186,1813,1911,1115,1690,1525,1739,178,1748,1749,760,1532
43,1633,1835,1777,1869,1536,36,1765,1658,1846,717,1733,1383,1497
288,1682,1637,1810,1622,265,1821,175,1849,1802,430,1848,318,1970
1814,804,1772,197,1643,1641,1391,504,1693,1491,1665,1663,165,1821
1511,1682,1608,1579,1677,1828,1248,1601,1895,1851,229,1141,1378,1556
1768,1609,283,539,374,1781,1827,303,1752,1539,1600,1562,1741,995
224,1812,1536,1478,1005,792,890,1744,1853,664,1544,86,1691,57
226,1820,1954,1543,1906,1689,980,1476,89,431,1015,1919,238,296
53,1636,1686,1922,1620,1741,1691,1816,235,135,1912,145,332,1727
1515,732,520,187,1636,1827,1856,1711,777,1630,1659,1802,1674,1673
318,367,1786,982,136,1268,111,1811,1398,1647,1787,89,1710,1735
1685,1677,1678,1710,1750,151,1788,1813,1775,1682,1714,1523,1822,1482
1503,1383,309,1553,1204,413,1673,1530,194,1573,161,300,153,1724
259,1650,1483,1841,1849,1375,1602,1828,318,1671,1909,1771,300,198
1650,532,571,1490,412,1178,1605,1512,282,156,1823,1597,1623,1908
1596,1229,1619,1683,1481,1628,1493,207,1391,137,1761,1650,1494,1656
1649,201,1251,1585,1815,1521,1529,1719,1487,1546,1979,230,1582,138
1758,1788,782,1725,323,1740,1844,1527,1698,1561,1663,175,1792,154
1730,1484,1767,1654,1668,1548,1804,1520,1323,789,660,515,1796,1905
1543,1896,1606,1709,1569,1490,1115,652,1806,1509,1827,322,1752,1831
1836,1711,1595,1818,1822,137,159,119,263,221,171,290,1612,1235
1381,1674,1152,1569,102,1162,461,1391,285,1677,1679,1792,1498,1598
1754,1752,1856,1688,167,1774,255,1572,1570,1517,1385,725,1788,1732
1052,1533,151,248,1866,1595,1802,187,1498,1895,1776,1540,1905,1768
55,1668,110,1774,1531,1383,1520,1582,1665,1223,1591,1478,1518,133
202,110,1809,1507,1943,1742,1684,1669,1708,4,207,1779,1513,1576
1682,1705,1493,1683,805,1601,1607,1588,1789,129,140,1560,1732,1567
1530,218,1758,303,1755,1611,360,1384,796,1703,152,1962,1946,626
1589,1533,1534,1638,1822,231,306,1550,1033,316,1465,296,845,83
1605,390,1111,1724,576,1762,1783,198,587,1701,1801,1684,1595,1797
182,1039,1527,1501,94,1538,1809,131,232,1582,1728,1484,189,1790
1589,191,1640,124,1563,1394,1514,129,1198,781,1249,258,1775,1754
1909,1767,381,1507,423,1678,93,1668,100,1560,1513,1814,1802,1605
1741,1550,1525,714,1577,1913,122,1813,1757,1598,1700,1486,202,313
1841,1258,802,1832,171,1522,1737,1581,1780,1538,469,1778,234,1763
106,1851,1384,796,1540,1630,1676,663,1698,1759,1242,1693,1522,1207
1682,1759,1697,213,1009,1484,264,620,1820,1770,1582,1576,1752,933
1490,1760,172,233,80,197,311,450,1808,1667,95,1968,888,1671
1832,1837,1542,1883,163,1688,89,1671,1765,1715,1659,419,1493,1210
1580,1696,1846,1704,1277,1757,1701,934,1600,1637,1540,1610,1817,513
304,1685,1371,1575,1969,518,1733,1952,303,1838,1164,80,1515,1824
91,1968,1953,1815,1769,1628,232,1541,1721,1610,1780,1845,1657,196
1603,692,1514,1566,1531,1537,1851,1592,1819,264,340,255,1709,1383
234,1562,1644,271,1383,1611,1566,1700,1481,1505,1750,148,1483,1636
220,1492,120,339,1850,1743,1541,1735,1534,1750,980,42,1655,1672
86,1692,168,885,1639,158,1505,522,1740,116,1487,20,652,1610
1728,1849,1535,1928,161,1672,1807,885,1650,1372,1732,1959,268,717
1784,301,1392,181,1718,1497,1601,190,703,1479,1480,1794,1525,1196
1644,1378,1770,1731,1827,1976,1785,246,328,1505,1610,1782,1680,1539
1932,80,1717,1500,1757,54,254,1575,1541,1756,277,1969,1672,1839
1519,1607,462,1752,1770,1692,1618,1956,192,1715,1739,201,1619,136
1592,1627,1598,1656,1895,140,1818,1600,1476,1839,1906,1701,1833,1541
245,1775,1791,1477,1665,206,1664,1563,1841,1560,1550,1576,153,1847
1483,1491,167,1531,292,1705,1565,1007,657,1661,1553,803,993,1618
129,238,1815,116,1312,1557,1690,236,1555,219,553,1595,1809,1528
699,253,236,291,578,1674,558,1627,1610,525,1510,1604,304,1509
20,300,901,1956,1844,1690,98,1950,1691,268,1574,312,1684,1579
1590,128,1607,1725,11,190,234,1536,1396,1476,1678,1757,1493,1506
1714,1768,1597,1629,283,853,890,1657,1563,1069,1804,184,240,1615
1657,961,1696,1066,1678,201,1785,1789,1586,1688,278,1787,1326,1505
969,106,1547,1968,1816,1376,307,1545,1899,1815,1848,1475,988,1692
1729,86,1634,1773,1667,797,945,325,473,219,1373,1539,929,1179
1718,242,1687,1558,1369,1273,962,1691,829,107,1684,219,406,96
1638,1233,1908,1814,1578,1767,1669,1541,1819,1620,85,299,1939,1570
263,155,1682,1758,1641,1800,1838,1499,1821,1969,1866,1542,483,1571
1821,1781,1970,578,192,1666,1734,246,154,1268,1953,1328,1586,312
1942,209,1655,1537,1687,992,1694,1789,173,1736,1807,1911,1742,1029
1519,1280,1745,1846,1569,1668,1378,1490,1538,1254,1763,1652,1511,1748
785,1851,1712,1574,214,776,34,717,1704,1662,820,562,328,1668
1811,1042,1174,1671,1378,1794,1709,147,1234,1073,1814,97,1559,873
1758,1617,328,1699,518,1789,1796,1782,1725,1480,1708,1614,1750,276
1538,543,1598,1730,1658,1855,1620,1791,131,1843,1677,221,638,1659
1777,1132,1774,1582,1617,309,1372,320,242,647,1603,1834,1571,458
1849,1704,1603,1549,90,1527,1379,1658,831,1851,1972,653,91,1601
1653,1600,1584,1807,1642,1825,783,198,1475,1884,221,1809,1771,94
1540,1719,287,1385,99,274,1275,113,1838,1850,1952,1478,1740,1515
1645,1091,1533,287,1480,1840,1509,1415,1792,1491,224,1763,1600,1134
1760,817,699,1717,1827,667,1543,318,1795,1684,99,136,1685,1892
1589,1646,1544,1806,109,95,1836,28,1641,83,1542,1752,1538,1598
1622,1461,1817,1907,972,1785,1938,999,1943,1629,1728,1727,1851,1637
1664,820,1627,1547,109,320,762,1696,1589,242,1342,1810,515,241
1708,1748,74,705,1512,176,1528,1854,1590,1632,1380,22,1627,1818
1601,1444,1522,1791,180,1682,130,1538,1908,1704,1548,1906,1719,157
1561,1736,1906,1357,1565,224,1909,1487,855,166,1642,1638,1512,814
1615,221,310,1801,1687,1752,584,1566,1980,1575,1505,1697,1069,1762
1585,1830,1840,291,1390,1523,1487,704,1590,296,1800,1552,238,1601
705,222,238,1824,1949,328,156,105,219,501,1619,1171,1710,440
326,626,1853,233,1214,231,1704,1734,1631,1685,80,1892,1039,671
1671,88,1582,90,1500,700,1575,635,1563,1905,1811,1628,1797,1435
1483,177,1621,1765,1545,821,1584,1610,1669,865,1726,222,1117,1055
1818,1476,1942,1763,1684,680,1713,1856,1548,1785,184,508,653,396
824,110,1496,292,1480,1754,486,1792,1736,483,1926,1919,1808,981
1790,1668,1436,737,1742,969,1678,174,1554,1676,1895,1708,1893,1597
1711,1795,1915,1905,1652,1647,124,1599,1575,85,1588,1623,1088,1803
