1496
179
1923
366
1066
1957
327
1531
159
1536
1065
1850
1561
1894
1738
1690
1700
1702
1577
1513
1667
1757
1674
795
1980
1516
1541
83
276
1854
1662
1625
1685
1805
1827
1727
193
1907
677
114
1843
307
1550
1674
1896
1383
1541
528
1684
551
1481
869
1814
149
99
1603
1857
1774
1599
1724
1537
1924
1629
1670
1805
1806
1569
473
1823
1818
1733
1586
717
1582
1617
1369
1720
1333
1912
1476
257
1828
1379
1739
1499
1391
1819
1798
1113
328
196
1585
982
1575
305
584
1686
1580
1836
1804
1808
1642
211
1547
1660
328
1528
662
86
1846
257
1682
944
186
1000
1643
113
1780
1683
1542
1605
1660
1765
1701
307
1441
1768
227
1270
1678
1966
1523
259
1571
1908
1262
700
1737
1637
1627
1800
1522
1771
1569
1717
1721
1598
1601
1696
1372
1585
1719
855
1936
1815
1797
63
1536
1650
1776
700
1852
129
857
1700
83
1572
1577
1597
1697
1684
1750
1600
1306
1522
320
1529
1826
1811
1740
1850
1707
1088
1595
200
1799
1367
1920
146
1654
1535
1216
1897
1820
1546
1539
1732
1671
113
100
543
188
1491
1130
1748
1911
1847
1795
1835
111
1743
592
997
1565
1502
1524
222
1893
1313
1726
1911
173
1825
1385
1378
1565
1527
249
1741
1771
987
156
1527
1520
292
267
1833
1488
1754
1733
1827
1520
1544
78
1591
1598
1826
141
1913
1678
1624
1707
1605
1551
1728
1593
1835
1720
1657
116
1320
1663
203
1798
1562
764
263
1328
14
1754
1582
1783
702
131
1846
102
1486
1572
1791
249
1534
1740
1708
203
1587
1560
1561
1335
1802
378
1735
1881
1739
1384
1485
1632
1828
302
1831
1844
155
1530
1486
1853
1606
1719
290
1629
1845
1977
334
201
238
160
1942
212
1495
1378
1056
1692
1515
1604
1834
1505
1381
1519
286
1530
899
231
1515
1486
368
128
1682
1960
1840
1561
1714
1559
1782
1793
1365
1699
1575
1503
505
1517
1679
1964
1651
1520
1319
309
1197
206
1823
1785
1683
1651
1777
548
1833
1065
1595
327
1707
641
28
1583
1716
1834
1671
131
1784
1776
244
1696
1513
1907
1947
1852
775
420
782
1795
235
1573
1668
1856
1070
1773
251
1500
73
230
314
1602
1754
1529
1807
261
459
1971
1762
178
1295
1619
1593
1631
1606
156
1704
93
1694
1533
1792
289
1783
169
854
1770
175
1723
323
1857
1502
1833
937
1761
1652
1793
422
1909
781
1672
1522
1875
254
1562
230
1852
1778
1824
1848
1677
1721
1119
207
1476
1521
653
1742
111
1577
1761
1798
603
1603
104
62
1277
294
1368
1494
479
1694
1565
500
306
1676
301
1522
143
269
1847
1571
1672
1663
1813
985
1749
327
1746
90
136
132
1478
1516
239
1661
1686
1070
378
1662
1639
1642
1519
1830
1595
1905
241
1714
286
1667
1584
1821
1658
1502
1590
1836
1849
1839
178
81
1640
1587
1509
111
399
1733
1565
1658
1783
1701
323
289
826
1742
1657
1850
1608
1789
1231
306
1653
115
1608
1492
127
1716
1765
1844
956
1198
1894
1720
123
313
457
1275
1761
1673
1272
1511
1771
1912
455
1821
1724
1489
1821
1675
1074
1783
1856
225
329
1610
1079
1685
268
1824
1489
1824
1619
1824
144
1673
1618
1866
92
1520
1678
149
1779
1853
1795
101
1390
188
1816
1708
1730
1396
1476
1953
1670
1912
1499
1569
1409
308
1552
1946
986
1825
1689
1696
1478
843
1584
1392
464
705
1779
1655
1750
189
1153
1602
189
1675
1770
1715
305
252
1741
263
1714
328
1681
1475
1970
1501
1653
232
82
244
1571
1744
1637
1712
1826
1565
141
1616
1745
1567
1611
1481
1743
1669
1762
1876
173
1602
1662
1229
1534
1759
1910
1538
1483
253
1699
1694
1758
137
253
700
266
1687
1688
831
1761
303
201
199
1716
81
1948
1599
1686
1493
1483
1370
1823
827
1785
375
317
173
1792
1752
1603
1628
1688
1896
254
1734
105
1722
194
1599
1615
1803
1646
1626
198
100
1913
932
185
1479
6
1658
1101
1535
1270
1907
984
225
1547
1567
1819
1718
1731
1534
857
1756
1475
118
1566
1504
1894
1605
1691
86
1589
1174
242
1487
1510
1833
294
1525
267
1807
1832
1808
1530
28
874
932
1594
1700
179
1511
328
1638
95
221
1776
1552
3
1684
450
1319
882
1762
1761
295
1675
1689
706
1856
760
85
92
1587
1477
1704
1608
1833
1379
1318
1893
18
189
1518
1655
196
1448
1717
1839
1935
1607
1690
302
1563
1621
1352
1735
1842
1719
1847
1973
1438
542
1798
1717
132
1817
1857
1509
1490
95
1904
143
1796
216
1644
941
1894
1384
78
140
163
640
1785
1826
907
789
750
1729
933
1575
103
1370
1784
1625
1937
1571
1771
1673
1602
270
218
1642
1849
1722
1523
312
179
1605
1732
1856
1814
799
1581
1824
1766
1717
645
1644
224
1911
1587
1481
1509
1482
198
1618
1813
1953
1078
1843
317
1476
1517
1752
186
129
127
1519
1826
1896
978
268
1597
1573
1762
1661
34
1604
250
344
64
1501
1725
1842
329
1504
1912
1847
119
107
108
1532
160
1578
705
1869
1475
1483
1501
1782
1660
1950
266
276
639
1620
1503
123
1652
1520
1794
1090
1943
1642
232
1000
1909
1552
1752
1612
1899
1822
1496
1725
106
920
193
1625
1489
1816
1613
1606
1495
806
1599
1565
996
353
100
183
1814
325
1627
188
1713
1476
183
1516
1775
1802
1721
161
1596
1807
1811
200
1905
1729
1534
1850
1626
1537
1791
1713
768
1719
67
292
1743
1724
1209
303
217
544
1492
1578
102
1930
1435
1549
1575
1781
