1602,85
177,1910
262,1693
1089,1680
1846,1741
1480,1722
203,429
1636,223
1922,1534
443,1486
1685,1739
287,1846
1784,1924
166,1790
1782,1582
221,1910
66,1829
163,1522
213,131
207,1517
1854,1588
210,1489
1909,1484
179,157
977,1656
116,1726
1743,1595
1650,94
1494,1707
1711,1702
1782,1374
145,1804
474,258
1909,1146
1773,1802
1594,284
237,1754
1681,939
1659,1533
1854,1956
1633,1597
1524,1755
1704,1846
1766,1510
1277,1527
1691,120
1742,1696
1684,1513
852,139
987,1739
1270,1506
327,249
1570,354
1839,1332
1610,152
1537,153
1801,1563
1983,1927
1810,1681
1658,1851
1565,1506
1639,1807
1563,281
1790,17
496,4
1585,1097
149,1734
1557,1621
894,1729
1639,589
1525,1656
1956,1851
1728,1710
1000,1707
1822,1631
282,1483
196,305
1695,206
1816,1546
1792,1557
1548,1721
243,1679
799,1954
307,275
969,1942
148,1076
376,1643
1893,1535
1976,1564
1512,1654
1649,1479
1545,145
220,1654
1495,1709
1839,1486
1564,310
1659,1644
150,325
716,1912
1699,1563
1743,1543
1820,1137
1762,1654
1013,881
1715,172
1667,1670
1787,1757
985,99
1527,1725
268,1556
1727,187
1744,88
1545,1714
1801,1972
96,428
1644,1687
1686,1595
209,238
1854,1729
1489,1708
1536,286
1892,1629
1437,1698
1953,1618
257,1500
1738,200
200,1567
152,1843
1487,190
162,1482
1802,1748
1629,1790
126,551
1631,1808
1757,1546
1696,1638
1739,1279
1676,1545
673,1746
898,1571
1643,1571
1070,1050
469,348
1682,1818
704,1644
328,1525
1906,1913
655,1747
1638,1794
249,1899
1815,1704
1052,1850
1836,157
84,1709
191,1821
1790,207
180,1628
1653,1680
204,1577
561,1550
1179,1373
1837,323
134,1651
215,1501
245,1675
1909,1906
1708,80
1815,846
233,1627
1893,1674
1769,1183
1851,1985
1801,1932
798,221
1814,1794
1600,1392
290,1746
1656,1790
1111,1742
1497,1652
236,443
1773,1496
1600,1774
1708,1087
1851,1531
1780,1483
240,1393
119,1689
1722,324
1709,1676
1704,575
202,1561
210,1627
1826,1744
1617,1316
1127,1855
1755,1846
1656,1909
1692,297
1905,239
1823,1829
799,160
1793,1728
1952,1608
1641,291
1228,1680
1549,1588
1812,1665
1437,1682
797,457
1652,1551
1593,1586
1593,1509
1713,1606
1639,1783
1542,1635
1523,1605
1779,1625
1684,1530
1659,576
1824,1561
1190,1557
168,1729
1630,1600
1811,1056
1562,1587
794,1710
1795,1493
1800,1920
885,1798
1606,1703
86,1834
297,1792
1852,1910
254,1123
1892,1700
1496,1479
1783,1710
1850,213
1365,1629
1763,1531
1603,327
1812,274
1541,1827
1731,1354
666,1908
860,1696
24,612
1827,1684
1094,1690
522,166
1099,289
922,1392
26,230
1787,1651
1818,1810
1620,1564
1694,1500
1559,230
319,604
1586,1777
549,150
1652,1572
1814,1791
1845,1544
1767,1554
1573,988
1712,136
1770,1554
69,229
1822,292
257,1587
1476,1767
180,1661
1562,627
1659,1385
329,1318
291,840
598,1797
1711,1559
1731,324
1818,1819
705,1586
1798,1606
286,1073
1749,1545
162,1830
529,1647
323,1772
1550,1657
1819,1765
753,1675
1641,1736
411,1607
843,1569
90,1749
1780,31
1657,1652
1706,445
1894,1548
1584,43
1209,1482
1021,1610
1483,1729
941,1467
324,231
446,1683
1772,1809
452,1507
1742,1487
1962,1593
1739,191
257,262
289,1724
201,1849
1849,1507
1521,271
1799,1805
1516,1944
1657,599
262,118
1773,1698
1568,308
1681,1789
1675,464
1972,1563
1550,1930
1665,1964
1351,276
1809,1916
1956,217
1761,1849
538,1104
124,1907
1538,530
1579,1387
293,1259
1476,1552
1850,1552
1908,55
1807,210
1782,1824
219,1517
229,1805
1646,261
1749,1504
1349,1824
1959,1755
1632,471
1321,1506
134,1727
397,667
1748,1697
1803,1214
1737,1520
192,1055
260,1757
1621,578
1715,106
1827,1388
1750,248
1538,1703
376,1092
1706,173
1852,1801
1972,1597
1715,1916
1755,1716
1971,1819
1546,1761
1660,1331
316,1209
410,1687
1849,600
1396,1827
1772,1593
1737,549
1931,1174
1746,255
359,1370
449,1162
1833,90
1764,1571
125,1380
13,372
1785,1657
1616,1702
1497,1169
564,1767
1795,1395
511,1524
219,1631
628,1808
308,1584
1524,1476
224,1639
120,377
287,1738
1708,1491
1598,1657
91,1631
1703,1690
1714,1912
1783,1781
1214,1776
1685,1552
1602,1797
1600,1900
1538,1650
1850,173
1731,1863
1908,1899
1636,279
1958,1202
1368,1073
93,113
1732,1737
1539,1482
100,1633
1702,1568
1825,1567
1577,1642
1592,1530
1382,89
1707,294
1840,162
1067,294
1568,74
1596,155
1643,130
24,188
1785,1721
393,1829
1775,1540
174,157
267,1727
1513,1777
1568,1845
299,1774
1551,1788
648,1796
1603,207
1967,1627
1641,276
1501,1793
1603,89
1715,1475
1855,1734
1240,1817
1754,1477
1540,584
14,1756
556,1666
1842,245
1487,1845
226,103
1777,154
1638,1534
201,1731
1206,1788
181,1529
1671,1668
1708,1490
1765,1547
1908,1600
109,1491
1509,1494
1591,1865
1546,1519
1547,1974
195,1942
1672,1498
1843,1822
1930,1709
753,1789
1723,1601
1669,283
1789,251
1664,835
254,1644
1341,1760
247,518
1857,1692
205,1503
1491,1732
1032,237
1818,1578
1595,999
204,1493
648,1797
1616,1478
339,1384
289,1231
1534,299
1353,1500
1815,1719
1434,1496
1837,1548
535,200
1831,1643
1728,1911
329,133
1211,1645
313,106
149,1895
1958,314
1716,1722
1594,1554
1896,1912
1569,1563
1475,1047
1486,97
176,262
703,1497
1748,1670
1689,91
281,113
1697,1696
1394,1694
213,23
1514,1549
1563,1505
1827,258
1532,1830
316,1292
502,25
307,858
1641,1575
1272,1598
1843,229
1906,432
1479,1625
540,1501
1624,1493
1178,83
1777,1909
1806,1856
191,292
160,1749
1583,1485
1832,1738
1641,82
132,216
1907,255
1698,97
1783,1492
1588,1714
1913,1613
1746,1636
1700,279
315,1676
1946,650
1704,437
1681,1635
247,1620
325,1337
57,624
1656,1751
1645,1643
168,1511
1697,643
1750,1505
633,291
1759,1735
1531,80
1711,1626
1731,96
1842,1714
1490,1553
1582,1306
1663,1590
1973,1556
1765,1523
1732,847
1683,1006
1523,1796
1370,1974
286,239
1837,1658
255,280
169,1676
137,59
1596,154
1170,267
1703,1678
503,1857
1756,1832
1669,1955
968,1778
106,1637
937,1677
638,203
1767,200
1591,836
1605,1520
1894,1174
1392,1561
1481,1714
1612,1856
705,1518
268,1646
1618,151
182,1572
221,1380
1485,1942
1820,1750
1542,1605
217,1922
990,1529
1970,1579
521,1505
741,1579
983,1975
315,1754
175,213
992,1602
1481,1585
1492,1175
1830,193
1653,1070
1787,134
1619,1894
1553,508
291,1100
1826,1827
1941,1857
1479,1922
1501,231
322,642
1349,1911
1596,1691
166,1671
157,1545
1631,1305
320,891
139,1650
1450,269
1713,564
132,1723
1104,1748
1625,1817
701,107
1383,1489
1514,1815
1252,1837
1636,1800
1487,1638
1629,1622
314,1589
82,1926
1852,1718
1569,1273
1387,1667
1712,1006
1738,1784
1733,1856
1604,157
1434,1773
1956,1069
93,1777
1539,1701
1523,1609
1617,932
704,1564
1689,1947
1777,1760
1713,1837
979,182
155,1909
1714,207
1504,1640
1574,1795
1908,1168
91,1802
1787,1746
1597,1911
1691,1670
1586,1711
1856,1963
1703,1663
315,1366
1844,1683
228,1532
194,190
1681,1656
1485,269
1829,1913
711,1687
563,1830
1755,1763
237,102
1779,932
1637,1558
1748,1989
1704,1545
1549,239
1985,1796
1844,163
1595,1707
1844,1742
763,191
1539,1717
1071,1320
1479,1487
1567,649
1616,1748
1807,257
150,1694
1480,1503
1394,326
1616,1726
1652,1805
283,1788
1910,1912
1604,1760
1816,1631
1679,156
1917,1537
262,1706
218,1838
1622,1913
1706,1029
583,1624
105,1689
1479,619
1474,306
497,1792
1838,1174
1337,1582
1603,28
1777,1720
1703,231
1516,1564
1070,1847
1596,1737
85,1721
1777,410
1742,237
1675,1592
187,1586
28,266
1515,1645
296,1580
1081,96
1918,1647
1560,862
1538,152
1785,1645
1759,1375
278,1716
1070,1759
88,1072
1817,1770
40,1848
127,229
1581,219
324,995
0,1477
98,1849
1767,1576
1622,1592
1847,197
1383,292
1485,136
1629,1843
1832,1503
1738,1571
1492,1674
1640,1515
1070,1803
1638,93
1605,205
1480,705
1732,1491
856,1666
1824,1656
1508,1521
1818,1586
1851,1305
1628,193
735,1625
1590,1598
1548,1760
1634,324
1390,1831
1581,186
1551,1682
1595,332
1604,1673
1244,581
1102,851
1616,1765
1676,1702
198,263
1638,877
213,78
1687,1975
295,1566
119,1180
1678,1485
1696,603
1987,86
452,1485
152,1942
1377,1608
192,1692
1729,1490
175,1659
1983,1645
1766,1821
1539,1833
1789,1720
1590,1831
154,1652
279,96
101,240
112,123
270,596
221,1543
1725,1954
1591,1676
672,1623
1786,1520
1841,1552
1598,1969
1378,231
1710,113
1572,186
1673,130
1800,1368
1653,1484
203,1723
182,796
1818,1849
1846,1692
1475,901
1610,1601
1637,1378
1729,1543
1823,1903
1631,1501
1491,1480
138,518
159,1838
1973,274
1603,1335
1680,1496
1856,1676
193,1809
442,1719
1548,1733
1141,1782
170,1320
239,42
1180,1729
1841,1849
1523,1562
1630,1705
1484,79
86,1523
103,219
586,1815
99,1828
1496,1770
1712,1691
1821,146
543,1806
1677,619
1388,1536
1539,1597
1718,174
1081,1848
1610,1602
1845,1751
793,1857
1508,1642
1111,1630
1785,1335
1796,287
1671,1721
1526,1708
138,264
24,1794
1014,1905
1977,1911
1621,1396
503,246
762,1966
1613,1844
247,997
226,1745
240,1778
1853,1559
1778,1557
1735,1852
105,286
1775,1655
1129,504
1634,1673
1671,1796
1480,327
1818,1248
1545,185
1516,37
862,1652
838,384
1635,327
802,1847
316,638
1498,836
269,1602
1804,1754
1595,1824
166,226
1187,1496
899,1721
1717,1596
1642,1751
664,1452
1534,62
1796,1713
1476,857
1778,400
1578,1602
1496,1319
452,216
558,1553
1479,1891
1378,1560
1955,314
1843,1623
160,193
1611,1684
1528,1507
1826,874
1954,1507
433,292
1811,857
1510,1034
1743,189
1845,290
1373,1566
924,1557
1912,1124
292,1488
267,933
1817,668
1538,1602
1918,1839
1709,877
1509,832
1773,201
1506,1597
253,1624
1532,1569
1312,1595
1268,1512
1647,1507
1506,1617
1821,1548
1808,202
1774,1654
153,179
210,1494
130,170
1704,805
1733,387
1030,1732
1769,1703
311,1542
1610,1659
1644,209
1777,836
1738,1858
1699,299
1748,14
1682,1534
1781,1792
311,1858
1658,204
1115,1477
1758,1735
1604,1538
1713,1635
1588,491
1763,1750
1605,1615
209,1618
1644,1138
299,266
241,1514
1663,1856
1354,1785
1973,1734
1769,1710
1731,177
1478,1730
194,1651
1721,1673
1488,1840
