1532,1686,1657,1699,1416,1922,276,225,1727,1723,1656,1719,1580,1646,1270,205,1561,1697,1527,1737
1483,247,1559,268,1826,1686,1697,1672,1815,1668,806,1647,1855,1845,1499,1883,215,1907,1851,1827
286,1394,1789,1704,1819,1214,909,1768,1756,1616,1765,1566,1857,123,1695,1336,1645,518,1656,1832
1708,1825,324,378,188,1840,1761,248,1671,1740,1515,249,267,286,1531,1599,1854,1481,1483,1583
1508,1483,1732,1622,520,1500,1800,1783,262,1934,326,1522,1849,1848,94,1376,209,1772,803,1693
1070,1508,972,1846,1821,1599,180,1794,1848,228,573,536,1686,1677,162,1620,1726,1842,1734,1837
1516,1845,1538,1721,1973,1767,1754,1631,1723,1930,786,1491,830,1746,1892,847,100,1847,1741,1749
1668,1753,784,263,97,217,1729,1588,1832,1162,1722,560,1554,875,1543,1693,1426,279,28,1893
1807,68,1575,319,276,1682,1931,1731,224,1613,1616,315,790,1769,1825,185,1964,1600,1745,859
1706,1495,140,1512,1960,300,145,1491,1515,1649,1667,1639,1589,1609,1854,1782,128,1841,1699,186
1725,1495,170,1684,1837,1738,1825,1760,1654,1595,1070,1896,1614,180,1751,1497,1849,212,1581,1476
1629,1655,305,1563,204,1908,1575,1634,1490,1095,1760,151,1481,1762,296,1487,1832,1535,1683,280
1749,1544,1821,1513,999,1356,985,99,1750,1834,1763,1653,1816,1758,1539,1424,1494,1708,1546,1659
107,1689,184,1577,119,602,199,1591,1536,1641,1930,1615,1728,491,1787,168,237,1982,176,1829
1658,1555,115,1534,1545,1910,1720,276,132,38,1759,1227,1222,1849,1355,1511,15,1943,1581,1757
198,1635,1361,1754,1512,442,1746,1568,236,1765,1852,1697,1752,90,1843,1384,794,991,1593,122
1970,115,1693,173,1781,1378,142,179,200,1096,239,1599,1025,1591,1615,324,872,199,1831,184
102,1690,1701,1375,1758,1575,1716,1754,1762,1475,1834,1826,1657,108,1277,1617,1483,275,1395,1748
1939,1529,161,153,1730,1494,670,1417,1382,1743,637,1806,1754,1016,1768,1764,1699,1776,1528,1536
165,85,1741,1744,1927,1751,1687,1745,1838,1714,1069,1795,16,117,1645,1506,1772,1830,1607,1586
1526,1365,276,1754,1540,270,553,803,164,1750,1764,719,149,1796,1835,1476,1506,1972,158,200
1848,1549,1751,1907,1870,1560,158,439,1610,1488,1846,1499,176,177,1598,793,257,1735,135,1662
1609,1850,1805,1787,399,1532,1522,1636,1702,1767,424,1209,210,1507,1639,1852,717,1536,1551,653
1262,1709,1499,1926,932,1070,1053,1735,40,1814,1854,1648,1531,1816,1694,1672,1784,1566,684,1539
1706,1780,1800,1486,1755,269,165,1506,1633,137,1942,1927,257,659,1880,46,1733,327,1752,920
1906,1682,91,1546,1575,1818,1627,1583,431,1506,1694,304,190,1715,1234,1655,757,678,1680,1910
1843,190,173,83,611,132,1375,1606,1623,1602,1583,1660,1826,978,474,1777,1685,1536,1842,1860
1647,1030,1508,1493,1834,79,1484,1460,1847,1837,1771,1517,1911,117,1625,1818,1553,707,1814,1704
761,109,1679,1566,1579,277,1501,1795,383,1389,1841,95,1507,1368,478,1642,1007,1505,1913,1692
1809,28,1650,1808,188,1023,891,1785,751,1480,1733,1555,168,1832,1550,1623,254,251,1472,1629
1581,1507,1746,1895,1791,1809,1839,263,1630,319,476,250,1829,1818,1338,871,1763,211,1726,1716
1526,323,1849,264,1581,1516,324,1728,1551,1380,1934,1804,153,1498,840,1521,1625,1853,72,1505
841,1651,147,1519,1781,1390,1745,217,24,1841,1595,367,257,1108,1844,1738,1520,1787,1813,1764
1700,1905,1732,228,1968,1708,1178,1819,102,187,1646,84,1718,1537,1431,1530,1505,1641,112,1615
1750,1790,1536,173,58,263,1391,1544,1630,1505,1726,798,720,1802,1327,1675,1671,85,1684,1566
43,1613,1824,672,1515,1670,1592,1369,163,1775,122,1535,1769,1565,1804,1829,1834,1913,1687,1493
1813,952,1536,638,325,1671,764,1821,1667,1502,1391,1571,320,1745,1761,1560,1694,1520,1307,1684
1599,1756,326,266,1741,135,1933,1945,234,1802,235,1624,1492,1754,1538,1669,155,1581,961,1495
201,1579,6,1631,1566,212,93,632,1655,1811,1506,176,282,1569,1047,630,1686,27,902,101
1841,1218,1683,238,1622,1797,1563,1819,1020,1712,131,1562,1811,1974,969,551,1553,1616,269,29
1353,835,95,431,1530,1626,109,1477,288,1778,1659,1781,138,121,1260,1754,1526,1763,325,763
784,1682,1949,1799,1488,1669,1707,1580,1385,181,623,1814,1742,1162,1516,1852,1391,1553,1844,1501
272,238,1575,1806,1906,232,1595,1195,657,54,150,1110,89,533,527,1857,1676,1583,1750,1606
1950,1528,1162,305,794,1685,1836,1771,1387,717,1906,1493,1793,1823,359,114,1764,1741,1652,1798
1802,1599,1886,40,1811,1512,1854,1786,1636,156,1576,1238,1810,1497,1655,247,566,121,1823,1644
160,1740,1672,226,1633,1773,1715,1507,1761,526,1250,1540,1824,1950,163,205,209,1620,125,81
1575,1710,1489,1488,1554,296,1549,1866,1596,1538,1811,1836,1617,259,1832,1486,1758,1850,1838,1871
1647,210,1651,913,1592,1778,1656,1822,205,788,1586,1578,660,1486,297,101,1697,1532,1909,1560
518,1796,1839,1956,597,943,182,793,253,245,1558,977,180,1506,1642,1814,1884,191,683,314
151,85,1822,1520,1821,134,1730,825,1698,1767,196,323,1790,1739,1559,370,1574,1833,1780,78
1808,379,1617,1576,1590,1809,1632,1684,1835,136,1600,486,120,104,1727,1485,146,159,1602,420
1784,1530,635,1680,1955,395,1770,1961,1835,1709,1328,124,1616,802,1549,1524,1529,1739,640,1668
1666,1649,1913,233,1587,411,120,365,833,201,495,1387,1209,1597,1546,1756,283,1733,1173,1824
1069,121,1714,1797,593,1390,1635,626,92,1673,178,1542,1345,1162,1621,1514,818,1699,1705,852
1599,1183,1829,1676,1828,443,1823,219,1968,1605,1641,1963,214,1561,1571,1660,1627,109,1573,1853
1809,1487,1595,792,125,1516,1706,1147,1614,1581,1607,1126,1750,1596,1629,1747,1655,1751,1709,1763
1589,1899,1572,129,1702,1983,1591,1685,93,1734,473,1795,48,1657,1653,1535,1518,1842,414,1686
1813,647,1826,1657,1906,1616,289,1760,1584,1326,1003,717,1606,1683,263,1608,1830,1062,1952,387
810,126,267,1511,1486,284,1845,1508,1689,1494,234,88,248,278,1820,1532,281,629,1722,298
1706,1255,168,1742,1522,1581,1679,1837,1849,1492,156,1749,162,1514,959,1803,319,148,1657,1569
1679,1860,1948,1710,717,144,1573,1751,1528,1718,1879,1615,1030,660,1658,1829,1588,42,1729,1897
530,24,1759,1648,1764,1535,107,1853,1522,1771,1345,1668,1823,1727,162,1825,1611,1509,975,1488
1840,735,1806,1548,1571,1711,446,720,1763,1850,1539,1774,1036,1751,568,271,1685,250,1495,297
117,208,887,1860,1531,1502,1551,39,1530,1769,1908,1686,1638,1685,1694,1493,1570,1794,128,1828
1557,1543,281,1790,1575,1667,639,1850,1684,1830,103,1511,167,1523,1478,359,1776,1697,217,1758
1763,1542,299,1489,1573,1560,207,258,1757,1789,1539,1968,1709,223,1102,1681,1912,1834,1804,1493
852,1786,248,65,1563,677,1214,1494,1703,1661,1723,1550,1912,1751,1534,1582,1616,1511,1677,1712
19,509,187,216,1625,1871,1512,1653,1555,968,1572,139,1154,1666,1603,1401,1557,1508,1917,1735
153,1532,240,1843,705,950,132,475,1755,273,1662,1526,1686,158,1917,1499,1617,143,1000,1660
1641,1830,1515,287,214,1752,1499,1442,892,412,638,1662,1942,315,1673,1345,198,1718,1771,360
389,1595,1672,1268,204,1522,1774,1685,1100,233,864,1495,1856,1952,140,737,1484,131,1654,1593
1720,291,1972,1566,151,235,115,163,104,1592,1753,1509,1635,54,1570,1609,1687,224,85,1540
1672,249,1608,1838,218,1671,149,1581,399,1617,335,1722,1829,1819,198,1730,194,1647,1626,1719
1745,1607,1838,1894,1714,1566,108,1789,1506,210,1680,66,1836,161,1771,235,1234,1850,1590,1831
1588,1632,1728,1630,1576,1618,121,1828,171,850,1617,1505,1972,470,270,794,1580,131,1702,1831
98,1787,242,1717,1616,1674,1628,1988,1558,1712,1499,1508,1735,1906,1615,282,1841,1721,1831,1832
1968,1505,1908,1225,1579,159,129,1202,1491,1715,1900,1540,1573,121,1774,1888,1825,1728,1640,1849
892,167,1722,1546,1585,1686,231,1630,1940,1918,1268,1670,700,968,1681,1842,491,1831,135,1776
1793,1808,397,1977,1825,1558,294,1704,1782,825,1582,1798,1240,1485,118,1852,1554,739,1612,1606
1514,1830,1482,1365,1684,1346,458,1743,1657,1696,1819,490,1170,1725,277,1542,119,134,808,1759
1757,546,253,1820,1679,1754,1950,1801,1105,1695,1786,1946,1827,1609,1906,1787,118,262,1517,1675
1502,1738,1546,1911,71,1591,1851,1735,85,1615,1696,1829,1676,378,1788,1454,1692,653,923,1821
1909,1651,1635,145,1613,201,1954,1731,1726,82,1586,1771,1666,897,129,1775,1695,1582,1844,963
289,1547,1775,1690,1792,1748,1816,153,1644,506,1732,1553,1374,157,1791,1591,1501,1604,1618,1757
1588,1672,1790,293,271,649,1546,314,1854,1119,1679,1682,1815,1955,1482,1327,1748,1594,1561,1714
1354,1642,1795,579,1541,290,211,53,1660,1681,1754,1711,1654,1833,1696,1577,1734,518,1684,1490
304,1834,1774,1842,1636,1843,1785,1233,1725,1486,1525,1939,1570,1760,791,1698,1530,694,853,1862
261,1601,1031,1599,31,1826,1761,1691,1811,1314,1569,1660,1624,123,1913,1802,1619,1365,1848,1850
1501,1778,1019,223,1598,1494,229,817,40,1542,1765,1390,1720,694,1793,1214,1832,1951,1761,462
332,161,907,1883,1476,1611,1729,877,584,1702,163,1712,1630,89,1744,1828,1527,1839,1623,1622
100,1584,916,1541,251,1795,97,1911,1737,1393,164,1332,297,1642,1690,268,1848,1489,1495,1716
1653,1202,77,1688,1361,481,1109,1860,151,1338,1558,1830,1711,1308,1654,1671,1719,629,245,1725
1647,246,1784,1856,1594,1798,1714,1657,1702,74,83,177,1722,1489,178,1575,1608,335,1550,1747
793,1687,1636,1679,1756,162,1521,1385,1393,1514,1771,1959,1549,1825,1757,211,109,289,1608,1539
1573,187,92,1697,1244,1566,1779,892,272,1710,793,1584,1778,221,1734,1712,1953,246,124,1563
1565,1741,1850,602,1763,1698,235,1701,1665,216,1720,421,1581,117,1799,69,1843,1165,1630,324
1486,1735,723,1751,156,142,1806,1487,350,1514,1791,1918,1622,1365,1534,1698,1630,1521,1162,1741
1775,671,191,1857,1854,1817,1368,1559,174,1702,188,329,1539,1909,773,1561,310,156,1641,1503
1365,700,932,1480,1553,1599,1619,263,1670,1411,1578,1507,466,1752,100,1628,303,1494,297,1824
1770,1748,1825,1788,1730,42,28,1856,276,323,1340,1713,1703,1636,1381,1726,1479,805,1536,1896
1855,1517,1684,1821,86,1788,1761,958,1756,1758,1511,1495,1772,299,1589,1662,1834,1949,1104,927
1661,1616,605,1850,1783,1786,1807,174,1490,207,1476,168,1821,211,1739,1759,300,1631,1913,1840
1489,1392,1578,1706,280,439,255,1488,1755,1911,106,1396,1756,1809,1728,24,481,1622,1772,1530
1731,1700,1506,1624,1773,1612,141,1550,1610,1892,304,1909,1618,1683,254,1844,1252,1567,383,1855
180,1579,286,1838,1727,1712,1721,1489,1975,1821,362,1522,613,1497,271,1770,1595,118,1909,1696
1676,1747,506,1613,1825,1850,1680,1833,1489,1624,1293,1855,1356,1821,1746,1770,1490,1602,1946,213
1679,1580,1163,1683,1724,1675,1504,1523,99,1844,1937,1634,1404,1735,1680,252,939,1773,1538,1488
277,1483,1735,172,1665,1975,1702,1453,1539,243,389,643,1800,286,1563,1714,1694,1840,287,240
175,166,1689,1674,1475,232,94,1511,1778,1699,1389,1539,1580,1562,1691,880,1655,260,187,1817
1744,1663,380,260,541,1594,1536,1754,1580,1632,147,1532,1716,1846,1562,1686,1743,185,211,177
1388,1816,1673,1729,1962,902,303,1553,1659,1720,1760,1598,1773,1661,290,1034,1617,1313,1857,1624
681,1846,1489,1525,1177,228,1535,1560,1136,1677,1546,1555,789,1892,1593,237,1036,1365,303,1605
1037,1943,1507,309,1728,162,1162,1556,1776,1075,1753,1796,1671,1866,1558,257,1905,1806,106,199
1763,165,1856,1524,1853,1717,373,1657,1801,1956,1517,1975,1742,368,1519,1827,1471,1786,1684,267
317,139,1757,1492,1736,1763,1787,1567,1708,1807,1575,1526,1838,1578,931,1510,1504,1622,1068,1816
1483,1783,1760,1480,1965,1731,1793,1713,306,1971,15,1714,1504,1801,1386,1498,1544,1942,303,1670
1680,260,1622,1857,1807,1742,649,1647,238,1578,987,146,430,1730,796,1625,313,1235,1501,1533
1629,565,1594,193,1517,1751,1569,1825,1081,231,1897,1370,1790,1494,1620,1560,1798,252,1947,1418
1597,1957,1976,1800,1580,161,255,997,1660,1706,878,701,1749,1978,178,1596,807,100,1540,1789
1862,1798,1833,1812,748,1355,541,1823,1685,319,471,399,1628,876,1786,62,738,1158,1599,1095
1716,1548,1765,1643,69,1803,1858,1557,1678,531,1577,231,999,997,1829,165,253,1565,524,1802
1940,1691,518,1722,1592,1632,1733,1813,174,1533,1492,1773,110,1518,1682,1214,1746,1764,172,1702
1700,1849,1630,1653,805,1747,1599,1817,1826,1781,883,160,1717,119,153,1850,1584,1719,512,565
1895,802,1538,1612,731,1585,1804,202,1777,24,1702,1769,152,302,1755,1599,1787,1796,131,1686
1895,1548,185,1480,1923,252,1838,1481,1625,1542,1337,1947,142,1679,1565,705,1616,820,312,153
1768,1712,1552,1694,1678,1672,1913,1418,1336,1568,1600,1536,75,1951,1350,1493,211,1659,273,128
1781,227,1687,1717,562,226,194,435,257,1550,1951,1686,1532,1674,1729,588,1529,157,1844,1515
537,1754,1819,1712,1147,95,1725,642,258,1123,1759,1680,1545,1883,1478,212,1972,1853,1855,1667
1695,1671,1742,1830,328,1360,1495,1509,1965,1808,1564,88,1290,1946,1654,80,218,1754,945,1706
1806,1947,1651,1579,1494,1601,1488,1788,141,1693,1793,1726,1981,298,1681,1855,128,1530,1884,1712
1708,1537,1395,1698,285,49,1745,1547,235,892,1832,880,1543,970,1704,1833,183,1713,518,1604
191,1549,1816,214,1557,894,1495,1508,1953,1490,1824,102,1516,1682,880,1849,1697,184,1819,1807
374,1513,701,1833,1702,1700,1559,1970,1912,1668,1555,1312,235,1692,1478,1515,1788,1705,1318,1487
1726,1640,204,125,1114,1681,1727,1799,66,1730,215,1605,1514,852,1819,1754,1677,24,1787,1692
1692,1330,1607,549,1475,428,1335,1858,1502,1684,1748,278,1442,1828,1509,1365,1537,100,1740,1906
484,1509,1822,1478,616,1745,1804,1721,801,65,1651,1701,1542,1687,1969,1556,123,326,1650,1663
1558,489,1575,483,1642,178,1564,1741,127,1765,1777,1383,199,1563,701,1519,230,228,707,1531
942,1791,1659,260,112,1756,1703,1652,303,108,292,1792,1559,1671,1752,1902,1810,1492,1908,1635
1754,1770,1506,704,1223,1556,188,289,1504,1523,1835,1582,1477,1948,1540,1755,692,1421,1527,1707
1983,1394,785,128,1656,1957,1493,1565,558,1631,1690,1708,1829,142,1718,249,1946,168,248,1170
1508,1599,1720,1575,1793,1829,1891,22,1713,180,1593,1505,1488,1740,27,165,1854,1613,1750,279
319,1590,1584,1630,1760,1763,1068,1511,1768,1575,1805,1599,1778,1485,696,14,235,1745,1367,1496
287,1829,1860,315,1895,1580,1905,1609,1813,1563,1804,205,173,1835,1733,668,1663,1612,306,1853
1743,1814,190,831,219,1588,1980,997,1744,1178,1715,173,1496,1368,1843,1609,1585,303,1503,1516
1972,1759,1807,1961,1499,439,1754,1792,185,1687,153,1666,1824,1960,1636,1577,1610,1489,1595,217
1751,1590,184,118,1502,1796,764,1372,303,1582,1812,1755,1585,1760,1381,112,131,1985,156,1636
1585,933,1625,1645,1745,244,1819,184,1874,1709,1154,86,337,192,171,142,1477,260,59,594
175,1836,1774,1743,96,1630,1910,1672,1661,1937,1210,1556,1905,1588,1702,1721,1685,1643,169,1528
1492,1004,1640,1595,1035,178,268,134,209,1598,1668,1803,1591,622,220,1667,1759,1733,640,1752
1794,1565,1846,701,1182,1549,1771,1495,222,1365,210,197,1525,58,1850,1375,182,191,1596,1754
1824,1693,808,1809,1186,1490,103,1786,1598,131,1125,85,1796,1529,1488,97,1784,1379,1628,1583
112,1564,1909,1748,1775,1818,84,1555,1575,1522,1571,994,1807,1514,1972,1686,1785,665,1520,1702
1776,888,1529,1486,1300,169,1622,1491,156,1804,385,1755,286,206,1548,438,1899,179,643,956
1532,113,1653,1574,1514,1584,76,1356,1835,1940,1829,66,135,1459,1666,1854,117,1627,1587,1619
265,851,227,1607,1907,1573,110,1822,1625,1663,1667,1493,148,1556,214,1673,1563,1619,1714,35
969,1559,1557,1657,405,306,859,368,1635,1534,1724,1832,1906,1765,1787,1837,287,1830,1490,1846
1804,306,1573,1365,1248,1857,274,24,1743,783,1498,1854,1750,401,1699,376,151,1672,1563,1677
1679,156,1942,1537,108,81,280,1702,717,1907,1749,1515,1477,1691,1812,1714,1630,1387,249,1734
1758,1840,1633,1658,283,1504,1509,1908,153,1610,1721,1513,1331,1597,85,1765,249,1583,130,510
1516,1654,641,1746,764,1625,1612,193,1908,171,1501,1832,1912,1730,1595,1777,1651,1022,100,1628
739,1528,1610,1755,72,1775,1747,1726,1825,1373,1814,1507,1811,188,1828,1215,1661,1596,1478,1375
99,1793,1955,1293,1605,1741,1578,1525,751,1697,1538,285,1546,303,1608,1319,253,1880,1638,1069
1612,1737,877,1565,434,1669,1661,1842,1728,119,1672,1590,236,1639,74,1727,1715,1488,1534,1712
692,1680,1665,1658,1528,825,1693,1229,1649,923,1254,1771,594,1685,1506,210,1566,270,319,329
1591,1912,989,1852,1504,1959,1564,538,1853,282,1600,1718,1973,1840,1774,1505,1646,1614,59,1906
283,1500,1905,185,312,1610,1703,1850,297,1725,1706,1701,1617,214,1656,1502,1676,1853,303,1778
1776,1532,123,468,1117,1184,1574,1621,1281,386,134,1486,205,1697,466,1782,1739,1897,1808,1832
1604,1683,651,126,182,1888,420,1121,300,1720,269,711,1792,307,1779,1716,1570,1777,1746,1639
142,244,74,1631,1640,1803,1752,1575,1730,1777,1633,1781,1269,1480,1653,1797,1788,488,261,1747
688,1562,1584,1547,1769,1205,1841,1909,1822,1891,248,1622,1784,1666,1648,1553,186,839,1705,1616
557,1585,295,1481,1532,1554,1050,1647,1852,1798,1653,175,1750,1297,1921,308,1577,1850,1845,261
1824,1490,1967,1836,1666,1805,1673,1828,1514,215,1783,163,339,991,996,1807,1688,1802,1732,304
1471,1939,1797,1487,1719,1737,1847,1481,1607,183,1623,319,1918,1389,1798,1851,1733,276,411,1529
1700,1504,663,1560,1594,1605,197,615,151,75,235,1580,1812,237,1616,886,1489,1506,481,120
1586,1559,227,1701,1741,1597,1857,1888,1291,473,1502,1681,1814,1714,1717,1757,1760,1642,1655,1710
1668,1477,347,1496,1778,1611,1727,1541,93,1763,163,1845,1489,1648,1529,172,1725,113,1651,1619
141,1684,657,1787,283,1753,522,220,1778,784,1198,1799,1744,1761,1648,1905,1764,1849,199,192
1837,1579,1658,81,1695,1005,1377,1853,700,1493,1822,1663,1608,1667,560,1780,1718,259,1799,1521
705,118,1845,1623,1231,211,1508,1681,1779,1317,1489,1565,1819,1825,1479,1267,1593,1570,987,1509
1822,1697,240,1830,1708,1613,1895,1554,1515,279,1648,1478,1967,340,215,1909,1725,1713,1805,1632
1629,1190,1792,154,1616,1384,1538,1847,494,1549,90,60,1737,1574,1989,1478,155,1480,301,1500
1481,27,1709,1749,1519,1740,968,1438,1716,1638,1820,1501,1541,1611,1830,1264,1490,196,1682,142
1641,1809,1846,878,100,1124,1691,1657,1599,1499,1779,1701,254,497,1757,1805,1848,1649,1534,306
85,1693,1501,1389,1749,1543,1511,208,1582,1523,1708,932,1684,1745,1248,579,1791,1504,1555,510
1709,1950,1696,1770,1716,698,1538,1512,1612,1215,1930,1560,1787,1278,1591,1963,870,1630,1516,1849
1758,121,128,1764,190,1956,1619,1745,1775,944,1854,1651,319,1953,1857,1717,1545,1569,411,1788
1476,1737,1366,1807,1675,1754,1084,1523,828,1604,257,1688,1975,1894,1896,1860,1942,14,1534,1827
226,1578,612,1705,1490,1597,5,1386,1766,1548,135,1664,1734,1839,1768,1764,1570,1493,1593,1972
677,1282,1604,223,282,1719,569,1745,1966,317,1714,1670,1388,1072,1624,1651,1823,1725,1236,1752
1815,1368,1542,1484,1345,1846,1700,1791,1603,130,762,1759,1497,1804,1760,1281,251,159,1836,479
1670,1651,1803,1688,585,1742,1383,515,1123,1380,1585,1480,1729,1909,338,1452,194,192,1588,1730
1530,216,156,1374,1613,1136,1757,1661,1511,505,1822,1944,1747,1514,1311,1712,220,1508,1958,1806
189,100,1490,1799,1939,1708,1804,1831,1345,328,1174,1515,1484,111,789,903,1616,1596,1163,1754
1506,1811,1931,1765,207,149,1784,129,1876,1388,552,1587,476,835,1833,247,162,172,1497,131
209,1540,1525,190,1638,150,1871,1528,1824,1500,85,128,1378,888,1567,1586,95,93,1948,319
1740,1607,1899,1551,192,1483,493,1621,986,1511,136,1622,217,104,1090,1833,1522,1503,1739,1564
1566,1603,1677,1413,1772,1713,1503,578,1047,1299,1511,1521,1582,1783,185,1674,1752,613,1852,1613
1818,1270,210,1093,1751,209,1742,1573,1580,1678,1506,1811,1800,1708,255,171,1969,1721,528,1374
1814,1795,1539,188,1745,1173,1797,1826,1391,1495,1543,1482,574,1721,1603,101,1170,1527,1677,95
1762,1802,1590,1795,1713,1365,1548,1663,1642,1537,1618,662,1498,1231,182,341,1984,1640,1785,1545
1019,1520,1704,1635,1817,1639,1612,318,1710,770,295,1527,1770,1966,843,1509,1378,1590,1536,1883
1498,1761,1699,1960,1508,1823,74,1378,1642,197,1316,1945,1387,1681,1818,140,1839,349,265,1754
1671,1953,1776,1693,1678,1638,776,1521,274,1743,1591,1231,180,597,273,1562,1783,1846,1384,1651
1818,661,1689,1498,1816,1517,1607,215,1100,1493,253,982,1521,1652,103,1849,1488,1204,520,87
1546,1582,1524,1703,1579,1323,233,1537,1557,283,1677,1752,1855,1569,1964,939,1088,184,1819,447
1620,1821,1614,1621,569,206,1756,1464,1388,251,1677,1824,1827,1676,1763,1738,197,1682,782,1822
1581,651,1908,1505,1653,1484,1589,170,1839,247,160,1851,701,1708,1099,259,1496,1656,1530,537
1572,861,172,1762,823,1617,1738,1291,1527,1725,1499,137,177,1483,1744,1692,1743,1632,1850,1825
1593,693,1802,1651,1072,1794,1485,1958,1040,1853,1783,1807,1668,297,1678,1587,1536,136,1737,1662
1600,1730,1519,1516,1671,1796,1512,400,1438,1807,141,1705,1627,1761,1772,186,1840,1606,1854,1826
130,1266,289,1681,1498,1380,705,1347,442,183,1752,1585,1512,1501,1702,226,1809,1247,1493,1720
1970,1366,1499,1804,1793,1819,83,1953,1171,238,322,1906,1778,1578,1777,666,291,1629,1770,1731
1590,1735,1907,1722,1686,1853,659,1702,1751,1340,1482,1703,1483,1475,346,864,1291,1377,1796,1488
1768,1581,1622,560,221,1665,1804,1519,1491,255,541,110,1502,1761,1637,1682,1693,1722,1524,249
391,123,1505,265,276,306,1719,1499,1850,1481,1559,1609,287,1975,1723,1387,247,1565,690,308
1501,1550,1586,1828,312,258,1782,1767,1535,1564,1704,1857,1376,1494,1772,1562,1657,1689,1832,1075
797,806,1579,1690,1838,1852,391,1630,1383,117,1514,1706,1117,260,1970,1518,1895,116,1769,583
1711,1745,1633,1790,1561,316,1849,1972,297,1718,1554,801,1495,1544,1827,1793,1625,129,1742,700
1541,1649,1624,1849,1747,1560,1618,1731,1522,1519,1546,1575,100,87,242,1913,1344,293,1660,1716
799,313,253,225,1910,1969,698,1869,317,107,259,812,1854,291,1377,1679,1619,1536,208,1347
1070,245,111,1655,1493,1590,1565,1790,102,69,1835,1283,287,1684,158,1078,269,1631,851,1526
1811,1528,1738,1786,1184,1752,969,1065,1778,1610,1341,1461,258,1895,1730,1854,1384,1494,1490,123
1379,325,1800,1500,1382,1636,1667,1829,1502,102,1605,1574,1554,1708,1771,1832,1477,192,1383,318
1800,876,185,704,1723,999,648,1490,1487,1493,1700,1762,1480,193,1663,1566,358,246,249,92
1810,1822,932,247,1496,1849,1821,76,1659,964,1669,1564,85,1955,1495,1500,688,1952,1617,1526
626,1513,497,224,1820,1662,1485,1667,295,1566,1075,192,1791,417,1805,1754,1540,1830,1557,1631
1585,1639,414,176,247,1683,1671,1811,1635,287,1798,1750,1821,367,1006,1663,1640,1538,1730,1534
115,1951,1668,1680,274,1705,1802,1725,1854,1784,1743,1684,1605,1769,1506,170,167,1646,101,1503
308,152,1097,711,1480,1528,1448,1594,223,1780,1492,1004,40,1669,1913,1001,1510,1602,100,1247
1640,547,1698,1378,1593,1528,1396,1072,24,1651,1822,1613,1842,1505,1560,1610,1668,187,1720,154
1700,1734,1737,1321,1799,1004,1800,1119,1639,1679,1549,1969,1823,1607,1509,1555,202,1805,1595,1552
648,1231,1823,596,361,1982,1574,1643,803,1671,1560,130,1838,1493,1748,1338,1676,318,1768,1510
1666,1516,96,1533,199,903,1476,1655,1742,1531,1826,1584,942,1681,1798,1783,1162,1669,1763,238
1906,1635,1536,1392,932,1665,1724,1693,1903,145,1912,205,1817,1740,346,585,1847,1731,1703,1661
1796,271,1526,1894,1909,1542,1759,1593,1679,1807,48,1677,1623,117,1764,1770,1836,1705,991,1738
152,1842,1507,1013,1753,325,1632,1774,1905,1794,1574,1893,185,1549,1950,294,1776,1534,832,1351
1594,1656,296,97,304,1355,357,1811,319,1806,1776,1680,1801,1691,50,1781,55,224,1730,1842
1370,1561,699,1774,1757,1851,1532,220,1492,1051,903,297,1630,1655,155,821,294,1813,1607,283
1550,1019,1913,1275,1692,1492,148,1632,1628,1852,970,1494,182,1548,1717,1710,1765,242,1560,326
1765,1634,1748,222,1826,735,1352,1487,1971,1332,272,1529,1913,245,1611,1772,132,1849,110,1547
1517,1738,324,1408,1741,1306,1691,640,1619,1854,1521,354,83,1723,1737,1488,1755,1811,1809,1545
1971,1774,1896,1026,1714,1507,1527,294,293,322,577,821,1557,1393,183,1833,1742,1099,1491,1392
460,91,1680,1655,1569,1778,1760,1746,432,1099,175,787,194,1771,42,1754,1896,735,1509,1697
268,1908,1532,1850,1606,1477,1758,116,1847,1630,1381,1657,1844,1595,325,1559,1691,1548,1170,151
1815,944,1497,1483,1381,1068,1755,1354,1487,1507,1818,1601,1719,1508,96,215,1855,827,1911,1779
1565,1804,1714,1607,1486,1842,225,1690,213,1668,164,1645,1387,232,1670,1770,1754,1749,1967,1589
1844,1516,1776,1816,1832,125,283,1577,1524,1570,172,1691,148,1893,1931,1534,1621,326,201,1352
1759,24,379,1810,1780,1706,1688,1617,767,289,271,1638,1447,1803,82,1117,1548,1720,1723,320
333,295,304,182,284,1815,1944,1601,1763,1669,1981,1700,1749,239,1663,1776,1799,1770,364,1787
864,991,1519,1590,336,264,1762,1627,1706,125,1653,1836,161,1777,246,1738,269,1491,1971,424
1209,55,1890,236,1581,1580,1509,1523,1955,187,1222,1552,1637,1824,1746,702,1527,1598,42,133
1515,1850,1786,213,1498,1484,1954,1608,1710,803,1661,81,534,1556,122,1865,1490,1483,1619,1820
1495,233,1614,199,893,157,129,1670,1214,324,1524,401,1811,1616,1592,1170,132,90,1696,1559
1850,1699,1666,1837,128,1532,292,98,624,1733,129,1835,1840,1677,289,1335,1772,24,1539,1960
1676,1690,45,1383,1758,1688,1414,60,1846,1735,1621,1677,1627,496,1509,1910,1692,1570,118,1770
162,1509,506,1486,312,1511,1601,1789,1668,1563,1754,320,1370,1844,215,1908,1709,1395,321,762
1606,1791,1069,321,1758,1576,1523,1117,932,1116,14,1897,221,1628,303,1832,252,211,1373,1746
1606,1478,826,1501,1601,116,1642,1700,1535,1493,1787,1907,1392,1365,1728,584,1707,1727,1503,1688
1525,1480,137,1488,1159,1718,1913,223,1463,893,1531,1815,1777,1663,151,1709,125,70,1676,160
1569,302,1884,1541,1826,1505,1738,1781,1568,240,111,119,1711,1753,1816,497,628,1651,1715,1591
771,1476,1956,414,1749,103,1738,264,1628,180,1724,1532,1567,1598,1807,397,1508,1565,892,1511
1745,74,674,96,1568,1586,781,66,1250,1761,701,98,1837,1533,1634,1834,1820,1587,1721,1554
1516,834,258,111,91,443,1584,835,1579,1701,1959,159,1670,488,1711,1799,1767,1782,82,1833
1618,1557,1714,1766,463,1842,1662,131,1534,708,1007,1657,1627,1683,1933,1593,1706,1684,327,300
302,479,1849,1487,1944,1523,1672,268,278,1657,232,1758,1702,1791,1862,1708,219,1799,1511,1779
1665,298,1836,1578,1697,876,171,304,1795,1786,222,524,1843,83,155,690,1797,1673,1295,265
1649,1546,1379,1960,1508,419,1541,1558,1848,1666,434,1619,1505,75,1681,1772,1039,1683,1640,1740
1508,1835,260,132,156,1761,148,505,1779,576,1157,1829,1757,470,1609,1749,1674,1724,1849,1552
1737,1910,329,1698,1019,762,1374,1483,1640,1486,370,1846,263,1760,1752,1974,1581,1822,1556,1525
1499,1749,1694,1639,1801,1842,1564,1646,1475,1823,1804,122,325,80,1529,1908,1624,1511,1828,1609
1516,1549,1689,1563,1710,1830,1610,913,1023,1606,1506,84,291,1796,947,1289,146,216,1499,1866
1752,89,1591,1667,1617,1895,1853,1772,1707,1558,1527,1490,1791,999,1856,1808,219,932,619,1740
258,1504,1597,1548,418,509,571,1640,1703,1651,1697,1724,1686,1537,95,1017,1581,1642,1242,992
277,125,1501,212,1526,229,315,1192,313,1672,121,302,1812,13,172,183,1694,1708,209,1568
981,1854,1702,1752,560,1588,1518,409,1096,1941,1678,1760,1728,1180,269,1912,1840,424,1846,167
1694,1698,269,1617,1580,1481,128,235,1627,1566,198,1073,1632,83,1642,528,1594,486,1657,1629
114,1523,1226,211,1500,1737,1577,1777,1653,1335,1743,1767,1739,1401,283,1820,1967,1252,1857,1823
1824,274,1823,90,1911,1513,1390,112,24,1149,1523,1569,1394,287,1784,1104,1747,84,1531,1726
1853,984,143,1633,1813,1595,1831,1498,654,1754,568,1597,1478,1722,137,1577,1643,302,1684,1487
1782,331,1825,920,14,1602,1695,703,134,1589,1527,1760,1946,442,983,1687,1644,1502,1758,411
1508,317,122,129,785,1484,1644,1391,700,1621,1906,1955,1318,1525,1619,1667,849,1770,1648,1718
1822,209,1850,1718,232,761,215,291,427,1688,1507,1685,1696,204,1836,1599,1620,1856,1632,1492
1680,1490,507,1725,1274,1630,1672,1901,1839,1515,411,1759,1796,1691,1599,1769,1503,1787,1331,1710
1773,1789,1974,1574,1531,1516,115,1504,1820,1381,789,1772,1975,1506,1535,183,1856,682,1834,1526
1969,1548,297,1746,487,1211,1475,1681,1632,872,1732,1355,1711,1703,99,1511,490,988,1853,1718
1828,245,1708,1761,1639,385,1479,211,1651,82,1198,218,1947,1837,1599,1771,1849,1560,262,1514
128,1481,1712,1670,1672,1512,103,1846,1538,1937,1792,1645,273,1581,1521,1729,1625,1585,1702,1554
136,1797,1788,88,1481,190,1812,1614,1738,993,311,1028,1761,1860,1065,1136,250,106,623,1492
1192,1579,1769,992,508,1109,1581,503,1708,1000,269,178,305,307,1754,1792,1249,1639,1482,810
1381,1626,238,248,1477,200,1481,1850,1269,1782,301,1560,1826,1570,299,246,1500,1869,1849,1940
73,1821,1487,1517,1779,1780,1504,266,134,1588,680,93,1543,851,648,1704,1582,1500,1729,573
1551,922,1610,238,1776,1698,1637,1836,1545,1557,1693,1723,1837,300,204,92,145,100,1700,1857
1809,1683,1822,1480,1522,401,1560,1558,1679,1687,986,1476,305,324,1579,1540,1097,110,1717,1532
611,1539,570,1800,1563,1724,1095,1820,1837,1595,1840,1636,1713,1640,668,115,1577,1698,1673,1830
1577,260,624,197,1495,1499,407,1710,1988,1660,825,1487,1687,1652,1065,1767,1354,1478,174,1674
288,98,1667,132,1483,151,1625,1757,1572,259,1521,701,149,1600,1748,1100,1721,1630,1629,107
702,1827,136,125,1741,1564,1946,492,383,150,1853,1592,1680,1546,1567,271,1803,1392,234,1701
293,1846,1467,1381,1491,1647,1659,1564,1907,1566,1373,1798,1268,1817,1579,1208,1763,1153,1827,148
1497,1393,241,1783,290,1849,1525,1577,1906,1756,1733,1628,1528,1623,309,502,1638,168,1605,923
1738,538,1491,1622,1482,588,150,1498,1542,1848,1787,1912,287,723,1317,774,1795,1755,1485,206
1835,1735,1664,1534,1751,1507,112,1498,1754,1812,307,1504,1506,1523,890,1971,1808,1575,1689,1639
1683,1483,1647,1393,1520,1736,238,1784,145,1484,1754,1693,1644,150,1673,756,1861,1636,1911,1559
305,1826,79,1498,1572,1893,1816,249,16,1971,98,1825,804,1540,541,1963,1686,1725,1354,1333
129,1353,1520,797,1615,1673,1598,1906,1568,1954,1393,1375,222,220,117,1606,1714,1754,60,1607
1650,1633,1693,1830,270,485,1699,1231,1596,1831,1665,1670,1510,1114,713,1682,793,1660,1590,1042
1497,1652,324,1832,130,1639,1650,1851,1836,129,1489,1208,1645,1854,1621,1632,242,1613,1555,1640
1908,744,1509,1845,1591,1561,1654,214,1714,1570,1565,161,1732,1896,1579,1712,1485,1666,1581,245
148,143,1724,156,1844,1320,1599,1828,1488,226,1759,278,1526,1513,40,1713,1480,705,208,1579
624,78,1627,1520,1092,1851,1633,124,1519,704,1907,1700,1947,229,1653,1629,1765,142,1945,1569
1504,1381,1643,1898,930,1757,305,1686,72,1574,1560,1070,497,1844,149,1702,1824,279,1321,1392
1762,1204,1772,544,313,663,1579,237,932,1586,987,1794,1582,1660,1909,1648,312,1787,1891,1783
1672,1729,154,1685,1847,1467,979,1695,245,1630,1629,1977,806,1556,288,1059,939,1625,1850,107
1640,1832,1930,789,1771,294,95,591,1689,1748,631,1605,1973,600,1632,1686,1381,1639,1794,1922
1691,1481,652,1486,192,1198,1747,1605,93,1802,1259,792,1429,1690,1836,1884,1821,1623,1380,1716
1349,1159,1173,1767,106,499,1700,1705,1798,1957,1930,1708,88,1853,1795,1612,155,1391,1508,69
1575,110,217,407,1578,1086,111,1525,277,1794,519,238,1599,1908,705,1678,1804,547,357,580
146,1811,1939,175,1555,268,1768,1088,1757,1754,1830,1665,305,295,1856,123,1484,1669,626,1730
1850,123,1970,1637,1672,830,1118,1656,1239,229,1624,1517,1691,971,277,160,1295,804,322,1722
1852,1566,1838,1673,1700,601,1668,178,1549,1912,1788,1851,1094,1797,38,493,1824,1823,626,165
1832,1988,1602,1687,1622,1939,1787,1293,1504,1632,722,1545,1481,1596,1846,220,983,126,1686,1742
266,1357,1536,1791,885,1690,1072,295,1547,40,1539,1702,1895,1616,920,294,1203,1911,1201,1674
195,496,158,1735,1757,1588,1739,1596,1718,1871,109,1582,1498,163,1525,1378,1622,862,1640,160
1484,1558,1691,112,169,209,249,1768,278,845,1948,1477,1938,1547,1802,1052,1857,645,28,81
1396,1547,1483,1806,1537,1638,1531,1591,1756,1828,221,1500,1801,1664,1661,1610,1628,1630,1072,1687
1634,1823,1069,1719,1694,1584,1759,1590,1785,1774,1728,1674,1640,1648,807,1491,1804,270,1844,91
1839,906,1742,1969,284,1592,1356,1529,1702,905,1598,305,1832,1775,241,267,1644,667,172,1523
1500,206,790,1743,1638,1180,1705,1788,1922,681,1595,1973,1373,1538,993,1519,1492,1892,1530,1909
1670,1743,1818,1756,401,1800,1836,1069,1847,1932,1778,1498,1526,1591,1626,1796,1718,1063,1522,1725
1537,1959,1485,1543,1511,1514,281,1548,1740,1516,443,1718,1501,223,1730,1825,177,1513,1810,1546
587,283,1841,1781,210,1541,243,1851,270,83,196,1077,1846,1895,1832,860,1795,1906,164,1778
1617,1779,1578,50,1555,1387,1529,1700,129,264,517,1845,1523,1799,1912,1848,1814,1559,1806,1679
1675,1972,1678,1591,1531,1425,265,1296,1627,1741,1517,747,1773,192,285,1776,225,1656,358,1778
1911,144,1554,1518,1629,1918,1519,1910,1558,1723,1671,1646,1974,1486,1570,237,154,109,1626,1807
192,1485,836,197,1612,1680,1308,85,1678,1546,1516,107,1512,1478,1687,1661,1613,132,196,1713
1598,1651,269,1663,111,1839,186,294,1786,1985,120,1956,1375,1643,1819,1669,1492,1826,1528,1655
1831,138,1523,1704,456,1705,1124,186,1710,1531,1768,1578,715,1186,223,1847,1648,1832,1744,1684
1912,140,1772,389,1072,1833,1573,823,1734,1567,1587,1673,1138,1609,941,1683,399,602,995,1194
193,1365,1803,1531,1955,1113,1811,490,888,207,1763,1828,1496,1732,1505,1733,1488,1839,1522,1486
1532,1330,876,1837,1344,1572,790,1718,1656,1587,138,1526,645,1645,1424,1560,1627,752,1369,1604
1475,1709,657,1659,1586,1715,633,1706,1956,1601,77,1922,1784,1379,169,1377,15,1666,1815,1575
1730,1488,134,1604,1717,282,1853,1950,1528,1366,1834,1653,382,1656,1831,1485,1512,228,209,1955
503,1205,1793,1808,1755,1619,419,898,1693,1568,886,1481,1630,1521,1712,548,1905,205,337,1634
404,219,1657,1908,1478,1756,1564,197,1479,1641,1731,1570,1396,1350,1772,1518,198,1620,1524,257
167,1519,1377,1946,341,1683,1837,1843,1578,243,151,1809,169,1600,1647,88,94,1559,1707,1664
1733,1394,1741,1779,104,1580,140,225,1561,1643,1742,1670,1502,581,1618,119,1383,1532,1740,1509
1623,994,250,110,1707,816,1827,1538,1731,1630,1828,1728,1686,282,1482,1598,1641,1724,1788,82
1017,1665,1719,334,1767,1560,1564,1749,1679,1392,1585,1765,257,640,1707,1130,932,1732,1610,216
315,1854,1761,847,134,1709,119,175,1509,1616,317,367,299,1072,1707,1547,1780,1673,34,1345
203,1782,1605,249,1570,1562,148,284,1646,130,1597,1073,455,1407,715,1838,269,1759,1593,1651
1905,1753,1860,1098,733,564,1408,125,115,1667,1925,1529,1632,141,1740,1752,1808,1721,218,225
319,1108,1750,1694,1493,55,1534,1833,171,1913,1506,1731,1378,1793,1615,1840,256,1666,1834,1576
1822,1571,1735,1845,256,1744,211,1541,1836,1145,1811,1763,1532,775,128,1559,1614,248,1768,1656
1530,1573,936,1515,1944,406,1006,1675,1907,1625,1741,1578,585,1846,552,1551,583,1533,1761,1750
1380,149,1783,177,1494,1565,159,243,1922,1351,1812,310,1707,1807,1770,1950,1860,1721,1740,198
1641,1540,1589,1302,1649,1621,1821,263,1819,229,1571,1630,1634,997,1786,293,1763,267,1783,1848
1700,189,1693,1675,1497,1114,1723,1903,1124,1852,1643,1759,1797,1734,1735,1538,1624,1481,1796,361
299,122,1547,1770,1695,1797,1270,1790,199,1700,1793,282,186,626,1623,840,1630,1851,1754,448
1642,1525,606,1693,1211,1710,1821,1711,1633,195,1692,1070,1568,1720,1663,1899,1564,1531,1554,1678
102,1573,1813,1430,320,1613,1767,1589,1815,719,1732,1648,1388,1838,104,1841,1545,1538,1536,1707
1517,151,1683,249,199,232,135,110,1813,1835,1078,1687,1788,1653,263,1906,1746,1831,1488,1838
1668,1896,1757,106,1799,1563,1661,297,137,1825,866,640,422,1682,1698,782,1519,597,1818,1620
466,1573,1804,1767,1519,1795,287,1517,1265,1574,1728,946,1845,119,264,967,1833,1799,1752,1974
1790,1784,1713,1672,1708,259,705,1792,1844,1563,1500,1475,1857,1916,1908,126,1968,1718,1911,842
1504,1494,214,1844,1951,1842,1268,1639,425,1786,1447,1905,62,1722,1762,180,1799,693,1717,1849
1833,1728,1879,1756,999,732,1020,147,214,1745,1853,443,1006,1493,1685,1591,1816,1657,1067,268
1633,122,1573,1391,1803,290,1658,1670,1773,1701,1790,1284,1559,705,1654,1545,127,1610,128,118
164,1740,1003,139,1567,1591,1948,668,1679,1763,1721,1956,1315,649,272,97,1769,195,1733,1963
1587,1672,1893,329,746,1701,1748,322,1591,1546,1537,1668,104,848,1623,986,1727,1508,261,988
1584,1628,1073,1491,151,180,198,1746,1612,363,1668,1778,310,1634,1512,165,867,987,1891,1823
1635,1594,1678,1910,1852,303,1849,1882,1525,1702,1496,1832,219,1549,388,1530,1572,1668,1812,1741
1701,197,280,1646,1502,186,1411,300,771,1497,1842,222,210,1395,470,1340,1487,1553,1549,1725
1524,1670,1387,17,1935,1673,207,73,234,1642,1811,1082,1691,1814,1497,1385,1653,1967,53,1806
1835,149,1815,1354,1710,1849,1534,1589,332,226,1753,1543,1591,1682,404,1806,371,169,1826,1908
1446,904,231,1507,434,1543,1926,202,255,1695,1790,1724,1607,1911,1623,1821,135,1689,1563,259
230,210,1704,1736,1548,1725,1572,721,1837,1800,1678,199,1520,88,1738,1624,188,233,1310,1396
1744,1379,1640,1694,1675,1585,1748,1807,1610,1754,1727,276,1799,1731,1700,13,1832,1568,138,1705
1835,1599,655,1852,888,1663,1785,1660,1584,1851,1506,1823,179,781,1815,1693,1668,149,1844,1514
1716,1734,1735,1577,1599,1661,1520,297,1550,1196,1703,1680,1823,1811,1699,1570,1775,137,1565,1821
1780,1773,269,1637,1656,321,135,1525,1523,559,1554,1642,1495,1844,943,1847,230,1675,318,895
1856,1506,123,1749,150,50,1630,1784,1010,74,1705,1910,1770,1756,1524,151,1814,1508,1636,1543
1742,107,1316,109,327,1837,1874,1790,1716,1570,1694,1761,1611,863,1854,239,1906,1919,1763,884
395,1850,151,134,1233,1727,142,507,1611,799,1486,260,1555,1659,862,994,1322,1745,1552,575
1978,1671,1695,1945,1541,399,238,1621,1485,661,82,1796,1701,1798,1264,1771,1689,998,1678,145
1687,1490,1646,1489,1794,1959,1909,1723,1067,1508,1828,618,1788,1824,1522,1656,645,1575,1982,1588
102,1611,1946,1648,1655,140,1823,1556,1666,991,1833,1168,1678,1555,1481,1908,1767,1537,1793,16
1585,1922,1726,1618,1753,1975,280,1684,1939,1634,1565,1844,1650,1940,1622,1578,1849,655,701,309
981,119,169,227,1589,1596,1539,638,299,1737,75,270,243,1756,1382,1588,1907,1792,1831,1559
16,1889,178,1758,632,1905,1718,1725,292,520,1763,188,314,1591,25,1782,1922,1391,1247,220
1850,1857,1714,1732,1567,1580,674,1602,632,723,1832,1612,1957,1556,277,1759,153,1591,1743,1530
209,1478,266,1563,1862,1757,1925,1800,1112,1668,101,1538,1522,1845,1787,663,1725,312,1609,1910
1653,1776,1518,938,1531,1551,1815,902,1652,1791,1836,1795,1896,298,1748,1261,1736,1737,1621,57
1760,224,1905,251,1121,901,693,1615,1273,140,300,1396,1718,1965,1674,325,1769,161,1580,153
1642,217,1649,1749,1534,1686,164,1620,192,1383,1672,1475,1834,324,1853,792,1908,238,1709,1568
200,1961,1831,287,1526,1365,1679,1664,967,131,1700,106,1647,433,1589,1822,162,1600,1660,293
1761,1762,1071,65,1722,816,1841,1817,82,857,1860,1269,208,245,101,1754,302,1485,46,1736
1770,1659,483,1636,1477,1484,1558,1777,118,1613,1779,1855,1850,433,1795,1767,1056,199,1772,1812
1648,1947,1686,1488,564,1652,1659,1582,1201,1566,880,1536,97,918,1910,807,180,1740,1477,655
26,1485,1743,1565,136,1677,1638,1727,1656,1804,1554,1559,1612,1806,1488,1831,23,1563,1438,88
726,1844,1070,235,280,1620,1545,1664,1790,1809,182,1653,1711,1931,1673,1702,1059,188,1504,1247
1613,74,1104,1661,210,1841,1533,1562,1502,351,1095,1822,1968,1312,1765,446,97,1391,1271,1699
179,1742,1622,259,1719,1693,1686,1947,1849,1752,293,465,218,1957,1782,1493,1836,1552,1548,1636
186,1804,1647,1485,1705,1620,1597,1656,1255,1849,1503,1736,1703,1635,1522,1765,446,1746,110,320
1681,1531,464,1790,1657,1683,1121,297,1546,1311,1791,1346,1816,1494,299,840,282,1390,929,668
1709,1340,1945,1408,985,1698,1662,253,1545,149,1586,231,546,236,1710,1483,418,1250,1819,99
1564,1231,1784,219,1736,1088,1599,1759,237,1793,1950,1970,1490,1686,1495,1522,753,1821,1681,146
227,1062,81,1363,214,1113,817,210,1586,1695,1488,1783,1519,263,620,1292,1702,1722,1978,1374
1497,1735,988,809,762,735,1517,824,19,1064,1922,767,1809,316,204,1667,1666,1195,1700,1611
1500,1731,1630,1546,1704,1070,1072,1551,1768,1600,1693,1555,197,280,1823,1674,1335,318,1844,1490
1820,1773,1679,1961,1640,1232,1491,1895,1564,1659,1071,1200,1677,12,1508,1776,1355,1648,1615,205
118,1566,1562,164,1708,1574,104,1802,170,148,1790,202,1578,1828,376,1846,557,986,1719,335
267,1634,1673,1628,1730,129,345,702,262,304,1587,1792,1498,1534,1767,438,207,1501,1504,1731
288,373,1969,1825,224,1647,1600,1560,1558,289,1749,1853,1570,1056,1733,1516,1681,1686,1511,1954
1498,1856,1516,1548,1556,1768,649,1571,1731,1796,437,1854,1078,176,579,1732,1641,1567,328,1056
1713,1764,198,1845,445,1042,1606,1722,1797,1746,108,1860,167,1753,612,1855,1553,1576,693,797
1605,1817,1975,1599,1478,113,1604,1778,1825,287,220,1577,108,288,397,276,1912,1479,1631,167
166,1707,1841,1808,378,1561,980,227,1688,1827,1518,326,787,1794,1725,1547,1544,1512,1654,1535
1834,1658,701,1908,537,187,197,1621,162,1844,1587,1681,988,1370,980,1856,1807,1478,762,272
1588,1524,1602,1895,101,1531,1518,1488,1701,64,1117,1674,142,700,117,1704,1709,259,1631,1132
1614,542,1688,1491,1659,314,1730,199,1600,1711,1854,1557,1675,1720,1332,1907,1607,1620,1650,1376
683,162,1661,1959,53,222,1906,481,1524,1781,1601,1595,1955,545,1840,1547,802,98,1654,1520
212,1649,1493,1719,1650,1690,1516,1817,290,1893,1487,174,238,1951,1555,1652,1658,1294,1645,1582
1910,1798,81,1954,224,115,1776,1770,1625,1538,1574,783,1840,1719,574,235,1518,1742,286,261
1248,1822,325,1479,1620,141,1013,1621,1536,1678,1780,1561,593,986,202,1793,1910,1896,1687,1500
1774,509,1086,138,1777,1700,1969,1521,466,250,304,788,94,1663,40,1546,1481,1850,1678,268
1696,1575,190,1833,1791,1587,471,1576,377,1818,1384,1530,1551,1790,1019,1596,401,1826,1906,1504
201,1033,1713,1758,819,1475,1391,1563,1534,1691,1223,593,1606,1573,1574,1742,1692,1651,1057,1204
1836,291,1908,1764,144,1840,1789,1602,1510,272,224,1566,1884,1817,63,1669,1606,138,1561,1530
295,485,1765,1829,1784,1641,204,100,1657,1541,1559,1646,1624,1516,1922,1812,1750,1845,1478,1737
1724,1802,765,49,1601,165,405,597,173,1785,1778,1960,249,1541,183,782,80,1818,1687,1729
1554,1330,1788,1749,232,1757,1319,1949,1815,215,1607,1522,151,1899,1759,222,298,1595,1674,1499
1037,1769,1901,1824,868,1590,171,1819,1547,1479,1952,1596,126,272,1838,1685,1831,1500,1844,128
1963,1849,1648,1744,1507,1683,1522,1552,1530,1567,1557,1190,683,1608,844,1836,1569,1630,1808,1686
197,1822,1368,853,1750,1726,1504,1788,1621,1651,1817,1841,1978,1070,1777,1693,1494,1520,1702,1786
107,1625,893,1724,1602,1581,1916,1849,1399,1818,1731,1485,1787,1754,1652,1660,1382,200,1982,1549
121,1693,1775,215,143,1581,1744,1543,296,1594,1674,854,1578,1514,1534,272,1944,1544,1909,308
933,267,1733,1536,143,1391,1794,1487,1755,1538,1630,315,1658,1513,1608,242,222,1569,1605,1505
1549,1762,1754,1574,1893,1874,1843,246,157,1806,43,239,293,1703,874,213,1384,687,100,1484
276,1854,1514,1720,1860,1499,1986,1842,1806,173,1618,235,290,1127,1364,1835,1645,1086,295,296
1070,1711,1686,1539,230,1630,238,1378,259,142,1794,1712,382,280,1742,1788,1842,192,1774,1769
640,210,581,1824,1556,1721,1832,1646,1697,1540,202,1795,128,1327,1671,283,1724,258,693,198
286,59,1557,1751,310,1658,1116,1387,261,1712,299,160,223,1825,1756,270,1670,1542,64,1942
190,1588,1852,1793,1604,1905,295,1794,637,433,1599,210,972,1810,1780,1803,1664,98,1519,1758
175,1226,1800,126,306,323,1961,315,1116,1493,1795,1659,701,1528,1589,773,1975,285,1911,1648
639,939,858,23,1539,1656,1595,1868,278,157,879,393,1504,77,1710,622,235,1969,1534,260
1662,1599,1675,1617,45,1705,1630,1491,1665,54,1607,129,17,311,1137,1856,881,208,1598,298
1550,945,694,1562,1541,1907,1725,327,102,1510,890,1479,197,1577,1847,300,1779,275,99,1663
1856,1922,1564,299,569,207,1826,1671,1609,1676,1606,1793,1543,1727,1664,1480,1733,831,1947,1660
485,1176,1672,1624,194,1727,1693,1516,1698,1691,287,1753,282,551,1827,1696,295,1631,1905,1535
1707,1793,168,1599,1804,1608,1737,1816,334,57,559,1857,1638,294,1959,249,1372,1672,1873,207
1650,1837,241,1378,1897,1835,1742,1568,1477,1839,1569,1573,82,1759,1794,1741,1979,1380,1493,1542
1411,1576,1698,1480,1484,1754,1369,1830,1763,1807,1758,101,1637,1407,1107,1719,277,1648,717,1683
982,1627,1092,1620,1709,1927,1544,298,1616,1599,195,207,1568,1801,1577,1853,79,1742,1678,1224
1732,1497,1653,781,87,114,831,42,1724,263,105,499,1726,246,1571,1495,274,1476,1748,706
1501,796,1780,241,990,1534,1567,1529,1902,1656,193,106,1601,198,356,1835,1952,1587,1578,1933
1200,1705,1954,313,1846,1268,145,39,1702,994,1818,1499,1786,1748,1960,1603,299,1562,100,1688
1644,1552,1742,1647,1810,1379,304,512,1874,1852,1800,1835,1069,1733,1231,1732,1781,1737,60,1178
1911,1651,1805,715,1660,1506,1776,1631,174,1376,1512,1746,295,1711,447,1838,1782,112,1803,1720
1527,1746,1483,1561,1632,1728,1724,175,1850,871,553,566,1544,458,179,552,231,1547,1496,1593
528,1556,693,1786,323,1909,198,1321,238,257,1826,1855,183,1721,1789,1836,208,1622,802,1512
160,324,1835,135,1520,308,1799,1372,1365,1826,1252,1561,1713,1896,1615,1596,8,1572,1828,257
1588,1690,259,160,1554,65,1759,1626,879,1905,296,690,39,1489,1479,1597,1615,147,1616,1770
80,1480,1981,1796,1657,1677,1910,268,1715,1823,1490,1846,1051,1597,83,1646,1754,1616,255,1671
1672,1823,128,703,1486,1614,1817,123,1652,399,1759,1789,57,1791,999,1727,1663,1824,1752,1551
1845,1654,1855,1908,1705,1602,1757,1652,1951,1306,1719,310,659,892,199,1849,132,1660,1636,1819
1528,1795,1866,1849,1555,1190,138,1845,1829,287,1749,1780,1831,1791,1907,1719,1626,1787,1504,108
1912,136,1353,263,293,1492,1699,1787,1661,1648,1558,164,1825,1765,1708,308,1665,1162,1642,1527
1557,231,1505,1619,250,1702,298,270,619,221,87,1490,514,307,1860,1725,1594,151,1896,293
1487,173,1642,1482,1550,247,1604,1586,1819,1949,43,134,1556,1955,178,1510,1810,1614,205,1692
1574,1779,1038,1835,1524,1536,1810,1616,1893,913,1655,1626,1761,1517,286,1757,1383,54,1535,1627
1624,101,1634,1568,1829,172,1625,1664,622,1833,703,592,1738,303,1757,1918,1672,1743,1819,1475
1679,1698,1849,1780,1626,209,292,235,1549,1819,283,349,274,1585,520,393,1719,1895,1843,1762
1804,474,144,1852,1746,1560,1609,1559,89,151,55,1803,735,1576,1593,1792,1774,1697,69,722
1192,1794,698,122,1570,1796,1751,1626,1795,146,1392,795,1848,701,1637,1603,1910,1822,1539,1720
1635,1513,113,1846,1645,349,1601,1602,833,1672,1561,790,1845,1574,1544,120,124,1896,1906,1377
1483,1623,1798,210,1494,1493,240,1561,1573,1844,1645,259,92,155,1540,1577,1475,1909,365,1590
1638,1762,1615,42,1911,539,1803,1786,473,1782,1532,1584,107,1502,1519,1724,1592,1516,1802,92
1739,1620,108,161,1779,1940,1365,1587,714,107,1555,1633,1780,1600,1556,199,1777,1792,1776,261
1536,1771,1655,1560,81,1779,918,1069,46,509,1714,67,291,98,1893,455,1742,1845,1754,1564
110,1379,1709,1358,1690,1724,247,1505,1757,109,1488,1699,518,130,1767,114,1000,1504,1396,1662
189,1790,199,1599,495,186,1547,1948,1490,1806,1838,135,1560,1533,16,1694,1633,1830,1651,108
1794,670,1502,1784,537,1555,1675,1796,239,1907,151,1748,1538,1512,1729,1851,1726,1226,1660,1817
1721,972,1177,1638,1959,22,135,1818,1610,287,104,1587,694,1508,1954,1841,1487,854,1844,1298
1716,141,1071,1798,1000,1846,1723,627,1603,134,1747,1591,1506,1912,1664,1737,1532,1562,1557,638
1640,84,1989,1598,1071,1745,1805,1568,106,1708,249,255,1729,1565,1478,1657,1769,88,1479,898
1115,92,155,1744,1819,1016,1499,1593,1775,969,1213,1968,99,1620,1719,1540,1716,212,1755,496
1588,1484,1837,288,318,1665,1589,1896,1557,1658,452,1392,1248,1596,1937,1791,1507,391,1724,1783
672,1771,1916,1289,309,541,1168,1907,1674,701,1816,1811,1713,1482,1670,171,1728,1546,1611,115
1912,312,883,1662,1681,1625,1511,1799,1229,584,130,155,1623,1896,1538,1669,1630,1710,1615,1827
1749,1838,1667,1948,787,1718,215,1597,939,1844,1800,1852,1875,283,158,1668,114,1730,1510,138
1640,1504,1854,296,1816,1744,1842,268,74,292,1781,1621,1596,1875,183,2,162,1626,94,1513
125,1689,1035,1835,187,1806,1356,580,1513,1717,1825,1510,1127,1968,299,1506,827,1823,1754,1742
974,1754,319,274,1937,187,1735,1492,1810,1770,1029,701,1069,1558,1827,1650,1859,178,1788,249
1187,113,1547,351,1640,1752,1491,480,83,197,1662,1454,1827,1823,1593,164,1834,187,1277,1832
1821,1900,1762,1639,1764,107,1825,633,1761,1074,1167,265,164,75,1812,266,381,1666,1701,235
1519,1700,1480,1816,1738,1612,266,1805,307,1478,178,903,1009,990,1623,1603,1801,428,1786,1516
1498,1640,1667,1569,195,1268,1602,1697,1520,1700,144,1476,115,1651,1776,95,285,1631,1767,1746
1580,99,1740,603,97,153,1850,1661,1478,1286,352,1102,1365,1671,1521,1107,1946,1720,1912,1778
1745,1951,1641,108,1485,146,1832,1769,432,276,944,49,1593,100,1505,128,1967,1797,1787,1838
1110,1097,1797,123,498,1792,127,993,1939,571,1765,1910,1788,1522,292,1494,104,1466,117,174
701,1580,441,1715,1633,1612,1371,577,429,118,1857,1816,1532,1529,1846,1811,1687,162,1521,1838
1511,836,637,311,1412,1643,1312,184,1614,790,1587,534,294,1575,1800,1909,1778,1835,1761,1974
420,321,1489,541,429,1563,1728,1972,1544,1656,515,1635,1501,1800,1767,1910,319,1760,192,1614
1392,1485,1626,1757,1742,1841,261,1589,302,1661,1833,106,138,1551,700,1751,964,293,1183,114
1716,1781,1583,226,1566,1760,1481,1600,1671,1368,1825,1686,511,95,1478,206,1943,669,1609,1763
1954,1828,1689,1963,1674,470,1840,1136,1497,1599,1683,242,89,1525,1665,1634,1677,1099,69,121
1828,497,155,1675,1818,1633,171,1661,1734,1606,1709,1913,1679,1365,1643,1576,1644,278,1928,1515
213,266,51,1649,1738,216,1391,157,1912,1736,1795,1906,207,1957,1741,1747,248,1309,1752,1537
722,1642,1603,111,1615,1805,1844,1737,1558,1826,1689,253,1776,1534,1951,223,1791,1779,1772,1717
136,1711,1717,1726,1528,81,624,1669,565,1688,1845,107,1117,1744,1381,1818,1562,1831,1836,977
1786,1747,122,1475,178,1100,168,307,130,1614,312,1835,909,717,1581,1617,1693,1797,671,1627
1492,1676,1752,148,1340,1611,1385,1554,1754,1814,1826,104,1904,191,1690,1540,1977,1843,1592,1766
1590,1647,424,1287,1585,1851,360,1753,1846,1378,1763,1636,329,304,1552,325,1812,1629,1523,1911
949,1711,159,1274,1623,1487,1587,1611,318,238,1845,1566,244,1639,1557,1736,1819,1010,1430,1676
1795,692,783,600,1052,1825,1742,314,1502,731,1511,1725,1539,675,1709,1593,1705,1681,816,1827
1780,248,1392,1600,1729,198,312,1485,1712,1821,1549,316,1512,1636,1504,1577,1530,1543,219,1818
1708,1736,1773,704,1556,1737,1561,1975,1745,61,1494,237,351,226,1598,1894,305,1576,1727,1178
1703,1585,296,1037,401,1624,1614,1728,228,1825,1498,1518,1391,249,1905,194,1593,84,1952,1651
1856,1709,1490,788,1587,1682,93,1510,1972,803,1737,1673,1828,1392,1687,1561,1824,151,1092,1699
1620,316,1810,1852,1728,1078,1555,1591,195,1821,348,1248,1763,1593,1533,1537,1744,1800,1777,1497
279,212,1540,323,1671,291,144,1781,1733,1492,1693,1791,1719,1494,1816,1539,1845,1669,1502,1699
1938,216,1650,296,784,1614,1782,1565,1840,101,1630,704,864,352,312,1754,92,347,610,1847
1603,1562,1828,125,1718,1106,1542,240,166,1717,1567,1704,176,1608,1732,1850,1849,85,1180,1500
1783,1884,1178,1590,1669,1373,1726,1113,1833,1609,785,1527,1638,1810,1776,219,205,1558,1823,1955
1747,1586,141,1579,1808,1354,1632,1623,1809,1506,1962,96,1385,1583,1871,231,1739,1651,255,1773
732,1787,1790,1045,1662,1495,1809,587,317,225,781,1716,720,1532,1770,1622,1527,304,307,1835
1557,1774,164,1826,1268,82,1328,777,220,1521,1762,1515,1586,1809,1669,1752,1640,1849,1230,702
1518,1136,166,197,1687,308,1811,1794,1796,1799,1633,1771,1376,167,1684,1522,1729,497,113,1850
1825,1725,1723,1588,1634,1637,1556,1627,1564,1730,78,1957,251,1581,1757,1383,399,292,1625,1653
115,1778,1670,1543,1733,1956,1599,1772,1762,1750,1318,1671,1775,222,1516,1809,1837,1648,1829,174
624,490,87,1736,700,20,1954,1503,1580,148,195,1715,681,1716,1790,692,704,886,1971,1975
1659,1970,1517,132,1506,1532,1674,1493,1060,1626,1843,130,153,1505,1931,1596,1979,1587,191,1778
1690,1530,162,1532,1810,1947,1853,74,1811,427,1612,315,1835,1513,715,1639,108,57,1723,1754
1816,1401,1523,1799,1738,151,1569,1669,1715,1692,1540,1829,217,1503,1895,1621,216,177,1745,1741
1820,1604,1689,1906,1814,1775,1662,133,329,1482,89,1971,186,985,704,166,1705,1594,46,1734
931,1497,143,220,1957,1507,1627,1984,1812,645,1526,459,1669,1846,219,1764,1974,1639,1845,639
1621,1502,1661,1075,1829,283,147,203,1672,108,282,1766,864,1642,1648,687,735,1520,1948,1094
1771,1756,1821,137,638,1651,1670,193,1766,1547,158,1514,1539,1758,1775,1959,1602,724,1316,1724
1647,1739,1844,215,1503,194,1022,1798,1528,1501,134,1065,132,900,1525,407,1598,1913,160,288
1670,1948,1812,434,1938,1804,1755,1525,90,1820,1989,523,211,1824,1728,1786,1593,145,1748,1712
1776,373,1630,1645,1942,220,133,551,1752,1723,1268,870,150,1488,1635,1514,194,109,286,953
1784,1583,124,932,1685,1337,967,1768,238,31,1395,1720,1585,208,680,1575,1105,1822,1533,1837
1730,1949,1685,1788,982,1645,1618,1674,318,1623,323,261,32,1693,1759,1640,93,1698,1520,1651
839,1387,1804,1540,1977,220,1844,1813,1594,618,1481,1544,1570,1645,116,504,1973,1384,1366,1741
539,1602,1513,179,1834,186,1634,1771,281,1850,1763,104,1667,1615,1647,1600,1492,1715,1781,1574
318,164,1496,280,1538,1663,1688,296,1846,1789,41,1831,1605,1742,1483,932,72,1622,243,1820
1694,283,1031,1907,208,234,1731,1823,278,1798,26,1693,1483,538,1494,94,223,1642,1521,1667
263,1520,1813,1598,1654,1561,1634,28,1857,100,1710,1636,1835,120,1693,1790,1817,1938,1614,1697
402,222,1541,1737,185,1425,1504,1292,1779,1784,1726,1528,1861,1663,1922,1674,1648,1020,275,1632
189,1496,1975,1510,1394,1626,1954,155,1727,1539,1559,1175,1837,955,1762,110,1680,674,1730,1613
1786,1620,804,1652,1656,916,200,1382,1542,1710,461,112,1909,1516,1711,1759,1556,1684,1591,1507
1489,1111,1909,1536,1382,128,1516,825,1112,1669,1799,1908,1856,285,119,253,1793,1896,1820,1771
1850,184,1960,1606,1716,1638,1941,1596,1526,262,1539,1685,1659,1766,69,1665,1558,1833,199,1949
1675,1509,259,663,58,635,1644,1504,1840,1651,184,1498,1523,1489,1748,173,1553,1679,1646,1712
1498,1839,1505,1777,1655,74,102,90,1847,243,1016,240,278,440,1708,117,630,1393,664,1593
1790,1661,730,1842,1777,637,147,1618,485,1582,1836,1829,163,264,1507,429,1541,111,490,1762
1972,1705,1554,1487,124,1758,1560,105,1610,1939,1178,283,932,1543,879,109,214,1661,206,1545
1532,1838,1565,312,1504,564,205,1720,1655,1617,1767,166,1636,1708,1342,270,1854,541,1618,164
1501,1665,1810,1740,1622,1703,97,1829,1371,1839,1707,1645,1815,1514,1910,1765,1590,137,786,1671
276,1804,1767,1635,1709,1733,1539,1913,160,200,1170,1660,1761,1784,467,67,1503,1648,1301,1683
1847,787,1750,1908,1875,90,1619,1245,1751,302,1953,1636,173,297,285,1624,1664,1941,1376,261
351,1851,218,1794,1548,1734,1784,1779,1724,1676,1775,128,175,1600,1814,1577,1394,1665,1684,1611
1535,1378,1828,1663,1608,95,186,1382,288,1306,1725,1502,1722,1848,1909,1365,1759,1799,1482,1658
1753,304,1792,102,1779,867,372,1671,1528,1551,1383,1644,1816,1499,117,1797,1494,89,1630,314
1847,1697,1738,1810,1913,1964,94,452,1553,120,1689,1969,1606,1717,1588,306,1855,1524,1949,1569
1587,441,1711,1685,1621,1194,1748,1700,1267,101,1694,1738,326,1912,604,1320,565,1941,1419,294
1860,720,1844,1496,1550,1894,43,1657,1510,1477,1543,1724,1499,1924,140,1785,1564,230,1634,1731
89,591,1688,1700,1811,1703,1667,1589,1551,1960,1673,1619,80,1707,986,594,255,545,1483,154
1611,1835,37,1606,1088,907,199,1313,272,329,1709,1558,1482,1629,1803,1826,1797,1783,1705,1823
1378,1948,1834,1555,1742,1704,1394,1578,877,1647,1811,1554,1755,1961,248,1019,1908,174,686,1646
1841,1052,1530,1492,1221,1749,911,1772,1516,1542,1764,1817,1734,1913,1842,1098,1831,1649,1791,1908
1823,191,1567,1703,446,1667,149,1910,1592,1029,1351,1565,1813,1596,1571,179,88,817,1723,1647
1318,1730,1512,1378,841,1726,624,1918,1410,1834,1510,1755,1809,1636,1501,1480,1796,1676,1776,1946
1502,1560,1676,111,1424,197,1779,1213,443,1640,82,533,1788,1748,61,1624,413,1073,1784,1047
1675,24,1821,1677,1631,1735,109,1757,645,1815,198,277,996,1637,385,1636,1656,1516,1521,1751
1712,1642,416,1969,163,90,1791,74,1751,1516,1907,1824,339,153,1817,1519,544,180,1595,1845
184,1631,1021,221,115,1675,1624,229,1643,932,1695,1684,1970,1577,96,1698,1030,1724,1705,1607
1798,1488,1843,1082,1499,1865,1846,1509,622,1830,1533,1582,1811,1199,1922,1622,1597,442,1535,1616
242,646,85,1696,1521,833,1921,175,886,1790,1539,1748,1617,1274,35,1778,1644,113,269,1502
1757,28,1552,1393,1519,1156,1556,1704,1670,1755,1543,932,1666,260,1565,901,489,1742,282,1661
88,1613,554,1524,370,1750,527,1745,112,1726,1895,1748,1564,145,1569,1828,1396,100,1576,1747
1326,1754,803,1511,1515,1565,72,1974,328,1322,164,1810,1817,1797,1319,1748,1521,1812,1626,1486
1688,1525,1784,1813,1828,1826,618,1096,1957,1845,1698,1489,593,1810,177,1785,100,1649,1911,1566
1566,193,1822,1846,1740,1514,1548,141,1851,1322,1694,1599,1696,720,1649,154,309,1787,1121,1593
651,303,276,1793,1701,1638,1831,1613,1767,1493,1809,1834,204,1845,1760,1545,1827,1587,1609,364
1642,1625,97,1708,1201,170,463,1264,1676,1599,1596,501,1681,1072,1714,246,1802,1638,87,288
1566,209,1795,1542,791,1039,1688,1826,1383,1705,1853,112,1529,1518,1954,422,1624,197,1340,187
1793,1849,1677,1642,577,1832,1924,1834,1504,1822,326,1534,1833,1886,1953,102,1394,1601,681,1801
497,209,1963,160,1578,399,1534,1496,1959,193,1818,1111,132,1581,1836,700,1662,150,121,1690
1418,1719,1798,1847,1509,1672,1780,113,1628,1680,119,1770,83,1902,16,1801,1256,1374,889,216
1186,168,1840,800,1835,177,151,1538,1852,1796,1609,144,1626,201,1739,1832,1654,1799,1575,1853
1728,1630,1684,180,1851,1832,1376,364,249,1489,237,1659,80,1810,1743,1705,1767,1713,1725,67
1724,206,1845,1668,1638,1675,1763,130,1768,1658,1030,1803,1489,1552,1840,1393,1823,1756,1514,1602
1507,1499,1621,1613,1748,1850,1713,155,1483,121,152,1754,1622,1774,393,166,1528,201,1910,145
1719,1830,1685,1760,1490,225,182,1664,1418,1392,1090,243,1148,1954,1583,1746,1492,1696,1820,254
1064,381,1707,1966,1781,701,227,987,1822,761,16,1532,192,1377,1340,64,1803,833,1595,1696
121,1641,1493,1834,1537,980,1539,1504,1334,1588,1549,1707,258,44,1525,1586,813,964,832,131
1788,1600,1650,1835,1544,1736,1639,295,162,1541,707,1616,1643,287,1663,543,1166,312,1718,1678
1479,1153,1482,1064,1753,1783,1122,1497,1768,437,1611,1487,1667,1602,1591,1655,1750,312,1627,1635
1677,1527,1365,1936,89,1733,1740,1841,1897,1616,1638,1708,288,1659,1709,210,705,1541,1798,1575
120,1366,1107,802,1541,1687,546,41,196,651,1539,248,1567,1665,1702,1818,249,760,1651,1601
1490,368,126,1796,1073,1512,1522,1584,1786,236,1101,95,1539,628,423,1851,1615,1516,1732,1482
1841,1630,979,1603,1665,217,1749,1551,1763,936,1056,1592,577,1905,1376,1980,1669,1643,1599,1644
1561,605,1636,1913,160,1506,1221,1655,1828,217,1671,1717,1587,1759,696,1513,1550,1741,1810,1766
711,1761,1550,74,1749,1728,1706,1561,5,1595,107,1482,246,1919,1681,184,1907,1673,1442,669
1764,1646,1754,1658,1748,451,1827,1807,1718,191,837,1803,184,1913,1776,1616,987,1781,1217,1493
1651,1824,1696,1438,813,1636,1157,1844,1695,1565,640,308,1745,1835,1866,127,404,1503,1616,1944
130,1795,1707,1389,620,185,1069,174,1819,1392,1485,1738,1770,1502,347,1487,291,1650,741,420
1649,1907,1689,174,1570,1149,1390,1530,1518,1529,1739,1736,1599,1496,1647,1702,699,1854,186,1509
1589,304,1838,1802,982,1526,1514,1622,1975,1843,1475,1562,1852,1961,1597,1586,1372,357,1515,1799
307,1672,1804,1495,1620,1708,294,1623,1899,1507,442,1575,1603,420,1775,1707,1485,1567,1737,1519
1845,1583,178,1662,1594,1940,1293,1769,1497,1572,1689,1484,1325,729,1296,1532,240,1692,37,1776
1620,1820,229,1774,1528,1896,1826,187,1537,1804,1634,1500,1441,1844,191,1631,1705,1784,1770,1830
1651,1937,1658,477,1081,228,1793,1614,1849,611,1741,1828,1977,1100,1644,1738,1930,1222,298,1699
708,141,879,1837,932,1849,1798,705,1846,1304,1627,1677,1703,1822,1609,1706,1955,814,442,273
1830,1823,1732,1948,547,1933,1742,1672,1854,1600,78,103,1703,327,1969,1653,1704,1838,1565,1482
1778,1580,521,1514,1702,201,106,1740,888,263,1796,214,259,1492,1525,1626,1915,1829,1775,1527
1480,885,1703,1846,1591,1733,1379,1646,1824,1739,998,1763,288,1826,1537,329,198,1509,234,1677
1666,1493,1366,1916,171,175,1829,1854,518,1578,1727,1689,1671,1582,318,1808,178,238,1573,881
1625,269,888,1568,1493,275,1168,1485,567,1697,1969,1532,1517,1700,1614,1678,1717,313,1173,1823
284,299,1840,1815,1761,1668,1703,80,1736,1659,1582,1628,1742,286,173,1610,1527,204,152,577
1515,1660,1591,1015,248,1728,1757,1831,683,1018,1635,1825,493,1628,195,1758,1896,1817,1530,1378
1838,1536,78,1823,1756,1514,1678,1700,1576,315,1387,1610,704,200,195,1558,1644,1554,1592,797
1767,1821,1499,981,1818,1648,1544,136,1570,1506,164,1601,1581,1364,1824,243,95,269,193,1823
1671,1554,1358,1738,469,1518,1683,1891,906,1655,1563,1786,1366,1589,314,1661,1639,113,1946,1853
1850,1027,147,1758,820,114,1385,1543,354,1396,1515,1052,1854,1936,1797,1737,1970,1655,1498,1558
1912,1677,1679,400,1591,1791,1822,137,84,1533,404,789,1385,1773,260,1487,1643,1109,201,1816
1559,1651,1693,1279,1950,1744,1547,1517,1770,288,1607,1573,262,149,1631,1490,1810,1514,1951,1836
1526,315,285,1536,1493,1517,305,1687,1772,1833,1764,920,1954,1531,1714,1483,288,1727,432,774
1774,1908,1795,240,292,1796,1625,704,1974,1705,1004,204,213,1536,1746,1612,1585,176,1712,208
374,1637,1534,1656,1000,1741,1797,1576,1527,1601,1546,1257,108,936,1660,1711,1788,1754,1681,433
475,1702,1620,1512,1951,1899,148,888,107,1385,1841,1204,130,1636,303,190,1566,1648,50,1759
178,880,1605,327,1847,1235,1820,141,1782,1728,186,1494,1763,1047,955,9,122,1606,172,1576
121,1808,1073,248,1852,1708,674,693,1497,1623,1546,1677,87,1633,1088,287,1819,1603,1543,1687
1787,445,1491,407,902,692,1048,1630,283,1689,1645,1004,1731,424,1525,1755,1752,329,1974,1835
1841,1570,1488,1726,307,1829,620,1601,1689,1624,1622,191,204,718,110,1375,1895,1711,1765,1506
1478,100,294,1646,1970,1719,1479,148,281,187,1643,246,1546,305,1162,1596,1797,1526,1628,1631
162,8,1545,1773,119,1783,1680,1651,205,1733,1692,1640,1675,1840,504,1908,1755,1973,1604,216
1843,1531,269,1775,1574,1654,1171,1512,140,1649,1657,1930,1505,1362,1539,185,1908,708,1811,1818
1807,1595,1736,301,200,224,1379,1757,1688,97,1703,1654,969,160,1524,236,1486,1866,1503,1579
1791,83,248,1682,1645,1837,148,1695,1482,1946,103,1696,376,1535,214,1617,1845,1480,1618,912
1613,1384,1822,1820,213,1124,1709,897,1516,1644,1518,295,1969,1354,1038,1491,1585,1677,1268,169
818,590,1692,89,107,1491,1734,1566,286,1496,1532,1646,1906,1622,1088,1804,1841,1908,1596,1694
1407,167,1703,1069,1892,1811,223,1631,1592,1684,1911,1615,45,1508,1015,1177,1554,1773,1658,1538
1701,1812,1685,1652,1831,286,1757,1526,1558,101,1695,1667,1911,1753,1683,1672,1651,301,1912,1686
1387,1677,117,1789,1540,1602,1517,1565,1824,1600,476,1852,1688,1497,315,1537,1056,954,1479,1838
1383,414,1582,166,1515,1751,1337,1792,327,1824,1620,319,494,1590,1768,1659,374,1678,1615,94
1557,91,1675,1722,105,84,1696,270,1115,144,327,1307,1852,1593,1835,1669,152,1727,1626,1618
1487,1682,1688,1726,353,1502,1638,1764,1539,1557,1756,735,1823,981,1778,1245,1798,1800,1153,1668
1334,302,1526,1768,1746,1857,46,1856,1564,1388,1618,1930,1553,222,1573,1510,1722,1525,1624,248
1737,1657,1393,1619,1941,258,1834,1750,1580,1478,1700,1787,1561,1745,1572,1394,1800,1701,282,536
1769,1446,1493,1426,1528,680,229,157,1565,1796,1766,1512,1519,1963,1718,1814,345,309,1751,1668
1854,1912,224,1563,1597,313,1529,169,1494,1371,1538,290,1760,1646,1595,1613,1514,1067,1600,120
1717,1813,1714,1644,1496,701,1593,269,40,1873,1613,1684,1562,1504,1637,1630,1536,165,1523,1599
969,1607,1581,1509,197,1690,1795,1532,1615,1500,1527,1072,845,220,1666,1214,167,1224,1379,1819
1623,705,1546,1379,202,1903,1797,1520,1658,1842,1525,1724,118,1782,1698,1731,1611,1628,1578,519
1564,1207,97,1552,251,1525,184,1588,1390,1802,643,1641,1628,382,1711,1818,1582,1590,1772,1836
1855,1784,1146,1521,1563,1977,1696,1847,1778,666,1542,1767,1908,1516,1519,1231,117,1678,593,1822
275,232,829,1842,1952,1809,1848,1791,1557,1828,118,1071,1696,126,1802,169,1837,1949,988,1650
1637,823,243,1744,783,683,1530,1736,1342,992,1089,1394,1668,1500,1567,1834,1608,1656,1644,89
1383,1748,1709,1578,1477,118,724,1579,305,1580,1683,1479,1543,1522,1574,1487,1246,1791,1627,1559
1542,94,1579,629,1498,1510,1078,90,918,1513,277,1784,75,1720,1234,1807,222,155,1595,1662
1528,1387,1771,1588,1614,717,1671,896,1696,1518,1782,1499,1616,1810,1848,1837,1920,363,1908,81
263,1539,1826,1906,1850,83,274,1758,1745,152,277,1721,1738,88,1981,1320,1801,1747,1182,1584
95,1731,1761,1616,321,1855,1243,651,1583,1373,231,1503,1793,1753,1392,1610,1809,1833,1656,1652
1528,263,1821,1394,616,1779,1583,193,1814,1698,992,128,1523,1737,1776,1632,1740,1582,833,1774
1564,1547,1725,1629,1979,192,1678,1549,227,228,1662,1821,877,1514,1711,1912,797,1519,320,760
1977,1672,112,1389,1763,1719,1501,1839,1765,132,1706,21,279,1931,1831,1724,1480,1418,1804,1760
1775,1527,1682,1262,1518,1922,263,1785,1539,1644,1955,146,1906,1641,798,313,1751,219,1050,1676
1744,1836,252,1612,200,1608,1736,387,1487,1790,1211,1453,214,1610,1515,116,1887,1704,138,1771
127,288,1909,200,305,999,1610,128,1395,138,16,1628,1090,1515,1620,1640,170,327,1930,1812
327,547,85,1710,1646,1211,1588,225,1637,279,900,316,687,621,120,211,1594,1582,1792,1540
795,1496,987,836,1483,1549,1779,253,1748,1777,263,1510,1503,1642,1837,199,1905,1526,1772,1548
1487,118,1783,1581,670,1530,1561,1665,972,174,1836,1784,1948,1496,1788,1651,192,1845,1706,1542
672,247,1826,92,253,119,226,1187,1787,1621,1517,1739,1632,848,1793,208,1700,1665,167,522
1823,1480,1907,1626,1761,1727,1834,1686,1764,1819,1693,766,42,1633,1794,1845,242,1812,1970,249
1837,1510,275,729,1628,1657,1379,1778,1756,410,162,1670,1314,1159,1514,728,304,1630,407,1394
1808,1765,1553,717,1475,158,1676,1746,1908,105,226,1693,1854,1735,1814,1684,187,739,1683,790
1513,236,1531,1566,233,759,1591,1792,1515,1573,374,1583,1730,1623,1685,1767,134,1823,1790,1608
1069,1582,183,46,1577,1631,1033,1825,1548,1529,129,1699,1596,315,1519,735,1347,1636,1744,1772
1593,1853,1611,1566,1835,1695,98,1677,1513,788,1741,1645,120,1503,1538,85,1704,145,1658,1574
271,1706,1573,1850,160,999,258,1781,1566,1563,1564,1595,262,575,184,1391,1479,1841,1657,1823
53,1557,1332,1941,1542,190,1920,1906,1790,219,1788,1516,1669,1686,323,1561,1739,828,1103,1737
167,1490,1392,1508,1710,1844,197,378,1675,1907,1648,1685,1852,1908,1826,436,1593,1749,1482,1774
1704,869,1589,1207,1737,1593,1487,1767,1365,1733,1676,1707,1378,1791,1539,1654,401,1816,1280,1347
1642,1743,42,1728,1805,1626,1493,1937,129,1835,1686,1833,167,1249,1775,807,1049,422,441,1236
339,1744,1653,166,1475,1673,1357,1676,160,1975,1704,1947,1783,1478,108,170,890,1563,1943,210
1840,1396,1072,1749,136,1486,168,1567,163,1808,738,1779,1721,296,144,1088,1526,1963,1835,1508
1717,775,1513,1672,1722,1679,1829,1657,1768,348,194,1978,89,1952,1247,1808,1640,174,106,1243
540,242,80,219,1713,1604,1784,1631,1563,1642,1750,1828,567,1852,1372,1567,1641,315,1519,947
244,321,185,227,1523,577,1804,1795,956,1747,1536,1725,1556,537,1169,1662,454,315,1524,1634
1813,1747,1837,1480,708,1678,1540,1654,1720,1215,1930,1687,623,1679,1771,1743,1370,1969,1618,1701
1649,1827,156,1535,202,623,1687,1806,1517,1941,1804,1748,1668,1811,624,1803,1483,1728,20,1480
1667,1789,1210,1857,1700,1555,555,1834,1795,1521,547,1561,1890,1819,1961,1682,1960,489,1577,1480
1836,1634,1738,1760,1652,1683,1642,1630,1562,1675,318,1508,1963,1595,1526,1496,495,650,1592,1486
756,1694,1526,1680,1753,964,364,1096,1961,220,763,1538,1671,1681,1659,638,1530,1481,701,209
313,1545,167,1709,1836,1490,706,1636,1807,1817,1487,758,1032,1264,288,1810,1632,72,1508,1707
595,1223,360,899,1799,173,287,207,1520,1733,1470,1827,766,414,1609,1788,277,1512,1586,586
1724,292,1532,1631,114,1679,880,1686,127,1725,776,1832,1687,1705,1355,1733,1872,1142,1683,1504
1770,1514,1516,1730,843,1789,1841,1517,705,1499,1594,169,1566,1733,670,1918,466,1619,1791,581
1911,1669,1561,1812,1761,741,1860,123,1803,1818,1586,1477,1588,1837,1519,1614,1610,1850,1895,314
563,1783,1845,1659,288,1499,199,1795,1708,165,1753,1778,1396,299,74,1681,1186,1564,1771,1566
1587,1490,1787,1572,470,1738,1734,1531,629,1826,1637,252,112,946,1092,78,1669,1739,1800,273
1733,314,656,63,1800,1670,1598,197,1479,1514,1809,1912,1606,1667,97,1942,1681,1685,1765,28
1583,1720,1515,197,281,309,1785,1508,805,704,191,1756,1561,1832,1666,1808,256,1760,1108,145
1339,1815,1849,1649,1613,1637,158,922,1595,1594,200,269,1480,1624,1770,1839,1584,1394,1711,1840
1486,1526,1230,230,1594,572,1853,1683,1794,1720,1907,1731,96,1463,1708,1725,651,357,1492,73
969,1776,1753,1647,1668,1539,267,206,224,1095,289,1838,48,1623,983,301,1367,1923,1945,1536
1592,1739,209,1524,673,1784,1500,1381,1742,235,1573,1030,1580,1806,1854,1529,1550,1733,1852,191
1522,1383,1049,176,1505,1674,1657,1599,1825,1477,1757,510,227,295,1601,1391,126,1749,1909,1956
1514,1605,291,1571,1588,1711,1677,1504,1611,1784,277,1750,117,1633,6,1844,1682,1795,1949,1071
244,1730,1504,295,1613,1578,1636,250,1552,1785,247,1685,1683,211,1625,1817,1604,149,1738,1382
1794,1776,279,57,1867,1628,183,1370,1519,1610,1664,1521,1627,1824,1115,1830,235,101,328,1739
732,570,1750,1030,1640,1723,658,1396,1673,1826,1819,1696,144,1827,234,793,130,1854,1772,1708
957,220,1715,137,108,171,196,792,1578,1794,1549,1810,1806,223,1819,1837,382,1764,296,243
286,1721,1693,1673,1795,1856,71,660,1761,1738,1972,1646,1675,279,1092,1379,1509,1540,1483,1527
1975,1588,509,1764,1809,537,285,1690,1267,252,1554,1512,1619,302,783,1481,1506,1514,660,1658
1790,391,190,229,1487,1502,1577,680,295,1680,74,1175,1632,1396,1809,195,250,1550,1505,285
750,1640,1705,1118,1674,160,280,1855,1607,1162,1017,59,1850,1486,119,1608,299,1718,1745,114
1546,182,320,1668,1689,1954,1519,1855,1179,855,1159,102,716,241,38,215,1859,1804,1748,1760
1635,1791,1619,1517,1663,1854,272,703,278,719,518,1745,1580,1620,81,101,236,1648,1513,1525
1885,249,1755,213,1650,1758,1509,1526,105,1477,1719,148,1969,1627,1808,1734,1805,175,124,94
1912,1757,168,1805,127,1645,1523,294,1547,1610,1542,1579,1637,1937,1512,1947,1573,1831,195,1531
1334,1733,969,847,204,304,1856,1628,999,291,148,212,1490,980,1524,128,1698,518,1833,1921
1561,498,1685,1555,1255,1069,1544,297,554,89,1608,1800,1845,1930,315,113,1839,1660,1715,1943
225,1801,1802,1658,1644,1395,1489,1845,287,1503,1814,1482,248,1771,1759,551,1686,229,1498,1502
275,528,199,1762,311,1709,854,1729,1688,1771,39,1506,1634,1731,321,1658,396,1493,1642,59
1792,1596,127,1937,1801,1690,1484,1033,95,1687,263,1624,1684,278,960,1729,1769,1504,1526,210
183,986,1674,1688,288,1552,1942,685,1517,1625,179,137,737,1740,1642,1706,1547,161,86,309
1562,166,135,157,1847,1497,1693,1723,1649,1081,1793,204,83,1700,476,14,1688,130,1855,1854
254,814,1685,100,956,1720,176,1725,1897,1611,1572,1498,57,1595,435,1497,1837,1493,1220,1000
1385,1785,765,1485,83,159,1744,1725,1636,1732,1799,1736,1533,1896,1429,185,1794,1826,1395,1270
1747,1684,1910,1692,1640,1644,141,1875,1839,1734,1842,1515,184,1386,1519,1587,447,1499,1750,1697
1614,1541,1786,1483,1585,1615,1838,1937,1681,1657,1723,1556,1493,1267,136,188,673,1669,1538,1678
93,1671,1776,290,1791,1621,1744,110,1619,88,396,201,1065,1575,1710,1665,1554,1711,1651,329
1728,1498,1484,222,696,183,993,77,1913,786,1732,230,1563,1564,1716,199,1801,738,1840,1521
1558,434,1683,207,1534,1391,1485,1479,1305,1857,874,760,1192,180,317,1764,1850,305,1854,547
1585,1539,1492,700,1765,1779,142,1941,1580,1657,306,1747,132,1839,1559,1383,1663,1749,1791,1724
263,1842,1639,1496,255,1183,55,1362,1606,1030,1705,1781,1943,1664,1749,872,74,1119,1673,1825
201,1578,1625,1714,1529,1750,1713,1772,1730,1545,127,1602,1479,1609,147,546,989,1696,1516,1335
664,1751,302,1589,96,136,78,1948,1479,1846,1818,1673,165,161,1847,1561,272,273,1780,1776
310,1906,1770,1802,1690,1649,1513,324,802,510,1760,101,1794,800,1518,916,1617,1746,856,1795
1636,1697,1574,1624,1829,1556,164,1835,296,1530,1717,1848,1937,1513,883,1476,1844,148,1787,1539
1586,1562,447,1745,1972,1480,1663,790,1104,712,1707,1568,416,1494,1704,1560,1905,1531,1570,1779
701,1597,300,1719,1373,1894,784,1954,102,1848,1543,1733,809,279,1784,1853,1653,261,1612,465
1269,523,1368,1751,208,230,1682,1595,231,402,1571,1723,1833,1605,342,1674,118,934,1802,468
1530,142,1754,1731,228,1593,1523,236,1833,136,281,319,1547,1835,1973,1860,877,1638,156,1730
1525,1684,325,1819,1094,1568,483,1667,292,854,1929,1305,1694,1853,969,241,1676,1709,236,1617
1479,125,136,1841,1231,202,1383,1821,1652,1762,187,1510,188,1757,1828,1847,661,1692,1771,1716
352,1560,1522,303,251,1335,1520,1392,1484,1609,1366,1913,1621,1646,136,327,124,1892,1651,148
1580,552,169,121,1753,1721,1687,1973,1895,1046,843,286,1586,240,1636,1711,110,1541,1527,1226
312,299,161,1520,1702,1956,503,1811,213,731,80,408,170,84,431,1822,1586,1854,538,166
1791,1330,961,1703,222,1767,1747,1102,1840,884,57,208,1591,1104,192,1969,1584,128,1619,1607
1656,1625,1820,237,723,1634,307,1319,1671,853,129,240,1511,1728,1592,188,1694,1719,1390,1946
105,1674,1542,156,1818,1372,169,28,1746,1804,1666,1848,1609,1330,1739,1791,1967,316,1796,1905
1525,1839,1651,1015,1511,701,1806,1819,125,232,1687,781,1432,1520,121,333,1548,1736,796,1559
1590,1780,1518,1835,1168,1769,110,1614,1507,45,1732,1486,1703,298,213,916,1600,1663,1576,1214
753,1576,278,1475,1694,1770,1687,196,1598,302,1674,109,1708,156,159,1476,1717,1973,1501,1957
617,1551,1735,1211,1913,797,1760,1374,789,1490,204,1714,317,1492,1668,1619,1942,509,198,1934
1676,1724,112,447,848,228,1799,1719,1599,386,254,1824,637,1836,193,1818,1831,268,1597,969
318,201,1638,1941,1390,1797,1740,1636,1701,1843,1688,1763,1708,1961,1784,505,154,1511,109,1645
1245,1811,1316,1628,625,1602,1808,1529,1719,329,288,1783,1603,1626,1613,1839,1494,1638,1512,1575
407,1773,1683,1614,1615,1862,1607,899,109,220,180,1744,141,1601,1678,1767,1481,1631,1010,1185
1788,1639,1969,312,469,1779,1310,1845,1642,1567,1813,1809,1675,1231,1673,1483,1727,57,1669,1702
1522,305,1820,1729,1709,1476,845,1319,1951,185,1550,1577,60,1615,349,1176,1380,1666,1322,199
1607,1765,1847,1841,127,251,1618,956,1711,56,1596,1761,324,1658,262,878,1844,1168,1974,709
1518,137,1667,1679,1779,301,1728,125,1836,196,1786,203,259,1509,1775,1359,410,68,1645,439
1876,1819,162,1847,1548,1802,1231,1686,1664,1605,504,1546,1853,1506,1499,1910,1608,1843,1831,1926
1617,934,1665,1699,127,292,1807,352,1611,210,1485,1579,1678,1672,313,1521,115,297,1585,1795
1505,1813,97,1502,1789,156,1615,1655,312,1691,1747,116,212,1572,1828,1637,1662,166,1527,186
110,1715,1172,1665,1778,142,1506,1761,1717,1618,1922,1674,1706,1930,1564,96,1894,1883,1771,1973
88,651,1947,1528,1837,1711,1676,208,1817,1852,1810,1949,1853,1410,454,1353,1557,1800,1507,1685
1169,1478,1031,1808,1490,1475,1392,1855,1534,726,67,527,1677,1107,1837,124,1596,1842,137,1379
265,1646,1827,1895,1680,1839,73,648,1644,1959,1842,1659,213,183,1798,210,1593,1484,1624,1791
1607,1209,284,1816,1974,1600,1588,1635,705,1491,1840,1911,1620,1790,1732,980,1544,1768,1523,1747
1527,1694,1503,250,1485,1592,1697,626,1528,1691,692,1682,950,749,1640,1853,1231,566,1632,1412
1961,1791,1616,1247,1700,1772,1809,1828,1073,1475,391,1891,143,1738,1790,1590,1591,1814,1510,606
1777,1850,1753,1940,1792,157,1839,481,1697,1776,1522,108,207,1843,1636,1712,234,1913,1833,1509
1615,1711,168,1726,1678,1625,728,596,1373,1509,1046,1576,141,1311,1736,1970,238,1486,1677,1544
1677,173,1644,1700,1825,1811,1162,530,1652,1784,1956,267,1518,291,1928,1799,253,1783,336,1636
1757,151,1850,215,198,1484,1787,282,1553,1784,290,245,869,1617,1606,156,1653,1846,405,1467
1641,238,1741,1612,1777,1651,329,117,1636,1684,1718,1297,80,1789,1544,1899,1676,1183,1754,1495
1952,1632,1685,1759,1851,1820,1612,1946,600,1554,957,1731,1618,1754,329,1627,1624,1535,1544,1728
1536,293,1616,1750,1390,972,253,163,1734,992,1532,552,1706,1107,103,566,1318,1604,1480,1842
1776,1686,1565,148,1502,763,1837,1768,1972,1611,1646,1791,1747,1775,1501,1672,1655,293,957,375
207,1634,1855,1781,1790,690,27,190,1517,315,326,717,282,1822,863,1778,86,1758,1718,1780
1788,1660,592,1676,100,1522,1537,1598,1739,1728,1701,232,1712,1485,480,269,224,305,1812,1933
1481,1696,1382,247,194,1483,1071,246,327,1634,1677,1549,1680,1857,1480,26,1829,1712,97,353
147,1672,187,1855,1555,1579,301,159,131,1817,1585,1620,880,1500,1759,163,1613,1849,1657,656
1712,1800,93,1773,1557,1848,892,1503,1973,1648,227,866,114,1772,1700,1574,1246,1578,1751,139
1582,1712,1389,1810,1727,251,1573,261,153,275,532,321,183,1833,869,690,323,1521,1373,1649
1605,247,1809,1826,1669,1853,224,1708,1546,1769,1822,1776,298,1679,135,1807,1713,1698,1754,665
241,1724,155,493,1684,1591,1611,1649,1572,1507,1592,1709,1585,1694,1580,1811,1570,923,1510,1761
1655,1549,404,1701,1825,1728,329,1627,1839,1826,207,1718,1497,1382,977,706,1748,1609,1677,124
1729,178,1495,1640,1585,1701,542,1481,1623,1682,1664,1620,1384,1512,1600,1574,1573,301,1693,1897
1585,1816,109,1908,189,943,144,209,1627,1775,1495,1634,229,1523,270,375,1973,1911,1645,1766
326,1808,1365,1754,1822,1812,1708,1838,1687,1967,1691,1680,1385,15,160,228,1854,362,1501,225
1603,1697,176,1318,253,1576,1846,1911,1754,1478,680,1543,934,154,133,1732,1680,1720,1601,1745
1593,87,1769,582,215,691,1835,1905,1675,1845,1659,1787,1611,1836,1554,1676,1523,1644,994,1574
420,246,1638,631,965,1524,896,1700,1383,208,1509,1554,1778,932,1084,1368,1610,1906,1499,1743
1683,1771,1946,1533,1944,1719,114,552,1930,308,1682,304,1605,1785,1581,1767,1817,798,1749,1478
1179,939,1782,1647,1813,1617,1763,1523,1840,1269,1749,1680,1774,1746,305,1671,1754,1846,1555,1723
102,231,1839,216,1783,1486,1619,1741,1578,1815,204,1279,1587,254,283,1566,1850,1768,153,1703
1520,1652,1785,117,1734,1833,264,1737,106,207,1847,1389,1643,1241,1584,1476,320,1602,97,1801
868,318,1621,81,1517,110,1523,1510,1952,1596,298,1948,1595,1601,514,1851,1509,1825,1512,1587
1564,1352,1540,654,1744,1628,1251,612,1385,146,276,1814,842,1734,259,1806,1715,1670,1753,1798
234,1539,1754,1664,1677,1751,1493,1617,1598,1679,119,303,1730,1551,1542,952,118,1684,1819,1742
221,691,649,1652,1849,1734,104,1772,1539,1685,1910,1534,112,1816,1786,316,1574,1968,325,219
183,1814,1586,1712,1789,1567,1954,162,1367,1527,1686,135,313,377,1175,1531,279,440,704,1537
1499,1374,1540,1703,1383,1743,194,1553,1673,215,1493,1268,1910,1527,526,225,1498,1647,204,163
144,161,134,266,246,1759,1560,210,1573,1608,1657,1850,127,104,791,1368,1512,176,1877,1517
455,1494,1678,1764,174,1616,227,1757,1535,1311,1387,1518,1652,328,1783,123,1819,1502,1592,938
1677,552,1718,1614,225,1729,1053,587,1698,1801,180,199,1857,1691,1835,244,1527,716,1529,324
302,1661,272,1579,1825,13,1814,1664,1546,1486,1549,1477,402,1611,718,1739,1519,1909,658,1666
1489,649,1968,1394,199,1485,249,1789,169,1511,1537,970,1848,1683,595,1284,1757,1836,1638,1628
1646,333,1351,285,1575,1806,313,1610,1385,237,1543,451,1281,1613,1542,1627,1487,1549,1564,1541
326,1820,1645,297,169,1506,1499,1674,1777,1572,1610,168,1851,1383,1484,1778,1519,1884,1842,126
1732,1900,1642,1792,202,982,1718,93,1515,1854,1637,128,1849,1745,994,1835,1838,1575,1279,1488
224,1661,191,1753,232,1546,1378,108,1558,1196,1723,1676,944,650,1656,86,312,293,1211,1579
1570,1659,165,1853,1909,1758,328,310,1729,1763,1634,84,1899,1715,1910,466,1952,1119,1828,1556
481,1864,1484,1544,1556,1832,1449,1559,1746,1747,1789,1623,1634,1579,840,1392,1842,1376,1497,1504
1895,115,1036,258,197,1661,1795,1549,1526,1842,1655,1622,1646,1532,1558,198,1918,190,1338,1581
1705,1483,1560,206,81,1683,1585,121,1482,1635,1713,1588,1681,1497,1786,1694,1706,1857,1912,1664
1814,1475,1515,1960,1813,242,1684,1554,1744,119,1640,1824,1732,323,1737,1693,291,1382,1796,1819
1633,1612,1511,1699,1810,1767,1686,635,1939,1540,1627,1785,1748,1914,1721,1753,78,1781,1568,1658
1737,1955,1587,1750,1776,110,1507,1504,223,220,129,514,1387,1779,185,1619,1414,1911,1816,1604
1906,1524,1662,1646,309,1838,150,1569,1946,546,1162,46,1776,246,1549,1803,1654,1642,1334,336
1848,28,1792,1723,72,1265,1677,1092,702,1573,1533,497,1577,1824,1477,1509,1745,1626,1930,1748
121,1333,1785,1522,1721,1475,994,792,1683,1850,1586,1907,160,1621,705,1808,1604,1816,1496,201
1962,1557,1568,1631,1634,531,1566,1795,1753,306,1647,1484,1576,1809,969,198,1755,1754,1579,1678
1672,1762,1658,637,1299,139,1749,135,1626,254,980,1490,1848,535,1620,1536,1382,1401,1735,234
266,1899,1609,718,1940,1789,63,325,765,1562,820,239,1894,229,1500,1846,1580,1716,1798,1568
1743,1765,1805,1627,144,1672,276,156,1689,1819,1590,1210,1134,411,1656,1696,1549,563,1633,612
1262,1728,1556,1824,1678,1828,1721,1654,115,1630,1792,105,1755,97,1202,1540,302,209,1530,1520
147,142,1682,316,1501,1653,215,163,1612,1772,1751,650,1848,1761,1828,1676,173,1929,1810,1932
1651,1330,1696,229,1910,1493,1953,1658,239,1558,1504,78,1856,1782,282,1390,172,1567,1809,136
1736,1070,78,1632,1321,1658,233,1564,1840,1744,1533,271,1594,1708,272,945,107,1601,1482,1479
504,145,1651,1525,84,1828,1686,1571,1738,1773,1829,497,1660,1732,1702,1721,297,1611,327,161
403,1498,548,1540,1492,199,1683,1941,1666,1956,1600,1741,1644,159,802,1643,1614,1733,135,1191
1776,1577,1845,119,131,361,259,1769,1830,1778,1619,149,316,1937,220,188,211,1626,1799,1755
1688,1476,1593,309,1598,750,1708,1699,1827,1730,1668,1712,1676,1744,111,1406,1649,1647,294,313
215,1599,1759,1365,1816,1549,1964,1558,1533,1236,231,256,181,1595,1606,1482,237,1740,1947,92
1820,1590,323,1527,1647,115,187,1555,378,1908,1716,256,1553,1538,1494,1818,46,105,756,126
1581,615,242,1909,794,1492,68,1949,1529,520,1571,107,1648,25,1715,1635,1854,1712,1634,1817
284,1421,107,1869,1274,1489,1604,1606,196,1782,316,1961,1531,1354,1070,1387,1824,1933,1722,1611
1841,1763,206,977,1822,61,1911,1106,1760,1856,1800,462,1834,1772,1795,1513,856,1574,1524,1504
1735,215,999,1657,153,1814,284,1984,1954,1839,1853,1250,1548,1249,340,1255,1765,701,1827,1801
72,184,1547,1835,931,1837,244,1745,1842,323,1853,1913,1725,1162,1787,194,1579,1766,1605,120
316,1577,1632,1988,1429,182,1509,1709,1571,1663,1588,1847,224,1549,1537,1584,1580,1768,1739,1842
1565,1576,1726,695,1844,1788,1354,1761,1546,1882,1737,138,114,191,1718,1573,728,1391,1836,1500
1376,1571,932,1737,1651,1677,127,1705,94,1418,1793,1667,1846,1840,1646,1385,1693,1745,1725,694
1822,1635,94,1619,1693,1494,1629,1087,147,1741,86,1765,89,1550,1806,1493,784,1244,134,1540
1247,609,1806,1597,1640,1793,120,1643,1795,544,1716,1730,1718,1693,1833,1909,1989,614,370,1506
303,63,287,1595,1542,1505,1086,1797,1070,1236,879,1732,360,266,1594,1798,1910,609,274,1188
64,1907,1774,1702,1757,1942,207,1531,1860,1966,1393,215,1658,1703,294,1987,1485,1975,1509,1512
329,22,1939,1536,1688,350,1903,229,1821,1619,1534,1512,1735,1928,1559,969,1800,193,1477,1869
1690,701,1736,1854,263,1628,1543,154,1433,1725,1840,281,1633,79,1790,1778,1566,374,299,102
1187,1803,1214,1937,168,1895,1600,1846,1563,1578,1667,1782,1725,121,1523,229,1218,315,1508,1377
1514,1029,1580,1667,1549,1669,1230,1727,319,17,1512,60,1618,1661,1912,1703,788,1733,1096,1783
1690,1907,1144,1540,1511,1619,1765,1482,1583,78,1575,299,1632,248,159,1555,1097,1911,1508,1852
1628,798,1543,1708,764,1527,1678,1838,1568,1970,1820,1797,728,194,1726,1600,1342,1113,99,1658
1674,125,1694,1822,1174,61,1588,1971,1633,1825,1670,1733,1782,28,54,1680,1498,1952,339,131
1760,1517,1359,383,144,1553,1758,1516,1715,1563,1633,1906,1500,1491,1479,1514,1763,1664,157,1579
1894,1911,136,145,1566,1846,1495,115,1609,1828,1104,1838,95,225,1919,1647,1850,1691,1740,202
840,1731,1781,1564,1748,1895,1653,1703,1624,781,1755,161,1631,1541,1702,1493,199,970,328,910
1735,1786,1634,1911,315,57,1738,969,1620,1557,88,109,213,302,1862,1484,1664,95,158,1667
1742,1497,1850,1080,1654,1394,1791,1789,86,383,14,1886,1828,1763,310,24,1805,97,1626,91
275,1689,1529,851,1540,1475,288,1808,1585,1745,1696,1907,1816,1636,1760,1949,1525,1609,1757,1831
1792,1543,1070,128,1597,1754,1691,1844,1667,1697,1842,1740,1808,1535,1834,190,1507,1395,1678,1712
1956,1481,1784,1580,203,1706,1533,1745,1669,1728,320,1725,1803,1840,1809,1475,191,309,222,1771
195,1598,300,1678,1712,197,1851,1716,1123,1679,121,1483,1663,290,1685,1753,1386,1688,1807,1569
1740,1124,1702,1832,1645,1768,1648,1841,1526,233,1719,1589,620,1808,1633,1626,95,1396,1527,1658
198,1952,1637,1615,1542,1673,1500,1233,1752,1543,1762,122,1906,1705,110,1774,1738,1851,1773,1547
1706,1626,1802,154,1849,1953,1685,696,301,221,1850,1701,1348,137,295,1616,1513,1353,245,1756
280,1773,109,661,1812,107,1822,1535,800,1677,1311,1644,1787,1416,576,1615,1824,1709,1597,1519
1556,282,1647,1714,1490,1588,313,281,1597,1155,1727,1749,1568,677,717,1541,1086,1029,1623,1555
1672,1476,1844,1569,270,157,1971,1546,1781,289,215,1541,1556,185,1741,249,1717,1685,1629,1612
266,856,1952,1597,1848,1874,939,1831,1370,1824,1647,797,1706,112,1591,1740,290,1762,1356,1812
1836,95,1674,1860,1538,143,467,68,1610,242,896,1503,1762,1493,1029,1543,794,1839,136,1972
151,1195,1504,1824,1795,1565,1777,1696,1826,1946,696,1728,1754,1794,1838,1549,1619,1665,120,654
242,1814,1646,149,1754,1824,1975,1758,1643,1595,1712,1853,1771,598,1487,1575,1755,1791,229,1749
156,142,1554,698,1529,123,1686,1906,89,279,1465,1532,94,1842,163,1733,1748,1567,1582,1816
1827,1835,1893,1764,300,202,1545,1673,346,1543,1215,891,1776,206,848,114,721,1908,1934,1663
1528,1788,1809,1489,1905,1613,1573,1731,1521,794,553,1894,1656,123,932,920,1591,80,1728,1824
1705,1857,1481,1103,1592,575,210,1381,1835,1906,1805,1356,1565,1951,1758,227,1608,1725,1733,677
303,1477,1589,1969,266,1680,1479,1543,1699,1700,75,992,999,1760,1848,1740,1514,1494,1691,1930
45,997,1906,209,1535,188,1384,1939,1596,1516,1627,97,1546,1568,582,176,1963,1556,259,1496
283,1726,1671,1494,140,1582,1847,1799,1796,1687,315,1095,1940,1654,1310,188,293,640,1390,1788
1722,241,1819,516,1692,1774,700,1619,308,294,1630,1817,1751,133,256,218,1044,285,1580,1850
95,1896,79,1752,1546,1802,169,371,1701,207,1527,1556,227,126,1534,1909,1800,133,1600,705
208,1708,1537,840,1502,1682,1845,1786,1657,692,202,1617,1663,1539,1593,1774,1842,314,1554,1548
1497,537,137,288,1834,1639,1626,1731,234,1561,1638,1752,1501,1580,228,1289,1488,881,1675,1724
1544,1562,1793,1735,297,91,698,553,1616,170,1733,1518,1665,1132,1777,1849,1446,1421,113,1069
1389,233,1622,1755,1974,1546,1071,1597,1828,1723,1537,166,1715,1246,1494,1708,1748,761,1740,439
998,846,1834,1696,293,1672,1542,1768,1843,1809,1674,1856,1909,219,1214,1731,126,1910,555,1677
1749,1394,1660,252,338,1680,1247,1627,1352,1843,1885,195,1556,1682,168,1629,932,1495,758,1767
263,872,1387,1072,109,259,1571,191,139,703,762,1679,107,1418,1707,1597,1977,1838,1509,86
1479,847,1099,1494,1650,1689,705,1539,1727,1755,1821,1735,1553,133,1490,1717,869,1820,242,699
1713,1679,1623,1669,1515,487,1485,1906,1719,1940,1782,936,1572,1855,1677,1645,236,153,1760,845
194,1921,1660,1508,1575,1714,250,1729,1970,1963,304,264,1572,497,1532,1070,1490,1184,1579,1809
919,292,1498,124,197,576,1871,1673,1581,1790,734,1600,1546,108,202,179,1922,1710,1696,546
1492,795,1564,1606,526,1737,1070,1601,1578,1026,1655,778,556,1490,1839,1722,81,1725,1735,1521
20,1612,1661,1775,171,1704,206,1231,758,169,28,1512,1842,269,1675,434,1730,1370,1526,87
1710,1846,1540,115,223,1817,1587,384,1532,1536,1787,1614,1785,1769,1906,1711,1565,1585,1926,1755
1601,1687,1698,977,1605,1683,1781,1377,1722,1636,1827,1570,1600,1498,1822,144,297,1732,626,1770
1514,119,745,1567,1838,319,187,1373,1495,1721,1729,1180,1034,166,1823,178,1482,1632,277,1795
280,773,1765,1485,1808,1810,97,1613,1391,1688,1067,90,1456,1562,991,1776,1476,1555,680,1160
1713,1660,1829,1710,1909,1631,300,241,1518,1037,1720,1671,1946,1810,1684,323,1633,268,579,1634
1004,1552,1384,1480,1838,1846,1596,1320,1521,90,1761,1720,1843,121,1509,202,1794,1586,278,116
269,293,303,1481,160,1909,313,1715,1755,1559,133,1043,1390,1802,1510,1860,1685,1605,1764,1562
1569,26,1699,1855,1251,1973,245,1761,686,1481,1739,198,1628,264,259,678,1748,481,87,1843
1922,1722,472,1809,297,273,1848,1750,291,1414,1960,1541,796,1720,1770,1697,976,282,1838,1783
1557,1731,962,1961,496,241,1652,1708,1662,271,278,1548,1789,1686,248,1719,1544,1842,1793,415
1926,161,1825,1532,1814,1574,1812,1720,1069,1702,1667,259,1625,1587,627,1568,1586,1376,1908,1689
1800,868,1548,1792,216,1286,1485,113,491,1726,1599,1823,207,362,1593,277,892,1720,312,318
1895,930,1850,1661,1780,185,310,1626,8,232,1689,708,254,733,1676,1801,991,793,1586,1593
680,1717,1714,1804,1716,1046,1753,225,1591,1854,830,1563,1777,684,1568,767,1799,1396,1675,1851
1565,1554,1616,169,1511,1895,203,1390,195,1842,688,1585,1179,1671,198,24,1630,1838,1905,794
1650,503,322,1660,1754,1516,1735,202,1656,1940,1480,198,281,1922,1812,1825,1910,1823,1568,899
1822,1750,251,1772,1662,1817,185,1841,1706,1533,1532,702,299,1719,461,1538,836,1490,1480,1721
1792,1520,892,1476,252,302,1856,1690,1550,1703,1717,272,172,239,405,1664,1849,1378,1669,307
1822,1532,717,1854,1625,726,1652,315,296,1683,1970,240,1738,194,274,1651,1600,1657,1518,1597
295,300,1852,16,1914,1549,1805,227,1784,1819,1655,329,146,313,1836,1493,345,1513,1697,1659
1641,1572,1829,1603,102,1813,1820,1563,1702,1709,125,1752,138,801,1667,1844,1614,1579,1786,1153
1795,618,1735,1736,1490,1380,319,1492,237,1774,1824,1671,1760,1794,1688,259,1850,1749,1499,1622
1532,1745,50,1534,256,1672,1617,1558,355,214,1837,1635,1395,1556,1656,767,1836,106,1266,1618
1809,1751,1510,1504,130,1759,1042,942,1726,213,1677,1673,1542,1572,1201,123,1718,1488,1650,1702
954,1835,1710,181,1856,1611,514,209,1774,325,1572,705,518,1811,1630,1534,1485,103,176,1700
108,1680,1675,1329,1536,244,1743,1049,1827,40,1561,1771,1929,1961,1522,1838,1782,1733,1655,1597
717,251,116,197,1615,1547,1975,131,1546,1499,1522,1699,155,190,253,1842,487,176,154,232
1693,1711,1922,711,1905,1583,1113,1484,1655,1835,175,1512,1485,1825,1737,1747,1692,1508,1763,1396
1560,1525,1838,1840,231,1682,1528,1776,1768,100,1509,1668,1855,1562,1856,1766,1912,1504,90,567
1616,1842,1647,1481,1555,1605,220,1789,727,1562,1786,1906,315,130,1669,1031,1757,191,1852,1563
1899,245,1520,1713,1574,197,216,1846,290,310,151,713,1946,93,1830,1511,89,1507,797,1676
225,1726,224,1465,1738,1505,1512,1828,1622,945,1644,229,1754,1496,1909,1539,1491,1602,1637,201
1635,311,1672,1520,1380,1505,1101,1652,1710,586,1905,1507,1731,995,1971,275,1162,1906,911,1671
1677,1804,1604,299,1609,1496,1600,1481,280,1562,1507,293,1841,1712,229,1776,1695,964,45,168
1665,1644,1555,1511,1615,1723,1828,320,583,1319,1550,1822,1715,1833,1789,1506,1736,1630,1808,1791
1840,1667,1550,1754,515,1724,1626,1767,796,1814,1822,1717,1481,327,1831,671,1900,1710,1385,1719
1658,1702,312,1821,1669,1353,1521,1691,1601,669,1746,898,1540,1493,308,1835,326,1849,1491,216
1532,1387,1661,1906,306,1820,1647,214,316,200,1814,1774,1527,1781,268,1519,1697,1176,1806,217
1489,1625,1934,1583,1757,231,1649,1209,153,1678,262,1784,200,177,319,1572,1700,1531,1609,1747
1596,1695,1736,1603,95,1530,1776,1654,375,1942,1016,201,113,700,1047,108,1659,1503,674,1977
1850,603,128,1659,92,1822,1378,289,1617,1500,1610,1002,1840,1837,208,1635,1521,795,182,1759
216,215,1704,1539,1606,1805,107,166,32,1485,688,588,84,1771,74,416,185,1675,1822,182
1806,1753,1372,1680,275,371,1614,200,1589,1578,1831,250,1983,1574,1657,1162,1482,150,114,1521
1148,1952,1294,212,1705,1733,138,1780,1530,1603,992,1164,1268,1524,742,1000,1812,1601,1796,221
1718,1562,1600,1567,1382,1737,156,241,1173,1638,680,1485,1607,276,603,1647,1490,182,203,101
1724,1699,1551,110,1728,804,325,1920,1640,1524,1951,1533,1786,111,1680,1615,1496,1749,15,1655
1669,1608,1378,1765,1528,1388,500,1627,221,245,1651,1492,121,1584,1117,1396,1521,1622,1746,161
1844,305,1598,1816,1601,1389,1609,301,1365,1521,1545,1376,1063,1700,1514,1611,1575,1561,1838,1631
1365,1767,537,1568,1682,1522,1475,1788,987,202,24,1819,203,191,126,1479,1673,277,492,1519
1518,1849,1704,1746,1565,1782,1472,1940,91,270,1808,1828,1912,115,1072,1671,1252,1613,1846,1379
1449,1524,1736,525,601,240,1197,1639,553,800,78,1472,68,1632,565,1587,927,1809,1677,793
1904,187,1224,1707,1634,1478,1070,1942,1837,1598,997,555,1807,1480,1946,1557,1098,1755,1763,811
920,130,261,77,1527,1381,1708,1502,175,669,1380,1905,89,1908,304,1830,1678,486,1835,1900
1857,1944,1500,1533,1682,417,1848,95,1662,800,1570,1793,1772,862,230,1521,1809,903,273,1811
184,1835,1781,148,932,238,575,1509,13,1523,98,785,914,1070,165,1857,1682,191,1576,173
1528,1729,1696,1857,1320,1782,311,1768,172,1755,103,323,1478,1569,1953,1700,1816,1723,1521,1683
328,1477,1478,1698,1533,1962,1777,1819,1793,799,1596,222,215,509,1714,1848,1761,490,1555,1843
1593,1963,1748,792,1505,1781,1606,237,933,1517,1653,1687,1652,163,194,1684,1381,167,1701,239
1746,1661,147,1748,1822,1240,1635,1611,1643,1560,1586,1695,1341,1564,1594,1749,1794,805,1007,1521
167,1083,1757,1905,1799,1716,1824,1946,1724,1827,1602,1733,309,1533,54,1819,1676,1667,189,1747
162,1696,131,255,1509,298,1565,645,78,149,1704,1601,1516,305,179,325,1850,1670,728,1673
198,253,1675,64,215,804,1573,1693,1658,1847,879,998,1638,1696,165,1050,1626,1531,1767,1779
222,1850,1717,385,220,65,1646,327,1908,249,1339,1852,1821,1275,1273,244,271,1790,1501,1979
198,246,95,1979,1509,1816,1512,1560,1614,1912,320,131,25,1734,1624,1617,1818,1638,1441,1619
1477,1624,1665,111,250,299,78,1716,1701,229,211,1707,183,1975,1601,1664,1170,1520,198,1832
1635,643,432,1792,932,1320,738,1831,613,1836,1535,1697,1575,1744,1684,1809,1654,1071,1776,183
140,1482,115,1635,1512,1844,787,1702,1544,1644,1788,1594,1565,75,533,87,1742,1519,1641,1652
256,297,1810,1855,1737,235,1755,143,1372,1823,902,1543,785,263,1627,1368,1534,229,1483,1611
225,1005,1581,1476,1787,1769,1762,1780,1512,137,1739,1908,1327,806,1775,1502,1730,717,1563,1599
1894,1525,132,1709,1707,1270,1758,1698,1390,1786,1511,242,1625,1837,1645,180,1746,1492,1831,1149
1762,1784,1795,297,1174,701,672,1853,162,1394,903,681,1552,1509,1575,1960,1635,1789,1855,1625
501,1585,1378,1635,211,1929,1601,1478,1380,1826,1511,1820,1231,1508,1690,1711,1674,1783,1499,1854
1484,1391,300,1487,1539,179,137,1571,1702,1388,1477,1590,250,1554,1938,139,1763,1671,1726,838
1197,1813,1630,1495,1509,1669,179,1790,1693,1807,1275,113,1254,1937,1691,1565,1873,118,488,1844
303,840,1113,1745,1498,1478,1558,224,1790,1506,1815,106,509,1847,186,1570,1832,1899,577,288
1092,1778,1729,1531,295,1674,1675,1475,1650,206,327,1137,678,1764,1936,1559,80,1481,286,189
1627,1696,1719,251,1186,1792,1798,1612,1644,1581,1971,1840,1505,1058,1925,1947,1799,1488,1557,1638
1687,1519,1574,320,1549,1733,1548,1847,1526,323,195,750,1528,1795,1679,1516,1654,979,1573,138
1897,1641,1566,1531,285,1530,1741,228,1974,1911,1824,279,1899,1740,1603,1713,283,867,1538,1777
1710,558,5,1799,1853,1891,1587,505,158,1845,142,1391,279,1101,705,259,1796,266,1543,1974
1987,1974,802,1564,1562,145,1983,1684,941,1537,190,1866,1635,109,1518,1718,1908,1695,1839,1813
1541,1562,896,230,1973,1806,248,1529,871,1778,166,993,1667,1294,411,1658,1026,617,1772,114
1481,1834,1490,143,105,1816,1911,1677,80,1703,1941,1520,1746,1600,1499,142,1853,703,1743,1502
244,1615,1603,1673,1515,312,1523,1656,1841,1544,1436,1065,1646,1796,1852,1695,1490,1535,1755,307
1479,1754,791,1825,1770,1477,1481,448,1930,1188,81,1527,1987,1593,209,1656,1626,96,200,1828
1358,171,60,1752,1849,1519,1667,1774,1504,1608,1496,1930,1789,1905,1786,172,1796,1505,1644,135
1799,206,1731,1897,77,1365,1939,1770,1498,1480,1627,1823,599,1703,1732,1697,228,241,1728,293
1189,1622,1975,1550,1712,1959,1383,1656,1677,1582,1703,1907,128,1369,1851,1541,1767,162,1834,1637
186,234,1756,303,1416,1522,1505,1614,1497,1848,1794,1121,1936,1526,1820,1784,869,1728,231,1496
1810,1798,1667,964,1705,1069,1522,154,1783,1486,1746,1625,1982,119,1663,1305,1729,1802,1636,1759
1556,1747,1625,1798,639,1837,1572,1713,177,803,644,1959,1552,1982,1826,1452,1595,1095,1675,1476
1953,1682,316,804,1742,1544,103,271,1629,313,1741,473,1000,685,1852,1678,237,1487,1548,1533
1854,204,1536,1551,1636,1196,993,1521,94,1671,1744,1487,1839,1038,1317,1895,1717,261,1736,1913
1857,1625,182,304,1906,1823,587,1881,1690,1948,1621,171,1426,1851,1639,1854,1685,1653,1832,901
1845,257,1059,71,1563,1622,1567,1704,1697,1519,1773,1383,1581,1756,1574,482,1830,1943,701,1608
46,1700,1529,1551,1829,1519,1827,1712,789,1750,1960,1606,1716,348,1644,1651,1688,1710,1825,1782
1907,136,237,1638,1517,252,1673,1677,1817,1480,1807,1808,684,1667,168,1606,1574,1015,180,1918
141,1774,1649,217,517,1543,1072,1826,1820,1506,1693,280,1605,1796,1645,1709,270,1115,393,1684
