1524,178,1607,1389,1892,766
1777,1482,308,1758,1793,1717
1475,1899,1672,1065,1313,1803
1821,762,1785,1823,1860,1736
186,1673,1535,1680,306,1759
180,1739,365,1675,1579,1802
544,1535,1804,170,1840,1734
1540,1764,1713,1676,1625,1624
1665,1507,1700,1492,969,1006
1803,1478,1552,1526,671,1606
1640,1710,1808,300,1529,982
1686,1590,260,158,324,1656
1584,1546,230,1848,782,1630
1593,1912,1398,1989,1567,1544
993,1748,239,1673,1267,120
99,1646,1649,1696,1475,1690
1785,139,1876,1795,1760,95
1799,1764,1548,1574,1685,164
1621,1532,505,1797,1774,1656
1514,1562,1697,1637,319,1797
1684,1827,224,1656,1672,1524
92,324,1850,1519,1499,1892
1779,1762,1816,1221,196,1475
1004,715,1518,955,1303,1644
1739,1538,1789,1520,1604,103
1746,273,1475,1973,288,1484
1212,1381,1548,1605,1396,1853
1584,1748,1622,1494,1257,749
1851,1576,207,186,1850,1716
1511,1384,162,1579,1592,706
1653,1554,1766,1606,282,1489
1823,1922,1755,1622,1913,72
227,1824,1623,1813,1536,1811
1504,1833,1599,1565,1575,318
1744,1698,1646,1712,1847,54
111,1521,1662,1795,1375,518
1907,1601,1802,28,801,195
1623,1072,1852,205,241,1534
1825,1626,1821,1514,1576,1598
1746,1540,1838,1756,1654,1691
592,1301,19,1159,1712,986
1538,327,1623,1100,1777,177
1772,1375,1583,1380,1503,1612
255,1736,1375,136,1652,427
1683,621,1600,90,1690,419
200,1689,268,751,1711,1646
1519,124,1786,1532,281,1746
214,1649,843,0,1112,1910
1733,649,598,145,227,1527
1905,1596,178,863,1649,1533
1643,1718,106,1363,108,1826
1809,1615,1082,375,1852,843
1639,1663,1775,1499,149,1243
1813,1655,170,1496,267,1651
222,1909,785,1655,1930,1679
102,1719,1821,1503,228,941
272,1643,1810,1840,1510,1775
1580,221,172,1591,259,217
1712,1568,272,1666,1492,1974
1613,1570,359,480,563,1708
1038,1754,1722,1726,1780,1494
680,100,1552,260,1974,1576
1632,1643,1755,1665,305,1557
1667,811,1660,94,1476,179
1499,1809,920,280,1935,329
1648,1375,1088,1362,1511,65
227,1365,1217,296,1985,210
1483,1583,1823,1625,1735,666
1747,1722,1785,1796,934,1563
1503,1913,151,1484,1786,1663
991,1697,1508,1827,140,1675
274,1772,321,210,1964,1822
662,1830,1922,116,143,1641
1821,1910,1675,1658,1659,114
1535,1755,304,1760,1595,1742
1912,247,1852,1692,1705,1583
1669,1389,1543,1658,1084,288
1841,1766,1785,401,1432,1730
953,1550,1510,1791,236,1686
1653,1821,1493,1573,1580,1795
1660,1729,1780,69,129,1478
382,1708,1609,1769,1373,1851
1800,1577,1848,119,1680,1565
1704,368,998,1824,443,119
1782,1817,1777,1922,1640,1591
1672,1529,1524,1558,1777,1792
1894,1594,661,1781,1791,1580
1719,1855,1396,1908,1856,1617
86,1137,1691,1545,1566,1395
1813,1624,78,1645,1477,1836
1747,1622,1571,1540,1850,1569
1511,990,1605,1190,1774,1573
1607,329,611,273,260,1493
1588,640,1584,1825,157,1653
1651,497,1669,1495,1806,1788
1799,1562,1643,1825,1734,1268
312,1084,1712,1554,1620,1560
1667,1558,150,1658,1907,1739
1697,1567,150,133,151,1562
1040,801,1479,1574,1197,1485
1900,902,1666,89,1571,1795
1909,1835,144,1566,1950,1605
1848,1696,1560,1584,1693,1733
96,209,244,870,1672,932
1762,126,1633,1636,214,1801
1849,1535,1561,213,1486,1683
1907,1823,1587,1505,642,1600
1519,422,1804,1778,1717,1763
1597,1508,670,1833,1614,1754
756,1586,997,1751,1612,1621
1811,1963,225,1391,1772,1777
1577,150,1719,1556,783,1777
250,1511,1673,1856,942,291
1684,1513,1428,921,1492,1846
1847,1963,199,1095,1905,1475
1634,1829,1922,1941,1507,1684
1594,1960,1753,1114,304,1746
1731,1764,838,79,184,1593
1518,868,118,24,1544,1795
91,1717,1525,1773,1512,1665
1705,1842,1527,1591,1699,1721
1596,1520,25,1554,290,1713
93,1677,1618,141,587,1906
317,897,1665,1916,1723,1592
1590,1582,235,1799,1513,1607
996,239,1680,304,481,232
1854,1767,1797,1981,1751,203
1968,1582,1781,1787,109,1643
1562,360,1711,1546,391,324
1119,1613,222,1696,1790,1630
984,7,1558,1571,478,489
295,1608,1566,581,368,384
1715,1519,162,322,1713,539
1609,1700,279,1627,1652,716
1552,1521,942,1907,199,1704
1774,1812,1684,1658,100,1837
1391,161,134,1563,175,1913
1097,1820,1777,1750,1593,1339
1734,1911,1826,1681,1612,136
209,1202,275,1287,89,857
286,1716,1528,1805,1338,1666
1912,1670,750,1530,1850,1499
1022,1508,1796,1544,1754,1507
1538,812,335,1669,1712,1778
219,737,164,1828,1570,1508
1547,1786,240,438,1726,309
576,1853,934,1677,97,1731
1562,143,1563,1601,1559,1722
1970,1478,1499,1528,127,1703
1594,1545,58,1847,1000,786
1834,621,1709,1593,165,313
1174,1720,1625,1485,267,168
135,1855,251,1872,1874,572
802,1834,1959,1661,1601,1594
1972,1684,1845,1623,1947,875
852,1478,781,1627,1835,1491
1672,998,1708,1787,264,1521
1693,1633,69,1718,1802,881
1332,1839,1501,1901,1699,1788
1560,119,1574,1581,1756,1554
1671,703,246,701,1722,1578
1674,396,1905,171,1566,300
1800,1544,1490,1249,619,1937
1485,1810,1676,1524,1566,1572
542,234,299,46,1488,1541
122,1555,1710,782,1796,243
235,1242,1739,1580,1489,1366
1814,1748,901,1856,1478,1708
298,1771,1812,135,1499,1693
1573,1709,1567,157,1620,1550
1767,95,1835,711,1811,943
1846,1572,1583,1017,1503,1663
286,1789,468,476,1479,208
1806,1772,146,1488,608,166
1479,1791,226,1830,1494,1833
1856,471,1727,1615,1719,1600
1613,1686,1607,1561,302,1781
447,1502,148,1955,1778,1482
74,319,1907,1765,1646,1704
1770,135,320,1600,1784,1503
1619,169,1856,1825,1718,1496
1810,1814,1552,506,1510,777
1978,1824,382,1630,1548,1809
265,1716,1596,627,1488,1515
1520,1633,1494,31,1495,101
1558,1562,268,168,298,1839
1829,1840,1555,1704,1842,1785
1828,1746,1525,1767,1072,228
1613,705,1604,1808,179,196
1794,1502,82,1746,288,1600
1909,872,325,1738,982,1040
1680,471,1374,1078,1688,1529
1855,199,1949,123,1845,65
710,284,1551,1661,1933,1684
1486,1387,1582,1754,1734,794
1576,1681,956,1520,343,1843
1480,781,295,1479,188,1854
1754,148,1832,1611,1063,1672
1838,1787,1843,323,415,1537
448,1721,1610,1669,1889,1505
76,266,222,325,1123,1845
649,1907,242,1517,1240,1655
316,268,1478,1609,1666,1827
1909,1679,1725,1932,267,1764
240,1556,1508,1753,136,1775
1804,1712,208,200,234,1743
1850,239,1320,1903,1059,794
90,133,1789,1786,1831,1905
1672,1523,114,972,1778,274
1527,1756,1513,251,1958,1767
1580,1683,1734,1714,95,1330
1394,14,290,1843,1537,1750
846,1598,1781,1958,97,388
16,198,1788,1827,1736,1671
1600,102,1552,1927,1492,329
1774,1757,268,1543,1653,1723
878,1620,1922,835,1832,1803
1486,1891,190,1913,246,1761
1625,179,202,291,1802,148
1515,270,1807,1383,1970,686
1297,1972,1738,334,1732,1366
1955,1807,1649,155,1534,1218
1666,1701,1384,1813,1567,358
1250,97,1857,1528,1673,1814
1700,1630,1754,203,175,1660
1661,785,1546,1906,325,1908
1604,320,431,1613,224,805
87,1661,1603,1794,1620,1392
1824,1797,1555,1553,137,1661
1830,1595,1660,1701,250,1724
1562,1652,1599,1477,1215,1695
84,1593,564,984,128,126
1816,1856,469,1922,1738,316
1970,1746,253,1699,1731,1454
1905,633,1536,1746,97,729
1736,314,1751,1857,1593,1850
1787,1951,1842,986,86,1565
1737,1909,1834,1382,1857,131
1480,291,1705,1832,91,1481
257,265,1813,191,1945,1722
866,1796,196,262,1746,1767
1580,1072,134,1779,1220,936
1012,1682,1555,1595,1775,1638
1118,1631,1802,1581,1503,1510
1608,608,1490,1648,1709,1717
1616,621,1613,268,1625,660
658,1707,1603,1266,26,1713
1582,1744,1379,1685,1804,1957
738,1734,1661,472,1610,1729
1391,1606,1681,262,1579,1850
1609,901,117,1508,1503,85
423,1823,1803,1620,1519,355
233,1675,1778,1475,1614,1684
274,158,1896,165,1539,1382
1535,121,1772,1531,1765,1626
1528,1608,1546,1641,1686,843
1751,1670,86,1823,1716,1561
1774,123,1628,286,1817,1511
717,1754,884,1580,1800,253
319,1853,1604,1493,1368,1855
1475,1789,1813,1575,772,1786
1521,1525,374,1769,311,83
1842,1628,1835,1741,1683,1508
1546,1694,627,1818,1851,1824
1674,220,969,475,1822,1514
1911,168,1564,1973,230,1654
1692,159,1636,1968,1755,1805
1682,1533,1668,1711,1704,1613
1480,1825,1611,1780,1556,1539
1907,1769,1842,1845,982,1679
1590,1517,1753,269,318,1475
140,780,1804,1273,41,1191
340,1758,1577,1754,1720,1652
1711,1965,1674,296,1581,1776
69,1505,1964,1630,1528,253
1535,1124,1702,1376,1691,1909
28,515,1533,325,1449,1170
1703,317,1730,1619,242,327
1328,1622,1783,1855,264,1433
1533,1124,272,228,1845,1479
254,1515,1575,1520,1806,526
1595,140,1626,226,1755,1133
1500,249,1565,1857,1669,1751
1383,1775,1847,44,235,297
1961,1813,1479,1574,120,226
294,1869,1820,178,125,879
1803,1922,1662,1741,123,1645
1246,211,171,1988,1493,1436
209,1367,1694,1805,949,1631
1652,1394,1322,1826,1679,1551
174,1708,1660,1930,1500,1603
1847,297,293,1759,1732,1528
310,1747,73,1757,1816,1699
74,1730,1848,1676,690,1584
309,90,1500,1728,188,320
1696,1258,1634,1490,1774,497
1717,1483,312,1896,1983,1790
1453,1389,43,1543,659,982
1758,1612,284,1629,1616,258
1809,1055,1674,1631,170,1770
1057,1834,279,1738,109,1721
1788,1566,1828,1945,1678,1508
1390,118,1644,1741,1500,257
79,1568,311,767,270,160
99,267,1170,1620,1524,180
1529,157,1608,247,1365,175
1781,1178,1587,1478,1813,1749
192,1515,817,1911,1562,253
144,1763,102,1600,1605,1789
184,1480,1783,1695,1851,220
1697,1849,1853,1683,1550,894
1535,73,788,154,1059,187
105,240,1682,1910,1782,1666
83,191,426,1518,120,1605
1617,1655,1724,1684,602,1687
288,90,1610,1734,1871,1605
258,1100,1548,1739,1534,1849
1371,1653,1601,1713,120,933
1838,581,1538,1733,120,1670
1675,201,1854,1751,475,1884
1584,1941,1596,1486,1669,1516
1820,1622,1781,1571,1784,216
1521,245,1756,1698,720,1912
1671,214,573,235,248,266
1545,1514,1636,1391,1650,1665
1612,247,1906,121,1643,114
26,160,1908,1693,623,1633
1702,369,211,1501,391,1721
1520,1633,1733,1848,1501,1521
1638,1712,6,1776,1846,1617
1665,1601,1846,229,1748,129
153,1544,577,1591,1365,1575
1752,542,1642,1504,1846,1586
1090,987,282,1794,119,1808
1778,1865,1759,1477,1543,1622
1501,98,1850,1844,1842,1564
277,1666,1546,1608,1560,1674
1670,160,1750,1633,1809,1294
291,1252,1860,1826,1556,1559
1661,310,1552,201,28,1734
248,821,1950,1551,298,1387
671,1690,1661,1561,1975,1812
1892,1305,124,1717,1958,1447
1828,1731,1795,1624,1796,267
112,483,107,122,1845,1540
1585,1857,1658,1654,1586,1620
140,1714,1818,1723,1556,139
328,1844,1655,1475,1618,1605
1538,783,1529,1839,1675,1707
1952,1676,1573,630,1905,1784
1596,1640,1621,658,1587,1837
1786,181,1896,818,1671,1698
234,1703,93,1763,1612,1896
765,1540,1985,1526,1360,285
1756,275,1826,1954,1508,1794
1798,1841,241,856,626,1775
1703,1529,248,1673,1684,225
222,1781,684,96,1738,1585
1691,129,1947,1391,1716,45
1789,1498,155,219,1856,313
1540,1905,133,90,120,1897
13,1606,1174,1789,1639,1475
665,1912,108,1895,1954,1211
83,1662,1638,850,1468,1011
1719,395,1949,209,1596,1591
223,168,1939,1094,126,1615
1298,1755,1716,1797,1380,1674
1642,1953,1711,1540,494,207
287,1810,108,1609,308,1912
789,1611,1606,773,1681,1657
1679,1558,123,1600,1970,1694
246,1675,1910,1821,204,1570
90,218,242,1481,1899,1750
1650,1727,1671,1501,1507,1770
211,1580,1505,1253,634,1556
179,1747,1654,1814,1758,1550
1800,1370,1755,495,1813,1513
1708,1678,282,292,1209,141
1735,730,1522,1505,1774,1577
1506,1605,151,1794,1793,1582
1607,1622,1832,244,1810,252
268,107,1759,1598,182,1975
1836,1647,1773,105,1087,1807
1744,1589,1383,1939,1851,1594
1046,394,286,322,1752,1715
1579,1501,171,226,1662,1099
94,68,52,1392,1552,102
1711,1922,1557,1518,1586,1639
1695,1826,1553,1574,102,905
1751,112,1218,234,1803,1698
1602,1520,1002,1510,1752,1769
1802,1832,1713,1325,1490,186
1663,1789,1636,630,1907,1033
242,1726,1194,276,1817,1825
1714,1722,1850,1831,1487,1650
1711,1778,1810,1732,232,1909
660,1730,1563,1788,1746,1613
270,1595,1631,1658,176,261
271,1594,1600,991,1654,1494
237,126,283,1750,203,1595
1499,112,610,399,1732,1533
1327,179,1642,1526,1850,1809
805,633,14,1630,1596,113
1478,1845,1739,1205,1545,283
1823,1418,1619,1688,868,291
1502,1613,240,932,1508,785
1478,1579,1677,555,1837,1526
986,1185,201,290,1653,1526
787,200,1732,1811,1654,1409
1594,1728,1677,311,1817,1909
1617,1563,1854,1496,1124,1678
1560,904,1819,1750,1985,1854
1679,992,1270,1648,1181,1490
1696,1495,792,1758,1640,1759
1771,306,1363,1480,1895,1599
1754,1555,1216,1546,1632,1605
1651,1649,1072,1587,1482,842
1833,1345,770,1732,1607,924
252,91,1734,1727,1759,1548
1598,1603,580,1830,166,1475
1773,1660,1369,202,264,1611
1825,1857,1574,1465,1613,257
324,1680,120,99,182,1342
1154,1840,232,553,120,1657
336,1396,1854,1829,256,1752
1761,1525,1658,1909,1482,1737
384,81,124,148,61,1545
1507,1585,1242,429,1814,1478
1854,1689,1726,624,1682,1495
278,214,1773,1942,1850,1502
256,1564,1552,1764,1378,1974
1759,135,852,1476,1971,558
1582,1733,1610,1815,1070,1795
1681,1734,1954,139,1501,1658
735,1930,568,1657,1772,1836
311,1759,1529,1589,1850,235
1504,153,327,1553,226,1568
1574,1597,1713,969,1744,168
1907,1703,1598,1500,366,1562
1628,1540,249,1479,1525,1838
1743,1738,1513,1619,1061,1680
1756,1804,1631,323,1681,1607
198,1948,274,1742,120,1491
1626,1944,1554,1558,738,1396
1255,1720,1976,1691,1719,1544
233,1574,1645,1825,1781,285
503,1551,1666,1844,541,1480
1799,1776,1026,237,1595,275
1616,98,1833,1714,1796,1716
255,98,1769,1975,1771,280
1099,1795,1488,1591,198,322
1593,1731,1847,1718,1391,1778
548,1313,1501,1552,1617,1583
1795,1506,1563,1921,456,1479
1726,1371,1747,415,540,1274
1521,1683,1744,278,1785,1797
1245,1552,1833,1376,1753,1479
1493,216,1944,1773,164,1710
1674,1483,1775,1716,1744,231
612,286,1907,85,1829,1912
1555,1813,1785,1614,896,271
1599,1635,1805,1720,193,840
1785,1588,1628,1849,1551,597
880,169,1810,240,1555,1779
1380,1745,458,324,289,1797
1728,212,83,1610,1554,1095
1685,1395,1751,1826,633,1682
218,228,1512,1647,89,205
832,1922,1725,1512,1678,1889
1736,547,1542,1547,188,1586
1788,111,1831,28,1705,84
1705,1479,1815,1892,286,1895
1755,1682,1768,1770,137,1730
188,1903,1930,1764,1674,1654
25,358,1481,502,1834,488
1559,1679,1630,1621,903,1910
1795,1507,760,119,152,1498
1516,1692,1363,1978,797,1834
107,1687,1772,672,215,1689
1383,1629,1820,1833,1848,1677
194,1802,1614,183,1661,1475
447,202,1666,857,1810,1743
280,1772,1849,287,694,1651
1515,1779,1646,1609,194,623
1004,1884,1663,1608,1710,629
1721,268,1655,1846,1544,288
235,100,162,1621,254,643
279,244,1655,208,1715,1394
1180,599,1964,1393,1769,1704
1842,1811,1913,230,1477,1568
1476,569,1828,1496,1575,1777
85,218,1819,1632,1064,1906
626,627,939,288,1485,1669
1638,45,1198,1729,1587,1791
120,1783,1719,1561,1749,1478
1705,1753,94,1609,902,1630
555,1375,1620,314,1774,1508
1649,1762,1803,1491,239,1697
1728,1859,14,518,1482,1905
140,1794,1772,160,1614,230
1586,1692,1659,153,271,28
111,239,1572,1807,1811,503
526,1582,535,1859,499,1650
97,1912,705,1973,1492,606
1892,1599,1578,1525,175,1582
1654,1628,1085,1626,160,1489
147,1640,566,103,1620,1787
1577,1662,1568,1793,1617,1813
1614,1821,1910,1529,1504,1783
1493,105,1817,943,1515,1540
1842,1746,1523,185,1340,1643
1114,188,1825,1906,1833,1812
993,259,101,1947,1850,1590
1943,1589,1821,321,1729,78
1776,210,1814,1825,1797,1395
1631,1563,1711,1606,1785,1505
1546,87,1679,1840,1828,1158
286,1821,1502,1560,1391,1712
1706,1529,1612,1719,1765,1146
1596,1939,1541,247,429,1498
1827,1522,1070,1714,1480,1599
278,1565,224,1847,1574,1106
1365,1757,1728,1620,954,222
806,1566,442,1134,1969,1475
1733,1899,1524,1770,984,1496
1837,254,321,221,1906,671
1748,1337,1775,329,1765,1651
514,1592,1093,1839,1543,700
1498,148,1710,280,530,1585
1660,1005,1757,283,292,1841
1797,1869,357,98,1588,1752
1542,1479,1608,1639,314,1231
1764,315,1822,1685,1735,1463
1209,1657,285,1531,843,1536
1846,1070,1813,1296,1531,155
1709,1770,1100,1553,1663,1644
1738,1365,1381,1536,781,1736
1849,1550,1779,1380,1959,82
1939,706,1776,1669,717,554
128,1573,1508,1850,102,1577
1816,1538,1285,1827,1781,1680
1573,1550,1819,1948,1873,312
1522,112,293,1731,1606,1654
1841,1782,256,275,1880,1912
1501,1799,499,1907,1796,1617
1717,1595,1816,1724,1530,702
45,1508,111,235,1665,152
1022,1365,460,1597,1580,164
746,1603,442,274,208,399
1585,1698,625,1663,101,1614
29,1913,1593,1162,1675,1506
1553,1119,188,1565,1500,1819
1300,1844,1562,1489,110,1702
1676,257,214,1908,1165,1957
1541,202,323,1712,1009,1713
1637,1678,1070,130,1632,1441
152,1517,1547,1532,210,1396
1584,1476,1790,1723,1513,1646
216,1708,95,1516,1551,1168
206,1486,1674,1546,1733,1510
1855,1512,1487,1246,980,1500
1984,1495,1829,1780,1747,1617
1544,1493,1820,1663,1727,1395
1523,1525,883,1899,1650,1551
317,1678,1922,1968,1661,1793
1742,1741,1836,1571,151,1480
1630,1640,1103,1598,1777,1866
391,1479,698,1855,1588,1723
1792,1801,300,184,1507,1703
1898,237,1573,1795,1657,1104
1820,1813,1759,217,996,1575
1551,1573,1715,309,1746,1773
1488,1815,1644,1830,1788,1623
932,220,1535,1811,1629,1739
1567,1724,1071,1345,199,1714
1674,167,1612,1582,143,737
1585,600,1855,158,1843,1910
1759,1784,121,1754,1715,1695
189,1529,1732,1951,1697,642
1505,1780,1786,1911,255,192
1678,245,385,199,1800,1953
1752,1722,327,1509,1657,1750
275,1505,201,1488,1835,1772
1723,1485,283,1694,269,260
1786,83,1536,1497,139,1779
1564,1776,1551,1749,1478,1756
1928,1766,1588,1606,207,1707
1705,1595,1608,1515,300,1396
142,1329,130,800,292,1557
1489,1625,105,1565,1539,126
1823,891,1654,1855,487,1949
1742,1722,1619,1693,1785,1844
1597,1655,1615,1527,865,1770
1719,288,1732,1521,1380,230
230,134,1811,1499,1739,1749
1630,1842,807,493,1508,1672
1579,1547,1670,1732,640,665
123,1792,388,993,216,179
1767,61,46,1648,1768,1529
813,1691,1702,1849,1810,1067
1560,1476,294,449,1522,1702
762,1776,107,1719,1757,83
1481,1686,1377,1651,1672,1831
1708,1520,1758,1495,302,1089
1736,1656,296,218,271,1909
1534,1979,95,46,128,233
186,1661,1627,278,853,1614
262,1673,1498,1538,1555,179
188,1521,1718,1082,1561,1719
1851,258,96,1837,1494,161
150,1366,1506,1701,1013,1820
1665,439,377,1758,1541,1829
1658,422,510,1905,529,1544
1574,1584,1968,1526,152,1723
1801,233,1503,1567,1492,1554
205,1815,272,1914,1742,736
263,1585,1642,94,45,544
1669,1827,155,1746,1547,1337
1753,106,1837,1681,1764,1698
116,1566,1888,1808,1621,26
1624,1222,1695,1793,1593,37
1901,1828,1664,1969,1517,1882
1528,1600,1804,1913,258,1535
1855,690,1603,1735,1814,1198
1830,1606,1515,1775,1672,1749
1828,1779,1646,1106,1960,1720
1817,1897,120,1946,974,265
664,1039,1714,1073,186,1756
513,1500,190,1974,1546,1473
132,1751,74,1501,1392,1731
1765,1177,1699,645,1833,150
1922,753,530,1550,1739,1951
58,1771,1827,1932,1155,190
1685,1700,1745,1918,1178,1655
1629,710,298,1696,1837,1556
152,1610,129,1671,1833,1579
570,1728,1667,760,1523,1660
1829,252,1694,292,209,1794
1941,1892,1510,1738,1662,1372
1200,1768,1642,499,932,798
1729,1754,1834,1743,1485,1688
1694,1516,1061,1728,1709,1799
1512,1510,1813,319,1772,1658
1724,1640,1818,1614,316,945
45,636,1953,1723,1482,1606
1029,1507,273,1490,1639,1691
280,302,1086,1498,1848,1668
1754,1775,320,1820,1630,258
311,1507,807,1595,1500,1737
1666,1539,1491,1512,1685,1725
1649,1497,1973,1768,113,1958
986,174,1670,126,1953,1536
438,128,1908,1477,1740,1516
1607,1817,173,626,1970,656
135,180,165,1685,1333,1491
1628,173,1230,641,1712,1123
750,922,1738,1070,1678,1960
138,1622,1736,1517,26,1953
1913,1529,1822,1619,1703,1637
1819,1750,1477,246,1835,1722
1574,1834,1833,1853,1755,1523
1794,1577,1777,1570,1743,1800
297,300,251,1621,1486,1504
1860,1673,1645,1568,1653,1731
1628,1811,1545,311,1562,1345
117,1637,168,1527,1498,1685
281,1716,1673,319,1574,1656
1835,1426,1759,255,1660,1554
120,1563,554,1710,1689,1808
1743,1021,1534,290,1708,215
105,165,111,238,123,319
1505,411,1684,1141,1961,1583
1524,1830,141,1742,221,531
1804,526,99,138,1727,168
1383,1746,1657,1812,1907,1608
1906,1536,760,1714,1804,1561
1547,286,1744,1617,1758,1965
232,1734,383,677,1801,1490
1807,1668,393,1843,258,1743
1702,1827,1641,1747,1524,1764
1969,1721,1797,141,1720,1689
1516,1682,1529,275,1683,237
1648,1395,414,1730,991,1768
1376,185,1514,685,263,1693
108,44,1815,1178,1720,1576
1515,1575,1849,175,516,153
1833,275,1635,218,1701,1956
1610,1835,1606,1969,1679,1844
267,1755,832,1844,58,1758
1778,1811,1749,1843,711,1478
1905,1729,1492,121,1511,239
407,1665,1644,1900,1481,1618
1730,1820,207,93,1636,811
1909,166,1837,1525,1629,1913
1524,1822,1629,1930,1917,1047
1690,1717,1846,1721,1133,1501
1946,624,1490,1631,893,1553
1835,191,1582,25,1416,633
1838,1841,1588,111,1715,1583
1646,1981,1810,924,1610,955
1718,1691,1792,1105,1706,1732
1840,309,1553,1775,1682,1759
1709,1975,1513,1770,1545,1947
1525,1691,791,265,204,1721
801,640,346,133,1717,1678
1634,1882,187,1713,1382,1551
86,890,172,1149,1572,91
1645,79,1615,1504,1685,1692
780,1327,680,792,64,1811
597,510,1777,1382,1534,246
1653,1626,40,1819,380,156
1630,1772,1807,1871,1619,1597
233,1850,1840,1643,1628,1613
437,1966,892,1535,1817,1521
1499,1544,1849,1756,129,1822
1492,1395,161,1744,1499,1747
1475,236,1825,295,1782,174
155,1311,90,85,1721,114
1738,1762,170,1773,1816,1810
1162,198,1574,1750,1765,921
117,1569,1777,1370,170,1671
1511,1572,326,1709,1498,1849
1179,1621,1554,1849,1364,1637
1714,720,1592,1849,1720,1870
1678,1770,1156,1907,1370,1717
1580,565,1534,273,616,464
156,316,1119,1745,1613,162
121,1478,1617,1687,1559,1683
1621,1659,952,305,281,86
1736,1600,1733,197,1544,1540
1906,211,1550,1824,1815,649
1958,1608,1382,1188,1392,465
1070,160,183,1804,62,219
1567,1609,1513,1717,1072,1550
280,192,135,225,1699,1702
1745,1970,1509,1482,1905,1027
1612,1981,212,1681,717,1535
1759,1590,1564,91,1510,1753
167,1478,1696,478,1529,1581
996,230,163,761,430,1845
311,1529,1488,217,1804,1889
1543,1671,1831,299,1660,1941
183,426,1761,110,1798,1823
894,247,169,197,90,1498
1668,1591,1647,1807,1515,1779
1828,189,1751,263,1277,1567
677,1855,77,3,139,79
1539,1822,258,1560,1751,1972
257,158,1268,1580,1822,717
1846,1854,1743,1483,907,1600
1517,1000,1046,1492,686,174
451,1604,1847,1379,572,1818
1639,1907,1542,1586,1659,1793
1540,1625,1736,287,192,1855
577,326,1800,1944,1619,1590
1518,1710,1659,1684,1558,1639
1649,224,1846,1577,1665,265
238,1702,614,1603,116,110
295,1562,1775,203,1676,1967
1679,1573,1646,1548,704,1799
1558,1633,1565,1654,327,1918
1497,210,1836,1700,1765,116
1598,255,1753,217,1499,1493
1720,792,1528,1759,1742,1678
276,1731,1570,353,1588,1562
1554,1484,1490,123,1631,1513
1675,1846,1540,1592,1603,98
1674,642,1820,1913,1390,1848
1812,182,183,774,1728,117
1631,1505,1780,13,1483,1589
79,1534,1648,1515,80,1560
136,26,603,1585,1215,264
1515,1684,1757,806,620,1603
1238,225,1684,1680,1643,708
932,765,1538,1191,114,152
1595,1750,1476,1827,1815,1537
1906,1473,1722,1569,1506,1673
1770,1355,1568,272,1111,94
1822,1730,577,1661,140,1826
633,1502,1353,1748,16,1443
1831,1845,1666,1671,1535,1539
1507,1801,363,1630,1686,1366
1822,1870,784,335,1594,1486
1809,1908,82,1601,1891,1571
1960,248,1813,779,323,264
1935,1545,1802,1773,257,1510
1483,1944,1359,1594,505,297
1781,1410,104,1537,261,1563
218,1812,1585,104,108,1507
1844,1791,1537,898,1483,1395
1628,143,167,619,1485,210
1714,136,1704,192,1670,182
1536,1651,148,323,1539,1688
1484,1517,96,185,853,1505
1704,629,1222,1813,1611,86
1682,1561,1544,1657,136,1609
1606,1707,148,1727,1527,1321
1565,1713,1517,274,668,1612
1668,1761,1567,1497,278,1739
106,1486,306,784,1518,139
222,999,272,1709,1486,1597
1715,1641,1368,1799,1739,258
187,1697,1964,1762,1786,112
1830,190,1648,1666,1571,1580
1813,1025,1770,1850,94,1756
219,1611,1806,1723,1941,234
1490,1841,1850,76,1790,1718
280,1478,1635,1672,281,16
1711,1541,1744,1689,1389,1747
1599,190,1609,1899,1691,1181
1930,1734,496,1563,1550,1760
1218,821,76,1591,1857,1725
209,1584,1366,94,132,155
1669,1663,1531,110,1791,1231
1530,1833,1506,1595,964,793
1375,1673,1530,1584,1843,153
275,1478,1674,1906,1546,101
1504,1570,1852,1802,790,792
91,1687,1658,1926,313,1600
1651,1755,1541,1598,1821,107
1761,251,131,64,1635,1850
1489,1772,1775,1636,1807,1642
303,1504,1966,1519,1554,190
1540,322,1910,1564,92,1618
1527,1491,1776,99,1746,1651
1754,1797,108,780,1649,992
1900,1482,249,1672,1928,272
1682,1666,14,1661,438,1484
1899,1794,1830,326,1922,1574
1626,1832,1907,114,188,202
1774,1724,1974,1549,1696,1531
1844,1988,1617,1681,1547,20
969,100,826,1706,1375,1497
1869,1834,1469,1578,1274,1831
541,1307,657,1597,1585,1698
84,261,410,1828,1607,1495
1524,699,185,1804,1515,1771
1510,1556,1602,1709,1619,1644
1590,1475,81,527,1745,1707
1705,700,1545,1263,322,1852
1516,1546,1696,1381,1842,1647
158,1704,98,1665,165,1950
1822,1848,1365,1569,1843,1814
1592,1519,1750,126,99,1905
1821,1565,1421,1773,1640,277
1758,1511,1814,1598,1663,1354
193,210,158,1853,1744,1830
10,1758,1539,258,1706,1657
1727,1605,652,283,1481,1303
1626,1750,1607,260,861,86
969,1621,1748,1727,161,981
1624,1580,174,1912,1854,1715
1719,966,1847,1125,1737,1810
1721,1486,1569,1707,1354,270
251,721,1137,293,1910,1556
1578,1479,781,1475,1368,1850
1260,324,1622,359,360,1526
1968,1409,803,1478,1055,1676
1386,210,1713,1529,219,1573
375,187,1524,210,1509,1649
1574,1527,1946,1119,1648,1684
1595,1539,1823,1737,305,1479
138,290,1715,1830,1585,518
1815,222,1247,305,1789,1563
1680,1493,154,1670,45,1557
762,311,1518,884,561,1530
653,799,893,1850,1675,1839
1684,320,1836,1686,1567,1390
201,1542,1543,1815,1744,1830
1483,1827,1749,1782,1924,1691
1818,148,216,1721,986,1848
1783,1543,406,1597,176,1746
1831,1492,105,1491,206,1755
1547,1658,187,1826,1511,1529
1613,122,343,1494,476,1833
231,734,1531,153,1176,1607
1789,1741,1395,1590,154,1536
728,960,1815,1330,1511,1540
1527,1766,1669,1972,1787,1194
1477,1696,224,1833,1826,1820
1809,1534,1908,1490,1818,245
1514,1143,1502,1638,1796,1546
542,1747,1798,1612,1731,113
209,784,1662,1468,1665,1256
1591,1784,1483,95,1629,1599
245,1799,555,1383,1702,1671
1751,1623,1801,1799,1835,1120
1670,1791,1003,162,1528,1908
373,1543,1729,1942,1679,1607
1743,1553,1110,1780,1565,871
1677,216,93,1662,301,1631
234,1909,1856,296,1488,407
1581,518,251,1546,81,1538
128,994,1848,339,179,1625
134,1391,294,178,86,576
1688,1640,138,1491,1790,1757
1645,220,1742,443,1630,1577
1727,1879,1723,1850,473,1611
1729,1363,187,1650,1839,1642
271,1521,1391,121,138,216
1493,1913,1790,252,1796,1843
1383,294,1948,1906,1860,1393
1806,1692,170,1956,152,1619
1708,1674,1386,1487,1724,1623
146,1538,1776,1706,251,1389
100,1657,239,1090,1950,1209
1609,902,1148,1653,1869,57
201,1616,1607,1673,1579,1714
537,1540,1475,671,1516,414
1686,82,1564,115,1759,1628
979,187,1652,214,1826,998
1749,313,1913,983,120,1698
1222,1378,1642,88,1526,1838
1849,1606,1972,563,1757,1595
1659,172,1030,1378,106,1617
1113,1625,1809,1952,1844,1651
1909,134,1551,1571,290,1508
679,181,229,1641,1591,110
1570,1580,1522,452,1876,1716
1475,1668,1609,1480,1386,1720
1959,1688,1966,129,1909,1805
1949,1591,1759,786,1496,1806
1330,1955,1746,1158,1856,1521
1817,1631,1563,1072,1186,1904
1573,713,1654,1985,1656,1911
1514,1855,136,140,30,224
111,1792,1797,1716,877,1848
1604,1633,164,1951,481,180
347,1697,1511,1943,1063,210
117,1588,1599,1966,1713,1972
1677,1783,255,249,248,1823
1920,1182,1659,1724,495,1770
1750,1679,1950,1896,1498,179
1734,1727,98,221,1857,58
1820,222,1789,1912,1832,1505
1268,1830,1755,1073,668,279
237,1856,194,1506,1694,1814
1365,1558,1708,1476,1501,1581
1605,1718,1493,1009,1907,1844
1744,1775,1827,237,1515,1784
168,1658,271,196,1240,138
1714,1634,1729,259,567,1569
1710,1259,113,24,222,1743
1579,1617,39,787,1910,322
1894,1854,1815,272,238,757
317,280,38,1674,1846,1541
88,209,180,1511,1589,1495
1492,264,1544,1590,249,1599
253,1506,270,1749,275,220
1484,1493,1896,1583,1759,468
1761,1851,1497,1785,629,1970
800,1317,1905,139,1787,209
153,1316,114,1040,1655,233
1580,659,252,1944,1173,1852
1813,158,1806,987,1769,237
181,61,137,1909,1539,584
541,488,1370,1498,1855,1736
1560,1639,1841,1743,1810,790
1480,808,1846,1802,1558,1570
451,1727,802,1555,1841,1743
208,1515,1619,1944,1775,1790
1814,1332,1578,1776,212,1764
1547,1172,1185,1525,1463,1604
1307,1394,83,1952,1851,1503
1727,1728,319,97,1545,172
1506,1664,1552,282,1558,1907
1638,1791,1505,128,1726,1969
1770,1544,1476,1499,1862,374
959,1783,1612,1746,1552,1734
1677,131,1857,912,238,78
1609,418,1178,19,1535,1816
1704,110,1516,1805,1402,1734
1822,1869,386,286,204,1726
303,379,1743,1673,1395,1852
1728,1479,1828,1613,1522,1495
1757,1795,1799,103,1494,1747
1754,1634,1615,1516,298,1543
1907,1533,1828,1716,1251,884
308,857,1605,1771,1528,1783
1603,603,1777,712,1857,1526
1256,3,259,1648,1201,1494
1678,851,1512,1551,1911,1665
1681,165,1809,547,1512,1475
1960,1809,1738,292,1707,1534
1478,544,898,99,47,1781
291,1200,1801,1815,1388,1627
290,1691,1392,1587,311,1817
1752,686,1576,1516,1388,358
1493,1544,1671,1852,311,1798
1616,1707,1483,1073,1577,1592
1581,1588,323,1857,1717,1503
1480,225,1527,1597,1621,323
1756,1784,1839,1374,1947,1545
88,1644,1776,1540,1744,996
1760,1492,1803,101,1721,1615
315,769,1646,1823,247,1764
150,1907,1394,1599,1713,1378
1690,329,636,629,1532,1954
329,1566,247,1673,1547,1958
1672,96,188,1751,45,1426
