1491,1786,1763,734,1380,1681,1838,1732,250
1536,1910,1839,1376,932,116,1745,829,248
102,1810,1690,1491,139,1564,1846,1496,1488
1640,897,1484,16,102,211,326,1767,371
1711,1717,764,1687,1555,1742,1800,1796,843
1728,1692,1749,1886,225,684,1711,1528,1674
1674,1543,1525,929,1763,1716,1573,1724,191
1832,1549,1743,107,1853,1758,1607,1621,1660
719,151,375,229,1529,1757,1781,1694,123
1876,1547,1851,302,1717,1720,1836,1946,1751
1136,1688,1835,1958,1617,1758,1567,1757,142
707,1499,1501,1497,1548,321,1511,1530,1635
254,1743,1560,1684,154,1744,288,1669,1574
1748,1071,212,1794,274,1609,1922,1655,1897
1764,1605,1716,1488,1684,1826,1568,1393,1511
1724,1612,1774,1594,1553,1751,1477,1393,136
1825,279,1483,1875,278,1513,1516,1840,1735
1758,1610,1948,1671,1585,1333,289,1854,1651
1833,1598,1670,1805,1645,1383,1572,1195,1544
1726,1758,1365,232,1974,1612,229,1594,209
1849,1853,226,1731,1857,1701,1669,1788,1587
1757,250,1610,1849,1676,134,310,1802,772
1503,1925,1617,1811,1675,1633,1776,1341,941
1476,202,1372,119,288,1276,1649,1744,1971
782,1746,1540,1789,127,1829,1517,181,1671
1775,123,1948,1671,72,1540,1590,1187,255
1492,1709,524,1136,13,41,911,1817,1790
1777,1896,1801,1792,1570,1750,557,234,125
1479,1829,1842,1591,1911,1726,1483,1831,313
669,1821,240,1236,1492,990,1830,1670,1754
1905,128,1882,1106,1515,1373,1689,1790,1512
198,40,1813,123,188,1838,1567,1769,1819
1574,1646,1671,245,1037,1694,828,274,182
979,1661,1843,1505,1818,510,1953,1545,1576
1628,1708,1048,299,1772,44,257,997,1669
1534,467,661,1344,1894,300,1238,1478,1383
1594,1509,121,214,1826,1544,1522,1484,1654
1219,1625,1720,1381,1222,890,1906,1831,1529
106,1684,1698,166,1497,1650,1772,1910,94
823,1718,256,102,1913,1694,1715,1882,1863
1490,1582,1833,135,388,1676,1588,1941,1811
1678,1541,1581,412,317,1621,1610,1697,1385
1319,242,533,1484,1912,1553,1720,1740,1801
1617,1262,1509,1673,78,1533,1804,1437,1580
1589,587,1482,990,1629,301,1495,202,1668
274,1709,106,1532,1839,190,299,1796,1663
1597,1569,1788,228,1628,1852,775,1482,1587
1978,231,149,1641,153,1825,255,1594,1555
1769,1707,1565,872,1940,87,800,1583,1685
1789,1930,326,1484,184,1827,1800,1664,1612
1391,1576,1491,1523,902,162,135,50,1668
1069,172,1820,1530,1655,1769,1849,456,1811
1599,1676,1504,1726,1791,1090,1673,269,1813
1642,1501,1776,1479,1495,103,1274,1754,251
143,1610,285,1826,1847,1789,1771,1480,1539
1373,1677,1694,936,116,590,1937,1780,1980
730,495,1586,209,1635,1390,185,1941,1673
129,588,1564,1669,1501,1737,1587,166,1762
1587,252,1609,1540,283,1590,1379,1593,144
1687,862,1723,1613,328,1790,590,1778,360
176,1675,1928,267,196,1525,466,1757,106
1848,1772,1683,1756,241,255,1608,1856,1669
255,207,176,1692,1625,1522,1951,1895,1318
165,1491,1793,1647,1807,996,1497,145,1530
1941,1828,1696,1814,1757,1485,1950,1846,1797
1721,124,14,1530,28,922,111,605,145
1924,1723,1719,1562,1608,1591,1759,1687,1582
1675,1854,1690,1604,1678,1506,1824,327,1667
1670,1531,1621,1476,1911,300,1550,1816,1857
306,1716,1485,1211,1803,1709,1340,1631,1162
1580,602,1515,1563,1638,1683,1850,1967,705
1631,1500,1515,1373,1718,1742,229,1596,1942
201,1857,786,1674,1709,1846,1081,1488,1836
526,136,101,262,1829,1714,1548,1636,117
1693,1533,1808,237,220,1637,1153,1783,1477
91,1687,1620,1625,1740,1780,1960,1781,1576
1820,1789,1675,216,1857,1674,1703,1834,1515
82,1655,1573,1782,1547,251,279,1092,1693
649,1713,1489,1479,1523,838,1824,1244,119
102,26,276,701,1424,1638,1585,1732,1949
148,1528,1480,1514,1574,1741,1975,1785,1486
241,105,1849,1769,1738,1856,795,1780,1657
1593,81,298,1507,315,1496,1895,1815,84
1842,1774,640,1659,1117,1561,1798,1747,1758
144,134,1806,1693,593,807,1575,1782,702
466,1583,1508,1568,623,1722,1819,1541,1601
1514,1370,741,276,1696,1461,208,1828,219
26,1848,81,293,1844,1648,1770,196,1571
1977,1636,1798,1530,1496,1822,273,1848,1964
346,1691,1553,1842,997,1725,1799,1768,1509
1035,1073,613,1802,1671,1849,1646,1841,1547
140,1620,285,69,1772,858,1850,1778,1519
1846,459,1954,136,1551,1530,1754,1830,423
1550,1637,131,129,125,1732,1106,1786,1708
1550,931,1849,1706,1750,78,1730,1688,705
1388,1494,1723,1644,309,249,220,219,1781
1540,258,1720,93,1735,1974,1313,1912,1274
702,326,1916,1255,1089,1754,1510,1729,1937
1854,1483,1715,1707,1693,1589,127,401,1762
1581,256,229,181,1680,1658,1567,1479,1627
1684,271,1551,1244,1829,1634,1818,1013,1694
1797,225,1654,1969,1823,1488,1538,1779,1530
1368,28,443,1696,691,1052,1600,1749,1627
1676,1330,19,1963,239,1908,1843,1822,1772
1731,324,1708,1507,1673,1638,197,203,1851
138,1620,1742,1373,1852,1973,1388,154,1523
1390,1504,1766,75,165,1534,675,1780,1623
1686,1969,1750,349,1685,1556,238,457,182
1597,239,1745,1819,1513,1660,1383,1820,1799
1635,589,1579,1608,1813,1602,1689,1583,1373
1745,1392,1772,1568,1726,1974,1634,1955,1641
1796,1701,832,1611,53,1599,1805,1564,104
244,1602,1392,362,1799,442,1561,226,1732
1709,317,1684,1506,1912,1776,1479,878,1609
1965,1601,219,1848,194,1638,785,1782,241
239,1804,1748,1659,1892,1696,136,1945,1780
206,1533,1480,1908,1382,1849,1555,682,215
1563,1548,249,968,1134,112,1748,788,1518
1671,211,1710,596,152,1844,1476,1616,1512
1370,1785,1825,1268,125,130,1540,1600,797
201,286,270,1686,200,1527,1508,254,1856
1520,326,1617,1710,104,1708,1496,91,1788
1767,1549,1653,1607,1690,1841,288,1808,1207
1845,1853,148,170,1833,1638,101,220,1952
1842,855,245,1716,1832,1641,1396,1483,1548
1536,1383,1570,1827,1529,1740,26,164,1787
1654,1483,1555,1843,1890,1770,1560,267,1611
1494,1812,1084,210,1650,313,61,1568,1682
1508,1848,1588,1819,269,1737,1608,532,1772
1070,1894,1649,587,1547,1646,1593,245,786
1533,1646,717,1494,1525,1780,98,1590,478
1951,1692,270,1799,431,1716,1790,1862,1804
1757,1606,1372,1595,270,1734,1701,109,1624
1839,1493,1664,1838,1637,35,1762,1629,1741
1873,1802,266,1954,1781,247,1969,1609,1852
41,548,721,1693,278,1814,1595,1530,86
1676,1977,11,1809,321,228,931,83,1746
721,960,1697,1558,1840,1754,1563,1910,1817
1675,235,1643,1579,1747,133,1513,536,244
1697,1849,115,1684,1500,1957,190,1123,1659
1524,1774,1767,399,552,1692,217,274,1713
1874,1660,1489,1919,170,1476,153,1706,1721
1743,66,241,1753,1791,197,1583,1497,1504
1739,1569,293,1534,171,24,240,1036,1828
1759,657,1823,1845,1752,1827,1523,115,1545
1642,1786,16,135,1719,241,246,1699,1516
1655,1480,510,708,1318,239,1146,1917,1853
1957,1697,1629,1700,1786,1558,1760,1824,507
98,1905,1700,301,1821,1708,1480,1764,1854
1643,1186,382,1480,1596,559,918,1365,372
943,263,1855,1383,1958,305,1886,1951,1829
1851,1733,1268,1944,156,1644,263,1598,116
1076,1832,135,142,1683,1730,1625,147,19
318,235,1685,1669,1966,1489,1696,1837,1566
1475,1814,1828,1678,283,1611,276,1503,183
1299,1511,1355,1747,1100,248,59,1706,317
1805,186,691,1501,295,226,435,1574,1825
1666,1344,502,1483,1507,1578,1825,1744,174
155,1813,1113,1830,1649,1719,1747,324,316
1751,1515,1805,285,1797,1495,35,261,1752
378,170,157,1761,1834,1698,1168,1827,115
1619,1747,621,1729,1476,39,237,1737,1183
1831,1724,1892,240,1564,1794,1872,1666,1497
1565,1502,190,1514,1475,145,1518,1955,1070
1803,1795,1035,1851,1695,1745,1626,1612,570
1723,499,1004,1488,1912,1520,1514,1842,160
1643,1478,1553,1556,1975,317,1626,1529,1837
1859,689,1669,1670,102,122,1831,721,1693
1979,203,154,1667,1690,1521,1576,185,270
1735,1539,1708,1526,1775,1691,1721,1493,735
254,1815,130,1696,1493,1544,1654,295,175
1343,1907,289,725,1611,1571,1601,1815,1742
1963,1791,1850,1621,1756,283,1447,1681,132
1557,1567,1606,1481,1578,1695,1827,1394,319
1833,236,117,200,1524,1764,273,248,375
1624,1850,1604,1847,1819,1753,1555,1909,1558
1673,1728,1845,329,1457,1967,1021,1644,151
891,122,280,1521,1781,1649,1263,200,890
1846,1555,1640,234,1937,274,1673,1750,1373
26,1547,1777,1652,1797,289,288,1642,76
230,249,1856,572,838,1261,307,256,106
1906,304,1765,103,1652,1638,1664,1498,1411
1744,1520,329,1846,1611,1644,1969,187,1529
1017,1826,151,1617,1487,1647,1638,1753,1711
1725,1668,1736,1489,1481,118,1918,1597,489
171,1906,304,1506,1644,1665,426,1794,1953
1807,1773,1657,1710,1817,331,300,1810,1615
1677,1665,200,1571,1785,235,1601,1493,1913
1759,1572,1802,1625,169,681,1123,158,1376
257,292,1668,1697,1843,367,1750,374,267
1676,1776,1734,1625,1809,673,690,1801,1396
664,1850,1772,933,1508,1921,1695,1754,1476
1831,1819,735,491,1614,1814,707,1692,1537
376,1695,250,136,1571,1654,1646,954,1745
546,1634,1233,279,1491,197,1786,1605,1819
1656,161,870,1969,1632,1530,302,1475,1445
1839,115,1559,1893,691,1808,1840,231,1383
1835,307,166,122,319,1632,1792,692,304
1796,144,1698,310,485,992,1566,1930,319
1441,102,1707,142,1733,1318,1855,1324,1761
1905,1857,1667,1825,1498,177,1521,1637,130
1863,391,1780,1703,1497,222,1684,1641,1839
1783,1091,323,1482,1525,1573,1796,102,327
1277,1727,1841,1728,177,1648,1503,460,1961
1609,1813,1482,1789,1231,547,1857,1485,1830
1854,621,1783,1374,999,1612,1860,1395,1392
794,201,407,1730,1765,1541,1628,325,1517
1778,1684,860,1760,1654,1366,1767,1592,1600
1497,1395,1772,1703,583,1673,1656,1804,1738
48,1737,291,1316,1874,166,1731,1704,1800
1615,1666,1477,1459,327,848,1512,1479,200
1812,154,1835,1586,1478,1682,1426,1486,1840
292,135,1371,1678,1807,228,1587,1524,1023
1708,1632,1525,1375,228,78,1564,1686,989
1741,1825,702,1541,1391,1480,1795,323,1558
115,301,1234,342,1523,46,1507,1100,1363
131,431,1960,1948,359,137,1396,1921,1597
1987,1778,1798,1610,1922,1565,1487,1635,220
252,1472,1484,1715,1448,109,1709,1805,279
79,1685,1956,319,1578,205,425,1754,1654
1484,1576,1677,439,1476,1665,1617,1357,1833
1510,1070,1481,1636,308,1708,1540,1582,300
1540,1654,1816,1560,106,1584,1829,1511,87
1600,204,1707,54,839,1852,939,1856,1860
1894,1832,1573,1595,29,1763,1576,943,1605
141,1809,1654,1638,1565,1804,1796,1511,1822
245,1377,221,1545,1770,1394,100,708,1714
1822,1519,200,1642,80,767,1721,1675,1373
1846,1689,1911,1609,1483,1421,314,1486,1616
1973,1597,123,1816,101,1109,1070,1835,1694
1232,211,1601,1686,1607,1908,1655,1820,1553
795,1743,1376,1396,1592,108,1577,1740,1948
1549,1701,1853,1741,1708,1660,1642,320,1634
1729,1663,97,205,1874,195,1510,1744,1908
1545,1800,1684,1793,304,1281,280,1734,1784
1560,1155,1746,1364,1955,989,97,1724,1582
223,205,1071,1644,207,1593,1641,1630,220
1813,703,126,1572,1796,1788,1754,213,60
1211,1555,233,1882,302,1671,1779,1776,1852
1782,1703,1673,1628,1383,1498,1565,1353,322
1083,1953,1508,146,1950,1393,219,1654,1482
1579,94,287,1510,100,1847,211,46,1557
1574,236,21,1608,1478,1682,553,1796,1113
1193,1708,1513,266,224,1673,1953,1669,1614
1807,1781,1771,283,1493,1857,1754,1695,1623
582,1852,1493,1975,863,1818,205,1579,53
177,1619,257,1944,366,254,798,250,1198
98,1622,1493,290,1263,583,1136,180,1529
207,295,1572,1756,1545,1548,339,854,1811
1394,1696,649,486,1718,447,1577,1899,1569
583,237,1936,1716,1382,1857,1341,1638,1667
1574,1850,1693,1536,1610,1899,1852,1755,148
210,1682,179,1391,274,1785,1268,1937,1860
1707,170,1075,75,244,1112,1830,1787,1672
241,161,1770,690,1619,1841,1663,1650,1519
113,1636,1123,1582,97,1813,1569,1848,1565
75,1392,1744,1655,1705,1781,1833,1690,1835
1099,413,1558,1495,114,49,106,806,1840
1558,508,1520,1725,1526,397,1579,243,1808
1837,1453,1742,246,1723,280,1598,320,489
1180,1704,1073,707,1676,1844,1547,1825,1950
245,292,1715,1603,1620,1674,176,305,1669
651,1816,1560,171,216,1617,1543,1486,1707
1789,454,1618,1722,1613,100,1373,1792,1391
1722,1552,1582,186,1913,461,1516,1179,140
271,240,1633,1787,331,1806,1692,697,1856
1922,317,530,1675,1968,1385,1489,199,266
1528,1477,290,1976,981,1498,1757,1476,1944
1785,428,1795,331,1797,1483,1186,300,709
687,157,1801,311,1441,313,1944,1644,1733
1691,1073,931,1646,1599,1647,1553,1546,1600
1715,1689,1385,1827,1907,528,1762,1804,1670
190,329,508,1687,1748,1122,1809,1328,318
1571,1632,613,1682,1786,1841,254,168,1804
1742,1855,1644,1637,1554,1847,547,1802,1852
330,1700,1892,1104,1560,249,1663,1528,1683
234,223,1829,287,1677,385,1974,157,575
96,1308,1440,1542,1794,1646,1504,1577,314
1829,1490,1795,299,143,1798,273,152,1584
1774,1720,323,1810,1786,1606,1603,1945,1715
1691,142,1797,1678,1491,1637,152,217,1740
1849,1790,1631,204,224,1670,1595,1752,863
1802,1674,1099,1724,1659,1655,281,522,1476
274,1650,38,1620,1497,355,1710,218,1815
259,1644,1787,895,533,1683,1575,1973,157
1760,310,1394,149,183,1811,1782,1615,1541
807,1636,1781,1601,1476,1159,1759,250,1475
154,1848,255,1571,1692,1613,251,554,1811
1571,1849,1963,1543,1517,183,224,1512,1568
1785,825,273,1216,1500,1913,213,322,262
1602,1797,1587,1844,1517,253,1813,1708,1673
1602,1390,1751,1684,1594,259,1756,1855,1787
1551,1973,1529,125,1955,1376,1851,1490,368
362,360,119,1781,1599,304,1802,1735,1771
1822,1768,1070,1549,104,1956,677,1290,1523
807,1883,1842,1581,90,1544,267,112,1573
1848,1644,988,312,761,797,1807,173,1475
1786,117,1849,1619,1988,536,311,1742,158
1841,1818,1484,1816,1669,1752,1628,1824,1941
1608,315,410,1810,1606,1744,326,1913,1723
1763,130,1412,322,1732,102,1506,431,324
1737,1623,1671,1600,1964,302,1488,1099,1242
1741,128,1909,785,1837,1617,223,1785,226
1489,517,1819,1643,1708,1726,1913,1596,1551
1770,1683,164,1491,1809,1500,1481,1737,1618
166,669,72,544,1589,1527,41,1109,1778
1845,525,649,1740,256,1503,1670,934,1000
1589,1538,1705,1759,176,876,863,329,1511
1600,1755,1798,114,1831,1912,969,1383,1586
1483,1734,1568,1857,785,1525,1667,1606,1669
1095,1482,1752,1652,1688,1635,1498,1679,173
1789,1700,1657,194,1584,1699,1825,781,1535
1943,223,1701,103,1552,1624,315,1774,182
1831,1969,1489,1483,1820,1770,1640,1577,1719
198,1769,1644,1686,129,1895,1540,1822,1739
1821,1490,293,1494,733,412,95,1860,1731
1477,932,1816,1797,1737,1633,186,137,211
1681,1906,1965,247,650,1535,1705,1609,1819
198,1522,1798,1687,1489,1764,1809,638,1631
1735,1311,301,1653,182,1598,194,1551,191
1691,1783,1675,1539,119,1072,834,456,1909
1666,1073,1015,1732,1894,88,1621,256,1623
1807,1119,1849,1277,1395,1719,1549,1511,90
1853,1231,1482,1553,1855,1796,1567,141,1782
1587,1686,273,1497,1805,1815,28,135,1778
195,1542,799,1676,1731,1340,1930,1664,619
1668,1662,1791,124,90,196,1916,1496,74
26,1847,1763,1549,1567,1713,1679,82,881
1710,1805,1954,1765,1713,77,201,1608,1688
649,288,1788,1653,694,116,1069,1854,1824
497,1557,237,1653,1500,1574,692,1611,1857
1860,1633,1481,1680,1761,1857,1652,1567,1840
1639,1845,1728,123,252,794,1843,1550,1975
1555,1588,1486,1647,1872,1767,124,1605,1592
1980,216,1513,1922,1623,1539,1659,1839,1683
1573,74,1773,1113,1487,1702,1651,275,1657
126,631,1717,1913,1857,1784,1637,1827,1723
1297,1709,1759,296,1829,1639,1743,1638,1611
1684,1190,1690,1490,51,1542,1303,1534,1722
471,1669,1512,1852,1050,1642,1685,1573,1545
1478,114,1824,1705,1913,228,1168,1956,1658
1793,1481,328,1763,1976,78,528,1707,686
1519,188,957,1814,120,1333,315,1756,249
520,1512,209,1670,1838,1681,1897,899,1537
42,1870,1517,262,1557,276,858,1476,185
1752,1381,1628,1631,277,1775,1056,1517,1843
224,185,807,1722,1769,1881,160,642,1566
1834,1301,248,242,1311,131,1840,1555,1675
1629,500,1518,462,483,1347,1186,269,524
1810,934,1776,129,1765,121,816,214,1807
1763,1824,1483,1699,1577,318,1731,237,1814
1661,1523,1836,1660,1792,1815,1507,1936,1762
564,131,1709,178,185,1479,357,1175,199
240,1687,1622,97,1530,1941,1646,1506,994
1856,1746,1698,1533,1774,1523,1499,1531,189
1804,169,1542,1911,1565,1513,1656,1673,1231
1639,1563,306,1510,1802,1490,1866,1906,1828
1172,1021,1717,1851,1564,404,245,1553,1547
1751,1912,1209,306,649,1619,618,304,1838
1840,1750,1152,1665,1612,1494,1515,1517,486
1821,1595,1588,120,1820,1772,1594,164,799
1119,241,1749,187,1573,1644,368,1798,1619
1857,1526,301,1955,1168,177,897,1671,1797
1809,1686,1176,1811,240,1854,1759,1775,1746
49,1798,1668,1679,1537,1482,688,1543,1591
1607,1566,1561,1642,319,1570,110,221,1823
1751,1859,1912,1625,1584,1557,1375,1728,1921
275,1760,1656,1336,1788,1710,1396,203,1831
1617,1787,1711,1806,1665,1720,834,1588,1837
1100,123,1911,1608,1154,1513,1655,1036,95
1652,684,1955,1494,1929,171,257,1074,1732
1747,1343,1561,1477,1922,239,1711,150,825
1709,1674,1773,1118,1535,817,891,1569,804
134,51,1734,1667,296,515,269,1655,1696
1856,1728,1688,1646,35,1786,121,1855,1685
1578,1847,532,124,1722,1808,1716,86,1698
1821,1496,1573,437,138,206,1590,1658,161
526,236,1685,1651,1750,1747,1721,1270,908
172,1665,97,1781,173,1605,1928,1800,531
1833,1592,1030,1733,324,283,1721,1084,680
1698,1624,1667,276,1741,1747,1521,1740,1611
1493,1855,1673,1176,1556,1535,1608,1650,303
1846,1765,1852,1822,1634,181,282,161,1826
1545,1557,272,1809,1619,1491,1675,476,1684
886,137,1852,278,680,1584,1733,1841,1639
1823,1094,1829,1777,187,1603,1721,1689,1944
1321,1521,1500,1788,1337,1125,1643,1853,773
1090,1719,273,234,1148,391,1623,121,864
1557,75,327,1838,1765,323,1620,269,1489
1730,1615,1330,778,1471,183,203,1767,78
571,1733,1659,1625,1717,1696,161,676,1600
1485,1643,1549,1511,488,1939,1670,1803,1597
1489,1269,1702,1547,1000,458,1520,1643,1786
1536,1567,1491,142,263,1735,1555,1480,1689
104,1741,1565,1945,1319,1725,1502,129,1588
1849,1843,1720,1729,1672,164,1518,1854,153
96,1680,1508,186,1752,1012,148,1481,1793
1634,505,157,1774,219,1962,1526,1481,1263
1908,1549,1634,713,1803,334,1771,1615,113
217,1714,1796,1666,1739,871,288,1839,1557
1602,250,146,1768,1394,1214,846,1189,315
1739,1593,1662,1734,102,1521,1370,1855,1664
969,1773,377,1816,1685,1680,1729,1585,1840
302,902,223,1562,1722,1597,123,1613,1532
844,1531,322,1507,1860,1678,1283,177,1715
83,124,202,1333,1943,796,1770,1799,285
203,1776,1557,897,80,1625,1561,164,138
851,1663,136,1788,1847,1977,1643,495,1837
1566,1571,1205,1492,1216,1270,1637,1497,1869
1557,28,1608,489,214,1668,533,1561,1753
1772,552,1637,259,42,1781,196,93,1365
1890,305,758,190,1598,1368,1668,1799,1779
1840,297,1792,1688,1816,1072,327,1817,1566
153,1783,635,24,1530,1662,1638,1628,262
1708,1488,833,903,312,1209,1682,835,318
1502,253,1841,1689,1481,691,1672,1684,1598
1852,219,1828,1553,1780,292,279,1906,1836
1712,1818,4,690,170,1564,1648,1306,176
803,1790,1758,1844,95,1394,1697,107,1756
166,1746,256,1391,1498,1545,164,1559,794
1529,161,1567,1801,780,1652,1735,1648,1752
1802,1905,1747,1474,1388,1672,1115,110,1972
1599,685,1643,1796,553,1495,272,1377,1828
1552,1532,98,1753,1525,185,266,1738,1636
828,1721,1912,1734,797,1893,1744,1710,1804
103,1552,90,1735,1596,128,1531,88,235
704,1961,1775,96,702,1639,1501,1850,1669
154,266,509,1832,1808,1785,1690,163,239
941,1320,1494,1476,35,1745,1767,43,1787
1379,244,1677,279,1753,1564,1741,382,1530
1834,1574,1593,1340,1688,1696,1773,1792,176
1613,1479,1539,1779,518,259,1797,808,1758
1614,1856,1486,1825,1703,1712,219,1776,286
1709,1373,1519,154,1534,1807,1498,1844,1846
1547,1252,1849,1636,140,1623,1378,127,1326
1795,1508,1891,1655,1781,1573,1256,1768,252
267,1634,1815,1800,1578,1878,1607,108,1534
211,1750,1836,1728,1798,1827,1531,1176,164
1761,153,1704,1657,1798,1823,936,1556,1675
1502,1552,77,1850,218,1670,1573,1773,1770
1724,1821,1563,1493,1498,805,1479,1637,1784
1974,466,1708,1492,1760,1738,1044,1567,325
1664,640,271,1800,420,1725,1738,1809,1511
467,1369,1595,688,1943,323,1550,1549,1539
1827,119,497,1436,1784,318,1776,1503,1589
1793,149,1476,1534,1675,1313,1674,1491,324
1385,1609,1083,1096,243,1852,310,42,1561
700,1741,1710,1496,1833,1703,1685,1565,1762
1678,1712,1838,756,1543,835,94,319,1517
97,1712,1780,1354,1677,266,831,1777,1611
1824,798,309,86,1839,287,161,1562,1798
1580,134,110,1623,1368,122,1539,1581,1004
194,1785,249,1906,1579,734,1840,1907,1375
1811,1482,1546,1269,1531,230,1745,1679,1828
825,1687,1695,1596,193,1544,224,1615,1580
1378,116,1755,1701,177,1291,1491,141,1725
1557,1913,177,1775,1734,1753,1514,173,1738
269,1682,258,1798,1731,75,1856,1953,1847
1959,1759,1478,319,270,1812,1767,1736,349
232,1070,1864,1826,1697,557,700,1751,1895
1646,251,1734,1938,1452,1905,326,190,451
1784,1633,407,1780,1532,1675,96,1547,1678
1501,874,1688,1592,238,1584,801,869,1770
1813,277,200,1856,998,1695,1637,1680,1666
1071,1844,1798,1632,117,1764,1591,1785,263
1698,1758,1504,1473,324,1688,1644,217,1905
1832,1586,798,342,1196,1211,1823,1562,1655
300,1153,1813,1758,92,518,1834,1732,702
1838,1681,1796,1454,1812,199,1240,1546,1388
1969,117,1610,1823,146,186,264,1583,1598
604,1676,1621,1869,968,76,1490,1573,192
1807,1717,1185,1851,1752,1532,1511,173,1708
1158,357,281,1546,1760,1839,1939,1618,1709
1850,1811,1374,968,1707,1067,1400,1640,301
1529,1719,225,1608,1672,1891,1849,1522,1654
1953,703,1371,1758,1622,1535,1662,1954,197
1111,1841,1694,1616,1379,897,1498,1565,1278
553,1834,1535,1851,1825,327,1339,1786,1527
1494,1792,283,329,934,135,1337,1017,1857
1518,1477,325,1814,1529,1671,1645,190,1756
633,1792,307,1855,1840,1718,1676,89,588
1760,1519,28,1687,639,1582,275,1555,1747
1627,497,1836,1690,1559,1064,278,702,1775
1897,186,1675,583,100,177,771,207,1724
324,1620,312,1682,1539,979,1636,1846,1987
1750,125,1975,1696,1667,530,1907,1703,1629
1579,1856,1860,1507,1379,420,1614,1818,704
1911,1810,1215,764,1480,12,1851,1720,256
1676,1713,1908,220,1578,180,1707,801,226
1710,319,1646,1890,1803,287,1827,1785,1579
278,1524,123,279,1839,1597,155,1763,1808
1840,701,1683,1699,281,1484,1795,1633,1488
194,1871,268,1922,253,1987,1616,1563,80
274,1984,1583,1838,1028,807,1709,244,1639
303,1657,1538,1235,1619,1951,1571,480,1544
37,1713,1614,428,293,1070,407,663,308
1613,1631,1376,1668,1521,1940,1479,95,1502
137,115,229,1481,1387,1554,582,1646,1718
1542,1782,1580,147,117,1957,90,1621,256
1753,1871,1481,1595,1526,1717,1822,1498,1506
1374,31,142,1801,1789,1674,224,1618,1854
1623,1823,147,132,1937,1527,1703,1674,237
175,1787,250,1717,1704,407,1814,1180,1800
330,1743,89,715,1906,1852,1559,1632,1947
1500,115,1496,1057,1810,269,1071,85,1482
1498,1564,1610,1575,668,792,1568,208,1947
1794,1631,1808,262,1543,1853,1664,1049,1854
1546,518,487,830,203,1564,1656,254,1548
1677,1794,394,80,240,1851,1610,662,1492
1696,1921,130,315,1507,1913,284,1751,1526
1851,1737,1299,1650,1484,1805,1588,1584,1707
1759,1850,153,780,1509,1774,1586,1692,804
1729,528,1814,1343,166,1802,757,263,1712
1487,192,1908,1803,1701,1762,1570,1576,303
1618,1568,1575,1554,982,1783,1715,1666,160
1636,1727,1775,1276,537,1728,232,1647,1534
1652,691,1554,1772,1913,519,1666,114,1541
1820,1260,1776,1742,1952,1856,304,1944,94
1816,1151,1624,1612,1719,1475,1663,1772,1855
1686,1910,1747,279,1581,1776,1770,1660,305
208,1844,1390,1114,1037,990,1700,1528,1888
1708,1696,1682,840,1942,1829,239,100,1617
654,1479,1553,230,187,1771,1673,1905,1648
1857,1737,979,1793,704,295,934,486,1629
1769,1905,114,1680,1413,1827,1843,60,1637
1823,1722,266,170,1682,1632,1954,1095,1678
1679,1747,1479,492,1528,1853,164,1570,711
185,145,232,1823,1543,1535,932,1561,303
328,1158,1794,1532,27,1295,1737,1478,1800
1537,1814,252,1734,1383,1504,223,168,253
1771,111,114,182,1707,1532,1753,1802,1676
1652,1531,292,209,1720,146,1671,1743,1568
1578,909,1813,685,1508,1565,1891,1209,1753
1810,1812,1582,1530,501,210,1649,106,1188
157,1590,72,1795,956,1292,1782,593,1831
1585,1540,1746,717,1686,1661,204,1744,1566
1749,1541,1646,122,1777,197,1604,1881,1350
1689,695,1395,1534,1123,1565,1833,1725,111
1883,1627,984,191,980,1516,119,158,1762
1559,1517,1942,997,1068,1957,1826,90,1759
1712,399,1237,1173,939,1686,844,183,1612
1793,1378,309,314,1852,1714,1207,285,280
212,1851,1663,127,1104,296,117,1800,1354
417,1528,199,1476,206,1488,1769,1654,1496
1750,1543,1662,1517,1628,1840,1820,1162,1626
1830,1944,546,1333,1731,1869,1623,278,1378
1516,1624,1777,749,563,1787,1517,266,1496
980,1072,1785,1745,1130,1846,185,944,1639
1581,1600,1669,1871,1497,1642,142,1655,241
1629,1717,190,1512,89,585,1500,1558,1794
242,72,1681,1650,1663,1907,1522,1820,1803
1535,1650,187,1717,139,1847,312,1856,1380
1624,452,603,1487,1664,1642,1547,299,249
1580,1675,100,1810,278,1670,1678,1071,197
1846,1778,1588,1485,1789,1714,1585,1596,1731
1121,1732,1142,1483,1558,1699,1975,466,1671
1476,1636,1514,1608,195,1616,134,1671,1595
1569,1841,116,1539,1737,1767,1659,221,255
212,95,1771,1138,501,1396,1689,1097,124
271,1801,80,28,1791,1506,1502,170,893
1516,95,1499,1779,1625,1630,70,1073,1641
1832,521,1792,1271,1483,1986,1586,1970,1530
1716,1689,1177,1818,86,1588,1692,1657,1894
241,408,1524,1675,1819,1689,1600,1041,1555
794,584,1790,1708,107,1671,112,1840,1683
1472,628,1701,1636,988,1361,1755,1469,119
1268,1813,251,1513,1800,264,1973,429,1495
1792,1603,293,1761,1628,1520,1878,1957,1804
1943,82,286,1544,1549,1662,1857,1230,1841
810,1033,1540,1246,398,1493,1365,1674,1890
731,1849,1522,1775,1744,245,165,582,1848
1509,1689,122,839,1719,1661,1620,1576,735
1820,1481,269,1810,1560,1670,1489,365,1378
314,1577,1681,143,1705,1491,1258,1931,3
1188,123,1639,1603,1850,1497,1677,1789,1487
1808,96,1968,246,268,1072,1941,1857,1762
1847,1479,1735,1946,1588,1593,1833,1615,1500
654,86,1785,1738,15,1531,1713,1563,1819
1813,1085,1679,1745,788,1185,600,1632,1543
1721,1534,141,1764,624,1740,84,159,1529
945,1798,1565,179,44,109,1153,1855,1597
1941,230,1608,226,1696,1682,124,151,1814
300,1817,1571,1771,1365,1664,1812,1511,249
124,1499,1685,1479,140,1790,1394,1382,1796
1726,149,1947,1770,1485,514,1391,425,1598
132,1850,1003,1559,1641,1799,1625,1501,1774
1820,1733,1319,1922,1715,1842,319,1652,1958
452,1502,150,1545,1784,1852,12,1639,1659
1242,1671,164,209,1604,228,1585,583,195
371,1730,1770,523,1839,863,1691,1653,1930
1864,1559,259,313,1901,450,153,1571,1800
147,1837,1561,1154,1818,1594,1720,1624,218
1075,325,1629,1549,1713,1610,1778,1849,1473
1711,1842,1843,1969,1333,1174,112,1804,1535
1634,1616,1644,1592,1906,1510,165,288,1184
1539,944,1093,276,1811,1804,213,178,161
1737,1638,1687,231,1639,1614,1517,1579,1794
1555,161,1275,1580,1823,325,1370,213,1783
1854,1554,1604,171,1658,1683,1703,1586,1791
1725,1475,1909,934,1838,1814,319,465,323
1539,1190,1541,16,111,84,1772,1819,175
278,1556,1673,1704,1548,1577,755,1566,407
1817,263,780,1826,1703,1589,1111,1773,1952
1817,1806,489,1773,1394,524,650,240,230
1524,114,1806,1829,349,1124,1847,1391,1496
1644,1819,244,638,1698,1757,1804,115,1486
764,1671,1584,993,1493,320,1644,1793,1370
168,1631,1796,217,1479,1494,1835,1976,1636
1551,1331,1693,690,1489,613,1480,1719,731
1820,1689,44,1775,1662,1479,1643,1390,1559
1503,1048,1769,1858,835,1911,282,136,1753
1509,1070,1593,1841,1494,1805,1850,1565,1686
1479,1850,1656,159,173,1651,1607,1504,1973
1512,1522,1740,1581,165,1500,1549,1833,1664
207,1567,1555,1735,1727,83,1380,623,857
1808,646,1665,1756,1486,1837,218,1521,1606
1586,1794,154,651,1827,1834,1606,1837,1801
1770,1440,1518,1615,621,1968,1699,597,53
678,1072,1497,1757,1629,1763,1742,1748,1605
211,1853,1477,1370,269,1906,1680,138,209
1659,1678,1249,1779,290,1538,1663,38,1706
133,1519,1561,1776,1536,881,1529,169,1943
1772,1844,1539,258,145,292,1521,1583,360
1705,1581,1781,104,1696,799,403,1937,1529
101,1255,1676,1795,1491,1648,1546,1702,1762
1612,1070,1910,1749,1562,1387,293,1823,1637
1738,1551,431,1691,1753,298,1814,326,1839
1716,1744,1819,242,1562,258,1508,22,131
1833,80,992,610,1713,146,178,1596,190
1554,1730,1522,1618,88,1657,1746,1800,1605
1671,230,1580,147,1912,1686,1941,312,1850
1624,390,264,74,1573,224,854,183,1611
1645,305,1502,239,1574,308,1037,1140,1802
83,1693,1506,1520,1790,848,138,1740,1757
1486,1851,1970,272,1565,1637,131,1737,1532
1801,1826,1299,1831,1675,298,1072,1383,439
1888,188,29,326,183,1834,1672,215,1773
258,1549,1566,312,108,1847,447,126,1069
1518,1748,1616,1504,149,153,1946,1753,237
309,98,1849,1785,87,1702,329,1491,103
1831,111,1669,1066,596,1780,1750,1850,1664
1907,704,1122,1591,1576,903,705,1968,1721
140,1274,999,176,166,1978,1578,164,1372
1777,1215,270,1818,1749,1631,1587,230,1760
1487,1842,1622,1388,1852,1508,1170,307,969
1525,1506,1512,1392,912,1732,1545,276,1489
266,1848,197,1368,1499,658,1395,1480,856
1746,1679,1758,1676,1607,246,1828,1115,992
1527,1849,1529,162,1583,946,1551,1906,248
932,1519,457,1696,1500,1838,1536,1527,1672
1735,183,798,1822,532,1576,1598,1717,1940
313,214,1688,1739,1554,1842,1647,124,115
1556,1578,412,1854,705,1969,14,1702,1615
215,1533,1701,1670,1905,1849,1591,1953,246
1512,274,1858,570,1762,1912,123,1972,1559
1587,1844,1777,1717,1607,1383,1724,242,1815
1724,1840,1854,1620,1099,270,1922,1647,1747
1721,318,1504,452,1911,1659,1533,1842,1599
702,1513,255,1692,102,1683,1649,1648,281
1952,1580,311,1396,448,1674,1621,101,1789
307,452,1826,1583,1735,1537,1844,169,1559
1276,1941,1551,1653,1654,740,1785,447,1499
466,155,1679,1690,1805,1553,1688,1893,1779
183,1804,1819,659,1312,1500,198,1413,1513
1585,144,151,1607,1745,532,1476,172,1714
406,709,136,800,318,1652,1910,260,1613
117,1593,1671,280,523,1779,229,1063,1378
236,1600,1647,1477,1718,1646,753,1421,1566
1029,1496,1710,1819,1480,114,1808,1612,717
1600,1689,1506,1748,1544,209,175,1617,1521
187,1857,1390,1552,1269,1799,1506,1695,1594
1661,1826,1574,1780,1832,1907,1813,1438,1828
1489,1746,274,1277,1525,1487,261,735,1575
1509,134,1364,218,99,1687,1854,1534,1551
1650,1875,1678,285,1686,1609,1546,1676,1660
111,1790,1827,1842,1483,1810,1633,1728,87
1535,1519,1750,1628,1590,1634,1517,322,1847
1601,1585,1098,168,1826,1524,269,1660,1862
1508,1828,128,105,1823,1686,1711,1388,181
282,99,90,1696,1895,1633,1575,1586,121
1748,505,484,795,253,1851,390,259,1696
1639,255,1739,93,1595,1591,1476,221,1494
220,1837,879,1722,1646,1740,1648,1785,1973
1630,1544,179,1724,1759,1964,139,1492,212
257,1838,1485,285,1726,1680,345,1627,1893
1483,1754,1603,1657,1371,1907,1480,1568,982
1620,213,15,1970,1709,1639,227,1974,226
1578,1506,1844,1815,1713,1571,1656,1912,190
1792,1552,677,1857,394,1897,307,1950,1519
1396,1803,1046,237,1980,1946,1608,1672,1911
1822,1799,1543,251,969,1736,1833,103,1477
1856,1492,1630,1653,1605,1747,1542,454,1713
1740,329,1655,1555,175,1724,1201,1483,1529
1478,1820,300,1316,649,1765,704,1789,1389
1847,1734,1970,1545,82,1626,1771,1645,1529
1493,1226,1743,1592,1908,1579,243,744,1724
1828,1572,1710,1500,1749,66,1569,193,1624
1098,237,1103,1662,1596,1605,1503,489,887
1478,281,1622,526,1770,264,1860,1776,1534
1801,1493,1749,1673,206,969,204,149,1640
1622,1557,1791,1849,176,1392,1805,1104,156
1658,110,1477,1845,1647,1803,1624,1746,1711
1604,1016,1777,1316,306,704,1728,1585,1845
1519,1023,865,1833,1687,1502,1564,1575,1745
1816,448,1609,232,1828,1622,293,1774,117
1500,293,1566,1602,1694,1775,1482,1543,1793
1599,701,62,1552,470,1842,1499,1538,1710
1829,1500,1790,1939,190,122,1779,1850,221
1593,1835,1773,1686,1790,1645,1730,1897,251
1676,132,549,1777,1949,1679,1781,1836,1512
1851,1787,1674,273,1484,1549,1385,488,1793
1743,1563,1970,73,302,1516,253,796,1580
1739,1558,1146,1700,1757,1718,1723,891,969
1762,1856,1623,107,1351,1868,1148,1700,1478
1659,1973,1504,1587,1616,1563,216,1894,147
26,117,1370,109,1754,1513,1970,141,1389
982,1606,702,1801,1706,1603,212,1681,289
1773,1818,1940,917,1187,1632,1740,203,1758
357,1760,1824,847,329,1638,91,1691,1956
319,81,304,997,1715,1527,1535,1446,1832
82,1898,1720,1323,789,247,1731,1511,1776
1617,1777,1852,1847,300,1562,1386,1808,1625
194,1510,1562,1712,1594,1596,848,1822,1780
1721,259,1818,81,1545,1155,275,229,412
1559,322,1751,1939,1592,1599,1665,831,1485
1821,1527,1848,1849,1552,1407,1842,1019,264
1748,1740,1597,1830,1780,1736,1724,1700,1806
1706,745,1591,159,1738,1385,1911,254,1501
1486,764,227,554,1182,171,1432,1070,159
1595,1378,1900,1590,1549,838,197,744,1616
1522,1681,1968,1494,113,1368,1516,1571,1724
1619,1548,115,1688,1907,1554,1601,1742,1706
432,1975,1555,1972,1899,303,173,1818,1476
1617,1040,307,177,1604,1622,1606,546,133
991,1757,86,1694,1620,1825,214,180,1598
1535,1807,1742,1683,448,245,218,1697,153
530,1699,522,361,154,1592,1828,1710,1570
1677,1698,326,1107,1351,1242,1837,1912,1577
321,1843,1759,1962,1591,710,1695,1784,1673
1859,1824,402,643,1362,1826,246,233,1795
1123,541,133,1578,191,1698,91,183,263
1891,1604,1853,1676,1655,281,1728,1709,1696
1382,1858,1691,267,1851,102,1728,210,266
1762,1533,1915,287,1749,88,1742,1578,1484
1953,1484,1486,1908,1615,1845,1850,1563,118
1831,1660,278,1530,231,87,1524,799,986
1737,1489,1595,200,1543,1536,1634,1702,90
1795,1809,61,1634,251,1810,1710,684,1974
1975,1754,1768,1508,1523,683,1488,259,1563
470,751,1556,1471,1573,113,316,1023,1774
98,1713,1660,1612,1175,1822,1736,1578,1510
1720,1603,798,1582,1611,1635,234,1876,1698
1715,1909,1855,1503,1772,1689,1602,1082,1592
1070,225,991,1751,1794,1651,1264,1727,1786
1387,206,78,1386,1036,1723,89,1539,320
258,118,1371,163,1595,1777,1674,1525,1828
1942,1602,1504,932,1681,286,1539,1839,1968
1615,1509,1669,1803,121,1720,165,1809,1527
789,1766,1857,1588,1506,1794,1901,1601,1072
1596,202,1689,1070,1663,172,1557,189,1817
250,1795,203,1579,1696,1501,1671,1500,1667
451,1718,1744,1489,1604,1939,1585,1680,1384
1714,1586,1775,166,255,519,704,285,1691
1573,1587,1529,1608,1530,1520,1681,1907,1411
1839,1737,193,1525,1732,942,1710,117,1854
1816,1724,1508,1527,194,162,1890,1841,1706
489,332,1214,1824,1778,250,1667,1513,1965
1773,227,1000,1697,291,1953,1681,1748,1921
1504,1568,706,130,1673,1754,1411,353,1231
1355,872,1713,1765,1801,1661,1585,1672,1709
1827,1759,1789,1715,1761,1557,1691,1513,1738
246,1521,861,1541,1656,328,235,253,1750
1836,1311,1721,660,203,1693,1807,1710,997
1092,1720,1660,696,1523,976,255,1118,1586
1741,1553,934,1747,1707,1842,1661,171,239
996,1850,1392,1739,1658,1628,511,1072,1774
1796,25,1689,1539,282,637,1562,1555,1492
1578,221,1504,711,1562,1855,1592,1364,1950
1670,1887,1684,1848,1963,78,1544,1393,271
1521,309,399,1914,1546,694,4,1690,1654
1391,1829,1851,1717,1535,1840,1188,1668,1788
1739,1759,1561,1623,282,1720,1526,1731,26
1593,1700,606,1530,211,1733,1516,996,1812
1712,826,205,126,1570,1802,1634,1559,1931
301,1558,133,1905,224,1736,1607,1576,171
202,227,1782,475,221,1592,433,257,1726
242,1021,1521,1635,653,1572,705,1905,1831
299,1822,1545,1657,525,1736,1365,1593,1833
1660,503,1718,69,1532,1540,733,92,1691
1380,1584,309,1115,1545,1807,1492,1361,1856
1843,1566,42,909,279,1728,1487,1593,1817
1749,1812,1720,1956,1711,1478,1922,105,1949
1485,1868,1816,1731,347,1580,574,302,665
934,1069,325,805,1522,1512,1659,1776,1665
715,227,1736,1604,1808,1476,1333,1704,105
1481,85,220,721,1838,82,1607,1606,704
1638,949,1817,1833,1779,248,1213,177,1394
298,1818,1521,1502,170,163,1683,1689,1510
1638,1752,289,463,245,1489,1610,315,1690
302,1366,1570,1600,1514,1922,848,157,1477
1605,1641,1676,1728,1521,1624,25,1831,1857
1565,1859,1569,1481,1611,1263,407,103,1645
1743,1777,1498,830,1767,1614,1639,1555,463
239,1742,1752,1743,273,1909,160,1224,1826
1501,186,97,1686,1719,1478,992,230,1557
1679,283,88,1516,106,1535,1561,1837,782
42,1787,1728,1608,1551,413,1662,211,1842
1849,1829,227,1735,1055,1507,1810,81,1351
100,1673,1941,1697,1838,232,649,1816,222
1759,1845,1573,416,1737,1748,1714,1740,1548
1484,1637,87,321,1560,164,1584,1534,1716
1720,1390,178,1629,1657,1797,1700,1218,796
1634,367,195,289,1691,1953,1582,15,1753
709,583,1818,1790,209,1103,1590,1671,1736
1511,300,1720,1734,1553,1540,1763,1482,1667
211,1736,1665,1844,1529,92,253,213,1831
1475,329,1705,136,1793,1642,1783,503,110
154,380,1789,721,1241,1610,1760,729,303
1376,1891,1651,1700,1665,1615,1566,1937,1819
1772,1909,1732,1619,1518,1478,116,247,1691
1724,1633,229,109,1685,1543,1026,1598,1716
1115,194,157,1728,696,1833,1947,1905,1526
1909,1804,1893,1747,217,264,1643,28,1225
1544,185,1612,1730,1680,1638,1790,93,1570
1564,223,1684,334,1604,88,1341,298,1739
1760,700,321,1536,1387,109,202,1810,1790
1835,1566,1637,1763,1806,1801,1532,290,1819
1524,1483,1845,527,688,1854,1548,1640,1646
1665,1797,211,1378,183,702,797,1548,288
1953,634,1810,600,1682,595,155,1479,1719
1646,1906,475,1697,24,1606,717,276,1341
1770,1910,1710,1574,233,1802,284,276,1593
496,238,95,1749,1680,1573,1123,1823,1698
1183,1596,1489,1753,1863,1772,1720,1708,1752
1885,1767,1217,1711,299,1844,1641,1849,856
1465,1628,1791,1718,1854,1595,1810,1534,1559
1831,378,1822,1773,1706,1720,1493,1802,1713
1470,1589,297,294,1740,1761,1795,1575,1594
1729,1564,187,1486,1700,118,1909,101,1665
1495,1856,1534,1522,192,219,224,186,1822
1771,1684,1568,1805,1740,1596,197,1640,206
1831,1495,520,1269,668,1633,1711,1798,633
148,213,1542,1911,1725,1716,1549,1734,1171
473,1156,1964,673,1381,1703,1819,1529,1760
1776,1390,67,1513,1922,1762,1736,1371,1613
475,1679,1834,105,296,1556,1623,1814,1856
701,196,1595,1738,1634,1895,1747,238,974
302,1807,1530,583,1741,1111,1802,1637,1967
1727,517,245,733,1435,39,137,1806,1776
1595,1775,1842,163,91,1071,153,932,1642
1099,1771,251,1703,1759,668,1502,1547,1516
1599,219,1390,1832,1245,353,1506,1781,591
1652,134,1522,1584,1494,1500,11,27,1667
1987,178,1772,431,1939,1489,245,1696,1609
1819,288,81,314,1692,1670,1383,1814,1939
1743,1504,1816,98,1955,1487,1725,269,1584
1408,1668,393,1487,1726,1681,61,230,627
1591,133,1706,1831,1801,1940,1641,326,1534
1848,152,1653,1593,658,125,172,28,1346
1946,1838,1657,1692,1222,287,1647,1847,230
13,1489,125,1671,1867,1628,1899,1616,1953
1611,1726,1559,1070,1635,1739,233,237,1584
1780,1501,1789,206,1534,298,1178,1672,1790
1652,1662,1620,1228,231,110,1894,1743,717
1840,1591,1485,136,1506,1679,1389,326,1791
154,263,1590,85,1675,1894,1704,1652,1732
1650,1471,260,1608,1653,1640,1880,1800,1689
321,1664,1706,651,1534,1769,1812,410,1568
1856,1471,1685,135,202,936,1613,1784,1737
1627,1629,1734,181,107,1671,1638,1780,1768
1494,1480,1528,1269,245,1661,1607,268,1758
1958,1663,1700,98,1579,1720,1844,550,1970
1504,1744,1807,1756,1528,287,260,1943,139
1709,1569,1459,1520,1515,1739,1510,319,285
1980,162,1749,214,1717,326,255,1030,1773
190,175,1480,1518,213,1546,785,1635,279
158,1598,1571,254,325,220,1734,1530,201
1677,1488,1784,208,1650,289,324,1574,1589
1582,1492,705,1554,1687,1615,1580,1521,313
1460,705,1823,701,1805,827,1552,1716,1557
1556,1042,1493,305,1911,1683,1479,352,1842
1810,1895,1816,1669,849,1850,146,53,1518
1602,1530,1489,1811,1753,1482,1711,782,1796
382,999,800,1781,1797,1785,1837,1583,1255
187,1785,1712,1751,678,1683,1534,202,1620
389,1628,1494,1713,1509,974,462,620,1897
207,1712,1659,1815,1660,1580,1709,1587,1902
112,1837,1712,1502,1511,1640,1559,138,546
1843,226,1975,1640,1793,1849,1906,1854,1786
99,1596,248,1754,1723,1388,933,1059,1215
199,228,1724,1964,1816,1660,1707,1640,1697
1630,286,1795,1816,1516,1475,1488,1796,1681
1488,1591,1819,198,1911,655,932,1836,1592
1556,213,1609,1517,1660,1701,1692,1722,511
795,588,78,1711,1476,1745,327,1786,1855
204,1697,1752,1700,1749,1799,1679,315,680
1592,1591,1645,1785,1596,786,1623,1772,1940
1749,1496,1672,1801,1632,132,90,1779,161
1351,1750,1844,1769,209,1553,893,158,1661
320,1783,1802,1809,1604,141,1531,347,151
1678,640,308,1507,1574,1530,1396,1783,1842
776,1628,26,1476,1850,1780,1645,134,203
198,1601,1652,1786,41,1662,1395,252,1381
870,1504,1576,1828,1493,1621,1819,1592,177
1641,141,1894,305,1218,1760,1583,438,177
120,1669,1523,1703,1639,1801,1514,1895,1763
1447,1668,1487,1640,1649,1682,1658,1381,1577
319,1663,1681,1668,221,1708,1751,1638,1950
1484,1376,804,651,1494,165,664,153,1530
216,47,1585,1501,1768,1906,1695,181,1070
1483,496,225,1913,1738,1768,1819,1369,1705
1686,1681,849,1549,1837,1511,1853,1499,1907
1484,539,304,1372,1086,1521,225,24,303
1493,884,117,1792,1492,1746,1532,165,1635
14,1668,1808,265,1989,1849,1702,1820,239
306,1600,1773,1784,1690,1489,128,484,159
1595,1804,1676,1600,1973,1955,108,1922,80
1716,148,1248,966,225,1686,1827,1611,1588
1753,1799,1599,215,214,1698,1111,241,1796
1769,1660,1579,677,1541,1848,960,192,89
577,1386,1231,1655,365,1824,1685,1536,1846
1804,1803,1949,1680,1909,1791,1372,618,1370
1699,1615,1586,1852,1704,292,116,1231,1769
190,3,1905,1892,129,922,1724,168,1528
1704,1508,515,1514,194,1510,1789,1529,108
209,1611,182,172,1784,1834,1900,1792,106
1514,1560,1735,1693,1214,1215,1819,117,1580
1610,187,1629,160,1861,993,226,190,1518
1620,1814,1548,1715,1813,1835,1742,151,128
908,1752,1235,1751,564,292,119,820,244
1483,1485,322,1602,1752,1731,1848,1777,1477
1812,470,631,1564,317,193,1713,1546,1658
792,1196,1565,1681,1736,1843,1733,1895,1584
120,262,1969,103,1552,1579,1798,1650,1739
1496,1820,1816,1960,56,1009,1730,177,1661
1384,1588,1655,1727,1814,180,98,307,1715
559,1832,1764,743,191,1905,830,91,1000
545,185,82,173,1674,1865,1754,273,1520
180,1649,274,1786,311,1671,1512,1386,1608
1605,1529,1777,122,1677,1622,1679,1795,1692
1882,169,415,1660,1490,175,1380,1585,1646
1552,1501,1668,1849,1802,214,1371,1831,1162
1814,1257,1532,1274,1833,853,1497,1725,219
1830,179,1499,792,1591,1823,1646,1525,1761
1383,1708,1759,327,1590,172,515,1494,1562
1511,320,633,1518,456,1762,583,1730,1871
1697,180,1579,534,1718,583,114,1545,557
1732,1846,739,1493,1663,128,1395,1624,1500
203,1685,1776,1486,1766,1794,1504,1527,258
1759,1777,1481,1632,1742,1638,1804,1942,1709
1909,1906,1568,1942,1941,275,1676,1520,1639
1225,1576,1706,1600,1806,1911,593,1785,173
1765,808,1838,1808,156,1013,257,1787,1253
1913,1524,649,1520,1849,1850,1806,1552,306
1557,1607,1561,1634,1483,1719,1098,237,1381
1912,1860,1568,1682,986,1622,1788,217,1093
253,1795,1828,1719,1544,1939,1646,246,1374
1532,1967,194,1644,1714,1640,94,1825,241
1490,329,222,1497,116,1516,249,1539,1514
1761,1537,1809,1571,1831,258,1180,1789,1559
1365,165,189,172,298,1500,1735,1688,1618
1541,272,1609,1698,1614,365,1513,1760,1555
1826,325,1756,547,1579,195,1558,1922,1261
1857,1706,245,1694,1539,1811,225,161,310
1578,1475,1551,1642,1638,1871,316,157,251
216,1671,1832,901,1845,1770,1851,1641,1606
844,1754,399,1566,1767,1950,1633,237,224
1857,1788,1609,718,1832,546,844,1882,1716
1489,1654,1676,1568,194,1700,126,133,1801
1084,1040,1778,1836,1850,1818,1493,980,1483
1835,1035,1759,1491,1683,305,291,172,1788
1785,1361,75,1478,1816,969,1823,1383,1268
1538,155,1480,1854,1939,1526,1604,1496,1248
1621,932,104,1818,1850,1847,1562,1568,1952
1663,1649,1490,1361,1379,78,1824,1918,1048
496,1680,1693,1670,1819,1945,98,1759,1632
1216,552,1915,1548,1482,1664,450,1522,187
1680,1840,1779,960,1688,1524,1647,1826,1691
1830,1622,1657,1495,1788,1565,197,1832,215
580,1909,1493,1803,1648,782,354,200,1779
1481,1750,130,1582,1908,1564,3,1773,1538
185,1607,939,142,1556,1391,1831,1730,1843
1819,1703,271,218,306,1651,190,152,1738
1484,185,1736,1608,988,807,1795,1836,1939
256,1581,1761,1655,1482,1545,1238,1567,16
1968,1569,1674,1636,1491,1787,1804,548,207
704,1599,1803,1608,1840,1528,1781,187,1841
1617,1578,135,1637,1940,1846,283,156,1644
1070,1755,1823,1584,1577,1946,1740,1502,1596
1319,1092,1270,1617,875,220,1830,954,1829
1746,294,1485,1576,1294,1716,329,1583,1024
1385,1744,1839,286,1576,1400,549,482,1612
163,235,1653,1788,679,180,1606,1534,1922
1622,1805,1107,213,1635,1769,1609,97,1660
1491,1508,1971,1728,1712,1507,1519,1307,1752
1567,631,456,1306,1533,1915,235,109,546
89,1651,1838,1940,274,1666,1617,1957,1204
127,1970,1599,1728,1630,1746,1741,1733,1510
1846,1841,190,1250,1794,1531,1714,1394,1584
1674,1950,1838,1791,1580,1553,1724,223,1567
